2.270531774114415991e-05
2.043478596702975002e-04
2.043478596702975002e-04
2.270531774114415991e-05
2.043478596702975002e-04
2.522813082349350725e-06
2.522813082349350725e-06
1.655217663329410643e-02
2.270531774114415991e-05
2.270531774114415991e-05
2.522813082349350725e-06
2.043478596702975002e-04
2.270531774114415991e-05
2.522813082349350725e-06
1.839130737032677746e-03
1.839130737032677746e-03
1.839130737032677746e-03
1.489695896996469926e-01
2.270531774114415991e-05
2.803125647054833492e-07
1.839130737032677746e-03
2.522813082349350725e-06
2.043478596702975002e-04
2.522813082349350725e-06
2.803125647054833492e-07
2.803125647054833492e-07
2.270531774114415991e-05
2.270531774114415991e-05
1.839130737032677746e-03
2.522813082349350725e-06
1.655217663329410643e-02
2.270531774114415991e-05
1.655217663329410643e-02
2.043478596702975002e-04
2.270531774114415991e-05
2.270531774114415991e-05
2.270531774114415991e-05
2.270531774114415991e-05
2.270531774114415991e-05
2.522813082349350725e-06
2.043478596702975002e-04
2.043478596702975002e-04
2.043478596702975002e-04
2.043478596702975002e-04
2.043478596702975002e-04
1.655217663329410643e-02
2.043478596702975002e-04
2.043478596702975002e-04
2.270531774114415991e-05
2.270531774114415991e-05
2.043478596702975002e-04
2.270531774114415991e-05
2.270531774114415991e-05
2.043478596702975002e-04
3.114584052283147883e-08
2.522813082349350725e-06
2.803125647054833492e-07
1.839130737032677746e-03
2.270531774114415991e-05
2.043478596702975002e-04
1.839130737032677746e-03
2.270531774114415991e-05
1.839130737032677746e-03
2.043478596702975002e-04
2.270531774114415991e-05
2.043478596702975002e-04
2.522813082349350725e-06
1.839130737032677746e-03
2.522813082349350725e-06
2.522813082349350725e-06
2.270531774114415991e-05
2.270531774114415991e-05
1.655217663329410643e-02
2.270531774114415991e-05
2.522813082349350725e-06
2.270531774114415991e-05
2.270531774114415991e-05
2.043478596702975002e-04
1.839130737032677746e-03
1.655217663329410643e-02
2.270531774114415991e-05
2.043478596702975002e-04
2.270531774114415991e-05
1.655217663329410643e-02
2.270531774114415991e-05
2.043478596702975002e-04
2.043478596702975002e-04
2.522813082349350725e-06
2.270531774114415991e-05
2.043478596702975002e-04
2.522813082349350725e-06
2.522813082349350725e-06
2.043478596702975002e-04
2.522813082349350725e-06
2.270531774114415991e-05
2.270531774114415991e-05
2.270531774114415991e-05
2.270531774114415991e-05
2.522813082349350725e-06
2.522813082349350725e-06
2.522813082349350725e-06
1.489695896996469926e-01
2.043478596702975002e-04
2.803125647054833492e-07
2.270531774114415991e-05
2.270531774114415991e-05
2.270531774114415991e-05
2.803125647054833492e-07
2.043478596702975002e-04
2.043478596702975002e-04
2.522813082349350725e-06
2.043478596702975002e-04
2.522813082349350725e-06
2.043478596702975002e-04
1.839130737032677746e-03
2.270531774114415991e-05
1.655217663329410643e-02
2.522813082349350725e-06
2.270531774114415991e-05
2.522813082349350725e-06
2.043478596702975002e-04
2.270531774114415991e-05
2.270531774114415991e-05
2.270531774114415991e-05
2.270531774114415991e-05
2.270531774114415991e-05
2.522813082349350725e-06
2.803125647054833492e-07
2.043478596702975002e-04
1.839130737032677746e-03
2.522813082349350725e-06
1.839130737032677746e-03
2.270531774114415991e-05
2.270531774114415991e-05
2.522813082349350725e-06
2.270531774114415991e-05
2.522813082349350725e-06
2.270531774114415991e-05
2.270531774114415991e-05
2.270531774114415991e-05
2.522813082349350725e-06
2.043478596702975002e-04
2.043478596702975002e-04
2.043478596702975002e-04
2.043478596702975002e-04
2.043478596702975002e-04
2.043478596702975002e-04
1.839130737032677746e-03
2.270531774114415991e-05
2.043478596702975002e-04
2.522813082349350725e-06
2.270531774114415991e-05
2.043478596702975002e-04
2.043478596702975002e-04
1.839130737032677746e-03
2.522813082349350725e-06
2.270531774114415991e-05
2.270531774114415991e-05
1.839130737032677746e-03
2.522813082349350725e-06
1.839130737032677746e-03
2.043478596702975002e-04
2.270531774114415991e-05
2.043478596702975002e-04
2.803125647054833492e-07
2.803125647054833492e-07
2.522813082349350725e-06
2.522813082349350725e-06
2.043478596702975002e-04
1.839130737032677746e-03
2.043478596702975002e-04
2.270531774114415991e-05
2.043478596702975002e-04
2.270531774114415991e-05
2.522813082349350725e-06
2.043478596702975002e-04
1.839130737032677746e-03
2.043478596702975002e-04
1.839130737032677746e-03
2.522813082349350725e-06
2.043478596702975002e-04
2.270531774114415991e-05
2.270531774114415991e-05
2.803125647054833492e-07
2.043478596702975002e-04
2.270531774114415991e-05
2.270531774114415991e-05
2.043478596702975002e-04
1.839130737032677746e-03
2.043478596702975002e-04
2.522813082349350725e-06
1.839130737032677746e-03
2.043478596702975002e-04
1.655217663329410643e-02
1.839130737032677746e-03
2.270531774114415991e-05
2.043478596702975002e-04
2.043478596702975002e-04
2.043478596702975002e-04
2.270531774114415991e-05
2.522813082349350725e-06
2.043478596702975002e-04
2.522813082349350725e-06
1.839130737032677746e-03
2.270531774114415991e-05
1.489695896996469926e-01
2.270531774114415991e-05
2.270531774114415991e-05
2.270531774114415991e-05
2.043478596702975002e-04
1.839130737032677746e-03
2.270531774114415991e-05
2.043478596702975002e-04
2.522813082349350725e-06
2.270531774114415991e-05
2.043478596702975002e-04
2.522813082349350725e-06
2.270531774114415991e-05
1.839130737032677746e-03
2.043478596702975002e-04
2.043478596702975002e-04
2.043478596702975002e-04
2.270531774114415991e-05
1.839130737032677746e-03
2.522813082349350725e-06
1.839130737032677746e-03
2.270531774114415991e-05
1.839130737032677746e-03
2.043478596702975002e-04
1.839130737032677746e-03
2.043478596702975002e-04
1.839130737032677746e-03
2.043478596702975002e-04
1.839130737032677746e-03
2.522813082349350725e-06
2.043478596702975002e-04
2.043478596702975002e-04
2.270531774114415991e-05
2.522813082349350725e-06
2.043478596702975002e-04
1.839130737032677746e-03
1.655217663329410643e-02
2.043478596702975002e-04
2.043478596702975002e-04
1.839130737032677746e-03
2.270531774114415991e-05
2.043478596702975002e-04
2.522813082349350725e-06
2.522813082349350725e-06
1.655217663329410643e-02
2.043478596702975002e-04
2.270531774114415991e-05
2.270531774114415991e-05
1.839130737032677746e-03
2.270531774114415991e-05
2.043478596702975002e-04
1.655217663329410643e-02
2.043478596702975002e-04
2.043478596702975002e-04
2.043478596702975002e-04
2.803125647054833492e-07
2.522813082349350725e-06
2.043478596702975002e-04
2.043478596702975002e-04
1.839130737032677746e-03
2.270531774114415991e-05
2.043478596702975002e-04
2.043478596702975002e-04
2.270531774114415991e-05
2.522813082349350725e-06
1.839130737032677746e-03
2.270531774114415991e-05
2.043478596702975002e-04
2.043478596702975002e-04
2.270531774114415991e-05
1.839130737032677746e-03
1.839130737032677746e-03
2.043478596702975002e-04
1.839130737032677746e-03
1.839130737032677746e-03
2.803125647054833492e-07
2.522813082349350725e-06
1.489695896996469926e-01
2.270531774114415991e-05
1.655217663329410643e-02
2.270531774114415991e-05
2.270531774114415991e-05
2.043478596702975002e-04
2.270531774114415991e-05
2.522813082349350725e-06
2.270531774114415991e-05
2.270531774114415991e-05
2.043478596702975002e-04
1.839130737032677746e-03
2.043478596702975002e-04
2.043478596702975002e-04
2.270531774114415991e-05
2.270531774114415991e-05
2.270531774114415991e-05
1.839130737032677746e-03
2.270531774114415991e-05
2.270531774114415991e-05
2.043478596702975002e-04
2.270531774114415991e-05
2.043478596702975002e-04
2.803125647054833492e-07
1.655217663329410643e-02
2.522813082349350725e-06
2.803125647054833492e-07
2.522813082349350725e-06
2.043478596702975002e-04
2.043478596702975002e-04
1.839130737032677746e-03
2.522813082349350725e-06
2.803125647054833492e-07
2.270531774114415991e-05
2.043478596702975002e-04
2.270531774114415991e-05
2.270531774114415991e-05
2.043478596702975002e-04
2.803125647054833492e-07
2.522813082349350725e-06
2.522813082349350725e-06
2.522813082349350725e-06
2.043478596702975002e-04
2.270531774114415991e-05
2.043478596702975002e-04
2.522813082349350725e-06
2.522813082349350725e-06
2.270531774114415991e-05
2.270531774114415991e-05
2.522813082349350725e-06
1.839130737032677746e-03
2.043478596702975002e-04
2.270531774114415991e-05
2.522813082349350725e-06
2.043478596702975002e-04
2.270531774114415991e-05
2.043478596702975002e-04
1.839130737032677746e-03
2.522813082349350725e-06
2.270531774114415991e-05
2.043478596702975002e-04
2.043478596702975002e-04
2.270531774114415991e-05
2.043478596702975002e-04
1.655217663329410643e-02
1.839130737032677746e-03
1.839130737032677746e-03
2.803125647054833492e-07
1.839130737032677746e-03
1.655217663329410643e-02
2.270531774114415991e-05
1.655217663329410643e-02
2.043478596702975002e-04
2.043478596702975002e-04
2.270531774114415991e-05
2.522813082349350725e-06
2.043478596702975002e-04
2.043478596702975002e-04
2.270531774114415991e-05
2.270531774114415991e-05
1.839130737032677746e-03
2.522813082349350725e-06
2.270531774114415991e-05
2.043478596702975002e-04
2.522813082349350725e-06
1.839130737032677746e-03
3.114584052283147883e-08
2.043478596702975002e-04
2.522813082349350725e-06
2.270531774114415991e-05
2.270531774114415991e-05
2.270531774114415991e-05
2.043478596702975002e-04
2.043478596702975002e-04
1.839130737032677746e-03
1.839130737032677746e-03
2.270531774114415991e-05
2.043478596702975002e-04
2.270531774114415991e-05
2.270531774114415991e-05
2.522813082349350725e-06
2.270531774114415991e-05
