8.654363936303876431e-05
9.615959929226527674e-06
8.654363936303876431e-05
7.788927542673490956e-04
1.068439992136280429e-06
6.309031309565529821e-02
7.788927542673490956e-04
8.654363936303876431e-05
1.068439992136280429e-06
8.654363936303876431e-05
9.615959929226527674e-06
7.788927542673490956e-04
7.010034788406142511e-03
7.788927542673490956e-04
8.654363936303876431e-05
7.788927542673490956e-04
7.788927542673490956e-04
8.654363936303876431e-05
7.788927542673490956e-04
7.788927542673490956e-04
7.010034788406142511e-03
7.010034788406142511e-03
7.010034788406142511e-03
8.654363936303876431e-05
9.615959929226527674e-06
7.788927542673490956e-04
7.788927542673490956e-04
7.788927542673490956e-04
7.010034788406142511e-03
8.654363936303876431e-05
9.615959929226527674e-06
8.654363936303876431e-05
7.010034788406142511e-03
7.788927542673490956e-04
7.788927542673490956e-04
7.788927542673490956e-04
7.010034788406142511e-03
7.010034788406142511e-03
9.615959929226527674e-06
8.654363936303876431e-05
7.010034788406142511e-03
9.615959929226527674e-06
8.654363936303876431e-05
7.010034788406142511e-03
8.654363936303876431e-05
8.654363936303876431e-05
8.654363936303876431e-05
8.654363936303876431e-05
7.788927542673490956e-04
9.615959929226527674e-06
7.788927542673490956e-04
7.010034788406142511e-03
9.615959929226527674e-06
7.788927542673490956e-04
9.615959929226527674e-06
7.010034788406142511e-03
1.068439992136280429e-06
7.788927542673490956e-04
7.788927542673490956e-04
9.615959929226527674e-06
1.068439992136280429e-06
8.654363936303876431e-05
7.788927542673490956e-04
7.788927542673490956e-04
8.654363936303876431e-05
7.010034788406142511e-03
8.654363936303876431e-05
7.788927542673490956e-04
7.788927542673490956e-04
9.615959929226527674e-06
9.615959929226527674e-06
7.788927542673490956e-04
1.068439992136280429e-06
1.068439992136280429e-06
8.654363936303876431e-05
9.615959929226527674e-06
1.068439992136280429e-06
9.615959929226527674e-06
9.615959929226527674e-06
7.788927542673490956e-04
8.654363936303876431e-05
8.654363936303876431e-05
8.654363936303876431e-05
7.010034788406142511e-03
7.788927542673490956e-04
7.010034788406142511e-03
7.010034788406142511e-03
9.615959929226527674e-06
8.654363936303876431e-05
7.788927542673490956e-04
9.615959929226527674e-06
8.654363936303876431e-05
9.615959929226527674e-06
9.615959929226527674e-06
7.788927542673490956e-04
9.615959929226527674e-06
7.010034788406142511e-03
8.654363936303876431e-05
8.654363936303876431e-05
8.654363936303876431e-05
7.010034788406142511e-03
9.615959929226527674e-06
7.788927542673490956e-04
7.788927542673490956e-04
9.615959929226527674e-06
6.309031309565529821e-02
8.654363936303876431e-05
8.654363936303876431e-05
7.788927542673490956e-04
8.654363936303876431e-05
6.309031309565529821e-02
8.654363936303876431e-05
8.654363936303876431e-05
7.788927542673490956e-04
7.010034788406142511e-03
1.068439992136280429e-06
9.615959929226527674e-06
8.654363936303876431e-05
9.615959929226527674e-06
7.788927542673490956e-04
8.654363936303876431e-05
7.788927542673490956e-04
7.788927542673490956e-04
7.010034788406142511e-03
8.654363936303876431e-05
7.788927542673490956e-04
9.615959929226527674e-06
9.615959929226527674e-06
8.654363936303876431e-05
7.788927542673490956e-04
9.615959929226527674e-06
7.010034788406142511e-03
7.788927542673490956e-04
9.615959929226527674e-06
7.788927542673490956e-04
8.654363936303876431e-05
7.788927542673490956e-04
7.788927542673490956e-04
6.309031309565529821e-02
7.010034788406142511e-03
7.788927542673490956e-04
9.615959929226527674e-06
6.309031309565529821e-02
7.010034788406142511e-03
8.654363936303876431e-05
7.788927542673490956e-04
8.654363936303876431e-05
8.654363936303876431e-05
1.068439992136280429e-06
7.788927542673490956e-04
8.654363936303876431e-05
1.068439992136280429e-06
7.788927542673490956e-04
7.788927542673490956e-04
8.654363936303876431e-05
1.068439992136280429e-06
8.654363936303876431e-05
7.788927542673490956e-04
9.615959929226527674e-06
7.788927542673490956e-04
7.010034788406142511e-03
8.654363936303876431e-05
7.010034788406142511e-03
7.010034788406142511e-03
7.010034788406142511e-03
9.615959929226527674e-06
8.654363936303876431e-05
7.788927542673490956e-04
7.788927542673490956e-04
6.309031309565529821e-02
8.654363936303876431e-05
8.654363936303876431e-05
7.010034788406142511e-03
8.654363936303876431e-05
1.068439992136280429e-06
7.010034788406142511e-03
7.010034788406142511e-03
8.654363936303876431e-05
7.010034788406142511e-03
9.615959929226527674e-06
7.010034788406142511e-03
9.615959929226527674e-06
9.615959929226527674e-06
7.010034788406142511e-03
7.010034788406142511e-03
8.654363936303876431e-05
7.788927542673490956e-04
8.654363936303876431e-05
9.615959929226527674e-06
7.010034788406142511e-03
8.654363936303876431e-05
8.654363936303876431e-05
7.010034788406142511e-03
7.010034788406142511e-03
8.654363936303876431e-05
7.788927542673490956e-04
6.309031309565529821e-02
7.788927542673490956e-04
7.788927542673490956e-04
7.788927542673490956e-04
8.654363936303876431e-05
8.654363936303876431e-05
9.615959929226527674e-06
7.788927542673490956e-04
8.654363936303876431e-05
7.788927542673490956e-04
9.615959929226527674e-06
8.654363936303876431e-05
7.010034788406142511e-03
7.010034788406142511e-03
9.615959929226527674e-06
9.615959929226527674e-06
1.068439992136280429e-06
8.654363936303876431e-05
7.788927542673490956e-04
7.010034788406142511e-03
7.010034788406142511e-03
9.615959929226527674e-06
7.788927542673490956e-04
7.788927542673490956e-04
8.654363936303876431e-05
7.010034788406142511e-03
8.654363936303876431e-05
8.654363936303876431e-05
1.068439992136280429e-06
7.788927542673490956e-04
7.788927542673490956e-04
7.010034788406142511e-03
7.788927542673490956e-04
8.654363936303876431e-05
8.654363936303876431e-05
7.788927542673490956e-04
8.654363936303876431e-05
1.068439992136280429e-06
8.654363936303876431e-05
8.654363936303876431e-05
7.788927542673490956e-04
8.654363936303876431e-05
9.615959929226527674e-06
7.010034788406142511e-03
8.654363936303876431e-05
8.654363936303876431e-05
8.654363936303876431e-05
6.309031309565529821e-02
7.788927542673490956e-04
8.654363936303876431e-05
8.654363936303876431e-05
6.309031309565529821e-02
9.615959929226527674e-06
8.654363936303876431e-05
7.788927542673490956e-04
8.654363936303876431e-05
7.788927542673490956e-04
1.068439992136280429e-06
6.309031309565529821e-02
7.788927542673490956e-04
