5.385967228101005283e-04
5.385967228101005283e-04
5.984408031223336342e-05
5.385967228101005283e-04
5.385967228101005283e-04
8.209064514709646922e-08
5.984408031223336342e-05
5.385967228101005283e-04
7.388158063238684215e-07
5.984408031223336342e-05
6.649342256914817593e-06
5.385967228101005283e-04
5.984408031223336342e-05
5.984408031223336342e-05
5.984408031223336342e-05
4.847370505290904755e-03
4.847370505290904755e-03
5.984408031223336342e-05
4.362633454761815494e-02
5.984408031223336342e-05
8.209064514709646922e-08
5.385967228101005283e-04
5.984408031223336342e-05
6.649342256914817593e-06
5.385967228101005283e-04
5.984408031223336342e-05
5.984408031223336342e-05
5.385967228101005283e-04
5.984408031223336342e-05
4.847370505290904755e-03
5.385967228101005283e-04
4.847370505290904755e-03
6.649342256914817593e-06
5.984408031223336342e-05
5.984408031223336342e-05
4.362633454761815494e-02
6.649342256914817593e-06
5.984408031223336342e-05
4.362633454761815494e-02
5.984408031223336342e-05
6.649342256914817593e-06
5.984408031223336342e-05
5.984408031223336342e-05
5.984408031223336342e-05
4.847370505290904755e-03
5.385967228101005283e-04
5.984408031223336342e-05
4.847370505290904755e-03
5.984408031223336342e-05
5.385967228101005283e-04
5.984408031223336342e-05
5.385967228101005283e-04
4.362633454761815494e-02
5.385967228101005283e-04
4.847370505290904755e-03
6.649342256914817593e-06
5.984408031223336342e-05
4.847370505290904755e-03
5.984408031223336342e-05
5.984408031223336342e-05
4.847370505290904755e-03
6.649342256914817593e-06
4.362633454761815494e-02
5.385967228101005283e-04
5.984408031223336342e-05
6.649342256914817593e-06
5.984408031223336342e-05
7.388158063238684215e-07
5.385967228101005283e-04
4.362633454761815494e-02
5.984408031223336342e-05
5.385967228101005283e-04
5.984408031223336342e-05
4.847370505290904755e-03
4.362633454761815494e-02
4.847370505290904755e-03
5.984408031223336342e-05
4.847370505290904755e-03
5.984408031223336342e-05
4.847370505290904755e-03
5.984408031223336342e-05
5.385967228101005283e-04
5.984408031223336342e-05
6.649342256914817593e-06
4.847370505290904755e-03
5.984408031223336342e-05
5.984408031223336342e-05
5.385967228101005283e-04
5.984408031223336342e-05
5.385967228101005283e-04
4.847370505290904755e-03
4.847370505290904755e-03
5.984408031223336342e-05
4.847370505290904755e-03
5.385967228101005283e-04
4.847370505290904755e-03
6.649342256914817593e-06
4.847370505290904755e-03
6.649342256914817593e-06
8.209064514709646922e-08
5.984408031223336342e-05
5.984408031223336342e-05
5.984408031223336342e-05
4.362633454761815494e-02
7.388158063238684215e-07
6.649342256914817593e-06
4.847370505290904755e-03
5.984408031223336342e-05
5.984408031223336342e-05
5.984408031223336342e-05
5.385967228101005283e-04
6.649342256914817593e-06
6.649342256914817593e-06
6.649342256914817593e-06
5.385967228101005283e-04
6.649342256914817593e-06
5.385967228101005283e-04
4.847370505290904755e-03
6.649342256914817593e-06
5.385967228101005283e-04
5.984408031223336342e-05
5.984408031223336342e-05
6.649342256914817593e-06
4.847370505290904755e-03
5.984408031223336342e-05
3.926370109285635124e-01
5.984408031223336342e-05
5.984408031223336342e-05
5.984408031223336342e-05
5.385967228101005283e-04
6.649342256914817593e-06
5.385967228101005283e-04
5.385967228101005283e-04
6.649342256914817593e-06
5.385967228101005283e-04
5.385967228101005283e-04
6.649342256914817593e-06
5.385967228101005283e-04
5.984408031223336342e-05
4.847370505290904755e-03
5.984408031223336342e-05
5.385967228101005283e-04
5.385967228101005283e-04
4.362633454761815494e-02
5.984408031223336342e-05
7.388158063238684215e-07
5.385967228101005283e-04
5.385967228101005283e-04
5.984408031223336342e-05
6.649342256914817593e-06
5.385967228101005283e-04
5.984408031223336342e-05
4.847370505290904755e-03
5.984408031223336342e-05
7.388158063238684215e-07
5.385967228101005283e-04
5.385967228101005283e-04
4.847370505290904755e-03
5.385967228101005283e-04
5.385967228101005283e-04
5.385967228101005283e-04
5.984408031223336342e-05
5.984408031223336342e-05
5.385967228101005283e-04
5.984408031223336342e-05
6.649342256914817593e-06
4.847370505290904755e-03
5.984408031223336342e-05
5.984408031223336342e-05
4.847370505290904755e-03
7.388158063238684215e-07
6.649342256914817593e-06
4.847370505290904755e-03
5.385967228101005283e-04
5.984408031223336342e-05
5.385967228101005283e-04
5.385967228101005283e-04
5.385967228101005283e-04
5.385967228101005283e-04
7.388158063238684215e-07
4.847370505290904755e-03
6.649342256914817593e-06
5.385967228101005283e-04
5.984408031223336342e-05
5.984408031223336342e-05
5.984408031223336342e-05
4.362633454761815494e-02
5.984408031223336342e-05
5.385967228101005283e-04
5.984408031223336342e-05
6.649342256914817593e-06
6.649342256914817593e-06
