7.121755644650766808e-04
7.121755644650766808e-04
8.792290919321930399e-06
7.913061827389738037e-05
6.409580080185691212e-03
7.121755644650766808e-04
7.913061827389738037e-05
7.913061827389738037e-05
7.121755644650766808e-04
7.121755644650766808e-04
7.913061827389738037e-05
7.913061827389738037e-05
9.769212132579919372e-07
7.913061827389738037e-05
7.121755644650766808e-04
6.409580080185691212e-03
5.768622072167123999e-02
6.409580080185691212e-03
9.769212132579919372e-07
8.792290919321930399e-06
6.409580080185691212e-03
7.913061827389738037e-05
6.409580080185691212e-03
8.792290919321930399e-06
7.121755644650766808e-04
8.792290919321930399e-06
7.121755644650766808e-04
7.913061827389738037e-05
7.913061827389738037e-05
6.409580080185691212e-03
7.913061827389738037e-05
7.913061827389738037e-05
7.913061827389738037e-05
8.792290919321930399e-06
7.121755644650766808e-04
7.913061827389738037e-05
9.769212132579919372e-07
7.913061827389738037e-05
7.121755644650766808e-04
7.913061827389738037e-05
9.769212132579919372e-07
9.769212132579919372e-07
7.913061827389738037e-05
6.409580080185691212e-03
7.913061827389738037e-05
6.409580080185691212e-03
7.121755644650766808e-04
8.792290919321930399e-06
7.121755644650766808e-04
7.913061827389738037e-05
6.409580080185691212e-03
6.409580080185691212e-03
8.792290919321930399e-06
8.792290919321930399e-06
7.121755644650766808e-04
7.913061827389738037e-05
7.913061827389738037e-05
7.121755644650766808e-04
5.768622072167123999e-02
7.913061827389738037e-05
6.409580080185691212e-03
6.409580080185691212e-03
7.913061827389738037e-05
6.409580080185691212e-03
8.792290919321930399e-06
7.913061827389738037e-05
8.792290919321930399e-06
6.409580080185691212e-03
7.121755644650766808e-04
7.913061827389738037e-05
6.409580080185691212e-03
8.792290919321930399e-06
7.121755644650766808e-04
7.913061827389738037e-05
7.121755644650766808e-04
6.409580080185691212e-03
7.913061827389738037e-05
9.769212132579919372e-07
7.121755644650766808e-04
7.913061827389738037e-05
7.121755644650766808e-04
5.768622072167123999e-02
7.121755644650766808e-04
6.409580080185691212e-03
5.191759864950412640e-01
8.792290919321930399e-06
8.792290919321930399e-06
7.913061827389738037e-05
9.769212132579919372e-07
7.913061827389738037e-05
7.121755644650766808e-04
8.792290919321930399e-06
7.121755644650766808e-04
7.121755644650766808e-04
9.769212132579919372e-07
6.409580080185691212e-03
7.121755644650766808e-04
7.121755644650766808e-04
9.769212132579919372e-07
7.913061827389738037e-05
6.409580080185691212e-03
7.913061827389738037e-05
7.121755644650766808e-04
7.913061827389738037e-05
6.409580080185691212e-03
7.121755644650766808e-04
7.121755644650766808e-04
6.409580080185691212e-03
8.792290919321930399e-06
8.792290919321930399e-06
7.913061827389738037e-05
7.121755644650766808e-04
6.409580080185691212e-03
6.409580080185691212e-03
7.121755644650766808e-04
7.121755644650766808e-04
5.768622072167123999e-02
7.913061827389738037e-05
8.792290919321930399e-06
8.792290919321930399e-06
6.409580080185691212e-03
7.913061827389738037e-05
8.792290919321930399e-06
6.409580080185691212e-03
5.768622072167123999e-02
6.409580080185691212e-03
8.792290919321930399e-06
7.121755644650766808e-04
