4.562667391686403838e-05
4.106400652517765149e-04
4.562667391686403838e-05
5.069630435207114905e-06
4.106400652517765149e-04
4.106400652517765149e-04
4.106400652517765149e-04
4.562667391686403838e-05
4.106400652517765149e-04
5.632922705785681699e-07
3.695760587265988634e-03
4.106400652517765149e-04
4.106400652517765149e-04
4.106400652517765149e-04
4.106400652517765149e-04
4.106400652517765149e-04
4.562667391686403838e-05
4.106400652517765149e-04
4.106400652517765149e-04
4.106400652517765149e-04
5.632922705785681699e-07
4.106400652517765149e-04
4.562667391686403838e-05
4.106400652517765149e-04
4.562667391686403838e-05
5.069630435207114905e-06
4.562667391686403838e-05
6.258803006428533456e-08
4.562667391686403838e-05
3.695760587265988634e-03
4.106400652517765149e-04
4.106400652517765149e-04
4.106400652517765149e-04
4.562667391686403838e-05
5.069630435207114905e-06
5.069630435207114905e-06
4.106400652517765149e-04
4.106400652517765149e-04
4.562667391686403838e-05
4.562667391686403838e-05
3.326184528539390811e-02
4.562667391686403838e-05
4.106400652517765149e-04
5.069630435207114905e-06
3.695760587265988634e-03
5.069630435207114905e-06
4.562667391686403838e-05
3.695760587265988634e-03
4.562667391686403838e-05
4.562667391686403838e-05
3.326184528539390811e-02
4.562667391686403838e-05
4.106400652517765149e-04
5.632922705785681699e-07
5.632922705785681699e-07
4.562667391686403838e-05
4.106400652517765149e-04
5.069630435207114905e-06
5.069630435207114905e-06
4.562667391686403838e-05
4.106400652517765149e-04
4.562667391686403838e-05
4.106400652517765149e-04
5.069630435207114905e-06
3.695760587265988634e-03
4.562667391686403838e-05
5.069630435207114905e-06
4.106400652517765149e-04
4.562667391686403838e-05
4.562667391686403838e-05
5.069630435207114905e-06
4.106400652517765149e-04
3.695760587265988634e-03
4.562667391686403838e-05
3.326184528539390811e-02
4.562667391686403838e-05
5.069630435207114905e-06
5.069630435207114905e-06
5.069630435207114905e-06
4.562667391686403838e-05
4.106400652517765149e-04
4.106400652517765149e-04
4.562667391686403838e-05
5.069630435207114905e-06
4.106400652517765149e-04
4.562667391686403838e-05
4.562667391686403838e-05
4.562667391686403838e-05
3.695760587265988634e-03
4.562667391686403838e-05
4.106400652517765149e-04
4.106400652517765149e-04
4.106400652517765149e-04
4.106400652517765149e-04
4.106400652517765149e-04
4.106400652517765149e-04
4.562667391686403838e-05
4.562667391686403838e-05
3.695760587265988634e-03
4.106400652517765149e-04
4.106400652517765149e-04
3.695760587265988634e-03
3.695760587265988634e-03
5.069630435207114905e-06
4.106400652517765149e-04
4.562667391686403838e-05
3.326184528539390811e-02
3.695760587265988634e-03
4.562667391686403838e-05
4.562667391686403838e-05
5.069630435207114905e-06
4.562667391686403838e-05
4.562667391686403838e-05
3.695760587265988634e-03
4.106400652517765149e-04
6.258803006428533456e-08
4.562667391686403838e-05
3.695760587265988634e-03
5.069630435207114905e-06
4.106400652517765149e-04
4.562667391686403838e-05
3.695760587265988634e-03
4.106400652517765149e-04
4.562667391686403838e-05
4.106400652517765149e-04
5.069630435207114905e-06
5.069630435207114905e-06
5.632922705785681699e-07
4.106400652517765149e-04
5.069630435207114905e-06
4.562667391686403838e-05
4.562667391686403838e-05
4.106400652517765149e-04
3.695760587265988634e-03
4.106400652517765149e-04
4.106400652517765149e-04
3.326184528539390811e-02
5.069630435207114905e-06
5.069630435207114905e-06
4.106400652517765149e-04
4.106400652517765149e-04
5.069630435207114905e-06
4.106400652517765149e-04
4.562667391686403838e-05
4.106400652517765149e-04
5.632922705785681699e-07
4.562667391686403838e-05
4.562667391686403838e-05
3.695760587265988634e-03
5.069630435207114905e-06
3.695760587265988634e-03
5.632922705785681699e-07
5.069630435207114905e-06
4.106400652517765149e-04
4.562667391686403838e-05
4.562667391686403838e-05
4.106400652517765149e-04
5.069630435207114905e-06
3.695760587265988634e-03
3.695760587265988634e-03
4.106400652517765149e-04
5.069630435207114905e-06
4.562667391686403838e-05
2.993566075685452632e-01
4.106400652517765149e-04
5.069630435207114905e-06
3.695760587265988634e-03
3.695760587265988634e-03
4.106400652517765149e-04
4.106400652517765149e-04
4.562667391686403838e-05
4.106400652517765149e-04
4.106400652517765149e-04
5.632922705785681699e-07
3.695760587265988634e-03
3.326184528539390811e-02
4.562667391686403838e-05
4.106400652517765149e-04
4.106400652517765149e-04
4.562667391686403838e-05
5.069630435207114905e-06
3.695760587265988634e-03
3.695760587265988634e-03
4.562667391686403838e-05
4.562667391686403838e-05
4.106400652517765149e-04
5.069630435207114905e-06
5.069630435207114905e-06
5.069630435207114905e-06
4.562667391686403838e-05
3.695760587265988634e-03
3.326184528539390811e-02
4.562667391686403838e-05
4.106400652517765149e-04
5.069630435207114905e-06
3.695760587265988634e-03
4.562667391686403838e-05
4.106400652517765149e-04
4.562667391686403838e-05
5.069630435207114905e-06
4.562667391686403838e-05
4.562667391686403838e-05
5.069630435207114905e-06
4.562667391686403838e-05
5.069630435207114905e-06
4.562667391686403838e-05
3.326184528539390811e-02
4.106400652517765149e-04
3.695760587265988634e-03
4.562667391686403838e-05
3.695760587265988634e-03
3.695760587265988634e-03
4.562667391686403838e-05
5.632922705785681699e-07
4.106400652517765149e-04
4.562667391686403838e-05
4.562667391686403838e-05
3.326184528539390811e-02
5.632922705785681699e-07
4.562667391686403838e-05
4.106400652517765149e-04
4.106400652517765149e-04
5.069630435207114905e-06
4.106400652517765149e-04
4.106400652517765149e-04
4.562667391686403838e-05
3.695760587265988634e-03
5.069630435207114905e-06
4.106400652517765149e-04
4.562667391686403838e-05
4.106400652517765149e-04
3.326184528539390811e-02
4.106400652517765149e-04
5.069630435207114905e-06
4.562667391686403838e-05
4.106400652517765149e-04
4.106400652517765149e-04
4.562667391686403838e-05
5.632922705785681699e-07
5.069630435207114905e-06
4.106400652517765149e-04
4.562667391686403838e-05
4.106400652517765149e-04
3.326184528539390811e-02
3.695760587265988634e-03
4.106400652517765149e-04
3.695760587265988634e-03
4.562667391686403838e-05
4.106400652517765149e-04
3.695760587265988634e-03
4.106400652517765149e-04
3.695760587265988634e-03
4.106400652517765149e-04
5.069630435207114905e-06
3.326184528539390811e-02
5.069630435207114905e-06
4.562667391686403838e-05
4.106400652517765149e-04
4.562667391686403838e-05
6.258803006428533456e-08
5.632922705785681699e-07
5.632922705785681699e-07
5.069630435207114905e-06
5.632922705785681699e-07
3.695760587265988634e-03
4.562667391686403838e-05
4.106400652517765149e-04
4.562667391686403838e-05
3.695760587265988634e-03
4.562667391686403838e-05
4.106400652517765149e-04
5.069630435207114905e-06
5.069630435207114905e-06
4.562667391686403838e-05
4.106400652517765149e-04
4.562667391686403838e-05
4.106400652517765149e-04
5.069630435207114905e-06
4.106400652517765149e-04
4.106400652517765149e-04
4.562667391686403838e-05
3.326184528539390811e-02
5.069630435207114905e-06
4.562667391686403838e-05
5.069630435207114905e-06
4.562667391686403838e-05
4.106400652517765149e-04
4.106400652517765149e-04
4.562667391686403838e-05
3.695760587265988634e-03
5.632922705785681699e-07
5.069630435207114905e-06
5.632922705785681699e-07
3.326184528539390811e-02
4.106400652517765149e-04
5.069630435207114905e-06
4.106400652517765149e-04
3.695760587265988634e-03
4.562667391686403838e-05
4.562667391686403838e-05
3.695760587265988634e-03
4.106400652517765149e-04
3.695760587265988634e-03
3.695760587265988634e-03
4.106400652517765149e-04
4.106400652517765149e-04
4.106400652517765149e-04
5.632922705785681699e-07
5.632922705785681699e-07
4.106400652517765149e-04
3.326184528539390811e-02
4.106400652517765149e-04
4.106400652517765149e-04
4.106400652517765149e-04
4.106400652517765149e-04
4.106400652517765149e-04
5.069630435207114905e-06
4.106400652517765149e-04
3.695760587265988634e-03
4.562667391686403838e-05
