3.169667859505290618e-06
2.310687869579358244e-03
2.852701073554761980e-05
2.567430966199286697e-04
2.567430966199286697e-04
2.567430966199286697e-04
2.310687869579358244e-03
3.169667859505290618e-06
2.079619082621423157e-02
3.169667859505290618e-06
2.079619082621423157e-02
3.169667859505290618e-06
2.852701073554761980e-05
2.852701073554761980e-05
2.852701073554761980e-05
3.169667859505290618e-06
2.310687869579358244e-03
2.567430966199286697e-04
2.852701073554761980e-05
2.852701073554761980e-05
2.852701073554761980e-05
3.169667859505290618e-06
2.567430966199286697e-04
2.852701073554761980e-05
2.852701073554761980e-05
2.852701073554761980e-05
2.852701073554761980e-05
2.310687869579358244e-03
3.169667859505290618e-06
2.310687869579358244e-03
3.169667859505290618e-06
3.913170196920110142e-08
2.567430966199286697e-04
2.852701073554761980e-05
2.567430966199286697e-04
2.852701073554761980e-05
2.852701073554761980e-05
3.169667859505290618e-06
2.567430966199286697e-04
2.852701073554761980e-05
2.852701073554761980e-05
3.169667859505290618e-06
3.521853177228099922e-07
2.079619082621423157e-02
3.521853177228099922e-07
3.913170196920110142e-08
2.310687869579358244e-03
2.852701073554761980e-05
2.310687869579358244e-03
3.169667859505290618e-06
2.852701073554761980e-05
3.169667859505290618e-06
2.567430966199286697e-04
2.567430966199286697e-04
2.852701073554761980e-05
2.310687869579358244e-03
2.310687869579358244e-03
2.852701073554761980e-05
3.169667859505290618e-06
3.169667859505290618e-06
2.852701073554761980e-05
2.310687869579358244e-03
2.567430966199286697e-04
2.310687869579358244e-03
2.310687869579358244e-03
2.567430966199286697e-04
3.169667859505290618e-06
2.567430966199286697e-04
2.567430966199286697e-04
3.169667859505290618e-06
2.852701073554761980e-05
2.567430966199286697e-04
2.310687869579358244e-03
2.567430966199286697e-04
2.079619082621423157e-02
3.169667859505290618e-06
3.169667859505290618e-06
2.852701073554761980e-05
2.567430966199286697e-04
2.567430966199286697e-04
2.567430966199286697e-04
2.310687869579358244e-03
3.521853177228099922e-07
2.567430966199286697e-04
2.310687869579358244e-03
2.852701073554761980e-05
3.169667859505290618e-06
3.169667859505290618e-06
2.567430966199286697e-04
2.079619082621423157e-02
3.169667859505290618e-06
2.079619082621423157e-02
2.079619082621423157e-02
2.852701073554761980e-05
2.567430966199286697e-04
2.852701073554761980e-05
3.521853177228099922e-07
2.852701073554761980e-05
2.852701073554761980e-05
2.079619082621423157e-02
3.521853177228099922e-07
2.310687869579358244e-03
3.521853177228099922e-07
2.852701073554761980e-05
2.852701073554761980e-05
3.169667859505290618e-06
2.567430966199286697e-04
3.521853177228099922e-07
2.852701073554761980e-05
2.852701073554761980e-05
3.521853177228099922e-07
2.852701073554761980e-05
3.521853177228099922e-07
2.079619082621423157e-02
3.169667859505290618e-06
3.521853177228099922e-07
2.567430966199286697e-04
2.310687869579358244e-03
2.310687869579358244e-03
2.567430966199286697e-04
2.567430966199286697e-04
2.310687869579358244e-03
3.169667859505290618e-06
2.567430966199286697e-04
2.567430966199286697e-04
2.567430966199286697e-04
2.567430966199286697e-04
2.567430966199286697e-04
2.079619082621423157e-02
2.567430966199286697e-04
3.169667859505290618e-06
2.310687869579358244e-03
2.567430966199286697e-04
3.169667859505290618e-06
3.521853177228099922e-07
3.169667859505290618e-06
3.169667859505290618e-06
3.169667859505290618e-06
2.852701073554761980e-05
2.852701073554761980e-05
2.852701073554761980e-05
2.567430966199286697e-04
2.310687869579358244e-03
2.852701073554761980e-05
3.169667859505290618e-06
3.169667859505290618e-06
2.852701073554761980e-05
2.310687869579358244e-03
2.567430966199286697e-04
3.169667859505290618e-06
2.567430966199286697e-04
2.310687869579358244e-03
2.079619082621423157e-02
3.521853177228099922e-07
2.852701073554761980e-05
2.852701073554761980e-05
2.852701073554761980e-05
2.079619082621423157e-02
3.169667859505290618e-06
2.567430966199286697e-04
3.521853177228099922e-07
2.310687869579358244e-03
2.567430966199286697e-04
2.567430966199286697e-04
3.521853177228099922e-07
2.852701073554761980e-05
2.852701073554761980e-05
2.079619082621423157e-02
2.567430966199286697e-04
2.852701073554761980e-05
2.567430966199286697e-04
3.169667859505290618e-06
2.310687869579358244e-03
2.567430966199286697e-04
2.852701073554761980e-05
3.169667859505290618e-06
2.852701073554761980e-05
3.169667859505290618e-06
2.567430966199286697e-04
2.852701073554761980e-05
2.852701073554761980e-05
3.169667859505290618e-06
2.852701073554761980e-05
3.169667859505290618e-06
2.567430966199286697e-04
2.567430966199286697e-04
2.310687869579358244e-03
2.852701073554761980e-05
2.852701073554761980e-05
3.169667859505290618e-06
3.169667859505290618e-06
3.521853177228099922e-07
3.169667859505290618e-06
2.852701073554761980e-05
2.852701073554761980e-05
2.567430966199286697e-04
2.310687869579358244e-03
2.567430966199286697e-04
2.567430966199286697e-04
2.567430966199286697e-04
3.521853177228099922e-07
3.169667859505290618e-06
2.567430966199286697e-04
2.310687869579358244e-03
2.310687869579358244e-03
2.567430966199286697e-04
2.310687869579358244e-03
2.079619082621423157e-02
2.310687869579358244e-03
2.079619082621423157e-02
2.310687869579358244e-03
3.169667859505290618e-06
3.521853177228099922e-07
2.567430966199286697e-04
2.852701073554761980e-05
2.567430966199286697e-04
3.169667859505290618e-06
2.567430966199286697e-04
2.852701073554761980e-05
3.169667859505290618e-06
3.169667859505290618e-06
2.852701073554761980e-05
2.852701073554761980e-05
3.169667859505290618e-06
2.079619082621423157e-02
2.567430966199286697e-04
2.852701073554761980e-05
3.169667859505290618e-06
2.310687869579358244e-03
3.169667859505290618e-06
2.567430966199286697e-04
2.852701073554761980e-05
3.169667859505290618e-06
2.852701073554761980e-05
2.852701073554761980e-05
2.567430966199286697e-04
2.310687869579358244e-03
3.521853177228099922e-07
2.310687869579358244e-03
3.169667859505290618e-06
2.310687869579358244e-03
2.852701073554761980e-05
2.310687869579358244e-03
2.567430966199286697e-04
2.079619082621423157e-02
2.852701073554761980e-05
2.079619082621423157e-02
2.079619082621423157e-02
2.852701073554761980e-05
2.567430966199286697e-04
2.567430966199286697e-04
3.521853177228099922e-07
2.567430966199286697e-04
3.521853177228099922e-07
2.567430966199286697e-04
3.169667859505290618e-06
2.079619082621423157e-02
2.079619082621423157e-02
2.310687869579358244e-03
3.169667859505290618e-06
2.567430966199286697e-04
2.310687869579358244e-03
2.079619082621423157e-02
2.852701073554761980e-05
2.852701073554761980e-05
2.567430966199286697e-04
2.852701073554761980e-05
2.310687869579358244e-03
3.169667859505290618e-06
2.852701073554761980e-05
2.310687869579358244e-03
2.852701073554761980e-05
2.567430966199286697e-04
2.852701073554761980e-05
2.310687869579358244e-03
2.852701073554761980e-05
2.567430966199286697e-04
2.310687869579358244e-03
3.521853177228099922e-07
3.169667859505290618e-06
2.852701073554761980e-05
2.567430966199286697e-04
2.079619082621423157e-02
2.852701073554761980e-05
2.567430966199286697e-04
2.567430966199286697e-04
3.169667859505290618e-06
2.567430966199286697e-04
3.169667859505290618e-06
2.310687869579358244e-03
2.567430966199286697e-04
2.852701073554761980e-05
1.871657174359281361e-01
2.567430966199286697e-04
2.567430966199286697e-04
2.852701073554761980e-05
3.169667859505290618e-06
2.079619082621423157e-02
3.169667859505290618e-06
3.169667859505290618e-06
1.871657174359281361e-01
2.310687869579358244e-03
3.169667859505290618e-06
2.852701073554761980e-05
2.852701073554761980e-05
3.169667859505290618e-06
2.852701073554761980e-05
2.567430966199286697e-04
3.169667859505290618e-06
2.567430966199286697e-04
3.169667859505290618e-06
2.852701073554761980e-05
2.852701073554761980e-05
3.169667859505290618e-06
2.852701073554761980e-05
2.567430966199286697e-04
2.852701073554761980e-05
3.521853177228099922e-07
2.567430966199286697e-04
2.567430966199286697e-04
