5.160612156674955313e-04
5.734013507416614981e-05
7.079029021501991360e-07
5.734013507416614981e-05
4.180095846906715928e-02
6.371126119351793389e-06
6.371126119351793389e-06
5.734013507416614981e-05
6.371126119351793389e-06
5.734013507416614981e-05
4.180095846906715928e-02
5.734013507416614981e-05
4.644550941007460215e-03
5.734013507416614981e-05
6.371126119351793389e-06
6.371126119351793389e-06
5.734013507416614981e-05
7.079029021501991360e-07
6.371126119351793389e-06
4.644550941007460215e-03
5.160612156674955313e-04
5.160612156674955313e-04
5.734013507416614981e-05
4.180095846906715928e-02
4.180095846906715928e-02
7.079029021501991360e-07
4.644550941007460215e-03
5.734013507416614981e-05
6.371126119351793389e-06
6.371126119351793389e-06
4.644550941007460215e-03
4.644550941007460215e-03
4.644550941007460215e-03
5.734013507416614981e-05
5.160612156674955313e-04
5.160612156674955313e-04
5.734013507416614981e-05
4.644550941007460215e-03
4.644550941007460215e-03
7.079029021501991360e-07
6.371126119351793389e-06
5.734013507416614981e-05
5.160612156674955313e-04
5.734013507416614981e-05
4.644550941007460215e-03
5.160612156674955313e-04
6.371126119351793389e-06
5.160612156674955313e-04
4.644550941007460215e-03
4.180095846906715928e-02
6.371126119351793389e-06
6.371126119351793389e-06
6.371126119351793389e-06
4.644550941007460215e-03
4.644550941007460215e-03
5.734013507416614981e-05
7.079029021501991360e-07
4.644550941007460215e-03
5.160612156674955313e-04
6.371126119351793389e-06
6.371126119351793389e-06
4.180095846906715928e-02
4.644550941007460215e-03
6.371126119351793389e-06
5.160612156674955313e-04
4.644550941007460215e-03
7.079029021501991360e-07
6.371126119351793389e-06
6.371126119351793389e-06
4.180095846906715928e-02
5.160612156674955313e-04
5.734013507416614981e-05
6.371126119351793389e-06
7.079029021501991360e-07
4.644550941007460215e-03
4.644550941007460215e-03
6.371126119351793389e-06
5.734013507416614981e-05
5.734013507416614981e-05
5.734013507416614981e-05
4.180095846906715928e-02
5.734013507416614981e-05
4.180095846906715928e-02
5.734013507416614981e-05
5.734013507416614981e-05
5.734013507416614981e-05
5.734013507416614981e-05
5.160612156674955313e-04
6.371126119351793389e-06
5.160612156674955313e-04
5.160612156674955313e-04
4.180095846906715928e-02
7.865587801668877965e-08
5.160612156674955313e-04
5.734013507416614981e-05
7.079029021501991360e-07
5.160612156674955313e-04
5.734013507416614981e-05
5.734013507416614981e-05
4.644550941007460215e-03
4.644550941007460215e-03
4.180095846906715928e-02
6.371126119351793389e-06
5.160612156674955313e-04
5.734013507416614981e-05
5.160612156674955313e-04
4.180095846906715928e-02
4.644550941007460215e-03
7.079029021501991360e-07
4.644550941007460215e-03
5.160612156674955313e-04
5.160612156674955313e-04
5.734013507416614981e-05
5.160612156674955313e-04
6.371126119351793389e-06
3.762086262216045029e-01
5.160612156674955313e-04
5.734013507416614981e-05
4.644550941007460215e-03
5.160612156674955313e-04
5.160612156674955313e-04
5.734013507416614981e-05
6.371126119351793389e-06
5.160612156674955313e-04
5.734013507416614981e-05
5.160612156674955313e-04
4.644550941007460215e-03
7.079029021501991360e-07
