1.239491863424521662e-06
9.035895684364769233e-04
9.035895684364769233e-04
1.003988409373862917e-04
1.003988409373862917e-04
1.003988409373862917e-04
1.003988409373862917e-04
9.035895684364769233e-04
1.003988409373862917e-04
9.035895684364769233e-04
9.035895684364769233e-04
9.035895684364769233e-04
8.132306115928293611e-03
1.115542677082069644e-05
1.115542677082069644e-05
9.035895684364769233e-04
1.003988409373862917e-04
1.115542677082069644e-05
9.035895684364769233e-04
9.035895684364769233e-04
9.035895684364769233e-04
9.035895684364769233e-04
1.115542677082069644e-05
1.003988409373862917e-04
7.319075504335466331e-02
8.132306115928293611e-03
1.003988409373862917e-04
9.035895684364769233e-04
1.003988409373862917e-04
9.035895684364769233e-04
8.132306115928293611e-03
1.003988409373862917e-04
8.132306115928293611e-03
9.035895684364769233e-04
1.003988409373862917e-04
8.132306115928293611e-03
1.003988409373862917e-04
9.035895684364769233e-04
9.035895684364769233e-04
8.132306115928293611e-03
9.035895684364769233e-04
1.377213181582801582e-07
1.003988409373862917e-04
1.115542677082069644e-05
1.115542677082069644e-05
8.132306115928293611e-03
9.035895684364769233e-04
8.132306115928293611e-03
1.003988409373862917e-04
1.003988409373862917e-04
1.003988409373862917e-04
1.003988409373862917e-04
1.003988409373862917e-04
8.132306115928293611e-03
8.132306115928293611e-03
9.035895684364769233e-04
1.003988409373862917e-04
1.115542677082069644e-05
1.115542677082069644e-05
9.035895684364769233e-04
9.035895684364769233e-04
9.035895684364769233e-04
1.003988409373862917e-04
9.035895684364769233e-04
9.035895684364769233e-04
1.003988409373862917e-04
9.035895684364769233e-04
1.003988409373862917e-04
1.115542677082069644e-05
1.003988409373862917e-04
1.003988409373862917e-04
1.003988409373862917e-04
9.035895684364769233e-04
1.003988409373862917e-04
9.035895684364769233e-04
1.115542677082069644e-05
1.003988409373862917e-04
9.035895684364769233e-04
8.132306115928293611e-03
9.035895684364769233e-04
8.132306115928293611e-03
8.132306115928293611e-03
8.132306115928293611e-03
1.003988409373862917e-04
8.132306115928293611e-03
1.115542677082069644e-05
1.003988409373862917e-04
9.035895684364769233e-04
9.035895684364769233e-04
9.035895684364769233e-04
1.115542677082069644e-05
9.035895684364769233e-04
1.115542677082069644e-05
8.132306115928293611e-03
1.115542677082069644e-05
9.035895684364769233e-04
1.003988409373862917e-04
9.035895684364769233e-04
1.003988409373862917e-04
1.003988409373862917e-04
1.115542677082069644e-05
9.035895684364769233e-04
9.035895684364769233e-04
1.239491863424521662e-06
1.003988409373862917e-04
1.115542677082069644e-05
1.115542677082069644e-05
1.003988409373862917e-04
1.003988409373862917e-04
1.115542677082069644e-05
1.003988409373862917e-04
9.035895684364769233e-04
1.003988409373862917e-04
1.003988409373862917e-04
1.377213181582801582e-07
1.003988409373862917e-04
1.003988409373862917e-04
7.319075504335466331e-02
1.239491863424521662e-06
8.132306115928293611e-03
1.115542677082069644e-05
9.035895684364769233e-04
1.239491863424521662e-06
8.132306115928293611e-03
1.115542677082069644e-05
8.132306115928293611e-03
6.587167953901921225e-01
9.035895684364769233e-04
