7.600951274253865523e-08
4.986984131037965062e-04
4.986984131037965062e-04
4.986984131037965062e-04
4.986984131037965062e-04
4.039457146140753435e-02
5.541093478931070936e-05
6.156770532145633244e-06
4.039457146140753435e-02
5.541093478931070936e-05
5.541093478931070936e-05
6.156770532145633244e-06
5.541093478931070936e-05
4.986984131037965062e-04
4.986984131037965062e-04
5.541093478931070936e-05
4.986984131037965062e-04
5.541093478931070936e-05
6.156770532145633244e-06
5.541093478931070936e-05
5.541093478931070936e-05
4.986984131037965062e-04
4.986984131037965062e-04
4.986984131037965062e-04
4.986984131037965062e-04
5.541093478931070936e-05
4.986984131037965062e-04
6.156770532145633244e-06
5.541093478931070936e-05
5.541093478931070936e-05
4.986984131037965062e-04
6.840856146828479500e-07
4.488285717934169423e-03
6.156770532145633244e-06
5.541093478931070936e-05
5.541093478931070936e-05
5.541093478931070936e-05
5.541093478931070936e-05
5.541093478931070936e-05
4.488285717934169423e-03
4.986984131037965062e-04
6.840856146828479500e-07
4.488285717934169423e-03
4.039457146140753435e-02
5.541093478931070936e-05
4.039457146140753435e-02
5.541093478931070936e-05
4.986984131037965062e-04
4.488285717934169423e-03
4.488285717934169423e-03
6.156770532145633244e-06
4.986984131037965062e-04
7.600951274253865523e-08
5.541093478931070936e-05
4.986984131037965062e-04
5.541093478931070936e-05
4.488285717934169423e-03
4.488285717934169423e-03
4.039457146140753435e-02
4.488285717934169423e-03
5.541093478931070936e-05
5.541093478931070936e-05
4.986984131037965062e-04
4.986984131037965062e-04
5.541093478931070936e-05
4.488285717934169423e-03
4.488285717934169423e-03
4.488285717934169423e-03
6.156770532145633244e-06
6.840856146828479500e-07
5.541093478931070936e-05
5.541093478931070936e-05
4.986984131037965062e-04
5.541093478931070936e-05
4.986984131037965062e-04
6.156770532145633244e-06
5.541093478931070936e-05
4.488285717934169423e-03
4.488285717934169423e-03
5.541093478931070936e-05
5.541093478931070936e-05
5.541093478931070936e-05
5.541093478931070936e-05
7.600951274253865523e-08
4.488285717934169423e-03
6.156770532145633244e-06
6.156770532145633244e-06
6.156770532145633244e-06
5.541093478931070936e-05
4.986984131037965062e-04
4.986984131037965062e-04
5.541093478931070936e-05
5.541093478931070936e-05
4.488285717934169423e-03
5.541093478931070936e-05
5.541093478931070936e-05
5.541093478931070936e-05
5.541093478931070936e-05
4.986984131037965062e-04
6.840856146828479500e-07
4.986984131037965062e-04
5.541093478931070936e-05
6.156770532145633244e-06
3.635511431526678994e-01
4.488285717934169423e-03
5.541093478931070936e-05
4.488285717934169423e-03
4.986984131037965062e-04
5.541093478931070936e-05
5.541093478931070936e-05
6.156770532145633244e-06
4.986984131037965062e-04
4.986984131037965062e-04
5.541093478931070936e-05
5.541093478931070936e-05
4.039457146140753435e-02
4.986984131037965062e-04
4.986984131037965062e-04
5.541093478931070936e-05
5.541093478931070936e-05
4.986984131037965062e-04
6.156770532145633244e-06
5.541093478931070936e-05
5.541093478931070936e-05
6.156770532145633244e-06
5.541093478931070936e-05
5.541093478931070936e-05
6.840856146828479500e-07
4.488285717934169423e-03
4.986984131037965062e-04
4.986984131037965062e-04
4.039457146140753435e-02
4.986984131037965062e-04
4.488285717934169423e-03
5.541093478931070936e-05
4.986984131037965062e-04
6.840856146828479500e-07
6.840856146828479500e-07
4.986984131037965062e-04
4.986984131037965062e-04
5.541093478931070936e-05
4.986984131037965062e-04
6.840856146828479500e-07
5.541093478931070936e-05
4.488285717934169423e-03
4.986984131037965062e-04
4.488285717934169423e-03
6.156770532145633244e-06
5.541093478931070936e-05
6.156770532145633244e-06
6.840856146828479500e-07
6.156770532145633244e-06
4.986984131037965062e-04
5.541093478931070936e-05
5.541093478931070936e-05
5.541093478931070936e-05
5.541093478931070936e-05
5.541093478931070936e-05
4.986984131037965062e-04
4.986984131037965062e-04
4.986984131037965062e-04
5.541093478931070936e-05
6.156770532145633244e-06
6.840856146828479500e-07
4.986984131037965062e-04
4.986984131037965062e-04
6.156770532145633244e-06
5.541093478931070936e-05
6.156770532145633244e-06
6.840856146828479500e-07
4.488285717934169423e-03
5.541093478931070936e-05
4.488285717934169423e-03
4.986984131037965062e-04
5.541093478931070936e-05
6.156770532145633244e-06
4.039457146140753435e-02
4.986984131037965062e-04
4.488285717934169423e-03
6.156770532145633244e-06
4.986984131037965062e-04
5.541093478931070936e-05
6.840856146828479500e-07
4.986984131037965062e-04
4.986984131037965062e-04
6.156770532145633244e-06
4.986984131037965062e-04
4.488285717934169423e-03
4.986984131037965062e-04
6.156770532145633244e-06
6.156770532145633244e-06
4.986984131037965062e-04
4.986984131037965062e-04
4.488285717934169423e-03
6.156770532145633244e-06
5.541093478931070936e-05
5.541093478931070936e-05
6.156770532145633244e-06
4.986984131037965062e-04
4.488285717934169423e-03
5.541093478931070936e-05
5.541093478931070936e-05
4.039457146140753435e-02
5.541093478931070936e-05
6.840856146828479500e-07
4.986984131037965062e-04
5.541093478931070936e-05
5.541093478931070936e-05
5.541093478931070936e-05
6.156770532145633244e-06
5.541093478931070936e-05
5.541093478931070936e-05
5.541093478931070936e-05
5.541093478931070936e-05
5.541093478931070936e-05
5.541093478931070936e-05
5.541093478931070936e-05
5.541093478931070936e-05
4.488285717934169423e-03
4.986984131037965062e-04
4.488285717934169423e-03
4.986984131037965062e-04
5.541093478931070936e-05
4.986984131037965062e-04
4.986984131037965062e-04
4.488285717934169423e-03
4.986984131037965062e-04
4.488285717934169423e-03
4.986984131037965062e-04
6.840856146828479500e-07
6.156770532145633244e-06
6.156770532145633244e-06
5.541093478931070936e-05
4.986984131037965062e-04
4.986984131037965062e-04
6.840856146828479500e-07
4.986984131037965062e-04
4.039457146140753435e-02
4.488285717934169423e-03
4.039457146140753435e-02
5.541093478931070936e-05
5.541093478931070936e-05
5.541093478931070936e-05
5.541093478931070936e-05
6.156770532145633244e-06
4.488285717934169423e-03
6.840856146828479500e-07
4.986984131037965062e-04
4.986984131037965062e-04
6.156770532145633244e-06
4.488285717934169423e-03
5.541093478931070936e-05
6.156770532145633244e-06
4.986984131037965062e-04
4.986984131037965062e-04
5.541093478931070936e-05
