2.301717024067432555e-06
1.510156539490643823e-02
1.864390789494621157e-04
2.071545321660689384e-05
2.557463360074924238e-07
1.864390789494621157e-04
1.677951710545159177e-03
2.301717024067432555e-06
1.864390789494621157e-04
2.071545321660689384e-05
1.677951710545159177e-03
1.864390789494621157e-04
2.071545321660689384e-05
1.510156539490643823e-02
1.510156539490643823e-02
2.301717024067432555e-06
2.071545321660689384e-05
1.864390789494621157e-04
2.301717024067432555e-06
2.071545321660689384e-05
2.557463360074924238e-07
2.301717024067432555e-06
1.677951710545159177e-03
1.864390789494621157e-04
2.071545321660689384e-05
1.677951710545159177e-03
2.841625955638804157e-08
2.557463360074924238e-07
2.301717024067432555e-06
1.864390789494621157e-04
2.557463360074924238e-07
2.557463360074924238e-07
1.864390789494621157e-04
2.071545321660689384e-05
1.677951710545159177e-03
1.864390789494621157e-04
1.677951710545159177e-03
2.071545321660689384e-05
1.677951710545159177e-03
1.510156539490643823e-02
2.841625955638804157e-08
2.071545321660689384e-05
2.071545321660689384e-05
2.301717024067432555e-06
2.301717024067432555e-06
2.557463360074924238e-07
1.864390789494621157e-04
2.071545321660689384e-05
2.071545321660689384e-05
1.864390789494621157e-04
2.071545321660689384e-05
1.864390789494621157e-04
2.071545321660689384e-05
1.677951710545159177e-03
1.677951710545159177e-03
1.864390789494621157e-04
1.864390789494621157e-04
2.071545321660689384e-05
2.301717024067432555e-06
1.677951710545159177e-03
1.864390789494621157e-04
2.071545321660689384e-05
1.677951710545159177e-03
2.301717024067432555e-06
2.301717024067432555e-06
1.864390789494621157e-04
2.071545321660689384e-05
2.071545321660689384e-05
2.557463360074924238e-07
1.864390789494621157e-04
1.359140885541579857e-01
1.864390789494621157e-04
1.864390789494621157e-04
2.301717024067432555e-06
2.301717024067432555e-06
1.677951710545159177e-03
2.301717024067432555e-06
2.071545321660689384e-05
2.071545321660689384e-05
2.071545321660689384e-05
1.677951710545159177e-03
2.557463360074924238e-07
2.557463360074924238e-07
1.677951710545159177e-03
2.301717024067432555e-06
1.864390789494621157e-04
1.864390789494621157e-04
2.301717024067432555e-06
2.071545321660689384e-05
2.301717024067432555e-06
1.510156539490643823e-02
1.864390789494621157e-04
1.864390789494621157e-04
2.071545321660689384e-05
1.677951710545159177e-03
2.301717024067432555e-06
1.510156539490643823e-02
2.301717024067432555e-06
2.071545321660689384e-05
1.510156539490643823e-02
1.677951710545159177e-03
1.864390789494621157e-04
2.557463360074924238e-07
1.677951710545159177e-03
1.510156539490643823e-02
2.071545321660689384e-05
1.677951710545159177e-03
1.677951710545159177e-03
1.510156539490643823e-02
1.677951710545159177e-03
2.071545321660689384e-05
2.301717024067432555e-06
2.301717024067432555e-06
1.510156539490643823e-02
2.071545321660689384e-05
1.677951710545159177e-03
1.864390789494621157e-04
1.359140885541579857e-01
1.677951710545159177e-03
1.864390789494621157e-04
1.864390789494621157e-04
2.071545321660689384e-05
1.864390789494621157e-04
1.864390789494621157e-04
1.864390789494621157e-04
2.071545321660689384e-05
2.301717024067432555e-06
2.301717024067432555e-06
2.557463360074924238e-07
2.301717024067432555e-06
1.864390789494621157e-04
1.864390789494621157e-04
1.864390789494621157e-04
2.071545321660689384e-05
1.677951710545159177e-03
1.510156539490643823e-02
1.864390789494621157e-04
1.864390789494621157e-04
2.071545321660689384e-05
2.557463360074924238e-07
1.677951710545159177e-03
1.677951710545159177e-03
1.864390789494621157e-04
1.864390789494621157e-04
1.864390789494621157e-04
1.864390789494621157e-04
1.864390789494621157e-04
2.071545321660689384e-05
2.071545321660689384e-05
2.071545321660689384e-05
1.864390789494621157e-04
1.510156539490643823e-02
2.071545321660689384e-05
2.841625955638804157e-08
2.301717024067432555e-06
2.071545321660689384e-05
1.510156539490643823e-02
2.301717024067432555e-06
1.864390789494621157e-04
2.301717024067432555e-06
2.071545321660689384e-05
1.864390789494621157e-04
2.301717024067432555e-06
2.301717024067432555e-06
1.677951710545159177e-03
1.864390789494621157e-04
2.557463360074924238e-07
1.510156539490643823e-02
1.864390789494621157e-04
1.864390789494621157e-04
2.071545321660689384e-05
2.557463360074924238e-07
2.301717024067432555e-06
1.864390789494621157e-04
1.677951710545159177e-03
1.864390789494621157e-04
2.301717024067432555e-06
1.864390789494621157e-04
2.071545321660689384e-05
2.071545321660689384e-05
2.071545321660689384e-05
1.677951710545159177e-03
2.071545321660689384e-05
1.864390789494621157e-04
2.301717024067432555e-06
1.864390789494621157e-04
1.864390789494621157e-04
1.677951710545159177e-03
1.864390789494621157e-04
2.301717024067432555e-06
1.677951710545159177e-03
2.071545321660689384e-05
2.071545321660689384e-05
2.071545321660689384e-05
1.510156539490643823e-02
1.864390789494621157e-04
1.864390789494621157e-04
1.677951710545159177e-03
2.071545321660689384e-05
2.301717024067432555e-06
2.301717024067432555e-06
1.864390789494621157e-04
1.359140885541579857e-01
2.301717024067432555e-06
2.071545321660689384e-05
2.301717024067432555e-06
2.557463360074924238e-07
1.864390789494621157e-04
1.864390789494621157e-04
1.864390789494621157e-04
1.510156539490643823e-02
1.864390789494621157e-04
1.864390789494621157e-04
2.071545321660689384e-05
1.677951710545159177e-03
2.557463360074924238e-07
1.864390789494621157e-04
1.677951710545159177e-03
1.864390789494621157e-04
2.557463360074924238e-07
2.301717024067432555e-06
1.864390789494621157e-04
1.864390789494621157e-04
1.510156539490643823e-02
1.677951710545159177e-03
1.864390789494621157e-04
1.864390789494621157e-04
2.301717024067432555e-06
2.071545321660689384e-05
2.071545321660689384e-05
2.301717024067432555e-06
1.864390789494621157e-04
2.301717024067432555e-06
2.071545321660689384e-05
2.071545321660689384e-05
2.301717024067432555e-06
2.301717024067432555e-06
2.301717024067432555e-06
2.071545321660689384e-05
1.510156539490643823e-02
1.864390789494621157e-04
1.677951710545159177e-03
1.864390789494621157e-04
2.071545321660689384e-05
2.557463360074924238e-07
2.071545321660689384e-05
2.071545321660689384e-05
1.677951710545159177e-03
2.071545321660689384e-05
2.301717024067432555e-06
2.301717024067432555e-06
2.301717024067432555e-06
2.071545321660689384e-05
2.071545321660689384e-05
1.864390789494621157e-04
1.359140885541579857e-01
1.864390789494621157e-04
2.071545321660689384e-05
2.071545321660689384e-05
2.841625955638804157e-08
2.071545321660689384e-05
1.510156539490643823e-02
2.071545321660689384e-05
1.510156539490643823e-02
1.510156539490643823e-02
1.677951710545159177e-03
1.864390789494621157e-04
1.864390789494621157e-04
2.071545321660689384e-05
1.677951710545159177e-03
2.071545321660689384e-05
1.677951710545159177e-03
1.677951710545159177e-03
2.071545321660689384e-05
1.864390789494621157e-04
2.301717024067432555e-06
1.864390789494621157e-04
1.864390789494621157e-04
2.071545321660689384e-05
1.510156539490643823e-02
2.557463360074924238e-07
2.071545321660689384e-05
1.677951710545159177e-03
2.071545321660689384e-05
2.301717024067432555e-06
2.071545321660689384e-05
1.677951710545159177e-03
2.071545321660689384e-05
1.510156539490643823e-02
1.864390789494621157e-04
2.071545321660689384e-05
2.071545321660689384e-05
1.864390789494621157e-04
2.071545321660689384e-05
2.071545321660689384e-05
1.864390789494621157e-04
2.071545321660689384e-05
2.071545321660689384e-05
2.071545321660689384e-05
2.301717024067432555e-06
1.864390789494621157e-04
1.510156539490643823e-02
1.864390789494621157e-04
1.864390789494621157e-04
1.864390789494621157e-04
2.301717024067432555e-06
1.864390789494621157e-04
2.301717024067432555e-06
2.071545321660689384e-05
2.301717024067432555e-06
2.557463360074924238e-07
1.677951710545159177e-03
2.071545321660689384e-05
1.864390789494621157e-04
1.864390789494621157e-04
2.071545321660689384e-05
1.677951710545159177e-03
1.864390789494621157e-04
1.864390789494621157e-04
1.677951710545159177e-03
