2.417385758792517714e-05
1.958082464621940192e-03
2.175647182913266519e-04
2.984426862706810450e-07
2.685984176436130040e-06
2.175647182913266519e-04
2.685984176436130040e-06
2.417385758792517714e-05
2.175647182913266519e-04
1.762274218159746650e-02
2.175647182913266519e-04
2.175647182913266519e-04
2.417385758792517714e-05
2.417385758792517714e-05
2.417385758792517714e-05
2.175647182913266519e-04
2.417385758792517714e-05
1.762274218159746650e-02
2.175647182913266519e-04
2.417385758792517714e-05
2.175647182913266519e-04
2.685984176436130040e-06
1.762274218159746650e-02
2.685984176436130040e-06
2.417385758792517714e-05
2.417385758792517714e-05
1.958082464621940192e-03
2.175647182913266519e-04
1.958082464621940192e-03
1.958082464621940192e-03
1.958082464621940192e-03
2.417385758792517714e-05
2.175647182913266519e-04
2.685984176436130040e-06
2.417385758792517714e-05
2.175647182913266519e-04
1.762274218159746650e-02
2.685984176436130040e-06
2.417385758792517714e-05
2.417385758792517714e-05
2.417385758792517714e-05
2.417385758792517714e-05
2.417385758792517714e-05
2.417385758792517714e-05
2.417385758792517714e-05
2.417385758792517714e-05
2.417385758792517714e-05
1.586046796343772436e-01
1.958082464621940192e-03
2.175647182913266519e-04
2.685984176436130040e-06
1.762274218159746650e-02
2.417385758792517714e-05
1.958082464621940192e-03
2.175647182913266519e-04
2.685984176436130040e-06
2.417385758792517714e-05
2.175647182913266519e-04
2.175647182913266519e-04
2.984426862706810450e-07
1.586046796343772436e-01
2.685984176436130040e-06
2.417385758792517714e-05
2.417385758792517714e-05
2.417385758792517714e-05
2.417385758792517714e-05
1.958082464621940192e-03
1.958082464621940192e-03
2.685984176436130040e-06
2.175647182913266519e-04
2.175647182913266519e-04
2.984426862706810450e-07
2.417385758792517714e-05
2.175647182913266519e-04
2.175647182913266519e-04
2.685984176436130040e-06
2.417385758792517714e-05
1.958082464621940192e-03
2.175647182913266519e-04
2.417385758792517714e-05
2.175647182913266519e-04
2.984426862706810450e-07
2.175647182913266519e-04
1.958082464621940192e-03
2.175647182913266519e-04
2.417385758792517714e-05
2.417385758792517714e-05
2.417385758792517714e-05
2.685984176436130040e-06
2.417385758792517714e-05
2.685984176436130040e-06
2.175647182913266519e-04
1.762274218159746650e-02
2.685984176436130040e-06
2.175647182913266519e-04
1.958082464621940192e-03
2.417385758792517714e-05
2.685984176436130040e-06
2.417385758792517714e-05
2.685984176436130040e-06
2.175647182913266519e-04
2.417385758792517714e-05
1.958082464621940192e-03
2.685984176436130040e-06
2.685984176436130040e-06
1.762274218159746650e-02
1.958082464621940192e-03
2.175647182913266519e-04
2.685984176436130040e-06
2.175647182913266519e-04
2.417385758792517714e-05
1.958082464621940192e-03
1.958082464621940192e-03
2.417385758792517714e-05
2.417385758792517714e-05
2.417385758792517714e-05
2.417385758792517714e-05
2.417385758792517714e-05
2.417385758792517714e-05
1.958082464621940192e-03
1.958082464621940192e-03
2.175647182913266519e-04
2.175647182913266519e-04
2.175647182913266519e-04
2.984426862706810450e-07
2.417385758792517714e-05
2.685984176436130040e-06
2.175647182913266519e-04
2.417385758792517714e-05
2.417385758792517714e-05
1.958082464621940192e-03
2.984426862706810450e-07
2.685984176436130040e-06
2.685984176436130040e-06
2.175647182913266519e-04
2.175647182913266519e-04
2.417385758792517714e-05
2.175647182913266519e-04
2.175647182913266519e-04
1.958082464621940192e-03
2.175647182913266519e-04
2.685984176436130040e-06
1.958082464621940192e-03
2.417385758792517714e-05
1.958082464621940192e-03
2.175647182913266519e-04
1.762274218159746650e-02
2.417385758792517714e-05
2.417385758792517714e-05
2.685984176436130040e-06
2.685984176436130040e-06
2.417385758792517714e-05
2.685984176436130040e-06
2.685984176436130040e-06
2.417385758792517714e-05
1.958082464621940192e-03
2.175647182913266519e-04
2.984426862706810450e-07
2.175647182913266519e-04
1.762274218159746650e-02
2.175647182913266519e-04
1.762274218159746650e-02
2.417385758792517714e-05
2.175647182913266519e-04
2.417385758792517714e-05
2.175647182913266519e-04
2.417385758792517714e-05
2.417385758792517714e-05
1.586046796343772436e-01
1.762274218159746650e-02
2.417385758792517714e-05
1.762274218159746650e-02
1.958082464621940192e-03
2.417385758792517714e-05
2.175647182913266519e-04
2.685984176436130040e-06
2.175647182913266519e-04
2.417385758792517714e-05
2.175647182913266519e-04
2.417385758792517714e-05
2.417385758792517714e-05
1.762274218159746650e-02
2.175647182913266519e-04
2.175647182913266519e-04
1.958082464621940192e-03
1.958082464621940192e-03
2.417385758792517714e-05
2.175647182913266519e-04
1.958082464621940192e-03
2.175647182913266519e-04
1.958082464621940192e-03
2.685984176436130040e-06
2.417385758792517714e-05
2.685984176436130040e-06
2.417385758792517714e-05
1.958082464621940192e-03
2.175647182913266519e-04
2.175647182913266519e-04
2.175647182913266519e-04
1.958082464621940192e-03
1.958082464621940192e-03
1.958082464621940192e-03
2.685984176436130040e-06
1.958082464621940192e-03
1.958082464621940192e-03
2.417385758792517714e-05
2.417385758792517714e-05
1.958082464621940192e-03
2.685984176436130040e-06
2.417385758792517714e-05
2.175647182913266519e-04
1.762274218159746650e-02
2.175647182913266519e-04
1.958082464621940192e-03
2.417385758792517714e-05
2.175647182913266519e-04
1.958082464621940192e-03
1.958082464621940192e-03
2.417385758792517714e-05
2.175647182913266519e-04
2.685984176436130040e-06
1.958082464621940192e-03
1.958082464621940192e-03
2.175647182913266519e-04
1.958082464621940192e-03
2.175647182913266519e-04
2.175647182913266519e-04
2.417385758792517714e-05
2.175647182913266519e-04
2.417385758792517714e-05
2.984426862706810450e-07
1.958082464621940192e-03
2.417385758792517714e-05
2.417385758792517714e-05
2.984426862706810450e-07
1.958082464621940192e-03
2.417385758792517714e-05
1.958082464621940192e-03
2.175647182913266519e-04
2.175647182913266519e-04
2.417385758792517714e-05
2.175647182913266519e-04
1.762274218159746650e-02
2.417385758792517714e-05
2.175647182913266519e-04
2.417385758792517714e-05
2.984426862706810450e-07
2.175647182913266519e-04
2.175647182913266519e-04
2.417385758792517714e-05
1.958082464621940192e-03
2.175647182913266519e-04
2.175647182913266519e-04
2.175647182913266519e-04
1.958082464621940192e-03
2.685984176436130040e-06
2.175647182913266519e-04
1.958082464621940192e-03
2.685984176436130040e-06
1.958082464621940192e-03
2.685984176436130040e-06
2.685984176436130040e-06
2.175647182913266519e-04
2.417385758792517714e-05
1.958082464621940192e-03
1.762274218159746650e-02
2.175647182913266519e-04
2.417385758792517714e-05
2.685984176436130040e-06
2.417385758792517714e-05
2.685984176436130040e-06
2.417385758792517714e-05
2.984426862706810450e-07
1.958082464621940192e-03
2.685984176436130040e-06
2.417385758792517714e-05
1.958082464621940192e-03
1.958082464621940192e-03
2.417385758792517714e-05
1.762274218159746650e-02
2.417385758792517714e-05
2.175647182913266519e-04
2.175647182913266519e-04
1.958082464621940192e-03
1.958082464621940192e-03
1.958082464621940192e-03
1.958082464621940192e-03
2.417385758792517714e-05
2.417385758792517714e-05
2.175647182913266519e-04
2.175647182913266519e-04
2.685984176436130040e-06
1.762274218159746650e-02
1.762274218159746650e-02
2.685984176436130040e-06
2.175647182913266519e-04
2.417385758792517714e-05
3.316029847452010876e-08
2.417385758792517714e-05
2.175647182913266519e-04
2.417385758792517714e-05
2.175647182913266519e-04
2.175647182913266519e-04
2.417385758792517714e-05
2.417385758792517714e-05
2.175647182913266519e-04
2.417385758792517714e-05
2.685984176436130040e-06
2.417385758792517714e-05
2.417385758792517714e-05
2.685984176436130040e-06
2.984426862706810450e-07
1.762274218159746650e-02
2.417385758792517714e-05
2.417385758792517714e-05
2.417385758792517714e-05
2.417385758792517714e-05
2.417385758792517714e-05
2.417385758792517714e-05
2.175647182913266519e-04
2.685984176436130040e-06
2.175647182913266519e-04
2.417385758792517714e-05
2.417385758792517714e-05
2.175647182913266519e-04
2.417385758792517714e-05
2.175647182913266519e-04
2.175647182913266519e-04
2.685984176436130040e-06
2.417385758792517714e-05
2.984426862706810450e-07
2.175647182913266519e-04
2.685984176436130040e-06
2.175647182913266519e-04
2.175647182913266519e-04
1.958082464621940192e-03
2.984426862706810450e-07
2.417385758792517714e-05
2.984426862706810450e-07
2.175647182913266519e-04
2.417385758792517714e-05
2.685984176436130040e-06
1.958082464621940192e-03
2.984426862706810450e-07
2.417385758792517714e-05
2.417385758792517714e-05
2.417385758792517714e-05
2.984426862706810450e-07
1.958082464621940192e-03
2.417385758792517714e-05
2.175647182913266519e-04
1.958082464621940192e-03
1.958082464621940192e-03
2.417385758792517714e-05
2.685984176436130040e-06
1.958082464621940192e-03
2.984426862706810450e-07
2.175647182913266519e-04
2.417385758792517714e-05
2.685984176436130040e-06
2.417385758792517714e-05
2.417385758792517714e-05
2.175647182913266519e-04
1.958082464621940192e-03
1.958082464621940192e-03
2.417385758792517714e-05
2.685984176436130040e-06
2.175647182913266519e-04
2.175647182913266519e-04
1.958082464621940192e-03
1.762274218159746650e-02
2.685984176436130040e-06
2.417385758792517714e-05
1.958082464621940192e-03
2.417385758792517714e-05
2.417385758792517714e-05
2.417385758792517714e-05
2.175647182913266519e-04
2.175647182913266519e-04
2.417385758792517714e-05
2.417385758792517714e-05
2.417385758792517714e-05
2.175647182913266519e-04
2.175647182913266519e-04
