2.842159434704407046e-04
3.508838808277044078e-06
2.842159434704407046e-04
3.508838808277044078e-06
3.508838808277044078e-06
2.842159434704407046e-04
3.508838808277044078e-06
3.508838808277044078e-06
2.842159434704407046e-04
3.157954927449339882e-05
3.508838808277044078e-06
2.842159434704407046e-04
4.331899763304990696e-08
2.302149142110570743e-02
3.157954927449339882e-05
3.898709786974492420e-07
2.302149142110570743e-02
2.842159434704407046e-04
2.071934227899513981e-01
2.302149142110570743e-02
2.842159434704407046e-04
2.557943491233966721e-03
3.157954927449339882e-05
3.898709786974492420e-07
2.842159434704407046e-04
2.557943491233966721e-03
2.557943491233966721e-03
2.842159434704407046e-04
2.557943491233966721e-03
3.898709786974492420e-07
2.557943491233966721e-03
3.157954927449339882e-05
3.508838808277044078e-06
3.157954927449339882e-05
3.157954927449339882e-05
3.898709786974492420e-07
3.508838808277044078e-06
3.508838808277044078e-06
2.557943491233966721e-03
3.157954927449339882e-05
2.557943491233966721e-03
2.842159434704407046e-04
2.557943491233966721e-03
3.157954927449339882e-05
3.157954927449339882e-05
3.157954927449339882e-05
3.157954927449339882e-05
3.508838808277044078e-06
3.157954927449339882e-05
2.842159434704407046e-04
2.557943491233966721e-03
2.557943491233966721e-03
3.157954927449339882e-05
2.842159434704407046e-04
3.157954927449339882e-05
3.898709786974492420e-07
2.557943491233966721e-03
2.842159434704407046e-04
2.557943491233966721e-03
3.157954927449339882e-05
2.071934227899513981e-01
3.157954927449339882e-05
2.842159434704407046e-04
3.157954927449339882e-05
2.557943491233966721e-03
3.157954927449339882e-05
3.898709786974492420e-07
3.508838808277044078e-06
2.557943491233966721e-03
3.157954927449339882e-05
3.508838808277044078e-06
2.557943491233966721e-03
2.557943491233966721e-03
2.842159434704407046e-04
3.157954927449339882e-05
2.302149142110570743e-02
3.898709786974492420e-07
3.898709786974492420e-07
3.157954927449339882e-05
2.842159434704407046e-04
3.508838808277044078e-06
2.842159434704407046e-04
2.842159434704407046e-04
3.157954927449339882e-05
3.157954927449339882e-05
2.842159434704407046e-04
3.508838808277044078e-06
2.842159434704407046e-04
2.557943491233966721e-03
2.071934227899513981e-01
2.557943491233966721e-03
2.842159434704407046e-04
2.842159434704407046e-04
3.157954927449339882e-05
3.157954927449339882e-05
3.508838808277044078e-06
3.898709786974492420e-07
2.557943491233966721e-03
2.557943491233966721e-03
3.157954927449339882e-05
3.508838808277044078e-06
2.842159434704407046e-04
3.508838808277044078e-06
3.508838808277044078e-06
2.842159434704407046e-04
3.157954927449339882e-05
2.557943491233966721e-03
3.157954927449339882e-05
2.842159434704407046e-04
3.157954927449339882e-05
2.842159434704407046e-04
2.842159434704407046e-04
3.157954927449339882e-05
2.557943491233966721e-03
3.157954927449339882e-05
3.157954927449339882e-05
3.898709786974492420e-07
2.302149142110570743e-02
3.508838808277044078e-06
2.302149142110570743e-02
2.842159434704407046e-04
3.157954927449339882e-05
3.157954927449339882e-05
3.508838808277044078e-06
3.508838808277044078e-06
2.302149142110570743e-02
3.508838808277044078e-06
3.157954927449339882e-05
3.157954927449339882e-05
3.157954927449339882e-05
3.508838808277044078e-06
3.508838808277044078e-06
3.898709786974492420e-07
3.508838808277044078e-06
2.557943491233966721e-03
3.157954927449339882e-05
2.557943491233966721e-03
2.557943491233966721e-03
3.157954927449339882e-05
3.157954927449339882e-05
2.557943491233966721e-03
3.898709786974492420e-07
2.557943491233966721e-03
3.157954927449339882e-05
3.508838808277044078e-06
2.842159434704407046e-04
3.508838808277044078e-06
2.557943491233966721e-03
2.557943491233966721e-03
2.557943491233966721e-03
3.157954927449339882e-05
3.157954927449339882e-05
3.508838808277044078e-06
3.157954927449339882e-05
2.557943491233966721e-03
3.157954927449339882e-05
2.557943491233966721e-03
2.557943491233966721e-03
2.302149142110570743e-02
3.898709786974492420e-07
2.302149142110570743e-02
3.508838808277044078e-06
2.842159434704407046e-04
2.302149142110570743e-02
3.157954927449339882e-05
3.157954927449339882e-05
2.302149142110570743e-02
2.842159434704407046e-04
2.557943491233966721e-03
3.508838808277044078e-06
2.842159434704407046e-04
3.508838808277044078e-06
3.508838808277044078e-06
3.898709786974492420e-07
3.157954927449339882e-05
3.157954927449339882e-05
3.157954927449339882e-05
2.302149142110570743e-02
2.842159434704407046e-04
2.842159434704407046e-04
2.842159434704407046e-04
3.157954927449339882e-05
3.157954927449339882e-05
2.842159434704407046e-04
2.842159434704407046e-04
3.157954927449339882e-05
3.508838808277044078e-06
3.508838808277044078e-06
2.842159434704407046e-04
2.557943491233966721e-03
3.157954927449339882e-05
3.508838808277044078e-06
