4.094510771474974929e-07
2.417767665448260911e-02
3.685059694327478389e-06
3.316553724894731397e-05
2.984898352405259206e-04
3.316553724894731397e-05
4.094510771474974929e-07
2.984898352405259206e-04
3.316553724894731397e-05
2.417767665448260911e-02
3.316553724894731397e-05
3.316553724894731397e-05
3.685059694327478389e-06
2.686408517164733285e-03
2.984898352405259206e-04
3.316553724894731397e-05
3.316553724894731397e-05
3.316553724894731397e-05
2.984898352405259206e-04
3.685059694327478389e-06
3.316553724894731397e-05
3.316553724894731397e-05
3.316553724894731397e-05
3.316553724894731397e-05
3.316553724894731397e-05
3.685059694327478389e-06
2.686408517164733285e-03
3.316553724894731397e-05
2.984898352405259206e-04
2.984898352405259206e-04
2.984898352405259206e-04
3.685059694327478389e-06
2.984898352405259206e-04
2.984898352405259206e-04
3.316553724894731397e-05
3.316553724894731397e-05
3.316553724894731397e-05
3.316553724894731397e-05
3.685059694327478389e-06
3.316553724894731397e-05
2.984898352405259206e-04
4.094510771474974929e-07
3.316553724894731397e-05
3.316553724894731397e-05
3.685059694327478389e-06
4.094510771474974929e-07
3.685059694327478389e-06
3.316553724894731397e-05
4.094510771474974929e-07
3.316553724894731397e-05
2.686408517164733285e-03
3.316553724894731397e-05
2.984898352405259206e-04
2.984898352405259206e-04
2.417767665448260911e-02
3.685059694327478389e-06
2.984898352405259206e-04
2.984898352405259206e-04
2.984898352405259206e-04
3.685059694327478389e-06
2.984898352405259206e-04
2.984898352405259206e-04
3.685059694327478389e-06
2.984898352405259206e-04
3.316553724894731397e-05
2.686408517164733285e-03
2.686408517164733285e-03
3.685059694327478389e-06
3.316553724894731397e-05
2.686408517164733285e-03
3.685059694327478389e-06
2.984898352405259206e-04
3.316553724894731397e-05
3.685059694327478389e-06
2.686408517164733285e-03
2.984898352405259206e-04
2.984898352405259206e-04
3.316553724894731397e-05
3.316553724894731397e-05
2.984898352405259206e-04
2.984898352405259206e-04
2.984898352405259206e-04
4.094510771474974929e-07
2.984898352405259206e-04
3.685059694327478389e-06
4.094510771474974929e-07
3.316553724894731397e-05
2.984898352405259206e-04
3.685059694327478389e-06
3.316553724894731397e-05
4.094510771474974929e-07
3.316553724894731397e-05
2.686408517164733285e-03
3.685059694327478389e-06
3.316553724894731397e-05
4.094510771474974929e-07
3.685059694327478389e-06
3.316553724894731397e-05
2.686408517164733285e-03
3.316553724894731397e-05
3.316553724894731397e-05
2.686408517164733285e-03
3.685059694327478389e-06
2.984898352405259206e-04
2.686408517164733285e-03
2.984898352405259206e-04
2.984898352405259206e-04
3.685059694327478389e-06
4.094510771474974929e-07
2.686408517164733285e-03
2.417767665448260911e-02
2.686408517164733285e-03
3.316553724894731397e-05
2.686408517164733285e-03
3.316553724894731397e-05
3.685059694327478389e-06
2.984898352405259206e-04
2.984898352405259206e-04
2.686408517164733285e-03
3.316553724894731397e-05
2.984898352405259206e-04
3.316553724894731397e-05
2.686408517164733285e-03
2.984898352405259206e-04
2.686408517164733285e-03
2.686408517164733285e-03
2.686408517164733285e-03
2.984898352405259206e-04
2.984898352405259206e-04
3.316553724894731397e-05
4.094510771474974929e-07
2.686408517164733285e-03
2.984898352405259206e-04
3.685059694327478389e-06
4.094510771474974929e-07
2.175990898903435444e-01
2.984898352405259206e-04
4.094510771474974929e-07
2.984898352405259206e-04
2.686408517164733285e-03
3.316553724894731397e-05
2.984898352405259206e-04
2.686408517164733285e-03
2.984898352405259206e-04
3.685059694327478389e-06
2.686408517164733285e-03
3.316553724894731397e-05
3.685059694327478389e-06
2.984898352405259206e-04
2.984898352405259206e-04
2.686408517164733285e-03
2.984898352405259206e-04
2.984898352405259206e-04
2.686408517164733285e-03
3.316553724894731397e-05
2.417767665448260911e-02
3.685059694327478389e-06
3.316553724894731397e-05
3.316553724894731397e-05
2.417767665448260911e-02
2.686408517164733285e-03
2.984898352405259206e-04
3.316553724894731397e-05
2.984898352405259206e-04
2.984898352405259206e-04
3.316553724894731397e-05
3.685059694327478389e-06
2.686408517164733285e-03
3.316553724894731397e-05
2.686408517164733285e-03
2.686408517164733285e-03
3.316553724894731397e-05
4.549456412749971187e-08
2.984898352405259206e-04
2.686408517164733285e-03
2.984898352405259206e-04
3.685059694327478389e-06
3.685059694327478389e-06
4.549456412749971187e-08
4.094510771474974929e-07
2.984898352405259206e-04
2.984898352405259206e-04
3.316553724894731397e-05
2.686408517164733285e-03
2.175990898903435444e-01
2.984898352405259206e-04
4.094510771474974929e-07
2.686408517164733285e-03
3.685059694327478389e-06
3.685059694327478389e-06
2.984898352405259206e-04
3.685059694327478389e-06
2.984898352405259206e-04
3.316553724894731397e-05
2.984898352405259206e-04
3.316553724894731397e-05
3.316553724894731397e-05
2.984898352405259206e-04
2.984898352405259206e-04
3.316553724894731397e-05
2.984898352405259206e-04
3.316553724894731397e-05
3.316553724894731397e-05
2.984898352405259206e-04
3.316553724894731397e-05
3.316553724894731397e-05
2.175990898903435444e-01
3.316553724894731397e-05
4.094510771474974929e-07
3.685059694327478389e-06
3.685059694327478389e-06
2.686408517164733285e-03
2.984898352405259206e-04
3.685059694327478389e-06
3.685059694327478389e-06
3.316553724894731397e-05
2.686408517164733285e-03
2.984898352405259206e-04
3.685059694327478389e-06
2.417767665448260911e-02
2.984898352405259206e-04
2.686408517164733285e-03
2.984898352405259206e-04
3.316553724894731397e-05
3.316553724894731397e-05
3.316553724894731397e-05
2.417767665448260911e-02
2.984898352405259206e-04
2.984898352405259206e-04
2.984898352405259206e-04
2.984898352405259206e-04
2.984898352405259206e-04
3.685059694327478389e-06
3.316553724894731397e-05
3.685059694327478389e-06
2.417767665448260911e-02
2.984898352405259206e-04
2.686408517164733285e-03
3.316553724894731397e-05
2.984898352405259206e-04
4.094510771474974929e-07
3.685059694327478389e-06
2.686408517164733285e-03
2.984898352405259206e-04
2.686408517164733285e-03
2.984898352405259206e-04
3.316553724894731397e-05
3.316553724894731397e-05
3.316553724894731397e-05
2.984898352405259206e-04
2.984898352405259206e-04
2.686408517164733285e-03
3.685059694327478389e-06
3.685059694327478389e-06
4.094510771474974929e-07
2.984898352405259206e-04
