6.518376026282086738e-06
5.279884581288492697e-04
5.279884581288492697e-04
4.751896123159644186e-03
4.751896123159644186e-03
7.242640029202315892e-07
5.279884581288492697e-04
5.279884581288492697e-04
5.279884581288492697e-04
7.242640029202315892e-07
5.866538423653878742e-05
4.751896123159644186e-03
5.279884581288492697e-04
4.276706510843680809e-02
5.866538423653878742e-05
5.866538423653878742e-05
5.866538423653878742e-05
4.751896123159644186e-03
6.518376026282086738e-06
5.279884581288492697e-04
4.276706510843680809e-02
5.279884581288492697e-04
5.279884581288492697e-04
5.866538423653878742e-05
5.866538423653878742e-05
5.279884581288492697e-04
5.279884581288492697e-04
6.518376026282086738e-06
4.751896123159644186e-03
5.866538423653878742e-05
5.279884581288492697e-04
5.866538423653878742e-05
4.751896123159644186e-03
7.242640029202315892e-07
6.518376026282086738e-06
5.279884581288492697e-04
5.866538423653878742e-05
6.518376026282086738e-06
5.279884581288492697e-04
5.279884581288492697e-04
6.518376026282086738e-06
5.866538423653878742e-05
4.751896123159644186e-03
5.866538423653878742e-05
5.866538423653878742e-05
4.751896123159644186e-03
4.751896123159644186e-03
7.242640029202315892e-07
5.866538423653878742e-05
6.518376026282086738e-06
4.751896123159644186e-03
3.849035859759313838e-01
5.866538423653878742e-05
5.279884581288492697e-04
5.866538423653878742e-05
4.751896123159644186e-03
4.751896123159644186e-03
5.279884581288492697e-04
5.866538423653878742e-05
6.518376026282086738e-06
5.866538423653878742e-05
5.279884581288492697e-04
7.242640029202315892e-07
5.279884581288492697e-04
4.751896123159644186e-03
4.751896123159644186e-03
5.866538423653878742e-05
5.866538423653878742e-05
4.751896123159644186e-03
5.866538423653878742e-05
5.866538423653878742e-05
5.279884581288492697e-04
5.279884581288492697e-04
5.279884581288492697e-04
6.518376026282086738e-06
6.518376026282086738e-06
5.279884581288492697e-04
4.751896123159644186e-03
5.866538423653878742e-05
5.279884581288492697e-04
4.751896123159644186e-03
4.751896123159644186e-03
5.279884581288492697e-04
4.751896123159644186e-03
4.751896123159644186e-03
5.279884581288492697e-04
7.242640029202315892e-07
5.279884581288492697e-04
5.866538423653878742e-05
6.518376026282086738e-06
5.866538423653878742e-05
5.866538423653878742e-05
5.866538423653878742e-05
6.518376026282086738e-06
4.276706510843680809e-02
4.276706510843680809e-02
5.279884581288492697e-04
5.866538423653878742e-05
5.279884581288492697e-04
5.866538423653878742e-05
4.751896123159644186e-03
4.276706510843680809e-02
5.279884581288492697e-04
6.518376026282086738e-06
5.866538423653878742e-05
4.276706510843680809e-02
5.279884581288492697e-04
7.242640029202315892e-07
5.279884581288492697e-04
5.866538423653878742e-05
5.279884581288492697e-04
5.279884581288492697e-04
5.279884581288492697e-04
5.866538423653878742e-05
6.518376026282086738e-06
5.279884581288492697e-04
6.518376026282086738e-06
5.279884581288492697e-04
5.279884581288492697e-04
6.518376026282086738e-06
6.518376026282086738e-06
6.518376026282086738e-06
5.279884581288492697e-04
6.518376026282086738e-06
6.518376026282086738e-06
6.518376026282086738e-06
5.866538423653878742e-05
4.751896123159644186e-03
4.276706510843680809e-02
5.866538423653878742e-05
6.518376026282086738e-06
4.751896123159644186e-03
5.279884581288492697e-04
5.866538423653878742e-05
4.751896123159644186e-03
4.751896123159644186e-03
5.279884581288492697e-04
5.866538423653878742e-05
5.866538423653878742e-05
5.279884581288492697e-04
7.242640029202315892e-07
6.518376026282086738e-06
4.276706510843680809e-02
5.279884581288492697e-04
5.866538423653878742e-05
4.751896123159644186e-03
7.242640029202315892e-07
5.866538423653878742e-05
6.518376026282086738e-06
6.518376026282086738e-06
4.751896123159644186e-03
6.518376026282086738e-06
7.242640029202315892e-07
4.276706510843680809e-02
6.518376026282086738e-06
7.242640029202315892e-07
5.866538423653878742e-05
6.518376026282086738e-06
4.751896123159644186e-03
5.279884581288492697e-04
4.751896123159644186e-03
5.279884581288492697e-04
5.279884581288492697e-04
4.276706510843680809e-02
5.279884581288492697e-04
5.866538423653878742e-05
4.751896123159644186e-03
5.866538423653878742e-05
6.518376026282086738e-06
4.751896123159644186e-03
5.866538423653878742e-05
5.279884581288492697e-04
5.866538423653878742e-05
5.279884581288492697e-04
4.751896123159644186e-03
4.751896123159644186e-03
5.866538423653878742e-05
7.242640029202315892e-07
6.518376026282086738e-06
5.866538423653878742e-05
5.866538423653878742e-05
6.518376026282086738e-06
5.279884581288492697e-04
5.279884581288492697e-04
6.518376026282086738e-06
7.242640029202315892e-07
5.866538423653878742e-05
5.866538423653878742e-05
5.866538423653878742e-05
6.518376026282086738e-06
5.279884581288492697e-04
5.866538423653878742e-05
