3.277189016610246697e-06
3.277189016610246697e-06
2.654523103454301328e-04
2.389070793108871195e-03
2.654523103454301328e-04
3.277189016610246697e-06
2.949470114949222493e-05
2.949470114949222493e-05
3.277189016610246697e-06
2.389070793108871195e-03
2.949470114949222493e-05
2.949470114949222493e-05
3.641321129566939656e-07
2.150163713797984683e-02
1.935147342418186700e-01
2.949470114949222493e-05
3.277189016610246697e-06
2.949470114949222493e-05
3.277189016610246697e-06
2.389070793108871195e-03
2.949470114949222493e-05
3.277189016610246697e-06
2.949470114949222493e-05
2.949470114949222493e-05
2.654523103454301328e-04
2.949470114949222493e-05
2.389070793108871195e-03
2.654523103454301328e-04
2.654523103454301328e-04
2.949470114949222493e-05
2.654523103454301328e-04
3.641321129566939656e-07
2.389070793108871195e-03
2.949470114949222493e-05
2.150163713797984683e-02
2.949470114949222493e-05
2.654523103454301328e-04
2.654523103454301328e-04
3.277189016610246697e-06
3.277189016610246697e-06
2.654523103454301328e-04
2.654523103454301328e-04
2.389070793108871195e-03
3.277189016610246697e-06
2.949470114949222493e-05
3.277189016610246697e-06
2.949470114949222493e-05
2.389070793108871195e-03
2.389070793108871195e-03
2.389070793108871195e-03
3.277189016610246697e-06
2.654523103454301328e-04
2.150163713797984683e-02
2.949470114949222493e-05
2.949470114949222493e-05
2.949470114949222493e-05
2.654523103454301328e-04
2.949470114949222493e-05
2.949470114949222493e-05
3.277189016610246697e-06
2.654523103454301328e-04
2.949470114949222493e-05
2.654523103454301328e-04
2.150163713797984683e-02
2.949470114949222493e-05
2.654523103454301328e-04
2.949470114949222493e-05
2.949470114949222493e-05
3.277189016610246697e-06
2.389070793108871195e-03
3.277189016610246697e-06
2.949470114949222493e-05
2.654523103454301328e-04
2.949470114949222493e-05
2.949470114949222493e-05
2.389070793108871195e-03
2.949470114949222493e-05
2.654523103454301328e-04
2.949470114949222493e-05
2.654523103454301328e-04
2.389070793108871195e-03
2.949470114949222493e-05
2.654523103454301328e-04
2.654523103454301328e-04
2.389070793108871195e-03
2.654523103454301328e-04
2.654523103454301328e-04
3.277189016610246697e-06
3.641321129566939656e-07
2.654523103454301328e-04
2.654523103454301328e-04
3.641321129566939656e-07
2.389070793108871195e-03
2.389070793108871195e-03
2.389070793108871195e-03
2.949470114949222493e-05
2.389070793108871195e-03
2.150163713797984683e-02
2.949470114949222493e-05
2.949470114949222493e-05
3.277189016610246697e-06
2.389070793108871195e-03
3.641321129566939656e-07
2.654523103454301328e-04
2.949470114949222493e-05
2.654523103454301328e-04
2.150163713797984683e-02
3.277189016610246697e-06
2.949470114949222493e-05
2.949470114949222493e-05
3.277189016610246697e-06
2.949470114949222493e-05
2.389070793108871195e-03
3.277189016610246697e-06
2.389070793108871195e-03
2.654523103454301328e-04
2.654523103454301328e-04
2.654523103454301328e-04
3.641321129566939656e-07
2.150163713797984683e-02
2.389070793108871195e-03
2.654523103454301328e-04
3.641321129566939656e-07
2.654523103454301328e-04
3.277189016610246697e-06
2.654523103454301328e-04
2.654523103454301328e-04
2.949470114949222493e-05
2.949470114949222493e-05
2.389070793108871195e-03
2.949470114949222493e-05
3.277189016610246697e-06
2.949470114949222493e-05
2.654523103454301328e-04
2.949470114949222493e-05
3.641321129566939656e-07
2.949470114949222493e-05
3.277189016610246697e-06
2.949470114949222493e-05
2.654523103454301328e-04
3.641321129566939656e-07
2.949470114949222493e-05
2.654523103454301328e-04
2.389070793108871195e-03
2.654523103454301328e-04
3.277189016610246697e-06
2.654523103454301328e-04
2.949470114949222493e-05
3.641321129566939656e-07
2.654523103454301328e-04
2.949470114949222493e-05
2.389070793108871195e-03
3.277189016610246697e-06
2.150163713797984683e-02
2.654523103454301328e-04
2.654523103454301328e-04
3.277189016610246697e-06
3.277189016610246697e-06
2.654523103454301328e-04
2.949470114949222493e-05
3.277189016610246697e-06
1.935147342418186700e-01
3.277189016610246697e-06
2.150163713797984683e-02
3.277189016610246697e-06
2.654523103454301328e-04
2.654523103454301328e-04
2.949470114949222493e-05
2.949470114949222493e-05
3.277189016610246697e-06
2.389070793108871195e-03
2.654523103454301328e-04
2.949470114949222493e-05
2.654523103454301328e-04
2.949470114949222493e-05
2.949470114949222493e-05
1.935147342418186700e-01
2.949470114949222493e-05
3.277189016610246697e-06
2.654523103454301328e-04
2.389070793108871195e-03
2.949470114949222493e-05
3.277189016610246697e-06
2.949470114949222493e-05
2.389070793108871195e-03
2.389070793108871195e-03
2.949470114949222493e-05
2.949470114949222493e-05
2.654523103454301328e-04
3.641321129566939656e-07
2.654523103454301328e-04
2.654523103454301328e-04
2.150163713797984683e-02
2.389070793108871195e-03
2.654523103454301328e-04
2.654523103454301328e-04
2.150163713797984683e-02
2.389070793108871195e-03
2.150163713797984683e-02
2.389070793108871195e-03
2.389070793108871195e-03
2.654523103454301328e-04
3.277189016610246697e-06
2.949470114949222493e-05
2.389070793108871195e-03
2.150163713797984683e-02
2.654523103454301328e-04
2.949470114949222493e-05
2.654523103454301328e-04
2.389070793108871195e-03
2.949470114949222493e-05
2.949470114949222493e-05
3.277189016610246697e-06
2.949470114949222493e-05
3.641321129566939656e-07
2.949470114949222493e-05
2.949470114949222493e-05
2.654523103454301328e-04
3.277189016610246697e-06
2.654523103454301328e-04
2.654523103454301328e-04
2.389070793108871195e-03
2.654523103454301328e-04
2.150163713797984683e-02
3.641321129566939656e-07
2.654523103454301328e-04
3.277189016610246697e-06
2.654523103454301328e-04
2.949470114949222493e-05
2.949470114949222493e-05
2.389070793108871195e-03
2.949470114949222493e-05
2.949470114949222493e-05
2.654523103454301328e-04
2.654523103454301328e-04
2.949470114949222493e-05
2.654523103454301328e-04
2.949470114949222493e-05
3.277189016610246697e-06
2.949470114949222493e-05
2.389070793108871195e-03
2.654523103454301328e-04
2.949470114949222493e-05
2.949470114949222493e-05
3.641321129566939656e-07
2.654523103454301328e-04
2.654523103454301328e-04
2.949470114949222493e-05
2.389070793108871195e-03
2.654523103454301328e-04
2.949470114949222493e-05
2.949470114949222493e-05
2.389070793108871195e-03
2.949470114949222493e-05
2.389070793108871195e-03
2.389070793108871195e-03
