1.596656798754952271e-04
1.971181233030804337e-06
2.190201370034226541e-07
1.596656798754952271e-04
1.596656798754952271e-04
1.774063109727724369e-05
1.971181233030804337e-06
1.436991118879457153e-03
1.774063109727724369e-05
1.293292006991511936e-02
1.596656798754952271e-04
1.596656798754952271e-04
1.436991118879457153e-03
1.774063109727724369e-05
2.190201370034226541e-07
1.774063109727724369e-05
1.596656798754952271e-04
1.293292006991511936e-02
1.971181233030804337e-06
1.971181233030804337e-06
1.971181233030804337e-06
1.163962806292360985e-01
1.436991118879457153e-03
1.971181233030804337e-06
1.774063109727724369e-05
1.596656798754952271e-04
1.971181233030804337e-06
1.596656798754952271e-04
1.163962806292360985e-01
1.774063109727724369e-05
1.774063109727724369e-05
1.596656798754952271e-04
1.774063109727724369e-05
1.774063109727724369e-05
1.436991118879457153e-03
1.596656798754952271e-04
1.774063109727724369e-05
2.190201370034226541e-07
1.596656798754952271e-04
1.774063109727724369e-05
1.774063109727724369e-05
1.293292006991511936e-02
1.436991118879457153e-03
1.774063109727724369e-05
1.596656798754952271e-04
1.596656798754952271e-04
1.596656798754952271e-04
1.436991118879457153e-03
1.774063109727724369e-05
1.436991118879457153e-03
1.436991118879457153e-03
1.596656798754952271e-04
1.596656798754952271e-04
1.774063109727724369e-05
1.596656798754952271e-04
1.971181233030804337e-06
1.596656798754952271e-04
1.774063109727724369e-05
2.190201370034226541e-07
1.971181233030804337e-06
2.190201370034226541e-07
1.774063109727724369e-05
1.293292006991511936e-02
1.774063109727724369e-05
1.971181233030804337e-06
1.596656798754952271e-04
1.774063109727724369e-05
1.596656798754952271e-04
1.971181233030804337e-06
1.774063109727724369e-05
1.596656798754952271e-04
1.971181233030804337e-06
1.596656798754952271e-04
1.774063109727724369e-05
1.436991118879457153e-03
1.596656798754952271e-04
1.971181233030804337e-06
1.596656798754952271e-04
1.774063109727724369e-05
1.436991118879457153e-03
1.293292006991511936e-02
1.596656798754952271e-04
1.596656798754952271e-04
2.190201370034226541e-07
1.436991118879457153e-03
1.971181233030804337e-06
1.971181233030804337e-06
1.596656798754952271e-04
1.774063109727724369e-05
1.971181233030804337e-06
1.774063109727724369e-05
1.436991118879457153e-03
1.971181233030804337e-06
1.293292006991511936e-02
1.971181233030804337e-06
1.436991118879457153e-03
1.971181233030804337e-06
1.774063109727724369e-05
1.436991118879457153e-03
1.774063109727724369e-05
1.596656798754952271e-04
1.774063109727724369e-05
1.293292006991511936e-02
2.433557077815806680e-08
1.293292006991511936e-02
1.774063109727724369e-05
1.596656798754952271e-04
1.971181233030804337e-06
1.596656798754952271e-04
1.971181233030804337e-06
1.774063109727724369e-05
1.971181233030804337e-06
1.293292006991511936e-02
1.596656798754952271e-04
1.596656798754952271e-04
1.774063109727724369e-05
1.774063109727724369e-05
1.971181233030804337e-06
1.436991118879457153e-03
1.436991118879457153e-03
1.436991118879457153e-03
1.971181233030804337e-06
1.436991118879457153e-03
1.774063109727724369e-05
1.436991118879457153e-03
1.774063109727724369e-05
1.774063109727724369e-05
1.596656798754952271e-04
1.774063109727724369e-05
1.971181233030804337e-06
1.774063109727724369e-05
1.596656798754952271e-04
1.596656798754952271e-04
1.163962806292360985e-01
1.971181233030804337e-06
1.774063109727724369e-05
1.971181233030804337e-06
1.774063109727724369e-05
1.596656798754952271e-04
1.971181233030804337e-06
1.971181233030804337e-06
1.774063109727724369e-05
1.596656798754952271e-04
1.293292006991511936e-02
1.596656798754952271e-04
1.596656798754952271e-04
1.436991118879457153e-03
1.293292006991511936e-02
1.436991118879457153e-03
1.971181233030804337e-06
1.774063109727724369e-05
2.190201370034226541e-07
1.596656798754952271e-04
1.971181233030804337e-06
1.774063109727724369e-05
1.596656798754952271e-04
1.971181233030804337e-06
1.774063109727724369e-05
1.596656798754952271e-04
2.190201370034226541e-07
1.436991118879457153e-03
1.596656798754952271e-04
1.596656798754952271e-04
1.774063109727724369e-05
1.596656798754952271e-04
1.596656798754952271e-04
2.190201370034226541e-07
1.596656798754952271e-04
1.774063109727724369e-05
1.436991118879457153e-03
1.436991118879457153e-03
1.774063109727724369e-05
1.774063109727724369e-05
1.596656798754952271e-04
1.596656798754952271e-04
1.596656798754952271e-04
1.436991118879457153e-03
1.774063109727724369e-05
1.436991118879457153e-03
1.774063109727724369e-05
1.163962806292360985e-01
1.971181233030804337e-06
1.774063109727724369e-05
1.596656798754952271e-04
1.774063109727724369e-05
1.774063109727724369e-05
1.596656798754952271e-04
1.774063109727724369e-05
1.971181233030804337e-06
1.436991118879457153e-03
1.293292006991511936e-02
1.436991118879457153e-03
1.293292006991511936e-02
1.774063109727724369e-05
1.436991118879457153e-03
1.774063109727724369e-05
1.971181233030804337e-06
2.190201370034226541e-07
1.971181233030804337e-06
1.774063109727724369e-05
1.293292006991511936e-02
1.293292006991511936e-02
1.774063109727724369e-05
1.596656798754952271e-04
1.436991118879457153e-03
2.190201370034226541e-07
1.774063109727724369e-05
1.774063109727724369e-05
1.596656798754952271e-04
1.774063109727724369e-05
1.436991118879457153e-03
1.596656798754952271e-04
1.596656798754952271e-04
1.774063109727724369e-05
1.971181233030804337e-06
1.436991118879457153e-03
1.596656798754952271e-04
1.596656798754952271e-04
1.596656798754952271e-04
1.774063109727724369e-05
1.774063109727724369e-05
1.436991118879457153e-03
1.774063109727724369e-05
1.774063109727724369e-05
1.596656798754952271e-04
1.596656798754952271e-04
1.774063109727724369e-05
1.436991118879457153e-03
1.774063109727724369e-05
1.971181233030804337e-06
1.774063109727724369e-05
1.774063109727724369e-05
1.596656798754952271e-04
1.774063109727724369e-05
1.596656798754952271e-04
1.774063109727724369e-05
1.596656798754952271e-04
1.436991118879457153e-03
1.436991118879457153e-03
1.596656798754952271e-04
1.774063109727724369e-05
1.596656798754952271e-04
1.774063109727724369e-05
1.293292006991511936e-02
1.774063109727724369e-05
1.774063109727724369e-05
1.774063109727724369e-05
1.774063109727724369e-05
1.774063109727724369e-05
1.436991118879457153e-03
1.596656798754952271e-04
1.596656798754952271e-04
1.774063109727724369e-05
1.596656798754952271e-04
1.774063109727724369e-05
1.436991118879457153e-03
1.596656798754952271e-04
1.596656798754952271e-04
1.971181233030804337e-06
1.436991118879457153e-03
1.971181233030804337e-06
1.436991118879457153e-03
1.596656798754952271e-04
1.163962806292360985e-01
1.596656798754952271e-04
1.774063109727724369e-05
1.971181233030804337e-06
2.190201370034226541e-07
1.596656798754952271e-04
1.774063109727724369e-05
1.436991118879457153e-03
1.436991118879457153e-03
1.596656798754952271e-04
1.971181233030804337e-06
1.774063109727724369e-05
1.596656798754952271e-04
1.774063109727724369e-05
1.436991118879457153e-03
1.596656798754952271e-04
1.436991118879457153e-03
1.774063109727724369e-05
1.596656798754952271e-04
1.774063109727724369e-05
1.971181233030804337e-06
1.436991118879457153e-03
1.436991118879457153e-03
1.436991118879457153e-03
1.596656798754952271e-04
1.436991118879457153e-03
1.971181233030804337e-06
1.971181233030804337e-06
1.971181233030804337e-06
1.596656798754952271e-04
1.293292006991511936e-02
1.774063109727724369e-05
1.774063109727724369e-05
1.774063109727724369e-05
1.596656798754952271e-04
1.596656798754952271e-04
1.774063109727724369e-05
1.774063109727724369e-05
2.190201370034226541e-07
1.774063109727724369e-05
1.596656798754952271e-04
1.971181233030804337e-06
1.436991118879457153e-03
1.436991118879457153e-03
1.774063109727724369e-05
1.436991118879457153e-03
1.774063109727724369e-05
1.774063109727724369e-05
1.293292006991511936e-02
1.596656798754952271e-04
1.774063109727724369e-05
1.436991118879457153e-03
1.971181233030804337e-06
1.774063109727724369e-05
1.436991118879457153e-03
1.971181233030804337e-06
1.971181233030804337e-06
1.293292006991511936e-02
1.971181233030804337e-06
1.971181233030804337e-06
1.774063109727724369e-05
1.774063109727724369e-05
1.774063109727724369e-05
1.596656798754952271e-04
1.774063109727724369e-05
1.596656798754952271e-04
1.436991118879457153e-03
1.293292006991511936e-02
1.774063109727724369e-05
2.190201370034226541e-07
1.436991118879457153e-03
1.596656798754952271e-04
1.971181233030804337e-06
1.596656798754952271e-04
2.190201370034226541e-07
1.596656798754952271e-04
1.774063109727724369e-05
1.596656798754952271e-04
1.774063109727724369e-05
1.596656798754952271e-04
1.971181233030804337e-06
1.596656798754952271e-04
1.774063109727724369e-05
1.436991118879457153e-03
1.596656798754952271e-04
1.596656798754952271e-04
1.596656798754952271e-04
1.436991118879457153e-03
1.293292006991511936e-02
1.436991118879457153e-03
1.774063109727724369e-05
1.774063109727724369e-05
1.774063109727724369e-05
1.436991118879457153e-03
1.596656798754952271e-04
2.190201370034226541e-07
2.433557077815806680e-08
1.293292006991511936e-02
1.971181233030804337e-06
2.190201370034226541e-07
1.293292006991511936e-02
1.596656798754952271e-04
1.774063109727724369e-05
1.596656798754952271e-04
1.774063109727724369e-05
1.596656798754952271e-04
1.971181233030804337e-06
1.596656798754952271e-04
1.596656798754952271e-04
1.436991118879457153e-03
2.190201370034226541e-07
1.971181233030804337e-06
1.436991118879457153e-03
1.971181233030804337e-06
1.971181233030804337e-06
1.596656798754952271e-04
1.596656798754952271e-04
1.293292006991511936e-02
1.436991118879457153e-03
1.774063109727724369e-05
1.774063109727724369e-05
