2.406635039322631156e-06
1.949374381851332321e-04
1.578993249299579654e-02
1.754436943666199279e-03
2.406635039322631156e-06
2.165971535390368380e-05
2.165971535390368380e-05
1.578993249299579654e-02
1.949374381851332321e-04
2.406635039322631156e-06
2.406635039322631156e-06
2.406635039322631156e-06
1.949374381851332321e-04
1.754436943666199279e-03
2.165971535390368380e-05
1.949374381851332321e-04
2.165971535390368380e-05
2.165971535390368380e-05
2.406635039322631156e-06
2.674038932580700403e-07
1.949374381851332321e-04
1.421093924369622175e-01
1.949374381851332321e-04
2.165971535390368380e-05
2.165971535390368380e-05
2.165971535390368380e-05
2.165971535390368380e-05
2.406635039322631156e-06
2.165971535390368380e-05
1.754436943666199279e-03
2.406635039322631156e-06
1.421093924369622175e-01
1.578993249299579654e-02
1.949374381851332321e-04
1.754436943666199279e-03
2.165971535390368380e-05
1.949374381851332321e-04
2.165971535390368380e-05
2.406635039322631156e-06
1.949374381851332321e-04
1.949374381851332321e-04
1.949374381851332321e-04
2.406635039322631156e-06
2.406635039322631156e-06
2.165971535390368380e-05
2.674038932580700403e-07
2.406635039322631156e-06
2.406635039322631156e-06
1.754436943666199279e-03
1.949374381851332321e-04
2.674038932580700403e-07
1.949374381851332321e-04
2.674038932580700403e-07
2.674038932580700403e-07
2.165971535390368380e-05
2.165971535390368380e-05
1.754436943666199279e-03
1.949374381851332321e-04
2.406635039322631156e-06
2.165971535390368380e-05
1.949374381851332321e-04
1.949374381851332321e-04
1.949374381851332321e-04
1.754436943666199279e-03
1.949374381851332321e-04
1.754436943666199279e-03
1.949374381851332321e-04
2.674038932580700403e-07
1.754436943666199279e-03
1.949374381851332321e-04
1.949374381851332321e-04
1.949374381851332321e-04
2.165971535390368380e-05
1.949374381851332321e-04
1.754436943666199279e-03
2.406635039322631156e-06
1.949374381851332321e-04
1.754436943666199279e-03
1.949374381851332321e-04
2.165971535390368380e-05
2.165971535390368380e-05
1.754436943666199279e-03
1.754436943666199279e-03
2.165971535390368380e-05
1.754436943666199279e-03
2.165971535390368380e-05
1.754436943666199279e-03
2.165971535390368380e-05
1.754436943666199279e-03
1.949374381851332321e-04
2.165971535390368380e-05
1.754436943666199279e-03
2.406635039322631156e-06
2.674038932580700403e-07
1.949374381851332321e-04
2.165971535390368380e-05
1.754436943666199279e-03
2.165971535390368380e-05
1.949374381851332321e-04
1.949374381851332321e-04
1.578993249299579654e-02
1.949374381851332321e-04
2.674038932580700403e-07
1.754436943666199279e-03
1.949374381851332321e-04
1.754436943666199279e-03
1.754436943666199279e-03
2.406635039322631156e-06
2.406635039322631156e-06
2.165971535390368380e-05
2.406635039322631156e-06
2.165971535390368380e-05
2.674038932580700403e-07
2.165971535390368380e-05
2.674038932580700403e-07
1.949374381851332321e-04
2.165971535390368380e-05
1.949374381851332321e-04
2.406635039322631156e-06
1.754436943666199279e-03
1.754436943666199279e-03
1.754436943666199279e-03
2.165971535390368380e-05
1.949374381851332321e-04
2.406635039322631156e-06
1.754436943666199279e-03
1.949374381851332321e-04
2.165971535390368380e-05
2.165971535390368380e-05
1.754436943666199279e-03
2.406635039322631156e-06
2.406635039322631156e-06
2.165971535390368380e-05
1.949374381851332321e-04
2.165971535390368380e-05
1.578993249299579654e-02
1.949374381851332321e-04
1.949374381851332321e-04
2.165971535390368380e-05
2.165971535390368380e-05
1.949374381851332321e-04
2.165971535390368380e-05
2.165971535390368380e-05
2.406635039322631156e-06
1.949374381851332321e-04
2.165971535390368380e-05
2.406635039322631156e-06
2.165971535390368380e-05
1.949374381851332321e-04
1.949374381851332321e-04
2.674038932580700403e-07
1.949374381851332321e-04
1.949374381851332321e-04
2.406635039322631156e-06
1.578993249299579654e-02
1.949374381851332321e-04
1.949374381851332321e-04
1.949374381851332321e-04
1.754436943666199279e-03
2.406635039322631156e-06
1.949374381851332321e-04
2.165971535390368380e-05
2.165971535390368380e-05
2.406635039322631156e-06
2.165971535390368380e-05
2.165971535390368380e-05
2.165971535390368380e-05
2.165971535390368380e-05
2.165971535390368380e-05
1.949374381851332321e-04
1.754436943666199279e-03
1.754436943666199279e-03
1.949374381851332321e-04
1.754436943666199279e-03
2.165971535390368380e-05
2.406635039322631156e-06
2.406635039322631156e-06
1.754436943666199279e-03
2.165971535390368380e-05
2.165971535390368380e-05
2.165971535390368380e-05
2.406635039322631156e-06
2.165971535390368380e-05
1.949374381851332321e-04
2.165971535390368380e-05
1.754436943666199279e-03
1.754436943666199279e-03
2.165971535390368380e-05
1.754436943666199279e-03
1.578993249299579654e-02
1.754436943666199279e-03
1.949374381851332321e-04
1.949374381851332321e-04
1.949374381851332321e-04
2.406635039322631156e-06
2.406635039322631156e-06
2.165971535390368380e-05
2.165971535390368380e-05
1.949374381851332321e-04
1.754436943666199279e-03
1.949374381851332321e-04
1.754436943666199279e-03
2.674038932580700403e-07
1.949374381851332321e-04
1.949374381851332321e-04
2.406635039322631156e-06
1.949374381851332321e-04
2.406635039322631156e-06
2.165971535390368380e-05
2.406635039322631156e-06
2.165971535390368380e-05
1.949374381851332321e-04
2.674038932580700403e-07
2.406635039322631156e-06
2.406635039322631156e-06
1.754436943666199279e-03
1.949374381851332321e-04
1.949374381851332321e-04
2.406635039322631156e-06
1.949374381851332321e-04
1.949374381851332321e-04
1.949374381851332321e-04
1.949374381851332321e-04
1.754436943666199279e-03
1.421093924369622175e-01
1.949374381851332321e-04
1.949374381851332321e-04
2.406635039322631156e-06
2.406635039322631156e-06
1.949374381851332321e-04
2.674038932580700403e-07
2.165971535390368380e-05
1.949374381851332321e-04
1.578993249299579654e-02
1.754436943666199279e-03
1.949374381851332321e-04
1.949374381851332321e-04
1.754436943666199279e-03
1.578993249299579654e-02
2.165971535390368380e-05
2.165971535390368380e-05
2.165971535390368380e-05
2.165971535390368380e-05
2.165971535390368380e-05
1.578993249299579654e-02
1.754436943666199279e-03
2.165971535390368380e-05
2.165971535390368380e-05
1.949374381851332321e-04
2.165971535390368380e-05
1.754436943666199279e-03
1.754436943666199279e-03
1.578993249299579654e-02
2.674038932580700403e-07
2.165971535390368380e-05
1.578993249299579654e-02
1.949374381851332321e-04
2.674038932580700403e-07
2.406635039322631156e-06
2.165971535390368380e-05
1.578993249299579654e-02
1.754436943666199279e-03
2.674038932580700403e-07
1.578993249299579654e-02
1.754436943666199279e-03
2.165971535390368380e-05
1.754436943666199279e-03
2.971154369534111375e-08
1.949374381851332321e-04
2.165971535390368380e-05
1.754436943666199279e-03
2.165971535390368380e-05
1.949374381851332321e-04
2.165971535390368380e-05
1.754436943666199279e-03
2.406635039322631156e-06
2.165971535390368380e-05
2.165971535390368380e-05
1.949374381851332321e-04
2.406635039322631156e-06
2.165971535390368380e-05
2.971154369534111375e-08
2.165971535390368380e-05
2.165971535390368380e-05
2.165971535390368380e-05
1.949374381851332321e-04
2.165971535390368380e-05
2.406635039322631156e-06
2.674038932580700403e-07
1.949374381851332321e-04
2.165971535390368380e-05
2.674038932580700403e-07
2.165971535390368380e-05
2.165971535390368380e-05
1.754436943666199279e-03
2.165971535390368380e-05
1.949374381851332321e-04
1.949374381851332321e-04
2.406635039322631156e-06
2.165971535390368380e-05
2.165971535390368380e-05
1.949374381851332321e-04
2.674038932580700403e-07
2.406635039322631156e-06
1.754436943666199279e-03
2.165971535390368380e-05
1.949374381851332321e-04
1.754436943666199279e-03
1.949374381851332321e-04
1.949374381851332321e-04
1.754436943666199279e-03
2.165971535390368380e-05
2.406635039322631156e-06
2.165971535390368380e-05
1.578993249299579654e-02
2.674038932580700403e-07
1.754436943666199279e-03
1.949374381851332321e-04
1.949374381851332321e-04
2.165971535390368380e-05
2.406635039322631156e-06
1.949374381851332321e-04
2.165971535390368380e-05
2.674038932580700403e-07
1.949374381851332321e-04
2.674038932580700403e-07
2.165971535390368380e-05
1.949374381851332321e-04
2.165971535390368380e-05
2.165971535390368380e-05
2.165971535390368380e-05
2.165971535390368380e-05
1.754436943666199279e-03
1.754436943666199279e-03
2.165971535390368380e-05
2.165971535390368380e-05
1.754436943666199279e-03
1.949374381851332321e-04
1.949374381851332321e-04
2.406635039322631156e-06
1.949374381851332321e-04
2.406635039322631156e-06
1.578993249299579654e-02
2.674038932580700403e-07
1.578993249299579654e-02
1.949374381851332321e-04
1.949374381851332321e-04
2.406635039322631156e-06
1.754436943666199279e-03
1.421093924369622175e-01
2.971154369534111375e-08
2.165971535390368380e-05
2.406635039322631156e-06
1.949374381851332321e-04
1.949374381851332321e-04
2.165971535390368380e-05
1.949374381851332321e-04
2.406635039322631156e-06
2.406635039322631156e-06
2.165971535390368380e-05
1.949374381851332321e-04
1.754436943666199279e-03
2.165971535390368380e-05
1.754436943666199279e-03
1.949374381851332321e-04
2.406635039322631156e-06
1.754436943666199279e-03
2.165971535390368380e-05
1.949374381851332321e-04
2.165971535390368380e-05
2.165971535390368380e-05
2.165971535390368380e-05
2.406635039322631156e-06
1.578993249299579654e-02
2.674038932580700403e-07
1.578993249299579654e-02
2.165971535390368380e-05
1.754436943666199279e-03
2.165971535390368380e-05
2.165971535390368380e-05
1.949374381851332321e-04
1.949374381851332321e-04
1.949374381851332321e-04
2.674038932580700403e-07
