3.495736703732875840e-04
3.146163033359588527e-03
3.884151893036527506e-05
3.495736703732875840e-04
2.548392057021268142e-01
3.146163033359588527e-03
3.884151893036527506e-05
3.146163033359588527e-03
3.884151893036527506e-05
3.495736703732875840e-04
3.495736703732875840e-04
3.884151893036527506e-05
3.884151893036527506e-05
2.831546730023630845e-02
3.146163033359588527e-03
3.146163033359588527e-03
3.495736703732875840e-04
3.884151893036527506e-05
4.315724325596141015e-06
3.146163033359588527e-03
3.495736703732875840e-04
3.884151893036527506e-05
4.795249250662377846e-07
3.495736703732875840e-04
3.146163033359588527e-03
4.315724325596141015e-06
4.315724325596141015e-06
3.146163033359588527e-03
3.495736703732875840e-04
3.884151893036527506e-05
3.495736703732875840e-04
3.884151893036527506e-05
3.495736703732875840e-04
3.884151893036527506e-05
3.884151893036527506e-05
3.495736703732875840e-04
5.328054722958196431e-08
4.315724325596141015e-06
3.884151893036527506e-05
3.884151893036527506e-05
4.315724325596141015e-06
4.795249250662377846e-07
3.495736703732875840e-04
3.884151893036527506e-05
2.831546730023630845e-02
3.884151893036527506e-05
5.328054722958196431e-08
3.884151893036527506e-05
4.315724325596141015e-06
3.495736703732875840e-04
3.495736703732875840e-04
3.495736703732875840e-04
3.495736703732875840e-04
4.315724325596141015e-06
3.884151893036527506e-05
3.884151893036527506e-05
3.495736703732875840e-04
3.495736703732875840e-04
3.495736703732875840e-04
3.884151893036527506e-05
3.884151893036527506e-05
3.884151893036527506e-05
2.831546730023630845e-02
3.495736703732875840e-04
3.884151893036527506e-05
2.831546730023630845e-02
3.495736703732875840e-04
3.495736703732875840e-04
2.831546730023630845e-02
3.146163033359588527e-03
4.795249250662377846e-07
3.146163033359588527e-03
3.495736703732875840e-04
3.884151893036527506e-05
3.495736703732875840e-04
4.315724325596141015e-06
3.495736703732875840e-04
3.884151893036527506e-05
3.146163033359588527e-03
3.495736703732875840e-04
3.146163033359588527e-03
3.884151893036527506e-05
4.795249250662377846e-07
4.315724325596141015e-06
4.315724325596141015e-06
3.146163033359588527e-03
3.146163033359588527e-03
3.495736703732875840e-04
3.146163033359588527e-03
4.795249250662377846e-07
3.495736703732875840e-04
2.831546730023630845e-02
3.146163033359588527e-03
3.884151893036527506e-05
3.884151893036527506e-05
4.315724325596141015e-06
4.795249250662377846e-07
2.831546730023630845e-02
3.884151893036527506e-05
3.884151893036527506e-05
3.884151893036527506e-05
3.495736703732875840e-04
3.884151893036527506e-05
3.495736703732875840e-04
4.315724325596141015e-06
3.146163033359588527e-03
4.795249250662377846e-07
3.884151893036527506e-05
4.315724325596141015e-06
3.884151893036527506e-05
3.495736703732875840e-04
3.495736703732875840e-04
3.146163033359588527e-03
3.495736703732875840e-04
4.795249250662377846e-07
4.315724325596141015e-06
4.315724325596141015e-06
4.795249250662377846e-07
3.146163033359588527e-03
3.146163033359588527e-03
3.884151893036527506e-05
3.884151893036527506e-05
3.884151893036527506e-05
3.495736703732875840e-04
3.495736703732875840e-04
3.146163033359588527e-03
3.495736703732875840e-04
3.884151893036527506e-05
3.884151893036527506e-05
3.495736703732875840e-04
3.495736703732875840e-04
3.884151893036527506e-05
3.495736703732875840e-04
3.884151893036527506e-05
2.831546730023630845e-02
3.495736703732875840e-04
3.884151893036527506e-05
2.831546730023630845e-02
3.495736703732875840e-04
3.495736703732875840e-04
4.795249250662377846e-07
3.146163033359588527e-03
4.315724325596141015e-06
3.146163033359588527e-03
4.315724325596141015e-06
3.884151893036527506e-05
3.146163033359588527e-03
4.315724325596141015e-06
2.831546730023630845e-02
3.146163033359588527e-03
4.795249250662377846e-07
3.884151893036527506e-05
3.146163033359588527e-03
4.315724325596141015e-06
3.146163033359588527e-03
4.795249250662377846e-07
3.495736703732875840e-04
4.795249250662377846e-07
3.495736703732875840e-04
3.495736703732875840e-04
3.884151893036527506e-05
4.795249250662377846e-07
4.315724325596141015e-06
4.315724325596141015e-06
3.884151893036527506e-05
3.495736703732875840e-04
3.146163033359588527e-03
3.884151893036527506e-05
4.315724325596141015e-06
3.884151893036527506e-05
4.315724325596141015e-06
3.884151893036527506e-05
3.495736703732875840e-04
4.315724325596141015e-06
3.495736703732875840e-04
4.795249250662377846e-07
4.315724325596141015e-06
3.495736703732875840e-04
3.884151893036527506e-05
4.315724325596141015e-06
3.495736703732875840e-04
3.146163033359588527e-03
3.495736703732875840e-04
4.315724325596141015e-06
3.495736703732875840e-04
3.495736703732875840e-04
4.315724325596141015e-06
5.328054722958196431e-08
3.495736703732875840e-04
3.495736703732875840e-04
2.831546730023630845e-02
3.495736703732875840e-04
4.315724325596141015e-06
3.884151893036527506e-05
3.884151893036527506e-05
4.315724325596141015e-06
4.315724325596141015e-06
3.884151893036527506e-05
4.315724325596141015e-06
3.146163033359588527e-03
3.495736703732875840e-04
4.315724325596141015e-06
3.884151893036527506e-05
3.884151893036527506e-05
3.884151893036527506e-05
4.315724325596141015e-06
3.884151893036527506e-05
4.315724325596141015e-06
3.884151893036527506e-05
3.146163033359588527e-03
3.884151893036527506e-05
4.315724325596141015e-06
4.795249250662377846e-07
3.146163033359588527e-03
3.884151893036527506e-05
3.884151893036527506e-05
3.884151893036527506e-05
3.884151893036527506e-05
4.315724325596141015e-06
3.884151893036527506e-05
3.495736703732875840e-04
3.146163033359588527e-03
4.315724325596141015e-06
3.146163033359588527e-03
3.884151893036527506e-05
3.884151893036527506e-05
2.831546730023630845e-02
3.884151893036527506e-05
3.495736703732875840e-04
3.146163033359588527e-03
4.315724325596141015e-06
3.146163033359588527e-03
3.495736703732875840e-04
3.884151893036527506e-05
3.884151893036527506e-05
3.884151893036527506e-05
3.146163033359588527e-03
3.146163033359588527e-03
3.495736703732875840e-04
3.884151893036527506e-05
3.495736703732875840e-04
3.146163033359588527e-03
2.831546730023630845e-02
3.884151893036527506e-05
3.495736703732875840e-04
3.495736703732875840e-04
3.146163033359588527e-03
3.884151893036527506e-05
3.884151893036527506e-05
4.315724325596141015e-06
4.795249250662377846e-07
3.884151893036527506e-05
3.146163033359588527e-03
4.795249250662377846e-07
3.495736703732875840e-04
3.146163033359588527e-03
3.146163033359588527e-03
4.795249250662377846e-07
4.315724325596141015e-06
3.495736703732875840e-04
4.315724325596141015e-06
3.884151893036527506e-05
3.495736703732875840e-04
3.884151893036527506e-05
3.884151893036527506e-05
4.315724325596141015e-06
3.146163033359588527e-03
2.831546730023630845e-02
3.884151893036527506e-05
4.315724325596141015e-06
3.495736703732875840e-04
3.495736703732875840e-04
3.146163033359588527e-03
3.495736703732875840e-04
3.495736703732875840e-04
3.495736703732875840e-04
3.495736703732875840e-04
4.795249250662377846e-07
3.146163033359588527e-03
3.884151893036527506e-05
3.495736703732875840e-04
3.884151893036527506e-05
3.884151893036527506e-05
2.831546730023630845e-02
3.884151893036527506e-05
4.315724325596141015e-06
3.884151893036527506e-05
3.884151893036527506e-05
3.146163033359588527e-03
3.495736703732875840e-04
3.884151893036527506e-05
4.795249250662377846e-07
3.884151893036527506e-05
4.315724325596141015e-06
3.495736703732875840e-04
3.146163033359588527e-03
4.795249250662377846e-07
4.315724325596141015e-06
2.831546730023630845e-02
3.884151893036527506e-05
2.831546730023630845e-02
3.884151893036527506e-05
3.146163033359588527e-03
4.315724325596141015e-06
3.146163033359588527e-03
3.884151893036527506e-05
3.884151893036527506e-05
2.831546730023630845e-02
3.146163033359588527e-03
4.795249250662377846e-07
3.146163033359588527e-03
3.146163033359588527e-03
2.831546730023630845e-02
3.146163033359588527e-03
4.795249250662377846e-07
3.146163033359588527e-03
3.495736703732875840e-04
3.495736703732875840e-04
3.146163033359588527e-03
4.795249250662377846e-07
