2.603126004788385386e-04
2.603126004788385386e-04
2.603126004788385386e-04
2.603126004788385386e-04
2.603126004788385386e-04
3.213735808380721527e-06
3.213735808380721527e-06
2.342813404309547227e-03
2.603126004788385386e-04
2.603126004788385386e-04
2.892362227542649714e-05
2.342813404309547227e-03
2.892362227542649714e-05
3.213735808380721527e-06
2.892362227542649714e-05
3.213735808380721527e-06
2.603126004788385386e-04
2.603126004788385386e-04
2.603126004788385386e-04
2.892362227542649714e-05
2.892362227542649714e-05
2.603126004788385386e-04
2.342813404309547227e-03
2.342813404309547227e-03
2.892362227542649714e-05
2.603126004788385386e-04
2.892362227542649714e-05
3.570817564867467246e-07
2.892362227542649714e-05
2.892362227542649714e-05
2.603126004788385386e-04
2.603126004788385386e-04
2.603126004788385386e-04
2.603126004788385386e-04
2.603126004788385386e-04
3.213735808380721527e-06
2.603126004788385386e-04
3.213735808380721527e-06
2.603126004788385386e-04
2.892362227542649714e-05
2.342813404309547227e-03
3.213735808380721527e-06
2.892362227542649714e-05
2.342813404309547227e-03
3.213735808380721527e-06
2.603126004788385386e-04
3.213735808380721527e-06
2.603126004788385386e-04
2.108532063878593155e-02
2.603126004788385386e-04
2.892362227542649714e-05
2.892362227542649714e-05
2.603126004788385386e-04
2.892362227542649714e-05
3.213735808380721527e-06
2.603126004788385386e-04
2.892362227542649714e-05
2.342813404309547227e-03
2.603126004788385386e-04
2.108532063878593155e-02
2.603126004788385386e-04
2.603126004788385386e-04
2.603126004788385386e-04
3.213735808380721527e-06
2.603126004788385386e-04
3.213735808380721527e-06
2.603126004788385386e-04
2.892362227542649714e-05
2.603126004788385386e-04
2.342813404309547227e-03
2.603126004788385386e-04
2.342813404309547227e-03
2.603126004788385386e-04
2.892362227542649714e-05
2.603126004788385386e-04
2.892362227542649714e-05
3.213735808380721527e-06
3.213735808380721527e-06
2.892362227542649714e-05
3.570817564867467246e-07
2.892362227542649714e-05
2.342813404309547227e-03
3.213735808380721527e-06
2.342813404309547227e-03
2.342813404309547227e-03
2.603126004788385386e-04
2.892362227542649714e-05
3.213735808380721527e-06
2.603126004788385386e-04
2.892362227542649714e-05
2.603126004788385386e-04
3.570817564867467246e-07
2.892362227542649714e-05
2.892362227542649714e-05
2.603126004788385386e-04
2.603126004788385386e-04
2.892362227542649714e-05
2.603126004788385386e-04
2.342813404309547227e-03
2.342813404309547227e-03
2.892362227542649714e-05
2.603126004788385386e-04
2.603126004788385386e-04
2.108532063878593155e-02
2.342813404309547227e-03
2.892362227542649714e-05
2.892362227542649714e-05
2.342813404309547227e-03
2.342813404309547227e-03
2.108532063878593155e-02
2.108532063878593155e-02
2.892362227542649714e-05
2.603126004788385386e-04
2.342813404309547227e-03
2.342813404309547227e-03
2.108532063878593155e-02
2.342813404309547227e-03
2.892362227542649714e-05
2.603126004788385386e-04
3.570817564867467246e-07
3.213735808380721527e-06
2.892362227542649714e-05
2.603126004788385386e-04
2.603126004788385386e-04
2.342813404309547227e-03
2.108532063878593155e-02
2.603126004788385386e-04
2.603126004788385386e-04
2.603126004788385386e-04
2.108532063878593155e-02
2.892362227542649714e-05
2.342813404309547227e-03
2.342813404309547227e-03
2.108532063878593155e-02
2.892362227542649714e-05
3.213735808380721527e-06
2.603126004788385386e-04
3.213735808380721527e-06
2.603126004788385386e-04
3.213735808380721527e-06
3.213735808380721527e-06
2.603126004788385386e-04
2.892362227542649714e-05
2.603126004788385386e-04
2.342813404309547227e-03
2.603126004788385386e-04
2.892362227542649714e-05
2.603126004788385386e-04
2.342813404309547227e-03
2.892362227542649714e-05
3.213735808380721527e-06
2.603126004788385386e-04
2.892362227542649714e-05
2.892362227542649714e-05
2.892362227542649714e-05
2.892362227542649714e-05
2.892362227542649714e-05
3.213735808380721527e-06
2.892362227542649714e-05
2.603126004788385386e-04
2.603126004788385386e-04
2.892362227542649714e-05
3.213735808380721527e-06
2.342813404309547227e-03
3.213735808380721527e-06
3.213735808380721527e-06
2.603126004788385386e-04
2.892362227542649714e-05
1.897678857490734394e-01
2.603126004788385386e-04
2.892362227542649714e-05
2.892362227542649714e-05
2.603126004788385386e-04
2.892362227542649714e-05
2.603126004788385386e-04
2.603126004788385386e-04
3.213735808380721527e-06
2.892362227542649714e-05
2.892362227542649714e-05
3.213735808380721527e-06
2.892362227542649714e-05
2.603126004788385386e-04
2.603126004788385386e-04
2.342813404309547227e-03
2.892362227542649714e-05
2.603126004788385386e-04
2.892362227542649714e-05
2.892362227542649714e-05
2.342813404309547227e-03
2.603126004788385386e-04
3.213735808380721527e-06
2.342813404309547227e-03
2.342813404309547227e-03
2.603126004788385386e-04
1.897678857490734394e-01
2.603126004788385386e-04
3.570817564867467246e-07
3.570817564867467246e-07
2.603126004788385386e-04
2.603126004788385386e-04
2.342813404309547227e-03
2.342813404309547227e-03
2.603126004788385386e-04
2.892362227542649714e-05
2.892362227542649714e-05
3.213735808380721527e-06
3.213735808380721527e-06
2.892362227542649714e-05
2.892362227542649714e-05
3.213735808380721527e-06
3.213735808380721527e-06
2.603126004788385386e-04
2.342813404309547227e-03
2.342813404309547227e-03
3.213735808380721527e-06
2.892362227542649714e-05
2.108532063878593155e-02
2.892362227542649714e-05
2.603126004788385386e-04
3.213735808380721527e-06
2.892362227542649714e-05
2.892362227542649714e-05
2.892362227542649714e-05
2.603126004788385386e-04
2.892362227542649714e-05
3.213735808380721527e-06
2.108532063878593155e-02
2.603126004788385386e-04
2.342813404309547227e-03
2.108532063878593155e-02
2.892362227542649714e-05
2.603126004788385386e-04
3.213735808380721527e-06
3.213735808380721527e-06
3.213735808380721527e-06
3.570817564867467246e-07
3.213735808380721527e-06
3.213735808380721527e-06
2.108532063878593155e-02
3.213735808380721527e-06
2.892362227542649714e-05
2.892362227542649714e-05
2.603126004788385386e-04
2.603126004788385386e-04
2.892362227542649714e-05
2.342813404309547227e-03
2.342813404309547227e-03
2.603126004788385386e-04
2.892362227542649714e-05
2.342813404309547227e-03
2.892362227542649714e-05
2.603126004788385386e-04
2.603126004788385386e-04
2.892362227542649714e-05
2.342813404309547227e-03
2.603126004788385386e-04
2.892362227542649714e-05
2.892362227542649714e-05
2.603126004788385386e-04
3.213735808380721527e-06
3.213735808380721527e-06
2.603126004788385386e-04
2.342813404309547227e-03
2.892362227542649714e-05
2.603126004788385386e-04
2.603126004788385386e-04
2.892362227542649714e-05
2.892362227542649714e-05
2.342813404309547227e-03
2.892362227542649714e-05
3.213735808380721527e-06
2.892362227542649714e-05
2.892362227542649714e-05
3.213735808380721527e-06
2.603126004788385386e-04
2.603126004788385386e-04
2.603126004788385386e-04
2.603126004788385386e-04
3.570817564867467246e-07
2.603126004788385386e-04
2.892362227542649714e-05
3.570817564867467246e-07
3.967575072074962945e-08
2.342813404309547227e-03
2.603126004788385386e-04
2.603126004788385386e-04
2.892362227542649714e-05
2.892362227542649714e-05
3.213735808380721527e-06
2.603126004788385386e-04
3.213735808380721527e-06
2.603126004788385386e-04
2.108532063878593155e-02
3.570817564867467246e-07
2.342813404309547227e-03
3.570817564867467246e-07
2.603126004788385386e-04
2.342813404309547227e-03
2.603126004788385386e-04
3.213735808380721527e-06
3.213735808380721527e-06
2.892362227542649714e-05
2.603126004788385386e-04
2.603126004788385386e-04
2.603126004788385386e-04
2.892362227542649714e-05
3.213735808380721527e-06
2.603126004788385386e-04
2.892362227542649714e-05
2.892362227542649714e-05
2.603126004788385386e-04
2.892362227542649714e-05
2.892362227542649714e-05
2.603126004788385386e-04
2.892362227542649714e-05
2.892362227542649714e-05
1.897678857490734394e-01
2.342813404309547227e-03
3.570817564867467246e-07
2.603126004788385386e-04
