5.857212915328560005e-03
6.508014350365066069e-04
6.508014350365066069e-04
5.857212915328560005e-03
6.508014350365066069e-04
7.231127055961181660e-05
6.508014350365066069e-04
8.927317353038492152e-07
6.508014350365066069e-04
7.231127055961181660e-05
6.508014350365066069e-04
6.508014350365066069e-04
5.857212915328560005e-03
5.857212915328560005e-03
8.927317353038492152e-07
5.857212915328560005e-03
5.857212915328560005e-03
6.508014350365066069e-04
8.034585617734645160e-06
7.231127055961181660e-05
8.034585617734645160e-06
6.508014350365066069e-04
5.271491623795705739e-02
8.927317353038492152e-07
5.857212915328560005e-03
6.508014350365066069e-04
8.927317353038492152e-07
8.034585617734645160e-06
8.034585617734645160e-06
6.508014350365066069e-04
7.231127055961181660e-05
6.508014350365066069e-04
6.508014350365066069e-04
7.231127055961181660e-05
8.034585617734645160e-06
6.508014350365066069e-04
8.034585617734645160e-06
5.857212915328560005e-03
5.857212915328560005e-03
6.508014350365066069e-04
8.034585617734645160e-06
7.231127055961181660e-05
5.271491623795705739e-02
6.508014350365066069e-04
7.231127055961181660e-05
7.231127055961181660e-05
7.231127055961181660e-05
6.508014350365066069e-04
7.231127055961181660e-05
8.034585617734645160e-06
8.034585617734645160e-06
8.034585617734645160e-06
5.857212915328560005e-03
8.927317353038492152e-07
8.034585617734645160e-06
5.857212915328560005e-03
6.508014350365066069e-04
5.857212915328560005e-03
7.231127055961181660e-05
7.231127055961181660e-05
5.271491623795705739e-02
5.857212915328560005e-03
6.508014350365066069e-04
6.508014350365066069e-04
5.857212915328560005e-03
7.231127055961181660e-05
6.508014350365066069e-04
8.034585617734645160e-06
7.231127055961181660e-05
7.231127055961181660e-05
6.508014350365066069e-04
7.231127055961181660e-05
5.857212915328560005e-03
7.231127055961181660e-05
8.034585617734645160e-06
8.034585617734645160e-06
7.231127055961181660e-05
6.508014350365066069e-04
9.919241503376101508e-08
7.231127055961181660e-05
7.231127055961181660e-05
7.231127055961181660e-05
7.231127055961181660e-05
8.034585617734645160e-06
6.508014350365066069e-04
8.034585617734645160e-06
8.927317353038492152e-07
7.231127055961181660e-05
8.034585617734645160e-06
5.857212915328560005e-03
8.034585617734645160e-06
6.508014350365066069e-04
5.857212915328560005e-03
8.034585617734645160e-06
8.034585617734645160e-06
5.857212915328560005e-03
6.508014350365066069e-04
5.857212915328560005e-03
5.271491623795705739e-02
6.508014350365066069e-04
6.508014350365066069e-04
5.857212915328560005e-03
5.857212915328560005e-03
5.857212915328560005e-03
6.508014350365066069e-04
7.231127055961181660e-05
6.508014350365066069e-04
6.508014350365066069e-04
5.857212915328560005e-03
8.927317353038492152e-07
7.231127055961181660e-05
6.508014350365066069e-04
8.927317353038492152e-07
5.857212915328560005e-03
8.034585617734645160e-06
5.857212915328560005e-03
8.034585617734645160e-06
6.508014350365066069e-04
8.927317353038492152e-07
8.034585617734645160e-06
6.508014350365066069e-04
7.231127055961181660e-05
6.508014350365066069e-04
5.857212915328560005e-03
5.271491623795705739e-02
7.231127055961181660e-05
6.508014350365066069e-04
8.034585617734645160e-06
6.508014350365066069e-04
6.508014350365066069e-04
6.508014350365066069e-04
5.857212915328560005e-03
7.231127055961181660e-05
5.857212915328560005e-03
5.857212915328560005e-03
8.034585617734645160e-06
8.927317353038492152e-07
6.508014350365066069e-04
7.231127055961181660e-05
6.508014350365066069e-04
7.231127055961181660e-05
8.034585617734645160e-06
7.231127055961181660e-05
6.508014350365066069e-04
5.857212915328560005e-03
5.857212915328560005e-03
8.034585617734645160e-06
8.927317353038492152e-07
7.231127055961181660e-05
9.919241503376101508e-08
5.857212915328560005e-03
7.231127055961181660e-05
7.231127055961181660e-05
6.508014350365066069e-04
5.857212915328560005e-03
7.231127055961181660e-05
5.271491623795705739e-02
6.508014350365066069e-04
8.927317353038492152e-07
7.231127055961181660e-05
7.231127055961181660e-05
5.271491623795705739e-02
8.034585617734645160e-06
7.231127055961181660e-05
8.034585617734645160e-06
8.034585617734645160e-06
6.508014350365066069e-04
8.927317353038492152e-07
5.857212915328560005e-03
6.508014350365066069e-04
6.508014350365066069e-04
5.271491623795705739e-02
6.508014350365066069e-04
8.034585617734645160e-06
8.034585617734645160e-06
7.231127055961181660e-05
7.231127055961181660e-05
7.231127055961181660e-05
6.508014350365066069e-04
8.034585617734645160e-06
5.857212915328560005e-03
5.271491623795705739e-02
8.927317353038492152e-07
5.857212915328560005e-03
8.927317353038492152e-07
8.034585617734645160e-06
6.508014350365066069e-04
9.919241503376101508e-08
7.231127055961181660e-05
6.508014350365066069e-04
7.231127055961181660e-05
8.927317353038492152e-07
7.231127055961181660e-05
5.857212915328560005e-03
7.231127055961181660e-05
8.034585617734645160e-06
6.508014350365066069e-04
7.231127055961181660e-05
5.271491623795705739e-02
7.231127055961181660e-05
7.231127055961181660e-05
7.231127055961181660e-05
8.927317353038492152e-07
5.857212915328560005e-03
6.508014350365066069e-04
5.857212915328560005e-03
5.857212915328560005e-03
6.508014350365066069e-04
5.857212915328560005e-03
8.034585617734645160e-06
5.857212915328560005e-03
6.508014350365066069e-04
7.231127055961181660e-05
7.231127055961181660e-05
7.231127055961181660e-05
6.508014350365066069e-04
6.508014350365066069e-04
5.271491623795705739e-02
7.231127055961181660e-05
8.034585617734645160e-06
6.508014350365066069e-04
6.508014350365066069e-04
6.508014350365066069e-04
8.034585617734645160e-06
7.231127055961181660e-05
6.508014350365066069e-04
8.034585617734645160e-06
6.508014350365066069e-04
7.231127055961181660e-05
6.508014350365066069e-04
7.231127055961181660e-05
7.231127055961181660e-05
6.508014350365066069e-04
8.034585617734645160e-06
5.857212915328560005e-03
6.508014350365066069e-04
7.231127055961181660e-05
5.857212915328560005e-03
7.231127055961181660e-05
6.508014350365066069e-04
6.508014350365066069e-04
7.231127055961181660e-05
8.034585617734645160e-06
8.034585617734645160e-06
7.231127055961181660e-05
6.508014350365066069e-04
5.271491623795705739e-02
6.508014350365066069e-04
5.857212915328560005e-03
5.271491623795705739e-02
8.034585617734645160e-06
7.231127055961181660e-05
8.034585617734645160e-06
6.508014350365066069e-04
6.508014350365066069e-04
7.231127055961181660e-05
