2.039100505868480964e-04
2.039100505868480964e-04
1.835190455281633139e-03
2.265667228742755874e-05
2.039100505868480964e-04
2.039100505868480964e-04
2.797120035484882651e-07
1.651671409753470432e-02
2.265667228742755874e-05
2.039100505868480964e-04
2.265667228742755874e-05
2.265667228742755874e-05
2.039100505868480964e-04
1.835190455281633139e-03
2.797120035484882651e-07
1.651671409753470432e-02
2.517408031936395180e-06
2.265667228742755874e-05
2.265667228742755874e-05
2.265667228742755874e-05
2.517408031936395180e-06
1.651671409753470432e-02
1.486504268778123805e-01
2.039100505868480964e-04
2.039100505868480964e-04
2.517408031936395180e-06
2.039100505868480964e-04
2.517408031936395180e-06
2.265667228742755874e-05
2.517408031936395180e-06
2.265667228742755874e-05
2.797120035484882651e-07
2.039100505868480964e-04
1.835190455281633139e-03
2.517408031936395180e-06
2.797120035484882651e-07
2.517408031936395180e-06
2.265667228742755874e-05
2.517408031936395180e-06
2.265667228742755874e-05
2.039100505868480964e-04
2.039100505868480964e-04
2.517408031936395180e-06
2.039100505868480964e-04
2.039100505868480964e-04
2.039100505868480964e-04
2.039100505868480964e-04
2.517408031936395180e-06
1.835190455281633139e-03
3.107911150538757692e-08
2.265667228742755874e-05
1.835190455281633139e-03
2.265667228742755874e-05
2.517408031936395180e-06
2.265667228742755874e-05
2.039100505868480964e-04
2.265667228742755874e-05
1.835190455281633139e-03
2.039100505868480964e-04
2.517408031936395180e-06
1.835190455281633139e-03
2.039100505868480964e-04
2.265667228742755874e-05
2.517408031936395180e-06
2.039100505868480964e-04
2.039100505868480964e-04
2.039100505868480964e-04
2.265667228742755874e-05
2.517408031936395180e-06
1.651671409753470432e-02
1.835190455281633139e-03
2.265667228742755874e-05
1.835190455281633139e-03
2.039100505868480964e-04
2.039100505868480964e-04
2.039100505868480964e-04
2.039100505868480964e-04
1.835190455281633139e-03
1.835190455281633139e-03
2.265667228742755874e-05
2.039100505868480964e-04
2.517408031936395180e-06
2.517408031936395180e-06
1.486504268778123805e-01
1.835190455281633139e-03
2.039100505868480964e-04
1.651671409753470432e-02
2.265667228742755874e-05
2.797120035484882651e-07
1.835190455281633139e-03
2.265667228742755874e-05
2.039100505868480964e-04
2.517408031936395180e-06
2.039100505868480964e-04
2.039100505868480964e-04
1.651671409753470432e-02
1.835190455281633139e-03
2.797120035484882651e-07
2.039100505868480964e-04
2.517408031936395180e-06
2.517408031936395180e-06
2.039100505868480964e-04
2.039100505868480964e-04
2.265667228742755874e-05
2.517408031936395180e-06
2.265667228742755874e-05
2.265667228742755874e-05
1.835190455281633139e-03
2.265667228742755874e-05
2.039100505868480964e-04
3.107911150538757692e-08
2.039100505868480964e-04
2.265667228742755874e-05
2.517408031936395180e-06
2.265667228742755874e-05
2.265667228742755874e-05
2.797120035484882651e-07
2.039100505868480964e-04
2.265667228742755874e-05
2.265667228742755874e-05
2.265667228742755874e-05
2.039100505868480964e-04
1.835190455281633139e-03
2.517408031936395180e-06
2.517408031936395180e-06
2.265667228742755874e-05
2.039100505868480964e-04
1.835190455281633139e-03
2.039100505868480964e-04
2.265667228742755874e-05
2.517408031936395180e-06
2.517408031936395180e-06
2.039100505868480964e-04
2.517408031936395180e-06
2.265667228742755874e-05
1.835190455281633139e-03
2.039100505868480964e-04
2.265667228742755874e-05
2.039100505868480964e-04
1.835190455281633139e-03
2.039100505868480964e-04
2.039100505868480964e-04
2.797120035484882651e-07
2.265667228742755874e-05
1.651671409753470432e-02
1.651671409753470432e-02
2.039100505868480964e-04
2.517408031936395180e-06
2.039100505868480964e-04
2.039100505868480964e-04
2.039100505868480964e-04
2.039100505868480964e-04
2.039100505868480964e-04
3.107911150538757692e-08
2.039100505868480964e-04
2.039100505868480964e-04
1.651671409753470432e-02
2.265667228742755874e-05
2.265667228742755874e-05
2.265667228742755874e-05
2.265667228742755874e-05
2.797120035484882651e-07
2.039100505868480964e-04
2.517408031936395180e-06
2.039100505868480964e-04
2.039100505868480964e-04
2.265667228742755874e-05
2.797120035484882651e-07
2.039100505868480964e-04
2.039100505868480964e-04
2.265667228742755874e-05
2.039100505868480964e-04
1.835190455281633139e-03
2.039100505868480964e-04
2.797120035484882651e-07
2.265667228742755874e-05
1.835190455281633139e-03
2.265667228742755874e-05
2.265667228742755874e-05
1.835190455281633139e-03
2.265667228742755874e-05
1.835190455281633139e-03
2.517408031936395180e-06
1.835190455281633139e-03
2.265667228742755874e-05
1.835190455281633139e-03
2.039100505868480964e-04
2.265667228742755874e-05
2.517408031936395180e-06
2.039100505868480964e-04
1.486504268778123805e-01
2.039100505868480964e-04
2.265667228742755874e-05
2.265667228742755874e-05
2.265667228742755874e-05
2.039100505868480964e-04
2.797120035484882651e-07
1.835190455281633139e-03
1.835190455281633139e-03
1.835190455281633139e-03
2.517408031936395180e-06
2.039100505868480964e-04
2.265667228742755874e-05
2.039100505868480964e-04
2.517408031936395180e-06
2.797120035484882651e-07
2.797120035484882651e-07
2.039100505868480964e-04
2.039100505868480964e-04
1.835190455281633139e-03
2.797120035484882651e-07
2.517408031936395180e-06
2.265667228742755874e-05
2.039100505868480964e-04
2.517408031936395180e-06
2.265667228742755874e-05
2.265667228742755874e-05
2.039100505868480964e-04
3.107911150538757692e-08
2.039100505868480964e-04
2.265667228742755874e-05
1.835190455281633139e-03
2.039100505868480964e-04
2.265667228742755874e-05
1.651671409753470432e-02
1.835190455281633139e-03
2.039100505868480964e-04
2.265667228742755874e-05
2.797120035484882651e-07
1.835190455281633139e-03
1.486504268778123805e-01
2.517408031936395180e-06
2.265667228742755874e-05
1.835190455281633139e-03
1.835190455281633139e-03
2.039100505868480964e-04
2.517408031936395180e-06
2.039100505868480964e-04
2.517408031936395180e-06
2.039100505868480964e-04
1.651671409753470432e-02
1.835190455281633139e-03
2.039100505868480964e-04
2.265667228742755874e-05
2.265667228742755874e-05
2.039100505868480964e-04
2.039100505868480964e-04
2.039100505868480964e-04
1.835190455281633139e-03
2.265667228742755874e-05
2.797120035484882651e-07
1.835190455281633139e-03
1.835190455281633139e-03
2.797120035484882651e-07
1.651671409753470432e-02
2.265667228742755874e-05
2.039100505868480964e-04
1.651671409753470432e-02
2.517408031936395180e-06
2.039100505868480964e-04
2.039100505868480964e-04
2.039100505868480964e-04
2.265667228742755874e-05
1.835190455281633139e-03
2.265667228742755874e-05
2.039100505868480964e-04
2.265667228742755874e-05
2.265667228742755874e-05
2.265667228742755874e-05
2.517408031936395180e-06
2.039100505868480964e-04
2.039100505868480964e-04
2.517408031936395180e-06
3.107911150538757692e-08
1.651671409753470432e-02
2.265667228742755874e-05
2.517408031936395180e-06
1.835190455281633139e-03
2.265667228742755874e-05
2.039100505868480964e-04
2.039100505868480964e-04
2.797120035484882651e-07
2.797120035484882651e-07
2.265667228742755874e-05
2.265667228742755874e-05
2.797120035484882651e-07
2.039100505868480964e-04
1.835190455281633139e-03
2.039100505868480964e-04
2.797120035484882651e-07
2.265667228742755874e-05
2.517408031936395180e-06
1.835190455281633139e-03
2.039100505868480964e-04
2.517408031936395180e-06
2.039100505868480964e-04
2.797120035484882651e-07
2.517408031936395180e-06
2.517408031936395180e-06
2.517408031936395180e-06
2.265667228742755874e-05
2.265667228742755874e-05
2.039100505868480964e-04
3.107911150538757692e-08
1.651671409753470432e-02
2.039100505868480964e-04
2.517408031936395180e-06
1.835190455281633139e-03
2.517408031936395180e-06
2.039100505868480964e-04
2.039100505868480964e-04
1.835190455281633139e-03
2.039100505868480964e-04
2.797120035484882651e-07
2.265667228742755874e-05
2.265667228742755874e-05
2.039100505868480964e-04
2.039100505868480964e-04
2.265667228742755874e-05
2.265667228742755874e-05
2.517408031936395180e-06
2.517408031936395180e-06
2.039100505868480964e-04
2.517408031936395180e-06
2.039100505868480964e-04
1.835190455281633139e-03
2.517408031936395180e-06
2.039100505868480964e-04
2.265667228742755874e-05
2.517408031936395180e-06
1.835190455281633139e-03
2.039100505868480964e-04
2.039100505868480964e-04
2.265667228742755874e-05
2.039100505868480964e-04
2.265667228742755874e-05
3.107911150538757692e-08
2.265667228742755874e-05
1.835190455281633139e-03
2.039100505868480964e-04
2.265667228742755874e-05
2.039100505868480964e-04
2.039100505868480964e-04
2.265667228742755874e-05
2.517408031936395180e-06
2.797120035484882651e-07
1.651671409753470432e-02
2.517408031936395180e-06
2.039100505868480964e-04
2.797120035484882651e-07
2.517408031936395180e-06
1.651671409753470432e-02
2.039100505868480964e-04
2.517408031936395180e-06
2.265667228742755874e-05
2.265667228742755874e-05
2.039100505868480964e-04
1.835190455281633139e-03
2.517408031936395180e-06
2.517408031936395180e-06
2.265667228742755874e-05
2.265667228742755874e-05
1.835190455281633139e-03
2.517408031936395180e-06
1.835190455281633139e-03
1.835190455281633139e-03
2.039100505868480964e-04
2.039100505868480964e-04
2.039100505868480964e-04
2.039100505868480964e-04
1.835190455281633139e-03
2.039100505868480964e-04
2.517408031936395180e-06
2.265667228742755874e-05
2.039100505868480964e-04
2.039100505868480964e-04
2.039100505868480964e-04
2.265667228742755874e-05
2.265667228742755874e-05
2.039100505868480964e-04
2.265667228742755874e-05
2.039100505868480964e-04
2.039100505868480964e-04
1.835190455281633139e-03
