2.392446249707587809e-05
2.153201624736829367e-04
2.392446249707587809e-05
1.937881462263147054e-03
1.937881462263147054e-03
1.744093316036832500e-02
2.153201624736829367e-04
2.153201624736829367e-04
1.744093316036832500e-02
2.658273610786207735e-06
1.937881462263147054e-03
2.153201624736829367e-04
2.392446249707587809e-05
2.392446249707587809e-05
1.744093316036832500e-02
2.153201624736829367e-04
1.937881462263147054e-03
1.569683984433149770e-01
1.937881462263147054e-03
1.937881462263147054e-03
2.153201624736829367e-04
1.937881462263147054e-03
1.744093316036832500e-02
2.153201624736829367e-04
1.569683984433149770e-01
2.392446249707587809e-05
1.937881462263147054e-03
1.937881462263147054e-03
1.937881462263147054e-03
2.392446249707587809e-05
2.392446249707587809e-05
1.569683984433149770e-01
2.153201624736829367e-04
2.153201624736829367e-04
1.569683984433149770e-01
2.153201624736829367e-04
1.744093316036832500e-02
1.569683984433149770e-01
2.392446249707587809e-05
2.392446249707587809e-05
1.937881462263147054e-03
2.392446249707587809e-05
1.937881462263147054e-03
1.937881462263147054e-03
2.153201624736829367e-04
1.744093316036832500e-02
1.744093316036832500e-02
1.744093316036832500e-02
1.937881462263147054e-03
1.937881462263147054e-03
1.937881462263147054e-03
2.392446249707587809e-05
2.658273610786207735e-06
1.937881462263147054e-03
1.937881462263147054e-03
1.937881462263147054e-03
2.153201624736829367e-04
2.153201624736829367e-04
1.744093316036832500e-02
2.153201624736829367e-04
2.153201624736829367e-04
2.153201624736829367e-04
2.153201624736829367e-04
1.744093316036832500e-02
