3.845542614966630524e-01
6.512460185552043347e-06
7.236066872835601131e-07
6.512460185552043347e-06
5.275092750297158059e-04
5.861214166996840029e-05
5.861214166996840029e-05
4.272825127740699502e-02
5.275092750297158059e-04
5.861214166996840029e-05
4.747583475267442253e-03
5.275092750297158059e-04
4.747583475267442253e-03
6.512460185552043347e-06
5.861214166996840029e-05
4.747583475267442253e-03
7.236066872835601131e-07
6.512460185552043347e-06
5.275092750297158059e-04
7.236066872835601131e-07
5.275092750297158059e-04
5.861214166996840029e-05
5.275092750297158059e-04
4.747583475267442253e-03
5.275092750297158059e-04
5.861214166996840029e-05
5.275092750297158059e-04
5.861214166996840029e-05
5.275092750297158059e-04
5.275092750297158059e-04
5.275092750297158059e-04
4.747583475267442253e-03
5.275092750297158059e-04
4.272825127740699502e-02
4.747583475267442253e-03
6.512460185552043347e-06
5.861214166996840029e-05
5.861214166996840029e-05
5.275092750297158059e-04
4.747583475267442253e-03
5.861214166996840029e-05
5.275092750297158059e-04
5.861214166996840029e-05
5.275092750297158059e-04
4.747583475267442253e-03
5.861214166996840029e-05
4.272825127740699502e-02
5.275092750297158059e-04
6.512460185552043347e-06
4.272825127740699502e-02
5.861214166996840029e-05
5.275092750297158059e-04
4.272825127740699502e-02
6.512460185552043347e-06
7.236066872835601131e-07
5.275092750297158059e-04
5.861214166996840029e-05
5.275092750297158059e-04
5.275092750297158059e-04
6.512460185552043347e-06
4.747583475267442253e-03
5.275092750297158059e-04
4.747583475267442253e-03
7.236066872835601131e-07
5.275092750297158059e-04
7.236066872835601131e-07
5.275092750297158059e-04
4.747583475267442253e-03
4.747583475267442253e-03
5.275092750297158059e-04
6.512460185552043347e-06
6.512460185552043347e-06
5.275092750297158059e-04
4.747583475267442253e-03
5.275092750297158059e-04
7.236066872835601131e-07
5.861214166996840029e-05
8.040074303150667482e-08
4.747583475267442253e-03
5.861214166996840029e-05
5.275092750297158059e-04
5.275092750297158059e-04
5.275092750297158059e-04
5.861214166996840029e-05
5.275092750297158059e-04
5.275092750297158059e-04
7.236066872835601131e-07
5.861214166996840029e-05
6.512460185552043347e-06
5.275092750297158059e-04
6.512460185552043347e-06
6.512460185552043347e-06
4.747583475267442253e-03
5.861214166996840029e-05
6.512460185552043347e-06
5.861214166996840029e-05
5.275092750297158059e-04
4.747583475267442253e-03
5.861214166996840029e-05
6.512460185552043347e-06
5.275092750297158059e-04
5.861214166996840029e-05
5.275092750297158059e-04
6.512460185552043347e-06
5.275092750297158059e-04
6.512460185552043347e-06
4.272825127740699502e-02
6.512460185552043347e-06
6.512460185552043347e-06
5.861214166996840029e-05
5.861214166996840029e-05
4.747583475267442253e-03
5.275092750297158059e-04
5.861214166996840029e-05
4.747583475267442253e-03
7.236066872835601131e-07
4.272825127740699502e-02
4.747583475267442253e-03
5.275092750297158059e-04
5.275092750297158059e-04
5.275092750297158059e-04
5.275092750297158059e-04
5.275092750297158059e-04
5.275092750297158059e-04
5.275092750297158059e-04
7.236066872835601131e-07
4.272825127740699502e-02
8.040074303150667482e-08
5.275092750297158059e-04
4.747583475267442253e-03
4.747583475267442253e-03
5.861214166996840029e-05
4.747583475267442253e-03
6.512460185552043347e-06
5.861214166996840029e-05
5.861214166996840029e-05
5.275092750297158059e-04
4.272825127740699502e-02
5.275092750297158059e-04
6.512460185552043347e-06
5.275092750297158059e-04
6.512460185552043347e-06
4.747583475267442253e-03
5.861214166996840029e-05
5.275092750297158059e-04
5.861214166996840029e-05
6.512460185552043347e-06
6.512460185552043347e-06
7.236066872835601131e-07
5.861214166996840029e-05
5.861214166996840029e-05
5.861214166996840029e-05
7.236066872835601131e-07
5.861214166996840029e-05
4.747583475267442253e-03
5.275092750297158059e-04
7.236066872835601131e-07
6.512460185552043347e-06
5.275092750297158059e-04
5.861214166996840029e-05
4.747583475267442253e-03
4.747583475267442253e-03
5.275092750297158059e-04
7.236066872835601131e-07
5.861214166996840029e-05
6.512460185552043347e-06
5.275092750297158059e-04
5.275092750297158059e-04
6.512460185552043347e-06
5.275092750297158059e-04
4.747583475267442253e-03
5.275092750297158059e-04
4.747583475267442253e-03
5.275092750297158059e-04
4.272825127740699502e-02
4.747583475267442253e-03
7.236066872835601131e-07
4.747583475267442253e-03
5.275092750297158059e-04
5.275092750297158059e-04
5.275092750297158059e-04
5.275092750297158059e-04
7.236066872835601131e-07
5.861214166996840029e-05
6.512460185552043347e-06
5.861214166996840029e-05
4.747583475267442253e-03
5.275092750297158059e-04
5.275092750297158059e-04
4.747583475267442253e-03
5.275092750297158059e-04
5.861214166996840029e-05
