4.189713539457579030e-06
3.393667966960640632e-04
3.054301170264576894e-03
3.393667966960640632e-04
2.748871053238120116e-02
3.393667966960640632e-04
2.748871053238120116e-02
3.393667966960640632e-04
3.054301170264576894e-03
3.770742185511821720e-05
3.770742185511821720e-05
3.393667966960640632e-04
4.189713539457579030e-06
3.770742185511821720e-05
3.393667966960640632e-04
3.393667966960640632e-04
3.393667966960640632e-04
3.770742185511821720e-05
3.393667966960640632e-04
3.770742185511821720e-05
3.393667966960640632e-04
4.189713539457579030e-06
3.770742185511821720e-05
4.189713539457579030e-06
4.655237266063975759e-07
4.189713539457579030e-06
4.189713539457579030e-06
4.189713539457579030e-06
4.189713539457579030e-06
4.189713539457579030e-06
3.054301170264576894e-03
3.393667966960640632e-04
4.189713539457579030e-06
4.189713539457579030e-06
4.189713539457579030e-06
4.655237266063975759e-07
3.054301170264576894e-03
4.189713539457579030e-06
3.393667966960640632e-04
3.393667966960640632e-04
3.770742185511821720e-05
2.748871053238120116e-02
3.770742185511821720e-05
2.748871053238120116e-02
4.189713539457579030e-06
3.770742185511821720e-05
2.748871053238120116e-02
3.770742185511821720e-05
4.655237266063975759e-07
4.655237266063975759e-07
3.393667966960640632e-04
3.770742185511821720e-05
3.770742185511821720e-05
4.655237266063975759e-07
3.054301170264576894e-03
3.393667966960640632e-04
3.770742185511821720e-05
3.393667966960640632e-04
4.189713539457579030e-06
3.770742185511821720e-05
3.770742185511821720e-05
4.189713539457579030e-06
3.054301170264576894e-03
2.748871053238120116e-02
4.189713539457579030e-06
4.189713539457579030e-06
3.393667966960640632e-04
3.393667966960640632e-04
3.393667966960640632e-04
3.054301170264576894e-03
3.770742185511821720e-05
3.770742185511821720e-05
3.770742185511821720e-05
3.770742185511821720e-05
3.393667966960640632e-04
3.393667966960640632e-04
4.189713539457579030e-06
3.770742185511821720e-05
4.189713539457579030e-06
3.054301170264576894e-03
3.770742185511821720e-05
3.054301170264576894e-03
3.770742185511821720e-05
4.189713539457579030e-06
3.770742185511821720e-05
4.189713539457579030e-06
3.054301170264576894e-03
3.770742185511821720e-05
4.655237266063975759e-07
3.054301170264576894e-03
3.054301170264576894e-03
3.054301170264576894e-03
3.393667966960640632e-04
3.770742185511821720e-05
3.054301170264576894e-03
4.189713539457579030e-06
3.393667966960640632e-04
3.054301170264576894e-03
3.770742185511821720e-05
3.770742185511821720e-05
4.655237266063975759e-07
3.393667966960640632e-04
3.393667966960640632e-04
3.054301170264576894e-03
4.189713539457579030e-06
3.770742185511821720e-05
3.054301170264576894e-03
3.393667966960640632e-04
3.054301170264576894e-03
3.393667966960640632e-04
3.770742185511821720e-05
3.770742185511821720e-05
3.770742185511821720e-05
3.770742185511821720e-05
3.054301170264576894e-03
4.189713539457579030e-06
3.393667966960640632e-04
3.393667966960640632e-04
4.655237266063975759e-07
3.393667966960640632e-04
3.054301170264576894e-03
3.054301170264576894e-03
2.748871053238120116e-02
3.393667966960640632e-04
3.054301170264576894e-03
4.189713539457579030e-06
3.770742185511821720e-05
3.770742185511821720e-05
4.189713539457579030e-06
2.473983947914308867e-01
5.172485851182194406e-08
4.189713539457579030e-06
4.655237266063975759e-07
3.393667966960640632e-04
3.393667966960640632e-04
3.393667966960640632e-04
3.770742185511821720e-05
4.189713539457579030e-06
4.189713539457579030e-06
3.054301170264576894e-03
3.393667966960640632e-04
3.393667966960640632e-04
4.189713539457579030e-06
3.054301170264576894e-03
3.393667966960640632e-04
3.393667966960640632e-04
3.393667966960640632e-04
3.393667966960640632e-04
3.393667966960640632e-04
3.393667966960640632e-04
3.393667966960640632e-04
4.189713539457579030e-06
3.770742185511821720e-05
3.054301170264576894e-03
3.393667966960640632e-04
4.189713539457579030e-06
4.189713539457579030e-06
3.054301170264576894e-03
3.393667966960640632e-04
3.770742185511821720e-05
4.189713539457579030e-06
4.189713539457579030e-06
3.770742185511821720e-05
4.189713539457579030e-06
2.748871053238120116e-02
5.172485851182194406e-08
3.770742185511821720e-05
2.748871053238120116e-02
3.393667966960640632e-04
4.189713539457579030e-06
3.770742185511821720e-05
3.393667966960640632e-04
2.473983947914308867e-01
3.393667966960640632e-04
3.393667966960640632e-04
3.393667966960640632e-04
4.189713539457579030e-06
3.054301170264576894e-03
4.189713539457579030e-06
3.393667966960640632e-04
3.054301170264576894e-03
4.655237266063975759e-07
3.393667966960640632e-04
4.655237266063975759e-07
3.393667966960640632e-04
3.054301170264576894e-03
3.770742185511821720e-05
3.770742185511821720e-05
4.189713539457579030e-06
4.189713539457579030e-06
3.770742185511821720e-05
3.770742185511821720e-05
3.770742185511821720e-05
3.770742185511821720e-05
2.748871053238120116e-02
3.770742185511821720e-05
3.393667966960640632e-04
3.054301170264576894e-03
2.748871053238120116e-02
3.054301170264576894e-03
4.655237266063975759e-07
3.770742185511821720e-05
3.393667966960640632e-04
3.770742185511821720e-05
3.393667966960640632e-04
3.054301170264576894e-03
4.189713539457579030e-06
3.393667966960640632e-04
3.770742185511821720e-05
4.189713539457579030e-06
3.770742185511821720e-05
4.189713539457579030e-06
3.393667966960640632e-04
3.054301170264576894e-03
3.393667966960640632e-04
4.189713539457579030e-06
3.393667966960640632e-04
4.189713539457579030e-06
3.770742185511821720e-05
3.770742185511821720e-05
3.054301170264576894e-03
3.770742185511821720e-05
4.189713539457579030e-06
4.655237266063975759e-07
3.770742185511821720e-05
3.770742185511821720e-05
3.054301170264576894e-03
3.054301170264576894e-03
4.189713539457579030e-06
3.393667966960640632e-04
3.770742185511821720e-05
3.054301170264576894e-03
4.189713539457579030e-06
2.748871053238120116e-02
3.393667966960640632e-04
4.189713539457579030e-06
3.393667966960640632e-04
3.770742185511821720e-05
4.655237266063975759e-07
3.054301170264576894e-03
4.189713539457579030e-06
3.770742185511821720e-05
4.655237266063975759e-07
2.748871053238120116e-02
3.054301170264576894e-03
3.393667966960640632e-04
3.393667966960640632e-04
3.393667966960640632e-04
3.770742185511821720e-05
4.655237266063975759e-07
3.393667966960640632e-04
3.770742185511821720e-05
3.054301170264576894e-03
3.393667966960640632e-04
3.770742185511821720e-05
3.770742185511821720e-05
