2.108246209841812649e-05
1.707679429971869015e-03
2.342495788713124648e-06
1.383220338277214578e-01
1.536911486974682287e-02
1.707679429971869015e-03
1.707679429971869015e-03
2.108246209841812649e-05
2.108246209841812649e-05
2.108246209841812649e-05
1.536911486974682287e-02
1.707679429971869015e-03
1.536911486974682287e-02
1.707679429971869015e-03
1.383220338277214578e-01
1.897421588857631757e-04
2.108246209841812649e-05
1.897421588857631757e-04
1.897421588857631757e-04
2.108246209841812649e-05
1.897421588857631757e-04
1.897421588857631757e-04
1.707679429971869015e-03
2.342495788713124648e-06
1.536911486974682287e-02
1.897421588857631757e-04
1.897421588857631757e-04
1.536911486974682287e-02
2.602773098570137791e-07
1.897421588857631757e-04
2.342495788713124648e-06
2.342495788713124648e-06
2.342495788713124648e-06
1.707679429971869015e-03
2.108246209841812649e-05
1.707679429971869015e-03
1.707679429971869015e-03
1.707679429971869015e-03
1.897421588857631757e-04
1.383220338277214578e-01
1.707679429971869015e-03
1.707679429971869015e-03
1.897421588857631757e-04
1.707679429971869015e-03
2.108246209841812649e-05
1.897421588857631757e-04
1.536911486974682287e-02
1.897421588857631757e-04
1.707679429971869015e-03
1.897421588857631757e-04
1.707679429971869015e-03
1.707679429971869015e-03
1.897421588857631757e-04
2.108246209841812649e-05
1.536911486974682287e-02
1.897421588857631757e-04
1.897421588857631757e-04
1.897421588857631757e-04
1.897421588857631757e-04
1.897421588857631757e-04
2.108246209841812649e-05
1.707679429971869015e-03
2.108246209841812649e-05
1.707679429971869015e-03
2.108246209841812649e-05
2.108246209841812649e-05
1.897421588857631757e-04
1.536911486974682287e-02
1.897421588857631757e-04
1.536911486974682287e-02
1.707679429971869015e-03
1.536911486974682287e-02
1.897421588857631757e-04
1.707679429971869015e-03
2.108246209841812649e-05
1.707679429971869015e-03
1.536911486974682287e-02
1.897421588857631757e-04
1.897421588857631757e-04
1.383220338277214578e-01
1.897421588857631757e-04
1.707679429971869015e-03
1.897421588857631757e-04
1.707679429971869015e-03
1.536911486974682287e-02
1.536911486974682287e-02
1.536911486974682287e-02
1.707679429971869015e-03
1.897421588857631757e-04
1.897421588857631757e-04
1.897421588857631757e-04
1.897421588857631757e-04
1.897421588857631757e-04
1.707679429971869015e-03
1.897421588857631757e-04
1.707679429971869015e-03
2.108246209841812649e-05
1.897421588857631757e-04
1.707679429971869015e-03
1.536911486974682287e-02
1.897421588857631757e-04
1.897421588857631757e-04
2.108246209841812649e-05
1.897421588857631757e-04
1.383220338277214578e-01
1.897421588857631757e-04
2.108246209841812649e-05
1.707679429971869015e-03
1.897421588857631757e-04
1.897421588857631757e-04
1.897421588857631757e-04
2.108246209841812649e-05
1.707679429971869015e-03
1.897421588857631757e-04
2.342495788713124648e-06
1.897421588857631757e-04
1.897421588857631757e-04
2.342495788713124648e-06
1.897421588857631757e-04
1.897421588857631757e-04
1.707679429971869015e-03
1.536911486974682287e-02
2.108246209841812649e-05
2.108246209841812649e-05
1.707679429971869015e-03
1.897421588857631757e-04
1.897421588857631757e-04
1.897421588857631757e-04
