4.121707534036596690e-03
5.653919799775849694e-06
5.653919799775849694e-06
5.088527819798265402e-05
3.709536780632938235e-02
4.579675037818440285e-04
4.579675037818440285e-04
4.121707534036596690e-03
5.653919799775849694e-06
5.088527819798265402e-05
4.579675037818440285e-04
4.121707534036596690e-03
5.653919799775849694e-06
4.121707534036596690e-03
5.088527819798265402e-05
4.579675037818440285e-04
5.653919799775849694e-06
5.088527819798265402e-05
5.088527819798265402e-05
5.088527819798265402e-05
4.121707534036596690e-03
5.088527819798265402e-05
5.088527819798265402e-05
6.282133110862053804e-07
5.088527819798265402e-05
5.088527819798265402e-05
6.282133110862053804e-07
4.121707534036596690e-03
5.088527819798265402e-05
5.088527819798265402e-05
4.121707534036596690e-03
4.121707534036596690e-03
5.653919799775849694e-06
4.579675037818440285e-04
4.579675037818440285e-04
5.088527819798265402e-05
5.088527819798265402e-05
4.579675037818440285e-04
4.121707534036596690e-03
4.579675037818440285e-04
4.579675037818440285e-04
5.653919799775849694e-06
5.088527819798265402e-05
4.579675037818440285e-04
5.088527819798265402e-05
4.121707534036596690e-03
4.579675037818440285e-04
4.579675037818440285e-04
4.579675037818440285e-04
5.653919799775849694e-06
5.088527819798265402e-05
5.653919799775849694e-06
4.579675037818440285e-04
5.653919799775849694e-06
5.088527819798265402e-05
3.709536780632938235e-02
5.653919799775849694e-06
5.088527819798265402e-05
4.579675037818440285e-04
4.121707534036596690e-03
4.121707534036596690e-03
5.653919799775849694e-06
3.709536780632938235e-02
5.088527819798265402e-05
4.579675037818440285e-04
5.653919799775849694e-06
5.088527819798265402e-05
5.088527819798265402e-05
4.579675037818440285e-04
3.709536780632938235e-02
5.653919799775849694e-06
5.653919799775849694e-06
4.579675037818440285e-04
4.121707534036596690e-03
4.121707534036596690e-03
5.653919799775849694e-06
4.121707534036596690e-03
5.088527819798265402e-05
4.579675037818440285e-04
5.653919799775849694e-06
4.579675037818440285e-04
4.121707534036596690e-03
5.088527819798265402e-05
5.653919799775849694e-06
5.088527819798265402e-05
5.653919799775849694e-06
4.579675037818440285e-04
4.121707534036596690e-03
4.579675037818440285e-04
5.088527819798265402e-05
4.579675037818440285e-04
3.709536780632938235e-02
3.709536780632938235e-02
6.282133110862053804e-07
6.282133110862053804e-07
4.579675037818440285e-04
5.088527819798265402e-05
4.579675037818440285e-04
4.579675037818440285e-04
4.121707534036596690e-03
4.121707534036596690e-03
6.282133110862053804e-07
4.579675037818440285e-04
3.709536780632938235e-02
4.579675037818440285e-04
6.282133110862053804e-07
4.121707534036596690e-03
4.579675037818440285e-04
5.088527819798265402e-05
5.653919799775849694e-06
4.121707534036596690e-03
4.579675037818440285e-04
4.121707534036596690e-03
4.121707534036596690e-03
5.088527819798265402e-05
5.088527819798265402e-05
5.088527819798265402e-05
4.121707534036596690e-03
5.653919799775849694e-06
3.709536780632938235e-02
5.088527819798265402e-05
5.088527819798265402e-05
5.088527819798265402e-05
3.709536780632938235e-02
4.121707534036596690e-03
4.579675037818440285e-04
4.579675037818440285e-04
3.709536780632938235e-02
5.088527819798265402e-05
5.653919799775849694e-06
4.579675037818440285e-04
5.088527819798265402e-05
5.088527819798265402e-05
5.088527819798265402e-05
4.121707534036596690e-03
5.653919799775849694e-06
6.282133110862053804e-07
3.709536780632938235e-02
4.579675037818440285e-04
5.653919799775849694e-06
3.709536780632938235e-02
6.282133110862053804e-07
5.653919799775849694e-06
4.121707534036596690e-03
4.579675037818440285e-04
5.653919799775849694e-06
5.088527819798265402e-05
4.579675037818440285e-04
4.121707534036596690e-03
4.121707534036596690e-03
5.653919799775849694e-06
4.579675037818440285e-04
5.088527819798265402e-05
3.709536780632938235e-02
6.282133110862053804e-07
3.709536780632938235e-02
4.579675037818440285e-04
4.579675037818440285e-04
4.121707534036596690e-03
5.088527819798265402e-05
4.121707534036596690e-03
4.121707534036596690e-03
4.579675037818440285e-04
3.709536780632938235e-02
3.709536780632938235e-02
6.282133110862053804e-07
4.579675037818440285e-04
5.653919799775849694e-06
5.653919799775849694e-06
5.088527819798265402e-05
5.653919799775849694e-06
5.088527819798265402e-05
4.579675037818440285e-04
4.579675037818440285e-04
5.088527819798265402e-05
4.121707534036596690e-03
4.121707534036596690e-03
4.579675037818440285e-04
4.121707534036596690e-03
4.579675037818440285e-04
4.579675037818440285e-04
5.088527819798265402e-05
5.653919799775849694e-06
3.709536780632938235e-02
5.088527819798265402e-05
4.121707534036596690e-03
5.088527819798265402e-05
5.653919799775849694e-06
4.579675037818440285e-04
6.282133110862053804e-07
5.653919799775849694e-06
4.121707534036596690e-03
4.121707534036596690e-03
4.579675037818440285e-04
4.121707534036596690e-03
5.653919799775849694e-06
4.579675037818440285e-04
4.579675037818440285e-04
3.709536780632938235e-02
5.653919799775849694e-06
4.121707534036596690e-03
4.579675037818440285e-04
4.579675037818440285e-04
5.653919799775849694e-06
4.579675037818440285e-04
4.579675037818440285e-04
5.653919799775849694e-06
4.579675037818440285e-04
5.653919799775849694e-06
5.088527819798265402e-05
5.088527819798265402e-05
3.709536780632938235e-02
5.088527819798265402e-05
5.088527819798265402e-05
5.088527819798265402e-05
5.088527819798265402e-05
4.121707534036596690e-03
5.088527819798265402e-05
4.579675037818440285e-04
5.088527819798265402e-05
5.088527819798265402e-05
5.088527819798265402e-05
4.579675037818440285e-04
4.579675037818440285e-04
4.579675037818440285e-04
4.579675037818440285e-04
5.088527819798265402e-05
5.653919799775849694e-06
5.088527819798265402e-05
4.579675037818440285e-04
4.121707534036596690e-03
4.579675037818440285e-04
5.653919799775849694e-06
3.709536780632938235e-02
5.088527819798265402e-05
4.579675037818440285e-04
5.088527819798265402e-05
5.088527819798265402e-05
6.282133110862053804e-07
6.282133110862053804e-07
5.653919799775849694e-06
5.653919799775849694e-06
4.579675037818440285e-04
3.709536780632938235e-02
4.579675037818440285e-04
4.579675037818440285e-04
5.653919799775849694e-06
4.579675037818440285e-04
4.579675037818440285e-04
4.579675037818440285e-04
4.121707534036596690e-03
4.579675037818440285e-04
5.088527819798265402e-05
5.653919799775849694e-06
4.121707534036596690e-03
4.121707534036596690e-03
