33810070.8
17654068.65
36517354.66
41948710.65
17381486.43
34058931.23
35637420.74
40636146.71
20367954.49
87175866.68
21198550.37
55047095.57
14260206.72
50287236.32
33781429.87
18350217.17
14736987.55
34547520.14
77953955.49
60132792.57
30195735.24
76977216.15
48288818.85
79907434.15
28536221.11
21421079.56
16097201.38
14043107.05
25675905.49
14494545.4
44609517.01
23454234.92
27579527.17
52042319.41
37608766.72
85092046.41
35428438.2
21906762.16
18444739.42
32731587.17
68837721.72
75023737.49
20044549.02
67209822.83
49793935.43
83008226.15
46126720.23
51450990.4
34172376.68
53102011.52
35957067.03
49120135.17
25287194.99
18103224.29
83702832.9
56104939.87
76651636.38
86481259.92
26018897.45
24257946.35
80235757.48
17149963.84
36227454.02
78279535.26
59793670.39
60811036.94
80924405.88
57173148.22
83702832.9
71767939.71
29472955.87
23087757.57
50892564.28
51076366.05
83008226.15
44309769.35
32964693.2
26481158.08
26708367.7
76000476.82
53401635.56
92385417.34
85092046.41
34351032.85
45814554.51
30063191.87
52703099.16
37645740.03
75023737.49
59115459.13
18556141.68
87523170.05
21409454.02
94469237.6
46715500.0
74372577.93
44067237.88
54758893.23
51076366.05
85092046.41
29023783.68
82660922.77
52800076.55
55475524.75
31164199.0
46034954.25
74372577.93
92732720.71
20939101.76
26032123.33
26742717.96
76651636.38
32135832.77
55827503.93
14778778.67
22273718.93
92385417.34
14016571.98
69488881.27
36623877.63
33032844.55
14077522.79
49405265.91
32689345.06
15283554.77
72744679.05
52422281.83
14243372.08
58559622.16
37155067.68
93774630.85
51775485.01
34745200.16
38687464.02
38124116.64
70140040.83
35524889.42
25535896.04
59887306.14
34875770.45
14052923.06
15512958.8
42540696.65
46126720.23
14185932.73
71767939.71
55617338.99
14031478.7
34623120.97
66233083.5
15158540.27
62651705.95
34981678.32
57894765.22
14068408.79
46507103.71
42319724.16
38131495.11
37337144.65
58067321.16
17140526.96
83355529.52
34050000.36
61674966.61
47081466.54
50565339.11
30909131.08
22142934.67
35210110.2
14085733.71
15227219.38
76000476.82
55474923.09
56186347.22
38357507.43
35959699.57
37947913.04
41685015.19
24978329.32
81966316.01
62651705.95
40698388.84
47972440.47
48567924.29
62167752.44
51125526.83
55267286.54
35150303.87
42740529.46
38635554.52
78279535.26
15467330.25
37593859.72
16947595.81
25558467.8
70791200.38
65256344.17
52475642.95
90648900.45
43342470.02
65907503.72
15879581.68
26871345.3
17465930.94
47679810.09
86133956.54
45665861.69
28060382.8
83008226.15
75023737.49
35011284.95
41133351.48
42591622.78
20564892.06
31056861.12
48030781.41
89259686.94
62326126.17
36722936.8
53645121.89
67209822.83
57851679.24
94816540.98
38731823.52
34879434.79
38131495.11
35673577.64
39486402.81
16604029.97
28520976.33
56525320.57
37328888.49
83008226.15
34598208.6
14052923.06
18879584.33
41626563.65
55036191.8
79907434.15
36587363.4
22359295.16
36505101.39
52422281.83
18486244.78
87870473.43
55860242.14
59546097.4
76651636.38
42469313.06
90648900.45
24169027.58
41413195.93
52042319.41
55825709.72
61674966.61
34886052.26
34710131.0
77628375.71
25682306.79
17736293.67
37426808.91
51356020.28
40320959.09
34894208.38
41899847.35
37155067.68
37020562.35
15662020.25
18994127.88
36227454.02
19715637.58
33627942.28
41085096.11
14062943.77
47451504.52
32430852.53
46093956.46
28520976.33
21329739.63
50467185.43
30792628.13
24118442.26
14365003.99
33781429.87
39502757.89
70140040.83
57894765.22
24374692.46
48839379.89
47833455.77
34167177.9
50285149.56
29822516.92
63628445.28
14443837.94
27240459.39
50349197.67
18412804.66
14104023.63
89606990.32
50776853.37
76651636.38
62326126.17
48051838.44
35979495.77
29842628.04
76651636.38
14309519.34
90996203.83
23218067.78
40638142.83
30691267.97
36182442.99
47865358.92
65581923.94
33614673.35
24032874.59
36830319.42
53033939.89
14024560.93
49252668.61
33810070.8
14435412.74
32145108.76
14830106.28
80924405.88
36514190.22
54491502.05
33727366.07
32551388.83
61674966.61
39821928.68
30378292.12
46398707.99
20658659.78
57415601.31
36246355.56
39510719.78
36232033.93
50634046.28
69488881.27
37560557.52
32369436.85
46538847.5
23224318.48
34870481.42
49810818.79
67209822.83
56436251.79
41405137.08
14418567.58
15402365.31
22359295.16
33563907.95
35979495.77
64930764.39
87523170.05
45151087.29
54419202.71
77953955.49
19281278.63
36454977.59
35996391.18
15917424.38
15208619.07
89606990.32
25586292.83
37049082.99
57011867.0
54380255.83
49070921.97
39502718.22
45966856.33
14485981.71
38513890.42
76977216.15
41709236.03
81619012.64
50351071.47
14816799.97
60132792.57
57728364.41
24620428.09
81966316.01
16575463.03
73721418.38
23191526.9
19117763.91
16488590.71
14520451.31
54830465.11
19354664.1
48567924.29
46578791.82
59115459.13
90301597.07
91343507.21
36505101.39
86133956.54
37817768.61
30030498.33
18396201.44
36068189.65
23393868.88
39601127.41
52627981.69
38644772.46
27920782.98
64279604.83
32501789.59
53313090.49
88912383.56
62977285.72
34412783.03
73721418.38
77628375.71
21670638.15
56816104.96
57881474.14
90648900.45
45038914.21
47122636.98
16923212.32
28604381.46
41685015.19
18833213.77
67860982.39
52502763.44
58745234.65
46578791.82
65581923.94
40861573.3
49908648.69
42169464.5
18080760.31
51450135.61
72093519.49
17381486.43
19609322.02
14494545.4
34594295.08
19910800.28
47486724.99
76326056.6
50022867.72
62261023.45
34360567.7
49678818.15
45324367.15
35138634.24
34580058.98
86828563.3
77628375.71
58233721.96
20237234.55
27207455.31
57000831.44
35421215.8
50335060.45
14292904.75
47594134.41
38795157.58
91690810.58
37812614.13
47863172.07
59576880.8
88912383.56
50497023.2
41948710.65
48567924.29
23319747.35
57281610.69
56154353.36
35958034.26
36859426.86
92385417.34
41397453.9
27476939.92
30061071.7
38423768.85
45763042.25
89954293.7
77302795.93
32799039.32
32755025.77
74698157.71
46110199.05
27216582.79
33224202.31
80924405.88
31064741.28
17598455.17
32767316.93
14054505.56
24813686.95
36785691.86
92732720.71
53537570.12
87175866.68
43357005.39
18009947.79
37047204.59
77628375.71
49447648.26
40416592.68
73070258.82
36612421.41
32911065.67
30928379.05
18605823.99
26746932.5
31982121.36
16513755.96
29847475.45
51402833.63
90301597.07
48574884.6
26525231.45
56715875.03
30195735.24
49728379.09
35428438.2
49809987.16
59793670.39
38967234.17
15938115.96
45695681.49
30160375.21
27427145.77
84050136.28
32445418.97
52703099.16
32285626.57
38629969.27
32913654.48
26032123.33
90301597.07
45194700.18
49532155.54
42863529.95
82660922.77
80577102.5
30378292.12
32236319.66
50800869.07
19174228.62
76000476.82
39601127.41
38629969.27
47612252.14
40597786.82
53656417.58
30298296.39
56402849.09
17684219.97
63628445.28
68186562.16
82313619.39
46810157.02
46156599.76
56205247.62
41956834.46
67860982.39
14601312.76
73395838.6
32417592.25
49778669.18
33624317.05
62167752.44
34879434.79
52341403.13
77302795.93
53401635.56
47122636.98
40688449.45
31863749.95
44753858.57
50912653.56
31047548.06
17084276.64
81619012.64
34717107.48
84050136.28
33224202.31
74046998.16
36205412.02
19314484.85
22211086.46
74046998.16
40861573.3
56742013.69
74372577.93
32692456.44
52144066.63
57312092.0
29011033.59
65256344.17
26742717.96
15270389.26
70140040.83
14418567.58
31436439.2
83702832.9
16316706.63
29945454.7
54406075.53
33149282.51
74372577.93
63302865.5
41626563.65
14485981.71
53225144.88
19117763.91
83355529.52
19749535.5
35680639.14
17029373.88
17040531.47
53639356.38
46670695.75
46126720.23
41114010.51
44608760.98
22008863.71
64605184.61
45171162.73
49399476.66
44976003.29
68512141.94
26983408.73
25997599.49
73721418.38
25321675.65
17110842.98
92038113.96
94469237.6
88565080.19
19281278.63
72744679.05
44879924.13
20144773.32
65581923.94
38187789.21
25558467.8
19212501.29
58219914.59
46538063.61
20262643.51
18907381.65
67209822.83
17695353.65
41655687.86
39276509.6
53345111.78
32145108.76
43085577.0
47486724.99
75674897.04
73070258.82
60132792.57
52701631.38
28547906.14
33233418.29
34704402.45
34623313.43
21063355.94
58406277.9
14683795.54
92038113.96
56816104.96
88217776.81
34064254.79
22120989.63
48009713.4
53539706.68
34544075.51
57880854.0
34554657.5
25912912.71
74372577.93
23191526.9
81619012.64
68837721.72
20564892.06
76326056.6
45324367.15
27182301.73
17654068.65
40041620.53
42953833.26
24103685.94
17465930.94
30378292.12
18614704.03
57610627.94
35742967.67
76326056.6
36246355.56
57728364.41
55305315.48
48721859.16
35673577.64
48904920.38
22447595.18
71442359.94
52701631.38
77628375.71
29737816.22
73395838.6
93427327.47
32147993.27
34886052.26
19195091.91
74698157.71
69814461.05
50938384.23
36883326.72
17327811.02
36514190.22
41514457.0
14431355.01
19146044.93
78930694.82
14617321.74
19097013.84
36884852.45
45465966.91
14202332.35
40326004.3
59454548.2
41775932.51
18253699.58
33730382.97
63302865.5
14359690.18
42220502.96
88912383.56
31993765.03
63954025.06
67535402.61
57000831.44
15128902.4
25760785.73
48968708.9
72744679.05
66884243.05
21063355.94
83355529.52
53790965.76
66233083.5
23557202.52
88912383.56
91690810.58
15043266.32
14418567.58
37328888.49
63628445.28
43035894.1
26288887.2
27427145.77
55847373.86
74698157.71
48288818.85
87870473.43
53285683.74
32501789.59
31165311.46
28785830.91
84050136.28
31591667.15
47212295.79
45937093.52
32407918.08
80577102.5
68512141.94
24399013.03
43419200.05
51915744.69
80235757.48
63302865.5
37318267.32
49222929.66
56402849.09
34479120.55
18522851.83
16575463.03
14537743.07
36080713.01
93774630.85
25207172.93
57012715.73
25084906.42
36995343.68
14046077.42
37700954.57
14112207.46
52754791.42
76000476.82
39510719.78
20044549.02
14062943.77
38685954.56
24856655.92
57759141.53
36749539.06
22920706.08
89259686.94
26708367.7
63628445.28
50076852.92
71442359.94
15731129.03
26510533.0
38402583.7
28164341.14
62651705.95
67209822.83
91343507.21
47122949.01
48890095.85
16785546.68
14088811.53
38695501.51
84397439.66
33808587.15
83355529.52
41133351.48
53541671.91
27944093.89
37600557.11
67209822.83
76977216.15
18976690.24
14037657.14
38143750.0
29083383.67
66233083.5
20128562.54
93080024.09
26037902.89
40960306.22
35433470.83
55508400.51
39238976.37
53820480.67
42492295.26
45310859.63
30812336.89
88912383.56
43691344.42
59915367.02
28610055.4
82660922.77
53640747.28
39228200.69
47787001.54
65907503.72
94816540.98
32538334.34
70140040.83
16967449.71
46810157.02
40560979.43
14317842.07
45310859.63
44394921.13
34945961.37
79256274.6
16282213.77
77953955.49
40318019.69
74046998.16
32767316.93
85092046.41
37047204.59
63050918.31
43024741.82
39882515.34
14563688.51
35692656.44
43253880.9
20304994.21
48166043.72
91343507.21
36522420.63
59659439.96
27927396.75
33614948.08
65907503.72
62651705.95
52980980.92
84744743.03
40571653.45
39238976.37
69488881.27
47214696.79
49684385.84
14047445.32
32417222.31
36522420.63
88217776.81
14043107.05
22596115.65
91343507.21
55317986.64
50056411.98
27690455.44
63628445.28
39510719.78
37355655.2
86828563.3
14334502.8
62977285.72
34053682.81
18823259.66
65907503.72
67209822.83
52241949.09
58867562.54
52502763.44
69163301.49
65256344.17
90648900.45
46093956.46
51359114.06
24117970.89
38967234.17
39057491.62
22447595.18
36727519.86
73070258.82
51763135.45
53490784.86
14561975.99
47863975.86
46306871.5
53424394.67
37545196.76
14846083.64
29109936.42
36338806.1
53080368.09
66558663.28
52258839.66
91343507.21
43011754.41
14036534.42
37372036.12
23901383.31
40861573.3
39066966.75
61489382.36
60471914.76
47214696.79
86481259.92
29250085.37
69814461.05
14460688.39
38492206.46
56216608.61
39499339.79
47565685.28
47674907.78
23794700.46
14410154.87
26945333.33
53845154.08
38143999.52
53260330.47
38987768.68
61243161.68
81271709.26
79907434.15
35971272.56
26945333.33
50006493.42
45310859.63
42500478.27
64605184.61
39457960.26
46538847.5
51124188.98
56064014.61
27596369.02
37644469.25
87523170.05
52196494.48
89606990.32
53805436.3
34414164.98
34432023.59
40651100.58
20939101.76
27453518.48
44097427.31
65581923.94
32199895.33
30378292.12
19442203.83
56500396.4
63954025.06
44609517.01
29499757.56
42439836.78
34336512.8
89954293.7
75674897.04
45263904.71
31970853.56
46306871.5
48233302.5
37267761.36
30384233.6
41685015.19
92732720.71
14615711.09
66884243.05
40960306.22
18131919.24
39188974.09
52980980.92
42492295.26
57581744.5
34284256.02
56402987.97
33505669.34
80235757.48
41413195.93
92732720.71
32236319.66
49649961.21
29824056.04
38251650.69
37261339.1
85439349.79
18471581.97
19693197.27
69814461.05
30079371.59
17229970.22
75349317.27
93080024.09
55474923.09
91343507.21
26633419.07
14563688.51
14435412.74
41775932.51
52520605.72
19879213.96
53193239.35
63954025.06
35410826.6
33236929.98
71767939.71
16513755.96
55725041.26
23191526.9
48677780.25
19051742.83
45452449.58
43035894.1
77953955.49
50058685.44
23439393.33
39821928.68
21175623.51
41939858.14
70791200.38
16750188.74
50467185.43
83702832.9
14533638.54
52980980.92
29078675.66
53262146.24
30161623.96
63628445.28
14410154.87
17862422.85
79581854.37
43903271.94
71116780.16
83008226.15
72744679.05
65581923.94
41948710.65
28773083.71
44403519.69
49908648.69
27656262.53
54152538.98
64279604.83
54150549.21
80577102.5
91343507.21
70791200.38
43283717.15
34438618.3
62372548.22
27821454.74
16867201.29
36250940.35
89259686.94
16099808.66
70140040.83
43044157.51
71442359.94
52295617.66
31174555.25
60255125.18
38513890.42
54419202.71
43838444.16
14112207.46
54419202.71
40048217.84
38908170.16
14533638.54
58189656.24
57850389.11
34680033.85
79581854.37
54150549.21
67209822.83
30913715.18
74372577.93
47787001.54
55018077.97
38937293.45
55597536.34
14069318.68
28186466.4
42284023.41
41133351.48
58558996.75
33350750.47
15033724.53
41948710.65
16243059.94
87175866.68
76000476.82
22245335.66
52243310.52
21658284.21
25822526.68
23323985.01
14870026.14
54797013.81
37065522.57
30648972.8
33268338.75
14359690.18
79581854.37
54119841.69
32199895.33
45582811.3
33505723.74
52745094.32
61828567.4
34096250.86
57512413.73
36206044.7
56402849.09
31282064.44
51204123.97
50800869.07
79581854.37
48450484.06
78930694.82
19334919.83
62846165.31
55825709.72
87523170.05
35122030.07
15662020.25
86481259.92
14604027.87
58098204.76
20262643.51
43679264.72
34167177.9
14094397.38
14259828.81
49726310.95
41232172.11
14426987.55
35796527.69
25675905.49
14193216.85
50908288.53
31705414.91
71767939.71
71116780.16
53345111.78
69488881.27
35436633.23
93080024.09
36450539.73
78279535.26
34623120.97
46893298.2
73070258.82
86133956.54
52865230.22
20085340.12
14128449.07
29261765.14
51635882.48
50187902.82
47486724.99
48302832.78
15666045.64
38915833.66
24871442.45
33829458.77
49532155.54
25924002.9
35393026.04
30030498.33
36285591.3
30465948.75
26632652.02
79581854.37
30073893.99
88912383.56
24848156.17
39215267.13
82313619.39
33183131.42
36448797.37
76000476.82
16730671.57
62326126.17
42319724.16
35250357.28
69163301.49
18120809.88
31356654.65
47863975.86
85439349.79
56064014.61
40597786.82
79907434.15
49958159.64
46094671.71
17357860.64
62506937.48
48574884.6
41709236.03
18227332.7
41676923.51
88217776.81
62506937.48
94121934.22
37049082.99
14043107.05
27572372.59
21078945.42
57029827.6
84744743.03
46056019.21
54988095.92
72419099.27
58559622.16
20189297.09
19537633.72
55874812.97
80577102.5
25687556.96
83355529.52
15208619.07
28758262.02
89606990.32
18879584.33
85092046.41
48608637.53
39580912.19
80577102.5
73395838.6
46267537.98
46306871.5
37426808.91
27219897.0
59762127.29
38460416.83
52196494.48
89606990.32
24340311.22
66233083.5
44989745.97
54708132.51
14494545.4
87870473.43
30467253.27
14776892.06
36611596.88
77628375.71
80235757.48
87523170.05
59115459.13
76651636.38
51465489.27
22509762.98
14285459.59
58067321.16
71116780.16
16139469.81
57081056.31
18775778.95
27682997.67
80235757.48
50926066.3
37000070.97
20018516.54
27098180.54
56701838.17
22211086.46
14615711.09
56731543.31
60471914.76
56864346.3
42753511.95
57894304.81
22229148.26
55905231.48
30490667.75
78279535.26
54457174.61
30909131.08
37100238.54
25113835.07
65581923.94
15848394.45
62000546.39
42542748.17
25068344.13
51123412.12
42772300.18
78279535.26
39770478.89
75023737.49
34825058.98
48329219.6
54798382.6
46669120.21
78279535.26
53700836.73
14404804.45
37049082.99
56104939.87
50521748.0
32672983.73
45582811.3
34881086.44
44096679.23
29709880.73
35683034.7
35984785.86
14059771.15
40861573.3
78279535.26
48512507.43
37321438.48
29823863.22
14038635.8
46056019.21
56505543.43
51863655.56
70140040.83
21412260.06
87523170.05
75023737.49
37608766.72
75349317.27
74046998.16
43035894.1
32097507.47
52701631.38
48791712.36
14494545.4
43253880.9
64930764.39
47553956.87
37040229.63
52022743.22
76651636.38
71442359.94
91690810.58
42220502.96
14311956.6
71442359.94
14581011.95
54718563.73
87870473.43
41385198.16
40813317.73
14633068.01
80924405.88
42303213.83
77953955.49
19531969.33
15003190.46
38967234.17
47771119.7
17149963.84
14038635.8
78279535.26
28995557.93
76651636.38
35687384.17
35699838.77
32717617.49
38887237.06
33519761.29
50521748.0
18994127.88
27419276.81
87523170.05
33795736.92
18928173.08
70140040.83
41084391.81
61674966.61
31600960.98
34623120.97
48252018.89
54119841.69
17618295.64
39872946.91
72744679.05
45491130.25
87523170.05
34337233.34
61583683.17
58745234.65
37561210.09
20620856.04
14039462.01
49405265.91
94121934.22
81271709.26
24118442.26
16649649.41
64605184.61
49678818.15
18171031.4
38673698.86
49399476.66
30775533.55
34080957.69
61611065.8
67535402.61
81619012.64
52296754.8
14079541.04
48345960.16
44209248.56
43407347.59
34955475.6
29315875.55
48847029.74
38967234.17
64605184.61
44445481.58
15619581.89
40028675.77
52422281.83
95163844.36
46094671.71
40571653.45
14477342.01
17382301.31
24978329.32
49531327.88
63954025.06
16947595.81
41504052.31
87870473.43
76000476.82
37049082.99
22594778.01
16118079.44
37307297.61
69488881.27
67860982.39
37645740.03
14062943.77
75023737.49
37698564.49
72744679.05
16811106.36
76977216.15
36068189.65
46893298.2
55386067.9
36719597.49
76000476.82
38143750.0
48302832.78
36242718.8
21329739.63
52939434.1
34167177.9
32465604.41
21536039.57
56494617.35
34626133.52
34910254.78
31282064.44
92732720.71
15836811.25
27663700.81
44461406.66
33509177.03
45966856.33
25795284.11
57511122.06
43795370.95
39774482.49
31705414.91
56064014.61
18120809.88
15863052.28
61674966.61
14533638.54
17913635.38
41676923.51
67860982.39
44481553.56
14607033.36
58190949.03
28841477.16
15619581.89
65256344.17
20316348.68
53701259.6
37980186.35
45182444.91
91690810.58
69163301.49
58303122.36
79581854.37
92732720.71
46034954.25
32692456.44
15921479.91
34879434.79
45153337.22
79256274.6
50796778.61
57081056.31
32680006.63
23173617.7
35699838.77
48331251.17
35979495.77
90996203.83
63302865.5
18710314.04
32975283.28
43084899.39
35793966.18
78930694.82
70791200.38
30535535.61
57415601.31
55476863.11
48288818.85
37872663.04
14533638.54
51483096.69
30027563.12
55725041.26
17583890.15
36828471.16
57628560.08
15467330.25
58220537.37
15936906.64
52294759.81
35687384.17
55316560.38
61244402.95
71442359.94
71442359.94
58189656.24
37817768.61
55617338.99
78279535.26
47844197.91
33032844.55
20876523.2
55825709.72
33539192.29
21772442.4
15631501.43
43629801.25
14615740.7
32095346.76
66233083.5
22615315.43
22044010.5
84744743.03
41927602.08
43587873.86
44123111.34
19693197.27
14047445.32
67209822.83
39853116.16
36250940.35
68512141.94
60237037.91
18131919.24
37318267.32
54419202.71
40366067.72
79256274.6
27358570.62
61674966.61
15232316.37
27572372.59
58657801.16
36454977.59
61963669.33
14085733.71
38616184.56
27809476.63
19174228.62
40144766.48
26160458.02
33262055.81
38944814.03
18775778.95
43012486.57
19531969.33
72093519.49
85439349.79
41668656.02
49908648.69
44223102.58
42500478.27
14607033.36
48166851.48
56220713.99
81619012.64
43357686.42
20857982.18
62968497.92
39601127.41
89259686.94
48134390.09
90996203.83
53836638.13
80577102.5
48392477.27
79256274.6
14615711.09
22465212.02
27690455.44
92732720.71
53401635.56
14016571.98
20367954.49
47907758.84
14624389.55
80577102.5
65256344.17
46893298.2
29725058.38
14803497.34
50187902.82
56524710.99
21049117.61
37337144.65
70465620.6
44852191.51
14967962.15
37708722.02
19258179.26
45052170.57
14219534.83
51483951.48
36558566.68
82660922.77
61694178.14
59897768.33
14079541.04
44753858.57
27120772.22
58572678.71
63390146.14
36749539.06
46507887.6
90301597.07
69163301.49
41232172.11
52894376.15
31488947.62
79581854.37
85092046.41
14260206.72
45491130.25
84397439.66
43951183.65
71116780.16
39057491.62
24813686.95
41385198.16
40416592.68
54245142.12
39971484.94
82660922.77
19769269.9
14589685.75
43135438.77
31056861.12
37713579.0
18337827.88
14640452.28
88912383.56
55847373.86
45763042.25
94469237.6
35253268.49
31439979.61
50659462.3
69488881.27
84744743.03
41182299.89
40092661.92
54419202.71
63302865.5
49780100.18
75349317.27
17140526.96
26244772.02
16532489.36
36514190.22
42220502.96
72093519.49
79907434.15
42711657.46
36351458.59
28535163.03
55778061.54
31174555.25
22447595.18
30425563.87
46882054.48
31047548.06
70791200.38
40397525.71
22954965.67
58437289.55
50237603.73
36522420.63
25523987.98
73721418.38
32564451.02
89606990.32
35401399.1
63628445.28
27342990.05
34638787.51
50467185.43
50302362.71
34626133.52
15700484.55
59998529.03
46279791.4
37372641.86
53313090.49
52817846.96
49727070.7
84050136.28
81271709.26
95163844.36
57849768.97
55930048.73
54913150.27
91690810.58
16243059.94
61674966.61
36234102.24
40842831.98
62326126.17
52009051.72
48345960.16
62651705.95
38917903.64
15917424.38
35410826.6
36232033.93
19051742.83
14603480.59
52144066.63
32952097.2
94469237.6
45724985.52
41413195.93
94816540.98
45219219.34
33233590.66
89954293.7
34547520.14
31336874.99
69163301.49
78605115.04
14059771.15
20523565.64
70465620.6
68186562.16
31603599.84
48709598.2
31280331.82
30643707.12
28638409.82
39610607.66
16215091.56
41775932.51
86133956.54
14259828.81
16532489.36
36785691.86
33233590.66
93427327.47
16923212.32
87870473.43
14008583.62
39476349.52
37859751.09
29585740.6
38695501.51
34816408.91
71442359.94
23306646.32
23307920.18
64930764.39
56864346.3
36769400.62
56402987.97
66884243.05
85439349.79
71767939.71
16215091.56
44403519.69
81966316.01
69163301.49
70140040.83
19867941.85
42764090.95
21882779.25
93774630.85
36476425.41
37582081.03
51744116.24
56402849.09
94816540.98
18736540.2
40092021.95
48515106.55
74372577.93
57510504.57
63302865.5
35142772.56
33084914.83
58067321.16
14856719.52
35364943.8
67209822.83
55169428.17
29790308.47
42268606.12
73395838.6
55827503.93
46578791.82
15016548.9
44779988.48
34816408.91
16026140.28
27453518.48
69163301.49
88912383.56
51125526.83
58437289.55
91690810.58
32797897.19
66884243.05
15718698.42
91690810.58
32817750.11
30310718.36
17902512.84
56402849.09
34607991.52
56715875.03
22718412.09
21031825.74
81619012.64
76977216.15
83355529.52
33781429.87
67209822.83
47426666.36
18249411.84
54197594.06
23544427.63
40048217.84
35153381.44
79581854.37
55267286.54
37872269.35
50566665.17
14444635.0
29585895.84
44766974.83
14051152.86
63302865.5
61674966.61
35708058.45
14218740.61
23543507.74
95163844.36
48846936.43
49515373.35
14235149.11
37165803.08
37872269.35
36233469.56
30643707.12
30957507.52
35907275.79
14410154.87
66233083.5
27342990.05
34050000.36
86481259.92
44359488.35
34275076.25
51469877.28
62651705.95
31022358.04
18195785.79
66558663.28
36242718.8
70791200.38
32502291.99
57610627.94
50488844.8
84050136.28
23405344.17
16432367.1
69163301.49
31437556.6
39774482.49
20726863.51
55168829.15
65256344.17
20018516.54
33777859.28
33795736.92
58098204.76
34312721.2
36450539.73
80577102.5
49809987.16
14603480.59
55005568.83
54369169.44
29854769.84
14243372.08
41453013.84
15375423.37
41898368.93
38959197.28
37601585.88
17953654.79
40271862.72
36517354.66
44123111.34
39547909.12
47274469.54
66233083.5
35673577.64
33777998.42
55725041.26
38513890.42
41180936.3
22752129.32
21412260.06
30514938.7
70791200.38
21268877.74
50646313.52
48846936.43
33882444.62
48791712.36
43274961.6
89259686.94
44639166.61
35524889.42
34040577.87
33473677.57
79256274.6
49500090.77
21885699.76
52892409.69
47758753.2
52893199.87
52585654.1
14101720.78
53079567.28
28604381.46
95163844.36
39290438.17
35979495.77
25565381.69
73395838.6
35249170.65
48136587.77
37600557.11
19800274.49
14418078.93
33563907.95
14074458.85
39548542.24
62260369.01
34412214.94
77628375.71
91690810.58
49684385.84
30643707.12
34745200.16
56516356.78
33268338.75
14345185.05
70140040.83
34891691.35
94469237.6
84050136.28
20802034.18
19582042.28
82313619.39
45582811.3
36476425.41
44990447.54
48567924.29
53260330.47
68186562.16
18088436.5
48566942.44
43524253.96
71767939.71
14020159.57
56186347.22
19064111.62
22832951.55
34367514.99
41355474.62
18009947.79
48512507.43
30737342.24
50614655.94
49221512.36
14024560.93
62977285.72
40046251.09
47758753.2
51915744.69
87870473.43
32692456.44
83702832.9
21198550.37
26170221.67
65581923.94
61015895.58
28758262.02
48329962.23
59250593.79
39453402.72
49446891.94
36775889.88
22370186.36
87523170.05
14153145.51
52640366.09
66558663.28
55038436.93
69163301.49
61582448.94
45181680.92
63628445.28
55386067.9
55182308.87
72744679.05
36257112.89
47352005.75
58981270.38
54708132.51
34160828.32
85786653.17
51979341.34
18080760.31
34080957.69
59084192.99
71767939.71
14153145.51
94121934.22
45310859.63
44766974.83
63628445.28
34040577.87
50242626.92
35421215.8
58540818.63
24257946.35
35704412.74
29847475.45
57029827.6
77953955.49
53565418.91
38785683.82
31174555.25
30784819.91
15704103.74
25919888.63
34080957.69
36450539.73
68186562.16
52041462.59
28367313.22
40892703.52
37675785.73
19314484.85
20961314.68
45465966.91
27663700.81
41981437.65
34881086.44
39238976.37
45182444.91
49184400.9
30172293.15
87523170.05
33624317.05
86828563.3
58098204.76
65581923.94
78605115.04
58898706.95
78930694.82
53313090.49
26481158.08
85439349.79
73070258.82
78930694.82
29582071.3
40597786.82
55546479.57
15700484.55
39187572.96
87175866.68
35909918.39
23173617.7
40960306.22
34584880.25
36788407.16
29315875.55
55546479.57
20843284.81
41725091.39
31443218.06
33298374.79
75674897.04
42411549.77
69163301.49
58898706.95
72093519.49
19986624.64
81966316.01
47172400.27
49168226.71
48009713.4
54150549.21
21521028.89
49743372.73
43044157.51
48051838.44
35955244.36
53102011.52
55317986.64
26407805.61
90301597.07
17436900.21
24576981.32
92038113.96
51763135.45
33496323.39
15631501.43
14342881.72
93080024.09
81619012.64
56104939.87
57862374.64
78605115.04
48022113.88
49241155.12
55725041.26
22851530.43
50337325.71
30112880.3
51025750.64
49070921.97
84050136.28
54429714.69
56155365.93
58898078.9
40542243.65
50521748.0
14980885.16
58220537.37
36504375.87
33777859.28
34608600.32
42140408.03
14846083.64
55546479.57
56433960.08
47321540.52
37872269.35
58067321.16
51217306.16
72744679.05
50521748.0
14401742.2
77953955.49
20813484.83
14007532.1
72419099.27
38090352.5
43543977.76
61674966.61
36842317.34
62326126.17
40941943.63
38152082.22
44766974.83
23069798.3
53033939.89
36557324.46
24964991.8
47080674.69
32911065.67
36250940.35
34337838.16
57000831.44
18056800.5
71767939.71
93080024.09
93080024.09
42492295.26
21314816.94
60224664.08
38959197.28
40416592.68
32407918.08
34710131.0
78930694.82
47907758.84
93080024.09
15346123.37
70140040.83
80235757.48
38673698.86
50467185.43
88565080.19
92038113.96
33792006.25
27821454.74
14284606.51
56269022.08
70791200.38
44123111.34
80577102.5
22455331.66
31084468.9
82313619.39
52241158.55
59207457.76
36514190.22
49958159.64
53359862.23
55916969.51
72419099.27
52041462.59
38143999.52
74046998.16
24830730.27
41113306.21
56104939.87
88565080.19
90301597.07
34096250.86
32236319.66
32767316.93
18412804.66
68512141.94
61285311.77
21285064.38
28846707.85
41357644.9
40416592.68
88217776.81
17219757.29
33032844.55
29945454.7
14268060.84
52008194.89
80235757.48
60691574.44
54718563.73
19174570.91
18629845.19
22217894.69
55317708.48
42228656.37
50187902.82
53359862.23
46654778.7
35420353.72
88217776.81
51356020.28
45843159.92
39230956.46
19391877.06
45877149.64
79907434.15
30378292.12
14452263.14
52008194.89
53313090.49
40397525.71
94121934.22
52861604.55
16552649.84
28367313.22
27335274.45
34058931.23
48980971.78
15836811.25
41598129.84
46235890.05
34816408.91
24635224.88
55317708.48
35543758.74
42813472.21
58067321.16
14607033.36
41086549.9
52142962.7
52142962.7
57216232.2
41725091.39
50908276.35
70465620.6
22851530.43
34895601.69
14326172.44
52142962.7
87175866.68
18703296.8
34544075.51
85786653.17
31970853.56
62000546.39
29487002.31
29470318.71
53821199.88
52502763.44
18234876.19
62000546.39
35796527.69
52926927.49
75674897.04
37608766.72
59206827.07
18388420.12
33185862.92
54490908.3
40426389.22
14443837.94
75023737.49
54479352.24
54030206.38
88217776.81
15483655.99
83355529.52
86133956.54
47954100.57
32465604.41
42492295.26
18955376.78
91343507.21
37872269.35
33355331.44
36995343.68
36785691.86
45422274.1
58880042.11
15563345.54
44223102.58
14694498.66
16591620.4
21421079.56
46850712.13
16604029.97
62167752.44
36242718.8
26160458.02
69488881.27
78930694.82
29790308.47
42575492.94
27182301.73
56199209.29
70465620.6
32237498.51
34095009.86
53102011.52
53033939.89
35984785.86
35633412.23
55617338.99
45854762.96
55916969.51
45996258.95
43295973.65
14311956.6
14763589.53
88565080.19
26505810.64
35637420.74
84397439.66
52475642.95
37131542.78
89954293.7
29249012.47
52627129.73
38673030.37
14351285.94
14949870.51
18920402.79
41775932.51
37311085.03
18879584.33
44235643.29
53821199.88
73395838.6
92732720.71
42500478.27
34140016.13
79581854.37
51076366.05
51962498.5
49499263.11
67209822.83
40046251.09
75349317.27
48049801.76
56742013.69
33296799.02
19363973.64
52027149.77
47612252.14
29349567.13
23203214.44
30643707.12
23696651.85
46614205.2
43372691.12
15809225.54
14095853.2
59335714.65
80924405.88
81271709.26
63302865.5
35428438.2
71767939.71
76000476.82
56216608.61
23082325.78
93774630.85
57216232.2
50908288.53
72093519.49
61828567.4
53102011.52
28525876.39
62629270.09
46306871.5
15487243.87
38104721.87
83702832.9
51079990.81
67535402.61
69488881.27
40960306.22
14226944.82
16809866.62
35123486.6
33539192.29
59928802.46
15346123.37
43546092.13
52595512.95
49678818.15
35428438.2
74698157.71
26731985.0
34053682.81
33624317.05
34438618.3
43307697.25
47895501.51
29586691.5
34626133.52
93427327.47
53238502.11
91690810.58
67535402.61
88912383.56
59084192.99
69163301.49
40813317.73
37386040.54
14210536.44
37562633.06
75674897.04
30909131.08
19932869.45
21536039.57
31488417.17
14537743.07
52203142.17
17518945.22
43316015.68
62977285.72
90648900.45
43936945.36
22122493.99
38102657.21
52926927.49
38202031.0
21906762.16
48846936.43
15294807.74
57285994.52
35692656.44
47624151.55
44109684.31
46948588.27
27692928.62
89954293.7
69163301.49
32369436.85
71442359.94
32819082.11
76000476.82
62651705.95
50368247.9
33183131.42
30691788.16
62629270.09
14206374.02
18444739.42
58559622.16
22684139.27
54124915.93
81271709.26
37155067.68
20150246.22
45730862.11
15346123.37
87175866.68
51496293.59
48610668.4
90648900.45
38957070.96
90648900.45
92385417.34
24641420.55
43342470.02
50800869.07
14469115.66
39174913.74
63050918.31
20620856.04
66884243.05
59576247.48
33727366.07
73721418.38
30264877.65
81966316.01
40636146.71
31705414.91
15997830.56
36178150.32
79256274.6
66558663.28
74698157.71
36775889.88
74372577.93
34310532.68
59454548.2
53788972.48
37261339.1
25451125.5
53981996.34
41996517.79
36793969.12
36747457.76
57081056.31
87523170.05
35979495.77
31705414.91
16271301.99
85439349.79
22142934.67
91343507.21
43526467.83
86481259.92
68186562.16
33781429.87
22954965.67
45737239.81
61963669.33
37973386.06
47213601.73
57420098.92
35755912.16
29585740.6
33810070.8
41899847.35
25444733.4
22930307.84
23545381.87
40000097.51
52166858.28
92038113.96
45816576.79
75674897.04
17959235.62
41685015.19
60903874.64
53983576.22
32617528.11
17740781.7
75674897.04
27471029.96
35959699.57
52802387.48
15444572.04
16866953.63
42602829.73
91343507.21
14309519.34
92732720.71
83008226.15
14047062.61
16054046.58
54119919.1
23393868.88
84397439.66
32911065.67
18339120.61
32689345.06
20972765.16
72419099.27
38685954.56
14044728.42
27920782.98
33829458.77
46337453.98
56701838.17
18522851.83
83008226.15
45724213.57
32964693.2
24254196.62
38143999.52
44495035.46
49236811.28
14291217.28
40046251.09
43035894.1
91343507.21
35934401.81
90648900.45
29232861.73
38374375.78
18992876.57
34148301.41
46609751.6
53225873.29
40869583.38
83355529.52
54281742.99
89259686.94
45261884.44
14260206.72
14144952.45
20702698.04
30490667.75
36448797.37
44939687.95
48791712.36
91343507.21
40513658.86
31901033.69
20150246.22
28610055.4
14071447.95
39774482.49
54457768.35
19363973.64
37102097.36
93427327.47
28758262.02
70465620.6
43554947.73
81619012.64
64605184.61
53592243.4
89259686.94
33539192.29
57612956.92
93427327.47
43012486.57
54708132.51
62326126.17
15282368.27
30440359.55
75674897.04
51762279.64
39018329.83
44947319.46
47293287.43
49350164.21
34038150.46
23794700.46
34857046.97
41997181.71
21434567.91
38795157.58
34054158.09
94469237.6
14590741.27
88217776.81
14068408.79
54708905.31
49629406.45
34040577.87
47565685.28
37860407.65
26471406.67
62326126.17
28186466.4
49265757.5
43316015.68
19609322.02
55825709.72
40318019.69
59423160.14
73721418.38
56780083.53
92732720.71
19531969.33
67860982.39
84397439.66
53208579.2
78279535.26
24017280.04
16532489.36
55905231.48
44495035.46
14537743.07
30202265.63
78930694.82
59793670.39
23306646.32
17366924.77
34623120.97
18928173.08
74046998.16
30452059.74
78279535.26
46267537.98
31825627.12
46844528.63
15718698.42
30547542.89
53703976.89
45497848.19
43524994.08
66558663.28
84050136.28
50285149.56
39277823.22
60267495.25
65907503.72
33455236.91
48610668.4
34050367.25
52754791.42
90301597.07
25050424.81
16357464.92
34955475.6
86481259.92
25920892.32
37100840.86
44766974.83
40542243.65
45830738.84
53102011.52
14301207.0
45497848.19
75349317.27
56155191.82
34064254.79
14351285.94
93774630.85
85092046.41
47730608.76
48233302.5
71442359.94
81619012.64
20726863.51
85092046.41
26234489.09
94469237.6
33458111.11
19648317.78
18274620.33
24590902.91
50629673.91
57171240.17
47352801.58
30267331.98
42492295.26
19582042.28
54406075.53
43644869.34
43614712.98
14015513.46
77628375.71
78930694.82
57105422.28
60101094.44
74046998.16
16215091.56
42047825.54
14598359.55
72419099.27
20843284.81
53079567.28
35123486.6
43316015.68
62651705.95
23882224.24
23560235.17
47093722.02
34866457.08
70791200.38
14161338.94
49908091.37
62977285.72
32697829.87
47228056.33
53401635.56
28872033.91
39731121.79
18017862.79
44990447.54
60471914.76
31280331.82
31553817.45
54542813.03
35165296.46
14127652.99
92038113.96
43951183.65
79256274.6
45298502.97
72744679.05
31886451.59
40289815.87
84050136.28
79581854.37
64930764.39
37849542.25
69488881.27
62000546.39
44939687.95
17621193.48
14697093.51
69163301.49
50800869.07
86133956.54
15949331.73
22509762.98
43851306.21
84397439.66
48512507.43
49126145.99
52802247.16
73070258.82
15994188.85
40570957.1
51684397.55
45776933.33
55018077.97
14113682.19
57415601.31
54118522.9
51635882.48
47321540.52
28999330.39
24138028.79
76651636.38
68512141.94
69814461.05
20639346.63
24590902.91
27106457.3
35704412.74
44507815.89
78930694.82
38695501.51
77953955.49
51452259.69
16989196.96
53191992.37
36811855.17
37986010.34
27453518.48
83355529.52
38423768.85
75674897.04
33777998.42
15563345.54
46398707.99
92385417.34
35121413.31
35708058.45
61922963.39
88565080.19
37532281.01
88217776.81
20792925.54
14750287.0
56172332.88
35708058.45
54457174.61
74698157.71
14008583.62
81966316.01
85439349.79
36883663.37
72419099.27
83702832.9
70140040.83
69488881.27
43825442.52
45535868.42
17800867.73
56844728.17
77628375.71
20367954.49
84050136.28
50302362.71
31439979.61
75349317.27
32938286.33
42812798.02
59208761.92
14710391.5
74372577.93
45497848.19
94121934.22
20792925.54
53313090.49
53005948.57
77302795.93
35416387.39
14309519.34
79907434.15
25912912.71
15859039.46
29347911.02
47592758.19
59115459.13
76977216.15
52594407.38
49649961.21
62967838.2
20726863.51
41869268.93
85439349.79
94469237.6
31934187.64
35951739.36
34412214.94
62506937.48
29854769.84
30112880.3
69814461.05
15642226.71
28130286.22
55846769.56
44131637.09
51305041.28
22730947.66
57202774.05
14995597.81
61271883.4
41374492.23
25050424.81
88912383.56
41775932.51
47883518.27
63954025.06
39057491.62
76000476.82
41775932.51
74046998.16
28396366.47
59793670.39
46850712.13
36623191.33
17815428.85
77953955.49
55054067.72
43255363.17
68837721.72
47322909.89
77628375.71
21980512.17
89954293.7
39174913.74
84050136.28
78605115.04
55182308.87
37426808.91
35227374.38
65581923.94
55877086.05
50517191.17
35699838.77
35361076.73
38662935.88
55825709.72
16750188.74
55661388.8
61674966.61
52502763.44
22132845.45
19537633.72
36842317.34
88217776.81
39729024.67
14627999.69
38411900.81
50088646.43
50843990.61
31331743.57
50069657.69
50335900.05
58776374.34
79256274.6
35476828.12
15212437.49
33203629.46
70465620.6
55386067.9
49384255.68
35181722.05
55875648.01
60101094.44
35796527.69
61254865.31
40636793.52
26869927.97
51079990.81
16552649.84
52296754.8
83355529.52
66233083.5
28846707.85
26386966.04
68837721.72
45854762.96
38944814.03
34336512.8
22701309.21
57728364.41
86481259.92
32236319.66
35151219.82
33826517.17
43272782.33
48846936.43
54152538.98
71767939.71
59084192.99
45665861.69
41413195.93
56714419.3
55136259.3
22718412.09
51635882.48
40589795.12
34352039.33
40364082.16
29470318.71
72419099.27
33895741.15
48406489.05
39230956.46
73395838.6
54708905.31
34438618.3
72093519.49
14284606.51
28401368.05
46373358.41
31767027.5
95163844.36
38423768.85
92385417.34
47894697.73
40908211.26
66558663.28
72419099.27
51635882.48
42814846.99
48050540.97
14128577.58
44910423.76
20857982.18
36776728.49
90301597.07
65256344.17
54457768.35
84397439.66
32501789.59
79256274.6
17544784.81
34891973.7
35277369.8
37000070.97
50746578.74
53789577.35
46551101.61
31008768.15
90648900.45
35959699.57
56436251.79
16967907.38
14148342.53
47674907.78
68186562.16
47863172.07
41775932.51
14589685.75
21572076.05
14452263.14
52054676.43
46614205.2
42575492.94
41648240.3
46994982.22
62000546.39
30059304.77
14896639.49
40842131.66
33539192.29
74698157.71
30916692.0
21757045.89
48671992.49
42198816.88
26256580.39
93080024.09
44666735.99
57415601.31
32883404.67
76651636.38
35521563.6
39757538.49
16933013.53
35436633.23
55038436.93
37372641.86
14251599.12
51356020.28
29822516.92
70791200.38
48950481.91
74046998.16
29078675.66
84050136.28
14368097.99
14202332.35
17884892.52
33539192.29
20582626.35
59928528.09
49510580.01
42814846.99
22022783.7
44174042.5
88565080.19
81966316.01
18388420.12
14633068.01
86481259.92
44068724.24
48407885.81
25214721.62
69488881.27
28875455.95
89954293.7
39429351.58
83702832.9
80235757.48
29553077.67
26708367.7
41232172.11
46948588.27
75349317.27
43567205.49
75674897.04
48009713.4
86133956.54
24269750.61
30161623.96
45174047.1
33185862.92
44495035.46
51864568.32
72419099.27
36769400.62
47624151.55
62000546.39
47451504.52
41103316.44
34710131.0
50796778.61
36284999.24
76977216.15
80924405.88
51979341.34
46653482.57
85092046.41
15700484.55
70465620.6
42188032.42
58745234.65
33298374.79
37437262.28
68186562.16
39447386.62
42211072.52
57285994.52
14750774.84
52203142.17
66884243.05
34878822.0
38934068.38
33808587.15
25816382.31
54152538.98
31174555.25
56216608.61
25451125.5
54150549.21
91690810.58
14911690.42
14268060.84
69814461.05
60607038.69
85092046.41
29236070.51
71442359.94
18412804.66
43587873.86
50242626.92
28653721.0
18900628.82
16054046.58
39205207.28
14326172.44
54718563.73
35909918.39
89259686.94
43392355.57
71116780.16
27106457.3
76977216.15
70465620.6
79581854.37
31603599.84
36068189.65
56816104.96
17761771.88
46387835.4
57415601.31
59546730.73
45262589.43
35742382.46
14008583.62
45877149.64
17518945.22
93080024.09
48302832.78
36478515.77
53592243.4
29556900.04
68837721.72
87870473.43
39782470.05
60593606.12
35453195.08
31061605.21
41927602.08
53805436.3
16770923.21
36227454.02
20742249.5
33236929.98
30678473.76
23867069.69
44766974.83
78605115.04
79581854.37
41114010.51
69163301.49
95163844.36
80577102.5
62000546.39
22937439.82
23543507.74
23428128.34
17654068.65
47228056.33
27108033.39
90996203.83
53262146.24
22607556.61
69488881.27
45597700.82
53565418.91
78605115.04
21063355.94
35971272.56
71767939.71
93427327.47
83702832.9
72419099.27
35410826.6
44989745.97
33242225.95
83702832.9
28298299.53
41504052.31
55892764.77
19830899.54
54369169.44
72093519.49
33473677.57
85786653.17
77628375.71
35425680.8
88217776.81
91343507.21
21670638.15
45424506.64
92385417.34
86133956.54
49169523.3
26505810.64
40563813.39
35142772.56
61150197.32
58437289.55
45491130.25
41126266.51
33084914.83
80235757.48
44068724.24
44910423.76
40018655.22
46375376.96
65581923.94
14555038.73
89954293.7
37698564.49
23882224.24
41180936.3
43817223.35
33185862.92
19137515.65
39329309.51
48515106.55
56381209.29
68837721.72
51638237.3
39453402.72
22357406.24
43407347.59
48009713.4
46670695.75
85786653.17
18539923.54
45497848.19
41385198.16
35636530.74
48392477.27
50209216.94
51682264.21
20839133.93
85786653.17
33298374.79
15809225.54
21198550.37
45151851.28
29320105.42
14292904.75
32502291.99
35129221.46
42442051.86
41956834.46
15563345.54
66233083.5
14194131.84
32465604.41
55381726.21
24611415.82
40326004.3
49531327.88
30532937.66
45854762.96
55252113.33
60811036.94
72744679.05
36079042.13
73070258.82
34626133.52
40589795.12
46208325.36
42764090.95
20466336.18
26945333.33
39230956.46
49126145.99
78930694.82
35365874.14
52423575.62
61828567.4
35975372.18
14629163.37
28060382.8
55825709.72
52701631.38
31288208.96
62326126.17
22358335.76
39460047.52
29083383.67
60933369.55
92385417.34
66884243.05
38085054.48
42330717.48
70465620.6
49168226.71
33999560.67
29847475.45
85786653.17
56402987.97
58530220.0
51963854.04
41106021.77
79256274.6
30787090.28
47154360.42
24032874.59
90648900.45
91690810.58
22692815.9
15938115.96
39820600.79
33509177.03
40092021.95
55778061.54
77302795.93
50926066.3
81271709.26
14624389.55
36450539.73
56269022.08
53701259.6
14546388.96
41232172.11
22008863.71
66233083.5
17084276.64
26869927.97
54472363.09
45776933.33
52754791.42
29963115.13
17448256.83
17403404.35
35543758.74
57625037.13
49350164.21
90648900.45
18740081.87
33743850.96
39329309.51
56057666.75
18466418.01
33767198.91
41164871.65
52745094.32
76000476.82
16351422.88
74372577.93
64605184.61
17871244.54
22596115.65
48030781.41
53539706.68
86481259.92
34433195.38
18305635.04
87175866.68
16432367.1
88565080.19
46932163.66
38646838.31
14803497.34
14497757.97
86481259.92
81966316.01
37675785.73
41384489.88
14401742.2
43859754.81
34981678.32
21808027.09
39230956.46
26052632.15
14007532.1
62651705.95
81966316.01
14104023.63
39757538.49
93080024.09
25997599.49
30201172.95
27816066.75
62000546.39
36257112.89
17303948.27
32817202.55
14529097.19
57281610.69
39547909.12
46374077.09
55267286.54
40326004.3
49111817.79
17838989.34
20150246.22
51962498.5
52196494.48
17029373.88
34322759.77
14129872.08
90996203.83
57555268.5
20006251.07
18492460.31
27713432.24
72744679.05
29553077.67
49790117.72
34875770.45
55005568.83
38143999.52
19561140.65
27900269.35
86133956.54
42764090.95
22379117.12
41126266.51
38401919.18
50659462.3
44123111.34
59886016.71
47894697.73
16385789.97
17600138.83
19571823.95
37833675.51
59115459.13
43796115.04
67535402.61
39758222.9
68186562.16
52026514.22
18492460.31
38916506.13
28525876.39
82313619.39
36250940.35
14028347.0
14202332.35
40814018.05
51917360.55
50746468.03
70465620.6
37065522.57
70791200.38
14537603.6
34867692.87
86481259.92
42228656.37
64930764.39
46778317.36
16026140.28
92732720.71
38733745.71
36883326.72
21063355.94
26633419.07
82313619.39
24848156.17
44066489.81
34870481.42
45984820.2
22745822.41
35095466.22
50517191.17
66233083.5
22280044.18
86481259.92
50796778.61
34351032.85
77953955.49
36775512.35
26969711.33
40815463.62
14099407.78
94816540.98
32199895.33
51404957.66
28072069.54
54245142.12
41656400.12
34414164.98
35129221.46
23646014.45
29556900.04
84744743.03
23646014.45
61674966.61
22258828.78
14169534.77
59237791.74
15809225.54
45452944.13
18249411.84
52520605.72
57000831.44
14085726.9
51171316.19
14471195.24
78605115.04
78605115.04
90648900.45
14376506.12
84744743.03
22258828.78
44339854.99
38090352.5
25919888.63
89606990.32
49532155.54
34352039.33
66558663.28
36771918.27
49405265.91
56057666.75
63954025.06
84397439.66
14039462.01
26234489.09
39499339.79
32680006.63
37321438.48
57000831.44
36478515.77
32236319.66
30756507.3
65581923.94
19040703.83
67535402.61
46932163.66
34710131.0
83008226.15
14136763.3
47401378.46
14856719.52
56494617.35
48288818.85
43579501.09
47122636.98
51896814.2
66558663.28
59589684.34
84050136.28
21743184.53
14477548.68
30302368.55
64279604.83
23630466.51
27690455.44
55267286.54
41927602.08
44666735.99
78930694.82
30264877.65
30693053.55
50521748.0
17011693.04
79907434.15
60594247.36
87175866.68
28164341.14
79907434.15
57728364.41
21974600.61
21738147.2
64605184.61
67209822.83
14052923.06
39601127.41
34080957.69
54369169.44
35361076.73
62651705.95
72093519.49
93774630.85
35905768.42
34819994.21
53871396.3
35755912.16
38074194.71
18492460.31
58189033.47
35979495.77
16212328.47
34066478.81
51359114.06
43407347.59
65907503.72
50564569.1
66233083.5
38687464.02
26481158.08
36611234.2
83355529.52
40029364.16
42591622.78
38957070.96
20006251.07
34079332.2
59589560.94
24017280.04
24374692.46
86828563.3
81619012.64
15015477.89
60915577.08
71442359.94
87175866.68
79581854.37
48179109.41
14477548.68
19531969.33
42047825.54
58406277.9
37426808.91
21895559.59
29487002.31
81271709.26
39502718.22
22988200.31
33236929.98
82313619.39
21268877.74
32819082.11
90648900.45
59454548.2
25219935.03
46267537.98
33766602.04
70465620.6
26979647.86
46306871.5
44666735.99
55546479.57
15662020.25
41114010.51
14365072.72
29725058.38
86828563.3
22229148.26
76326056.6
80577102.5
40000097.51
23439393.33
50647157.1
58776374.34
88565080.19
41948710.65
43044157.51
19826930.56
52196494.48
62506937.48
42525847.42
56946968.79
62000546.39
33786673.46
87523170.05
16532489.36
34350092.27
40364725.55
25457492.61
15429298.83
37644469.25
71116780.16
19967221.54
15294807.74
65256344.17
58911521.06
59762127.29
60471914.76
49184400.9
33296799.02
57313559.51
31982121.36
56816104.96
92732720.71
56216608.61
14790194.7
62628613.01
82313619.39
51730021.06
80924405.88
37532281.01
48890095.85
37970330.19
59674672.99
52196494.48
37880418.67
22595712.48
32913654.48
17110842.98
46056019.21
31603599.84
52022743.22
29488080.16
72093519.49
65581923.94
34891973.7
92385417.34
27893268.2
42011861.91
46670695.75
86828563.3
44675419.58
73070258.82
14051152.86
37853077.03
32767089.3
28875455.95
30426080.64
20466336.18
37291596.74
38959197.28
53524819.09
38687464.02
65256344.17
40144766.48
17871244.54
67860982.39
67860982.39
40326004.3
21434567.91
44357567.24
59762127.29
49629406.45
55916969.51
25050424.81
45843159.92
14572338.93
47490970.03
66884243.05
44223102.58
72419099.27
14843412.9
26149929.53
78605115.04
80577102.5
78279535.26
15449173.17
47954100.57
25438912.81
37321194.93
35975372.18
46652760.47
14063446.19
55047095.57
18486244.78
27219897.0
51076366.05
49684385.84
63954025.06
16316706.63
90996203.83
85439349.79
35409543.16
64279604.83
49220688.68
56831975.76
79256274.6
50187586.45
14276308.26
65256344.17
44368668.0
18740081.87
45005771.72
46942683.51
45776933.33
41939858.14
48608637.53
35478041.79
62326126.17
27927396.75
62711733.27
14723689.49
22851530.43
40378956.91
14037657.14
51079990.81
51076366.05
46335112.21
40054237.18
36793969.12
38242097.02
40273291.86
74046998.16
42442051.86
15270389.26
41452356.77
88565080.19
47172400.27
45424506.64
88912383.56
47954100.57
45310859.63
56701838.17
41981437.65
30061071.7
14079541.04
64930764.39
37065522.57
86133956.54
36068189.65
81271709.26
94121934.22
20044549.02
23173617.7
19125291.36
31591667.15
15282368.27
75674897.04
62601523.92
41086549.9
51638237.3
81271709.26
82660922.77
43903271.94
49629406.45
63628445.28
46798501.73
30296117.44
14511039.44
85439349.79
39782470.05
40636793.52
27816066.75
91343507.21
62977285.72
23926615.76
66233083.5
82660922.77
53539706.68
15053657.31
30648972.8
37337144.65
45713596.22
78605115.04
37083721.09
17184383.79
69814461.05
39458640.69
14059771.15
38917903.64
51204975.5
14883332.8
42874949.64
34584880.25
83355529.52
42828353.0
38120672.78
57081056.31
83355529.52
42270654.45
73395838.6
17110842.98
42556185.63
33021120.48
14166933.07
17682949.81
31970853.56
53700836.73
20585864.87
43044157.51
60905124.01
26244772.02
32032826.93
37168718.31
60903230.75
45995483.02
30316167.5
36234102.24
29236070.51
14529097.19
43253144.76
27809476.63
68837721.72
35478041.79
37970330.19
37880418.67
53920270.25
65256344.17
57115853.14
89954293.7
75349317.27
19281278.63
31823609.1
21179385.07
72419099.27
80924405.88
34603483.73
53701259.6
52980980.92
55507798.85
68186562.16
37047204.59
50088646.43
32236319.66
45491130.25
22211086.46
46335112.21
65256344.17
90648900.45
36066379.44
26268964.97
86133956.54
88217776.81
35149687.11
38143999.52
40299813.11
34146927.79
14061117.7
14062943.77
14039462.01
26954103.8
45219219.34
80924405.88
55169428.17
35401399.1
60225302.68
21572076.05
34981678.32
47477300.25
39004476.96
57415601.31
41758681.28
58745234.65
50565339.11
17085559.05
50368247.9
21434567.91
38143999.52
43307697.25
93427327.47
34594295.08
62968497.92
42319724.16
77302795.93
36234102.24
80924405.88
24982377.54
90648900.45
47395714.99
45248288.8
32199895.33
25107665.95
34977965.22
52329038.66
36222844.92
35951739.36
14469115.66
76651636.38
63302865.5
37441148.2
57581744.5
35708058.45
58437289.55
81966316.01
62167752.44
48233302.5
39758222.9
46306871.5
66233083.5
39610607.66
43664650.46
40416592.68
47674907.78
32525577.86
42828353.0
36995343.68
33768447.43
44923439.42
41948710.65
57625037.13
36557324.46
14604636.67
28059334.61
52328180.82
71116780.16
38687464.02
23428128.34
61674966.61
78930694.82
86828563.3
31319584.34
78605115.04
53401635.56
81271709.26
40861573.3
53080368.09
18035830.25
38423768.85
33563907.95
58233362.2
35421215.8
55333633.41
36995343.68
14967962.15
22832161.76
25451125.5
39186896.51
14460688.39
52754791.42
91690810.58
35664025.82
59219265.58
27345833.51
33895741.15
50217295.63
93080024.09
80235757.48
78605115.04
42190468.64
25580135.72
42710929.28
57329191.75
19967221.54
35963118.52
41114010.51
25438912.81
54774527.18
21801648.77
28417174.84
15662020.25
84397439.66
61611714.96
23664752.42
32961258.86
33496323.39
81966316.01
37702152.62
54124915.93
56402849.09
75349317.27
19005255.01
62977285.72
30298296.39
21772442.4
68186562.16
36776152.99
30112880.3
14194131.84
26954103.8
37157284.36
73395838.6
35140255.1
73395838.6
51305041.28
52475642.95
31970853.56
14074458.85
54822432.68
21175623.51
49499263.11
34053682.81
14245869.08
42047825.54
28052607.52
58005823.69
33298374.79
25924002.9
36339867.04
37307297.61
69814461.05
14484476.51
34866457.08
50351071.47
85786653.17
64930764.39
50925218.74
62846165.31
46056019.21
79256274.6
14161338.94
39882515.34
31819921.0
56516356.78
14177733.61
56701838.17
53097370.5
23911790.81
49798286.98
31823609.1
18710314.04
43086945.8
19967221.54
66558663.28
28402559.19
24254196.62
45194700.18
62977285.72
35138449.65
68186562.16
23780384.97
74372577.93
50581857.8
53820480.67
16293229.6
63954025.06
21974600.61
46810157.02
31010358.06
53638548.72
20741113.72
19788992.28
73070258.82
84744743.03
36499676.79
62326126.17
46238040.51
33561656.64
34167177.9
48567924.29
69814461.05
33887301.77
28298299.53
92732720.71
35637420.74
41927602.08
56981476.89
24269222.23
35692158.49
79907434.15
48791712.36
79907434.15
40318019.69
36776728.49
47486724.99
43825442.52
88217776.81
24354668.58
19611988.81
36611596.88
15487243.87
14061117.7
52754791.42
22981927.86
76651636.38
14589253.34
29585895.84
55825709.72
64605184.61
43951183.65
82313619.39
65581923.94
38635554.52
14830106.28
14054505.56
58868190.59
14547242.25
90648900.45
62599653.69
18920402.79
68512141.94
23646014.45
34623120.97
19800274.49
34331197.01
35361076.73
15921479.91
35936496.02
92732720.71
39230029.34
21993092.72
93774630.85
60101094.44
51025750.64
22481866.65
37157284.36
31439979.61
16314822.9
56844728.17
31328910.4
38373711.27
67535402.61
14941686.75
75349317.27
43579501.09
72419099.27
69488881.27
28773083.71
46056019.21
38459797.39
21265327.42
17002643.0
62272750.91
49120135.17
23167818.35
24813686.95
67209822.83
26234489.09
39872946.91
46566108.26
21646416.41
46126720.23
29553077.67
32095346.76
23157278.15
28610055.4
24856655.92
59548033.51
32989826.23
14055444.43
39502718.22
60564588.66
94469237.6
23664752.42
80577102.5
47395714.99
33287488.87
68512141.94
14153832.26
65256344.17
30438072.36
37974587.75
43070262.49
36015119.3
76326056.6
40688449.45
52177062.48
20402831.0
40154441.34
14284606.51
39479440.65
44766974.83
33298374.79
14038635.8
45535160.0
40318019.69
26761614.46
43357686.42
14598359.55
41956834.46
46614205.2
39726030.81
66558663.28
14576172.04
27816066.75
55916969.51
14301207.0
31084468.9
51775485.01
35401399.1
31501228.26
33880518.07
33149282.51
45310859.63
19779067.55
83702832.9
25214721.62
40597786.82
83702832.9
44086370.66
69488881.27
33829458.77
15227219.38
21412260.06
33825011.69
33298374.79
33730382.97
49070921.97
56402849.09
31873019.64
37057219.88
45537182.04
30467253.27
15592323.63
31490237.99
53983576.22
69163301.49
47674907.78
63954025.06
43901228.19
46932889.18
14128577.58
51048152.79
87523170.05
61674966.61
27335274.45
48980971.78
14723689.49
49963505.85
77302795.93
61242515.15
24147994.48
16866953.63
43044157.51
18662159.59
44733586.85
20802034.18
51336800.39
61921736.2
27182301.73
54798382.6
27822497.98
51864568.32
94121934.22
47698976.84
44481553.56
35440187.9
62000546.39
54151947.87
51359114.06
30797735.26
14272244.39
37627594.28
24978329.32
20620856.04
14503179.8
41656400.12
34037549.61
15185157.49
22607556.61
92385417.34
29320105.42
34079332.2
93427327.47
14847254.93
49448950.75
57171240.17
56525320.57
19788992.28
30541685.58
18957319.3
17229970.22
40093996.95
25063383.73
36883326.72
43546092.13
35996391.18
42269273.46
66558663.28
46893298.2
82660922.77
66233083.5
23901383.31
22359295.16
32501789.59
64279604.83
79256274.6
17246390.67
75349317.27
24590902.91
15901106.04
32254414.72
81966316.01
62000546.39
33766602.04
36339867.04
82313619.39
41898368.93
81619012.64
44394921.13
57203388.91
43851306.21
18492460.31
45520574.3
75349317.27
45694250.87
41133351.48
50796778.61
42211072.52
19749535.5
63954025.06
38645440.96
26295042.61
51483096.69
36067575.96
56153448.71
30194573.42
14817040.67
89606990.32
65581923.94
49908648.69
33247519.77
29964202.87
48847029.74
31164199.0
57512413.73
92038113.96
16750188.74
38362949.06
23545381.87
73721418.38
62651705.95
86481259.92
45005771.72
37155067.68
46942683.51
18629845.19
43272782.33
62000546.39
21772442.4
19867941.85
65907503.72
32253282.48
14095853.2
66884243.05
41628746.13
22465212.02
43901228.19
40688449.45
57011867.0
32142927.28
21179385.07
19137515.65
35955244.36
26861089.98
26979647.86
50237603.73
68186562.16
33829458.77
27456392.58
52926137.31
34870481.42
69488881.27
60915577.08
21645501.72
37917715.15
30535535.61
23867069.69
37698564.49
33893847.58
45854762.96
94469237.6
18539923.54
85439349.79
29112507.12
95163844.36
52802387.48
20346583.82
14798658.42
36227828.2
28520976.33
62326126.17
34957540.77
54810937.31
75349317.27
17654068.65
46287687.89
46538063.61
49963505.85
51730021.06
23203214.44
35905768.42
89954293.7
87175866.68
83702832.9
26870321.84
51404957.66
33768447.43
90996203.83
36793969.12
47426666.36
87175866.68
20534995.82
62612049.25
93080024.09
14471195.24
74372577.93
14694498.66
21521028.89
35253268.49
49958159.64
49236811.28
26746932.5
42863529.95
20223609.98
73070258.82
38085054.48
53313090.49
17164476.97
45218763.05
69814461.05
36178150.32
29363649.33
34002720.27
35771284.02
47770383.91
24405222.17
33829458.77
92732720.71
37267761.36
31628843.91
40076262.11
47322909.89
90996203.83
35092468.38
17436900.21
33362039.59
21648952.56
82313619.39
34891973.7
75023737.49
53359058.0
90996203.83
39066966.75
39971484.94
17618295.64
14063446.19
84744743.03
31449223.76
44174042.5
94121934.22
15033724.53
36250940.35
14114631.57
15429298.83
20792925.54
94469237.6
35708058.45
46306871.5
46809369.15
67535402.61
77953955.49
15076665.59
44309769.35
80924405.88
30791484.81
40318019.69
32817202.55
38887237.06
31602538.66
65256344.17
32997610.47
31056861.12
19488834.96
47050322.86
45582811.3
40041620.53
64279604.83
89954293.7
61950900.0
35410826.6
14391536.27
62651705.95
33825011.69
28610055.4
36771918.27
43307697.25
27822497.98
33895741.15
60932725.66
14484476.51
18823259.66
19363973.64
80235757.48
38785683.82
17110842.98
32287482.64
86481259.92
34621159.07
62600310.77
64930764.39
20262643.51
84397439.66
62167752.44
44123111.34
39731121.79
36242718.8
36514190.22
48233302.5
42710929.28
57234288.74
44338360.72
73721418.38
83355529.52
22832951.55
32199895.33
30784819.91
20742249.5
16065299.96
82313619.39
62651705.95
28164341.14
86828563.3
41180282.64
43359048.62
86481259.92
61594160.51
68512141.94
50800869.07
32465604.41
53820480.67
16676940.47
22595712.48
49798286.98
44947319.46
32445418.97
20962647.78
61272529.92
37321194.93
14161338.94
43359048.62
34594295.08
57115853.14
43135438.77
14226944.82
14508032.5
37970330.19
54796417.42
48708782.48
20624660.57
88217776.81
32032826.93
35088742.4
15185157.49
35261864.1
15250475.29
77302795.93
49350164.21
28052607.52
19174570.91
29556900.04
20466336.18
32553256.64
28130286.22
47211566.84
30958781.23
38362949.06
51402833.63
42772300.18
51327821.02
62977285.72
33539192.29
36748098.4
49399476.66
21536039.57
39853116.16
79581854.37
58867562.54
36498601.81
57115853.14
44675419.58
29582071.3
88217776.81
91343507.21
51356020.28
94816540.98
56402987.97
36522420.63
58911635.45
35699838.77
28762598.22
23796546.63
16099808.66
88912383.56
55521274.99
23319747.35
53141339.72
87175866.68
35157813.89
46578791.82
44097427.31
29586691.5
82313619.39
52910150.65
35425680.8
34095009.86
50894759.95
69488881.27
46850712.13
35686339.08
38415730.75
63628445.28
43524253.96
38513890.42
24813686.95
57705689.89
25523987.98
48512507.43
46527273.32
29112387.98
94469237.6
39447386.62
37812614.13
47214696.79
46398707.99
87175866.68
91343507.21
48329962.23
63954025.06
42732708.0
74372577.93
39277823.22
37970330.19
35401399.1
46235890.05
37290172.39
61674966.61
38401919.18
75674897.04
32731587.17
34325217.99
14046077.42
76000476.82
95163844.36
19552085.5
60903230.75
34894208.38
34331197.01
64605184.61
90301597.07
51917360.55
37540184.96
74372577.93
45262589.43
37036179.02
33268338.75
56505263.75
86481259.92
53701259.6
84050136.28
92385417.34
42982035.55
93774630.85
85439349.79
74046998.16
14936562.74
15266922.51
38474118.3
14036534.42
39819964.24
16167559.98
14235149.11
46934190.21
58220537.37
35365874.14
44175388.8
55508400.51
69814461.05
84744743.03
33796333.79
28758262.02
14671811.7
43044157.51
14334502.8
85439349.79
54988095.92
14670499.04
17401326.48
62000546.39
14232699.13
32703058.06
44911183.78
93774630.85
54429714.69
33236929.98
70140040.83
24118442.26
64279604.83
21670638.15
31972732.48
55317708.48
88912383.56
42269273.46
18299116.2
14129872.08
22615315.43
33348847.42
14020159.57
72093519.49
93774630.85
76651636.38
40366067.72
55386067.9
88565080.19
37373905.5
40046251.09
27893268.2
21412260.06
32237498.51
51638237.3
31342059.87
93080024.09
62601523.92
14043107.05
39174913.74
36013891.36
45815266.34
73070258.82
38687464.02
56607995.44
16568469.58
78930694.82
29945454.7
88912383.56
56516356.78
59454548.2
22701309.21
56742013.69
93080024.09
35680639.14
21501720.95
47401378.46
58572441.63
38944814.03
91690810.58
84744743.03
86828563.3
40318019.69
39208354.09
56185740.28
51917360.55
38959197.28
24507283.8
31490237.99
