14812336.84
14534423.15
14997494.3
14930195.31
14794893.6
14716535.09
14603534.86
15071278.1
14690449.19
14655672.94
45882927.76
14891006.5
14634568.62
25440006.03
14681931.25
15128413.04
15199244.58
14855989.82
15332676.95
14499598.87
14873489.09
14570458.71
14803615.22
31561012.79
16612697.06
14953045.1
18785963.37
31892508.53
14620910.26
14733929.43
14838528.02
14603534.86
14989808.87
42043950.92
14873489.09
14768728.99
15138477.11
15026799.85
14568810.42
48114970.15
16851285.31
14943831.29
34952840.0
14772921.13
14926052.16
14803615.22
14812336.84
15118567.21
14899765.22
16634398.77
22182446.51
14499598.87
14751324.26
15189059.84
14786171.98
29703819.12
14669235.09
30765049.25
17502000.76
17068182.18
32491936.21
45325629.43
15109366.14
14577487.19
14788633.91
14882247.78
14742626.85
14552435.68
17285086.91
14877444.52
14864730.41
14707839.59
14655672.94
14768728.99
15178878.97
15081763.65
14760021.68
14440143.68
15272555.27
14664366.4
27084874.64
14461154.23
29174745.86
14768728.99
14864730.41
14786171.98
14733929.43
25736666.75
17068182.18
14525474.59
14808550.59
14465601.1
15205376.74
15008190.9
14612222.14
14794893.6
14998999.87
47046263.73
14577487.19
15229913.93
15250151.88
14556239.46
52858538.82
15274821.16
15499626.52
26218457.97
14620910.26
54254048.4
45103033.14
14838587.97
14759036.92
15767003.84
14794893.6
14984007.18
14962236.04
15168761.96
26484553.15
17699205.66
25773101.15
14855989.82
14908525.7
27906061.35
19220870.49
17916534.99
14525474.59
14664366.4
14440143.68
15082443.7
20308554.22
14586168.76
14597572.91
14673059.87
14612222.14
20090991.41
14971470.79
14997494.3
15189059.84
37687631.91
14465601.1
14629598.52
14989808.87
14568810.42
34405929.31
14636925.96
15081763.65
15107934.79
15499626.52
14457114.84
14629598.52
15054165.18
15743651.14
14457114.84
14742626.85
15037805.43
14474087.37
14570458.71
14465601.1
14768728.99
15130368.58
14603534.86
15366447.23
14803615.22
15071278.1
14681754.28
14971426.99
16634398.77
14821066.5
14603534.86
14856211.04
14812336.84
14873489.09
14891006.5
14465601.1
14662912.81
14821066.5
15175290.25
15250151.88
15253945.44
42584914.8
18559526.22
14762291.81
14981817.68
27148843.15
16388169.49
23062749.26
32052475.52
14812336.84
15063364.14
14616631.39
14461154.23
54812265.11
14516828.84
28980049.83
14778698.56
14603534.86
14768728.99
16131821.73
15075765.38
31183622.74
15044966.22
15002513.66
14873489.09
14620910.26
14431659.37
14794893.6
14917288.93
15362227.38
15026575.87
15189059.84
16127546.56
16417517.12
15158650.54
14542793.47
14733929.43
14612222.14
16604951.38
15138477.11
14733929.43
15018973.93
15148541.19
15178878.97
34480952.29
48997965.51
15148541.19
14465601.1
16178156.36
14803615.22
14620910.26
15219679.06
15063364.14
15063364.14
50068123.78
14716535.09
14629598.52
14980617.93
23062749.26
18124000.41
28506174.41
14768728.99
15199244.58
14760021.68
14586168.76
15118567.21
14838528.02
14655672.94
15035769.6
17285086.91
19232356.51
32218547.23
31398420.2
14534127.16
52021354.26
14961133.0
14534127.16
14899765.22
14681754.28
33684082.23
14499598.87
14603534.86
14803615.22
28506174.41
15743651.14
15063364.14
14516828.84
33684082.23
15063364.14
15229913.93
17285086.91
14998999.87
14847258.84
15744912.11
14917288.93
14586168.76
14954561.13
15063137.14
15178878.97
14707839.59
37864869.03
17649257.16
15168761.96
15044966.22
15081763.65
15219679.06
16634398.77
15199244.58
46440923.05
14491094.16
15071278.1
14733929.43
14662912.81
15333417.54
15168761.96
14891006.5
41498784.72
14855989.82
14655672.94
14777450.36
14812336.84
14441276.07
15333417.54
14448628.57
14751324.26
14508188.31
68274982.39
16417517.12
14804817.89
15252523.42
32357056.64
14646980.18
15229913.93
15550184.04
14681754.28
19194816.09
15017382.13
42584914.8
14760021.68
14725232.18
16634398.77
15044966.22
14891006.5
14465601.1
14646980.18
16417517.12
14917288.93
14742626.85
14432784.26
14749241.15
14646980.18
14577487.19
21408337.88
14603534.86
14482589.44
65019184.61
14864730.41
14491094.16
16200656.82
18351216.06
24245354.02
23142169.29
14681754.28
14707839.59
14612222.14
14673059.87
16395421.11
15208038.08
14998999.87
14699144.09
15219679.06
14768728.99
26247384.83
25664918.25
20961975.25
15983825.28
16583834.97
15321427.18
16634398.77
14431659.37
14855989.82
54812265.11
14560458.23
35542564.16
14873489.09
15141593.9
14828546.07
14690449.19
15118567.21
14457114.84
15128413.04
14803615.22
15085523.01
15054165.18
14508188.31
15550184.04
15168761.96
14751324.26
14594850.53
14482589.44
14699144.09
15063364.14
15158650.54
37695718.82
14620910.26
14716535.09
16851285.31
14508188.31
14568810.42
15044966.22
14551463.3
14655672.94
15148541.19
14690449.19
14953045.1
26848120.31
36126260.34
14646980.18
14681754.28
15219679.06
62414546.39
14508188.31
14725232.18
14620910.26
26611408.76
14986757.31
14864730.41
14690449.19
14873489.09
15128413.04
15158650.54
25901537.5
15148541.19
14457114.84
14579937.91
15216562.95
22365292.77
14707839.59
44488004.91
14868931.88
35499767.19
14768728.99
15178878.97
45324946.31
15767003.84
24719572.55
59159234.65
14934815.39
29703819.12
15263672.29
15209444.19
14516720.85
16851285.31
14917288.93
30876874.91
14720237.88
16417517.12
14989808.87
26319239.08
16851285.31
14917288.93
14891006.5
14467990.94
14908525.7
15090964.47
14751324.26
15196928.01
14917288.93
14612222.14
14908525.7
14847258.84
14725232.18
15008190.9
14482589.44
20218475.55
23535700.99
17068182.18
15164058.13
14980617.93
33153228.36
14803615.22
14804817.89
55681286.54
41226465.97
15199244.58
15008190.9
53138412.28
14431659.37
15983825.28
16634398.77
16674282.47
14570458.71
14707839.59
14943855.32
14882247.78
14803615.22
15767003.84
15016099.05
16200656.82
14934815.39
14586168.76
17285086.91
37961129.99
14821066.5
15109366.14
14989808.87
17734887.92
15029730.66
15008190.9
15097227.68
14899765.22
45045956.76
15230258.32
31672988.12
15743651.14
15767003.84
14821066.5
15044966.22
14768728.99
14474087.37
15017382.13
14742626.85
26374781.19
14655672.94
14701042.23
14681754.28
15189059.84
15983825.28
37414137.44
23062749.26
15118567.21
14568810.42
15090964.47
23299208.17
15189059.84
68274982.39
32877171.18
14491094.16
15189059.84
40413852.38
14551463.3
71856359.94
29533543.32
14821066.5
14659131.93
14638287.49
15044966.22
14998999.87
14482589.44
15158650.54
14551463.3
14638287.49
14440143.68
14873489.09
15189059.84
15983825.28
41521934.24
14516828.84
14838528.02
14681754.28
14699144.09
14669235.09
16634398.77
14777450.36
14431659.37
14864730.41
28382986.18
15158650.54
15100165.29
15044966.22
14603534.86
14733929.43
14829797.2
16829978.01
14803615.22
14516828.84
15743651.14
15178878.97
14577487.19
41769828.31
14980617.93
36320191.31
14690449.19
14586168.76
15219679.06
14690449.19
14673059.87
14560135.42
14812336.84
14629598.52
14742626.85
14716535.09
14980617.93
14821066.5
15026575.87
14690449.19
14750914.72
37961129.99
14638287.49
15109366.14
15044966.22
14998999.87
14534127.16
14443825.3
15090964.47
14499598.87
14667806.8
17285086.91
16994506.32
15983825.28
14934815.39
14829797.2
14829797.2
14725232.18
19194816.09
15158650.54
17502000.76
14690449.19
15026799.85
29455227.69
39324888.1
14943855.32
18133869.64
14699144.09
14634568.62
14989808.87
37967123.21
14794893.6
14760021.68
14474087.37
15481736.48
15072563.11
22788527.0
53695836.6
15026575.87
17502000.76
41498784.72
14525474.59
14534127.16
15090964.47
14934815.39
68926141.94
14908525.7
14976021.62
16388169.49
14474087.37
14525474.59
14812336.84
14551463.3
37687631.91
14603534.86
15071278.1
41001774.66
15118567.21
14474087.37
37695718.82
14838528.02
14525474.59
46440923.05
14976021.62
15310177.4
14812336.84
36931249.78
14699144.09
35333725.81
16200656.82
15499626.52
14725232.18
14821066.5
14516828.84
15040763.92
15252523.42
14629598.52
14940462.42
15026575.87
14812336.84
15054608.07
14594850.53
15138477.11
14525474.59
14909311.98
14681754.28
15585955.84
15199244.58
14603534.86
14838528.02
27795390.4
14664366.4
14847258.84
14973310.1
14812336.84
14742626.85
19438370.19
15698408.46
14873489.09
29928192.91
14891006.5
71205200.38
14847258.84
15168761.96
15219679.06
16417517.12
34745851.38
21409454.01
14534127.16
37687631.91
46161925.41
15054165.18
14868775.34
14739556.52
14768728.99
14681754.28
43400017.95
15158650.54
15178878.97
14673059.87
14577487.19
15072563.11
14794893.6
14586168.76
14962236.04
14525474.59
15368314.68
14440143.68
14603534.86
14847258.84
14568810.42
14482589.44
42313218.4
15550184.04
14440143.68
14629598.52
15550184.04
14989808.87
33387815.08
35499767.19
14620910.26
15081763.65
14655672.94
54812265.11
18976941.47
14568810.42
15158650.54
30234426.6
15048960.66
14847258.84
15048960.66
49789097.15
34417526.75
42584914.8
14491094.16
15767003.84
14482589.44
15138477.11
14534127.16
15550184.04
14989808.87
14699144.09
15209444.19
14586168.76
34745851.38
14707839.59
40185565.86
14620910.26
38144249.94
14879481.12
16634398.77
14679343.52
14838528.02
15272555.27
17285086.91
14821066.5
14838528.02
16417517.12
21529673.73
14879481.12
16634398.77
14864730.41
32357056.64
16417517.12
24551573.85
14742626.85
17255380.57
29438516.35
36414816.22
15743651.14
14579479.41
16417517.12
14847258.84
14586168.76
17285086.91
21180247.51
16417517.12
14829797.2
14751324.26
14926052.16
15694149.14
55977073.86
15044966.22
14751324.26
15209444.19
15983825.28
26138157.79
30166527.28
15219679.06
15035769.6
14998999.87
14760021.68
15108256.23
14669235.09
14534127.16
14655672.94
14821066.5
38296266.79
85158743.03
14879094.12
25191707.21
14681754.28
15743651.14
15063364.14
14720237.88
14838528.02
45045956.76
15017382.13
23063765.25
14673059.87
15333417.54
14998999.87
14646980.18
15238950.44
14899765.22
14794893.6
15960895.37
14620910.26
15585955.84
15044966.22
15220234.78
14812336.84
14477669.64
14577487.19
16417517.12
15333417.54
14777450.36
14551463.3
40957206.53
40683743.5
14440143.68
15241374.55
15008190.9
14943855.32
15287677.86
15158650.54
14710631.72
14491094.16
14751324.26
15229913.93
15118567.21
35810495.15
15081763.65
14926052.16
14664366.4
48673716.73
14778698.56
14772921.13
14603534.86
14917288.93
14821066.5
28270375.39
14440143.68
22655857.02
29971399.08
20526165.18
15557130.61
14908525.7
31183622.74
15199244.58
14992164.66
38238527.61
14431659.37
14998999.87
14751673.44
14826097.82
28032315.18
14681931.25
14917288.93
14821066.5
14760021.68
15954690.22
30639677.27
16674282.47
15767003.84
14431659.37
14669235.09
16829978.01
14772921.13
14551463.3
14673059.87
14777450.36
24481932.55
14664366.4
15310488.18
15044059.25
27633866.17
15008190.9
62740126.17
14516828.84
15130368.58
14516828.84
16954144.65
14950797.58
21880782.27
15026575.87
14465601.1
35011308.63
36610366.69
20961975.25
29238413.69
15054608.07
14440143.68
14690449.19
92452113.96
14560135.42
14989808.87
14829797.2
15983825.28
14879481.12
14603534.86
17644920.53
15072563.11
14542793.47
14891006.5
14690449.19
15229913.93
14568810.42
14998999.87
35045449.13
53977567.04
15333417.54
15017382.13
14798574.42
14504527.82
14577487.19
15333417.54
15175290.25
14531525.6
17068182.18
14954561.13
14577487.19
14847258.84
14777450.36
14710631.72
14980617.93
14891006.5
14664366.4
15148541.19
14899765.22
14725232.18
14560135.42
14864730.41
14579937.91
15767003.84
42313865.74
15767003.84
14707839.59
14900915.75
14882247.78
53695836.6
16612697.06
14777450.36
14506909.32
15767003.84
15158650.54
14777450.36
15127123.74
26138157.79
45606481.54
15199244.58
19212869.05
14499598.87
14926052.16
15550184.04
14777450.36
18010908.63
14542793.47
14980617.93
14612222.14
14760021.68
14836742.98
14980617.93
16782101.47
37687631.91
14690449.19
18228767.76
48672994.58
27668793.6
14664366.4
16560978.76
15138477.11
14603534.86
14864730.41
14508188.31
14891006.5
15018973.93
14586168.76
14504527.82
14586168.76
14855989.82
14679445.03
14599524.95
14691485.19
14803615.22
14899765.22
14751324.26
14998999.87
16200656.82
14657501.62
37687631.91
14716535.09
14953045.1
14742626.85
27908171.29
15199244.58
15138477.11
