15079481.12
14846815.16
15197494.3
23093083.23
15058074.78
14962291.81
18370619.27
24267692.07
14930452.51
14888488.81
24518057.61
15176021.62
16438923.1
21976171.36
17527387.83
15465182.87
15543929.8
15133101.57
15532676.95
14706909.32
15154561.13
14915556.59
15068775.34
15097838.65
14976693.02
15251946.83
15122268.47
32265442.21
14847213.15
14983550.45
15111643.06
14826737.01
28548592.4
21482541.68
15154561.13
15026097.82
15476428.12
23320674.6
14786201.04
26416026.53
17198876.53
15143831.29
16622532.36
14972921.13
15218973.93
15068775.34
15079481.12
15453945.44
15186757.31
16982101.47
22382446.51
14706909.32
15004817.89
15532676.95
15047388.13
14995471.05
15840675.62
15053571.45
17849257.16
17415653.1
16000353.75
24043802.63
15442708.55
14796271.1
19924036.31
15165291.32
14994182.16
14868549.4
17632449.85
20196962.25
15143831.29
20987452.66
14888488.81
15026097.82
15521427.18
15408998.57
15015453.62
14641276.07
28534745.33
14898895.17
15663720.4
14829618.35
47601522.78
15026097.82
15143831.29
15047388.13
14983550.45
25936666.75
17415653.1
14736428.39
20360538.05
14667990.94
27111720.92
15319151.68
18588505.93
15058074.78
15307934.79
52249882.48
14796271.1
15577710.78
28060338.5
14756239.46
30453523.76
30683990.29
32533020.56
25876311.57
14847213.15
31642401.01
27235048.23
21016063.53
19269848.48
16115100.98
15058074.78
22382446.51
15263137.14
15510177.4
46949112.21
15049109.74
46111848.19
15133101.57
15197494.3
48570815.92
15151818.31
15063677.81
14736428.39
19896297.44
14641276.07
24504579.87
15226429.91
14806407.35
15568314.68
20114366.58
18588505.93
15211460.92
24040673.66
15197494.3
15532676.95
18802773.21
14667990.94
14857501.62
28548592.4
14786201.04
34607189.99
14836925.96
15408998.57
15307934.79
32533020.56
14658321.57
14857501.62
15375290.25
14919313.58
14658321.57
14994182.16
23557255.39
14677669.64
14915556.59
14667990.94
15026097.82
15330368.58
14826737.01
15566447.23
23566854.52
24267692.07
14919907.04
15274330.07
16982101.47
15090198.44
14826737.01
19760970.96
15079481.12
15154561.13
15176021.62
14667990.94
17091979.44
15090198.44
15375290.25
28060338.5
15453945.44
21750970.38
36287078.1
14962291.81
24277624.78
27348843.15
33566670.14
15406683.97
53368791.42
15079481.12
15386526.29
14817828.52
14829618.35
55013058.83
14726564.64
15785832.52
19705912.72
14826737.01
15026097.82
16331821.73
26410759.43
31383622.74
15364058.13
24751573.85
15154561.13
14847213.15
14632784.26
15058074.78
15208231.28
30433476.74
15341593.9
15532676.95
31621249.54
16765329.2
15498927.63
14756239.46
14983550.45
14836925.96
33838642.0
15476428.12
14983550.45
15218973.93
15487677.86
15521427.18
15263617.66
30561367.15
15487677.86
14667990.94
14947969.66
15068775.34
14847213.15
15566447.23
30449224.92
15386526.29
28077774.14
14962291.81
14857501.62
15285523.01
15406683.97
35742889.92
28707312.74
15026097.82
15543929.8
15015453.62
14806407.35
15453945.44
24515236.19
14888488.81
15352826.01
17632449.85
16104962.87
15984928.96
31599622.37
14746317.71
29740418.14
23803741.47
16628072.55
15186757.31
14919907.04
15217961.33
14706909.32
14826737.01
15068775.34
15755252.03
14919313.58
15386526.29
14726564.64
15217961.33
15386526.29
15577710.78
17632449.85
15307934.79
15122372.04
14919313.58
15208231.28
14806407.35
15154561.13
15263137.14
15521427.18
20987452.66
33407376.27
17849257.16
15510177.4
15364058.13
15408998.57
15566447.23
16982101.47
15543929.8
24992419.58
14697119.63
24267692.07
21671321.38
17091979.44
15681736.48
15510177.4
15176021.62
24636908.46
15133101.57
14888488.81
22855857.02
15079481.12
14641276.07
15681736.48
14649768.46
22145034.2
15974855.03
35824688.56
16765329.2
15004817.89
30208737.56
15142535.44
14878116.58
15577710.78
15898408.46
14919907.04
37159124.7
15330368.58
25586325.02
15015453.62
14972921.13
16982101.47
15364058.13
15176021.62
14667990.94
14878116.58
16765329.2
15208231.28
14994182.16
14632784.26
19051910.65
19460232.37
14796271.1
15301436.29
14826737.01
14687386.07
33165932.97
15143831.29
14697119.63
16548564.12
15092909.6
24446396.61
22803145.44
14919907.04
20987452.66
14836925.96
14909361.57
14962322.65
29258380.82
15307934.79
14941060.91
15566447.23
15026097.82
46670019.21
15572668.08
15271398.37
16331821.73
33893479.7
15521427.18
16982101.47
14632784.26
24989486.89
32118076.85
14951533.79
16080365.51
15154561.13
15341593.9
20797404.36
14930452.51
15453945.44
14658321.57
15465182.87
15068775.34
15285523.01
15375290.25
14716720.85
15898408.46
15510177.4
15004817.89
18152748.1
14687386.07
14941060.91
15386526.29
15498927.63
37896310.86
14847213.15
14962291.81
17198876.53
15974855.03
14786201.04
15364058.13
14766193.11
14888488.81
15487677.86
14930452.51
15251946.83
15648519.04
41302449.45
14878116.58
14919907.04
15566447.23
31040080.64
14716720.85
14972921.13
14847213.15
15633325.89
15186757.31
15143831.29
14930452.51
25463756.7
15465182.87
15498927.63
15587814.72
15487677.86
14658321.57
14973724.08
27348843.15
19146468.68
14951673.44
23332500.0
21672913.31
17058416.57
15026097.82
15521427.18
24043802.63
16115100.98
24919572.55
94388630.85
15229730.66
14995471.05
30446355.0
15555184.91
14716720.85
17198876.53
15208231.28
15908272.91
18398380.92
16765329.2
28548592.4
22631199.65
17198876.53
15208231.28
25938059.29
14667990.94
15197494.3
15420234.78
15004817.89
29020874.17
26649542.39
14836925.96
15197494.3
15122372.04
14972921.13
15319151.68
14687386.07
39502102.84
15436813.91
17415653.1
15364058.13
15285523.01
15187746.36
15068775.34
15004817.89
55881286.54
20659108.69
15543929.8
15319151.68
35075334.06
14632784.26
16331821.73
16982101.47
16874282.47
14915556.59
14951673.44
15240763.92
15165291.32
15068775.34
16115100.98
23084246.06
16548564.12
15229730.66
17934887.92
17632449.85
19020864.55
15090198.44
15442708.55
15296717.89
17934887.92
15229730.66
15319151.68
26884998.08
26175217.17
23806692.15
29733543.32
15954203.68
15944912.11
16115100.98
15090198.44
15364058.13
15026097.82
14677669.64
15330368.58
14994182.16
15618132.73
14888488.81
17962854.61
14919907.04
15532676.95
16331821.73
18584688.0
15406683.97
15453945.44
17499209.4
15420234.78
15421747.9
15532676.95
36024328.24
33077171.18
14697119.63
15532676.95
20172375.18
14766193.11
38816031.0
29733543.32
15090198.44
15623279.66
14867806.8
15364058.13
15307934.79
14687386.07
15498927.63
14766193.11
14867806.8
14641276.07
15154561.13
15532676.95
16331821.73
21045441.08
14726564.64
15111643.06
14919907.04
14941060.91
15840675.62
16982101.47
15036742.98
14632784.26
15143831.29
49181924.29
15498927.63
15431471.66
15364058.13
14826737.01
14983550.45
15100915.75
14991111.79
15068775.34
14726564.64
14919313.58
15521427.18
14796271.1
21095755.43
15285523.01
17712431.33
14930452.51
14806407.35
15566447.23
20550571.34
14909361.57
14776189.05
15079481.12
14857501.62
14994182.16
21206264.27
15285523.01
15090198.44
15341593.9
14930452.51
17582378.48
19020864.55
14867806.8
15442708.55
29973828.42
15307934.79
14746317.71
14807475.1
15420234.78
14706909.32
14867806.8
17632449.85
32621948.7
16331821.73
15229730.66
15100915.75
24278122.47
14972921.13
37159124.7
15498927.63
17849257.16
14930452.51
23320674.6
29655227.69
19131947.82
15240763.92
15078282.98
20768848.53
16438923.1
15296717.89
18041804.39
15058074.78
15015453.62
14677669.64
15681736.48
15397762.43
42933724.16
31166770.72
15341593.9
17849257.16
20877423.72
14736428.39
14746317.71
15420234.78
15229730.66
36369912.16
15197494.3
15176021.62
33566670.14
14677669.64
14736428.39
23803929.83
14766193.11
18802773.21
14826737.01
24267692.07
46196811.3
15453945.44
14677669.64
17823794.77
15111643.06
14736428.39
24992419.58
15176021.62
15510177.4
23803929.83
20270712.32
14941060.91
18962249.54
16548564.12
32533020.56
21434786.6
15090198.44
14726564.64
15240763.92
30208737.56
14857501.62
23329941.64
15341593.9
23803929.83
25936666.75
18152748.1
15476428.12
14736428.39
20851548.68
14919907.04
15785955.84
15543929.8
14826737.01
15111643.06
27996512.78
14898895.17
15122372.04
22163522.72
15079481.12
21908166.13
15166689.66
15898408.46
15154561.13
15847045.13
15176021.62
38258469.25
15122372.04
15510177.4
15566447.23
16765329.2
18942885.15
15301436.29
14746317.71
18802773.21
24755203.54
15375290.25
15068775.34
18833986.54
15026097.82
14919907.04
22407202.71
15498927.63
15521427.18
14909361.57
14796271.1
15397762.43
15058074.78
14806407.35
15263137.14
14736428.39
15568314.68
14641276.07
14826737.01
15122372.04
14786201.04
14687386.07
21532489.88
15898408.46
14641276.07
14857501.62
15898408.46
15296717.89
32920635.7
17058416.57
14847213.15
30924658.98
14888488.81
32118076.85
36886969.94
14786201.04
15498927.63
15024163.03
23793961.35
24752358.14
23793961.35
27840350.4
30433446.96
25586325.02
14697119.63
16115100.98
14687386.07
15476428.12
14746317.71
15898408.46
15296717.89
14941060.91
15555184.91
14806407.35
15426856.19
14951673.44
22966819.55
14847213.15
60869125.18
15079481.12
16982101.47
16058210.21
15111643.06
28534745.33
17632449.85
15090198.44
15111643.06
16765329.2
41133411.83
15079481.12
16982101.47
15143831.29
15142535.44
16765329.2
24751573.85
14994182.16
34654571.93
14981491.65
36614816.22
14919313.58
15133116.54
16765329.2
15122372.04
14806407.35
17632449.85
15286412.43
16765329.2
15100915.75
15004817.89
15218973.93
31146047.71
56186751.34
15364058.13
15004817.89
15555184.91
16331821.73
15602962.25
15862349.39
15566447.23
15352826.01
28786062.96
15015453.62
27122129.08
15840675.62
14746317.71
14888488.81
15090198.44
21363343.33
49782226.71
21909190.18
25392771.08
14919907.04
15944912.11
15386526.29
18398380.92
15111643.06
45246636.62
15330368.58
23263765.25
14909361.57
15681736.48
15307934.79
14878116.58
27823160.34
15186757.31
15058074.78
14933630.22
14847213.15
15785955.84
15364058.13
15420234.78
15079481.12
14677669.64
14796271.1
16765329.2
15681736.48
15036742.98
14766193.11
20608751.72
20222549.15
14641276.07
29971126.51
15319151.68
15240763.92
15487677.86
15498927.63
18180612.43
14697119.63
15004817.89
15577710.78
15453945.44
16467508.4
15408998.57
15218973.93
14898895.17
26890738.1
19705912.72
14972921.13
14826737.01
15208231.28
15090198.44
15739980.28
14641276.07
22855857.02
15165556.57
15241403.47
15757130.61
15197494.3
31383622.74
15543929.8
24514592.98
18259815.29
14632784.26
15307934.79
14951673.44
15026097.82
15724708.52
17527387.83
26649542.39
15090198.44
15015453.62
33022729.3
15892962.66
16874282.47
16115100.98
14632784.26
15840675.62
14991111.79
14972921.13
14766193.11
14909361.57
15036742.98
15497119.72
14898895.17
14890852.2
25699632.48
27833866.17
15319151.68
31305788.16
16192580.63
15330368.58
14726564.64
35867268.49
23566831.93
15331487.7
15341593.9
14667990.94
15644673.96
20470150.44
15271398.37
29610882.03
25936666.75
14641276.07
14930452.51
55651016.57
17281401.73
15296717.89
15100915.75
16331821.73
15079481.12
14826737.01
33435899.32
15397762.43
14756239.46
15176021.62
14930452.51
15577710.78
14786201.04
15307934.79
56439709.72
31567216.73
15681736.48
15330368.58
20142251.53
14885015.48
14796271.1
15681736.48
15375290.25
14918265.52
17415653.1
15154561.13
14796271.1
15122372.04
15036742.98
18180612.43
15285523.01
15176021.62
19896297.44
15487677.86
15186757.31
14972921.13
14776189.05
15143831.29
14973724.08
16115100.98
42513865.74
16115100.98
14951673.44
15100915.75
25700903.77
31166770.72
14976693.02
15036742.98
14706909.32
16115100.98
15498927.63
15036742.98
25452438.23
15602962.25
24445237.89
15543929.8
37103412.47
14706909.32
15218973.93
15898408.46
15036742.98
36856718.8
14756239.46
15285523.01
14836925.96
15015453.62
15036742.98
15285523.01
16982101.47
18802773.21
14930452.51
37128190.22
26890738.1
48291621.62
14898895.17
32096694.13
15476428.12
14826737.01
15143831.29
14716720.85
15176021.62
15218973.93
14806407.35
14885015.48
14806407.35
15133101.57
14879445.03
14995921.62
17745112.59
15068775.34
15186757.31
15004817.89
15307934.79
16548564.12
14857501.62
37888956.43
21206264.27
15251946.83
14994182.16
48623713.4
15543929.8
15476428.12
