16812336.84
16534423.15
16997494.3
16930195.31
16794893.6
16716535.09
16603534.86
17071278.1
16690449.19
16655672.94
26304281.34
16891006.5
16634568.62
17355572.62
16681931.25
17128413.04
17199244.58
16855989.82
17332676.95
16499598.87
16873489.09
16570458.71
16803615.22
16892395.79
16765555.06
16953045.1
16897819.07
17101048.3
16620910.26
16733929.43
16838528.02
16603534.86
16989808.87
23122072.76
16873489.09
16768728.99
17138477.11
17026799.85
16568810.42
28202491.24
17338149.06
16943831.29
18298650.44
16772921.13
16926052.16
16803615.22
16812336.84
17118567.21
16899765.22
17324211.88
24182446.51
16499598.87
16751324.26
17189059.84
16786171.98
16794462.12
16669235.09
16850360.49
17380174.41
17352088.45
17683520.0
25843802.63
17109366.14
16577487.19
16788633.91
16882247.78
16742626.85
16552435.68
17366114.63
16877444.52
16864730.41
16707839.59
16655672.94
16768728.99
17178878.97
17081763.65
16760021.68
16440143.68
17272555.27
16664366.4
17381482.49
16461154.23
29154014.43
16768728.99
16864730.41
16786171.98
16733929.43
27736666.75
17352088.45
16525474.59
16808550.59
16465601.1
17205376.74
17008190.9
16612222.14
16794893.6
16998999.87
33238815.6
16577487.19
17229913.93
17250151.88
16556239.46
32239503.11
17274821.16
17499626.52
17463414.0
16620910.26
33428159.77
29035048.23
16838587.97
16759036.92
17269095.78
16794893.6
16984007.18
16962236.04
17168761.96
28484553.15
16831661.12
27773101.15
16855989.82
16908525.7
29906061.35
16924293.66
16844887.13
16525474.59
16664366.4
16440143.68
17082443.7
16990490.52
16586168.76
16597572.91
16673059.87
16612222.14
16977250.26
16971470.79
16997494.3
17189059.84
20480034.22
16465601.1
16629598.52
16989808.87
16568810.42
19562378.89
16636925.96
17081763.65
17107934.79
17499626.52
16457114.84
16629598.52
17054165.18
16712788.21
16457114.84
16742626.85
17037805.43
16474087.37
16570458.71
16465601.1
16768728.99
17130368.58
16603534.86
17366447.23
16803615.22
17071278.1
16681754.28
16971426.99
17324211.88
16821066.5
16603534.86
16856211.04
16812336.84
16873489.09
16891006.5
16465601.1
16662912.81
16821066.5
17175290.25
17250151.88
17253945.44
23536588.6
20559526.22
16762291.81
16981817.68
29148843.15
18388169.49
17150077.57
34052475.52
16812336.84
17063364.14
16616631.39
16461154.23
56812265.11
16516828.84
17490802.72
16778698.56
16603534.86
16768728.99
18131821.73
17075765.38
33183622.74
17044966.22
17002513.66
16873489.09
16620910.26
16431659.37
16794893.6
16917288.93
17362227.38
17026575.87
17189059.84
17430112.32
17310309.45
17158650.54
16542793.47
16733929.43
16612222.14
18604951.38
17138477.11
16733929.43
17018973.93
17148541.19
17178878.97
17063617.66
29019076.6
17148541.19
16465601.1
16739137.84
16803615.22
16620910.26
17219679.06
17063364.14
17063364.14
29864024.42
16716535.09
16629598.52
16980617.93
17150077.57
20124000.41
17463441.59
16768728.99
17199244.58
16760021.68
16586168.76
17118567.21
16838528.02
16655672.94
17035769.6
17366114.63
16953122.66
17669294.36
33398420.2
16534127.16
31526485.71
16961133.0
16534127.16
16899765.22
16681754.28
17005966.41
16499598.87
16603534.86
16803615.22
17463441.59
16712788.21
17063364.14
16516828.84
17005966.41
17063364.14
17229913.93
17366114.63
16998999.87
16847258.84
16719313.58
16917288.93
16586168.76
16954561.13
17063137.14
17178878.97
16707839.59
35207376.27
19649257.16
17168761.96
17044966.22
17081763.65
17219679.06
17324211.88
17199244.58
26778679.69
16491094.16
17071278.1
16733929.43
16662912.81
17241707.84
17168761.96
16891006.5
26436908.46
16855989.82
16655672.94
16777450.36
16812336.84
16441276.07
17241707.84
16448628.57
16751324.26
16508188.31
37624110.2
17310309.45
16804817.89
17252523.42
16934851.44
16646980.18
17229913.93
17255401.81
16681754.28
21194816.09
17017382.13
23536588.6
16760021.68
16725232.18
17324211.88
17044966.22
16891006.5
16465601.1
16646980.18
17310309.45
16917288.93
16742626.85
16432784.26
16749241.15
16646980.18
16577487.19
17056753.17
16603534.86
16482589.44
34965388.83
16864730.41
16491094.16
17296564.17
16871347.45
17217658.49
17267965.38
16681754.28
16707839.59
16612222.14
16673059.87
16752343.82
17208038.08
16998999.87
16699144.09
17219679.06
16768728.99
28247384.83
17299532.04
17030231.23
17983825.28
18583834.97
17321427.18
17324211.88
16431659.37
16855989.82
33903783.73
16560458.23
17865435.09
16873489.09
17141593.9
16828546.07
16690449.19
17118567.21
16457114.84
17128413.04
16803615.22
17085523.01
17054165.18
16508188.31
17255401.81
17168761.96
16751324.26
16594850.53
16482589.44
16699144.09
17063364.14
17158650.54
39695718.82
16620910.26
16716535.09
17338149.06
16508188.31
16568810.42
17044966.22
16551463.3
16655672.94
17148541.19
16690449.19
16953045.1
17367823.4
23693066.14
16646980.18
16681754.28
17219679.06
32839563.87
16508188.31
16725232.18
16620910.26
17354164.32
16986757.31
16864730.41
16690449.19
16873489.09
17128413.04
17158650.54
17313187.08
17148541.19
16457114.84
16579937.91
17216562.95
17160122.21
16707839.59
25118630.93
16868931.88
18734778.77
16768728.99
17178878.97
25829951.07
17269095.78
26719572.55
61159234.65
16934815.39
16794462.12
17263672.29
17209444.19
16516720.85
17338149.06
16917288.93
17600397.68
16720237.88
17310309.45
16989808.87
24431199.65
17338149.06
16917288.93
16891006.5
16467990.94
16908525.7
17090964.47
16751324.26
17196928.01
16917288.93
16612222.14
16908525.7
16847258.84
16725232.18
17008190.9
16482589.44
22218475.55
17177002.25
17352088.45
17164058.13
16980617.93
16977496.85
16803615.22
16804817.89
57681286.54
22444918.72
17199244.58
17008190.9
36875334.06
16431659.37
17282820.05
17324211.88
18674282.47
16570458.71
16707839.59
16943855.32
16882247.78
16803615.22
17269095.78
17016099.05
17296564.17
16934815.39
16586168.76
17366114.63
20698250.45
16821066.5
17109366.14
16989808.87
19734887.92
17029730.66
17008190.9
17097227.68
16899765.22
25592815.03
17230258.32
17754203.68
17743651.14
17269095.78
16821066.5
17044966.22
16768728.99
16474087.37
17017382.13
16742626.85
17340505.24
16655672.94
16701042.23
16681754.28
17189059.84
17282820.05
20261825.81
17150077.57
17118567.21
16568810.42
17090964.47
17163518.88
17189059.84
37698891.53
34877171.18
16491094.16
17189059.84
21812090.35
16551463.3
40603690.28
31533543.32
16821066.5
16659131.93
16638287.49
17044966.22
16998999.87
16482589.44
17158650.54
16551463.3
16638287.49
16440143.68
16873489.09
17189059.84
17983825.28
22845441.08
16516828.84
16838528.02
16681754.28
16699144.09
16669235.09
17324211.88
16777450.36
16431659.37
16864730.41
30382986.18
17158650.54
17100165.29
17044966.22
16603534.86
16733929.43
16829797.2
16778771.67
16803615.22
16516828.84
16712788.21
17178878.97
16577487.19
22881485.34
16980617.93
19389123.84
16690449.19
16586168.76
17219679.06
16690449.19
16673059.87
16560135.42
16812336.84
16629598.52
16742626.85
16716535.09
16980617.93
16821066.5
17026575.87
16690449.19
16750914.72
20698250.45
16638287.49
17109366.14
17044966.22
16998999.87
16534127.16
16443825.3
17090964.47
16499598.87
16667806.8
19285086.91
17777052.57
17282820.05
16934815.39
16829797.2
16829797.2
16725232.18
21194816.09
17158650.54
17380174.41
16690449.19
17026799.85
31455227.69
20917726.63
16943855.32
16858115.0
16699144.09
16634568.62
16989808.87
19827405.39
16794893.6
16760021.68
16474087.37
17481736.48
17072563.11
24788527.0
32952655.94
17026575.87
17380174.41
22677423.72
16525474.59
16534127.16
17090964.47
16934815.39
38158188.48
16908525.7
16976021.62
18388169.49
16474087.37
16525474.59
16812336.84
16551463.3
20480034.22
16603534.86
17071278.1
27964791.36
17118567.21
16474087.37
19609371.99
16838528.02
16525474.59
26778679.69
16976021.62
17310177.4
16812336.84
19057814.43
16699144.09
20762249.54
17296564.17
17499626.52
16725232.18
16821066.5
16516828.84
17040763.92
17252523.42
16629598.52
16940462.42
17026575.87
16812336.84
17054608.07
16594850.53
17138477.11
16525474.59
16909311.98
16681754.28
17585955.84
17199244.58
16603534.86
16838528.02
17422462.03
16664366.4
16847258.84
16973310.1
16812336.84
16742626.85
16937532.16
17698408.46
16873489.09
17545559.87
16891006.5
40057860.08
16847258.84
17168761.96
17219679.06
17310309.45
17211791.03
17101436.29
16534127.16
20480034.22
26541470.28
17054165.18
16868775.34
16739556.52
16768728.99
16681754.28
24192620.12
17158650.54
17178878.97
16673059.87
16577487.19
17072563.11
16794893.6
16586168.76
16962236.04
16525474.59
17368314.68
16440143.68
16603534.86
16847258.84
16568810.42
16482589.44
23318151.55
17255401.81
16440143.68
16629598.52
17255401.81
16989808.87
18270490.75
18734778.77
16620910.26
17081763.65
16655672.94
33903783.73
20976941.47
16568810.42
17158650.54
16822410.81
17048960.66
16847258.84
17048960.66
29626634.83
17983639.94
23536588.6
16491094.16
17269095.78
16482589.44
17138477.11
16534127.16
17255401.81
16989808.87
16699144.09
17209444.19
16586168.76
17211791.03
16707839.59
21675369.14
16620910.26
40144249.94
16879481.12
17324211.88
16679343.52
16838528.02
17272555.27
19285086.91
16821066.5
16838528.02
17310309.45
23529673.73
16879481.12
17324211.88
16864730.41
16934851.44
17310309.45
26551573.85
16742626.85
19255380.57
16780489.36
38414816.22
16712788.21
16579479.41
17310309.45
16847258.84
16586168.76
17366114.63
17043490.62
17310309.45
16829797.2
16751324.26
16926052.16
17694149.14
57977073.86
17044966.22
16751324.26
17209444.19
17282820.05
17326846.16
17662349.39
17219679.06
17035769.6
16998999.87
16760021.68
17108256.23
16669235.09
16534127.16
16655672.94
16821066.5
23163343.33
51581473.8
16879094.12
27191707.21
16681754.28
17743651.14
17063364.14
16720237.88
16838528.02
47045956.76
17017382.13
25063765.25
16673059.87
17241707.84
16998999.87
16646980.18
17238950.44
16899765.22
16794893.6
16725937.28
16620910.26
17585955.84
17044966.22
17220234.78
16812336.84
16477669.64
16577487.19
17310309.45
17241707.84
16777450.36
16551463.3
22248674.06
22022549.15
16440143.68
17241374.55
17008190.9
16943855.32
17287677.86
17158650.54
16710631.72
16491094.16
16751324.26
17229913.93
17118567.21
18105528.86
17081763.65
16926052.16
16664366.4
28690738.1
16778698.56
16772921.13
16603534.86
16917288.93
16821066.5
17539980.28
16440143.68
24655857.02
16822732.71
17003731.64
17557130.61
16908525.7
33183622.74
17199244.58
16992164.66
20045450.2
16431659.37
16998999.87
16751673.44
16826097.82
17436121.88
16681931.25
16917288.93
16821066.5
16760021.68
17954690.22
17586677.9
18674282.47
17269095.78
16431659.37
16669235.09
16778771.67
16772921.13
16551463.3
16673059.87
16777450.36
17231295.77
16664366.4
16690852.2
17044059.25
29633866.17
17008190.9
33105267.97
16516828.84
17130368.58
16516828.84
18954144.65
16950797.58
17083319.21
17026575.87
16465601.1
17429648.15
18737274.57
17030231.23
16944024.85
17054608.07
16440143.68
16690449.19
57450191.8
16560135.42
16989808.87
16829797.2
17282820.05
16879481.12
16603534.86
18427170.87
17072563.11
16542793.47
16891006.5
16690449.19
17229913.93
16568810.42
16998999.87
37045449.13
33212536.3
17333417.54
17017382.13
16798574.42
16504527.82
16577487.19
17241707.84
17175290.25
16531525.6
17352088.45
16954561.13
16577487.19
16847258.84
16777450.36
16710631.72
16980617.93
16891006.5
16664366.4
17148541.19
16899765.22
16725232.18
16560135.42
16864730.41
16579937.91
17269095.78
44313865.74
17269095.78
16707839.59
16900915.75
16882247.78
32952655.94
16765555.06
16777450.36
16506909.32
17269095.78
17158650.54
16777450.36
17127123.74
17326846.16
26089195.54
17199244.58
21212869.05
16499598.87
16926052.16
17255401.81
16777450.36
20010908.63
16542793.47
16980617.93
16612222.14
16760021.68
16836742.98
16980617.93
18782101.47
20480034.22
16690449.19
20228767.76
28677190.33
29668793.6
16664366.4
17459411.01
17138477.11
16603534.86
16864730.41
16508188.31
16891006.5
17018973.93
16586168.76
16504527.82
16586168.76
16855989.82
16679445.03
16599524.95
16691485.19
16803615.22
16899765.22
16751324.26
16998999.87
17296564.17
16657501.62
39687631.91
16716535.09
16953045.1
16742626.85
29908171.29
17199244.58
17138477.11
