1.625021313381559349e-03
2.751987863268738386e-08
2.229110169247678692e-06
1.805579237090620926e-04
2.476789076941865507e-07
2.229110169247678692e-06
2.229110169247678692e-06
1.625021313381559349e-03
2.229110169247678692e-06
2.229110169247678692e-06
1.805579237090620926e-04
2.476789076941865507e-07
1.462519182043403587e-02
2.476789076941865507e-07
1.805579237090620926e-04
2.476789076941865507e-07
2.229110169247678692e-06
2.006199152322911839e-05
2.476789076941865507e-07
2.006199152322911839e-05
2.229110169247678692e-06
1.805579237090620926e-04
2.229110169247678692e-06
2.229110169247678692e-06
2.476789076941865507e-07
1.805579237090620926e-04
2.006199152322911839e-05
2.006199152322911839e-05
2.229110169247678692e-06
1.805579237090620926e-04
2.229110169247678692e-06
2.006199152322911839e-05
2.476789076941865507e-07
2.006199152322911839e-05
1.805579237090620926e-04
2.229110169247678692e-06
1.462519182043403587e-02
2.229110169247678692e-06
2.006199152322911839e-05
1.805579237090620926e-04
1.805579237090620926e-04
2.229110169247678692e-06
1.625021313381559349e-03
1.805579237090620926e-04
2.006199152322911839e-05
2.006199152322911839e-05
1.805579237090620926e-04
2.006199152322911839e-05
1.805579237090620926e-04
1.805579237090620926e-04
2.006199152322911839e-05
2.229110169247678692e-06
2.476789076941865507e-07
2.476789076941865507e-07
2.006199152322911839e-05
2.229110169247678692e-06
1.625021313381559349e-03
2.006199152322911839e-05
1.316267263839063784e-01
2.229110169247678692e-06
2.476789076941865507e-07
1.625021313381559349e-03
2.229110169247678692e-06
2.006199152322911839e-05
2.229110169247678692e-06
1.805579237090620926e-04
2.476789076941865507e-07
2.006199152322911839e-05
2.006199152322911839e-05
1.805579237090620926e-04
1.805579237090620926e-04
2.006199152322911839e-05
1.805579237090620926e-04
2.006199152322911839e-05
1.625021313381559349e-03
2.006199152322911839e-05
2.751987863268738386e-08
2.006199152322911839e-05
2.006199152322911839e-05
1.625021313381559349e-03
2.476789076941865507e-07
1.462519182043403587e-02
1.625021313381559349e-03
2.229110169247678692e-06
2.476789076941865507e-07
2.476789076941865507e-07
1.805579237090620926e-04
1.805579237090620926e-04
2.229110169247678692e-06
2.229110169247678692e-06
3.057764292520819556e-09
2.751987863268738386e-08
3.057764292520819556e-09
2.006199152322911839e-05
1.462519182043403587e-02
2.006199152322911839e-05
1.625021313381559349e-03
2.476789076941865507e-07
2.006199152322911839e-05
2.751987863268738386e-08
1.805579237090620926e-04
2.006199152322911839e-05
2.006199152322911839e-05
2.476789076941865507e-07
2.476789076941865507e-07
2.229110169247678692e-06
1.805579237090620926e-04
1.805579237090620926e-04
1.805579237090620926e-04
2.476789076941865507e-07
2.476789076941865507e-07
2.006199152322911839e-05
2.006199152322911839e-05
2.476789076941865507e-07
2.229110169247678692e-06
1.625021313381559349e-03
2.476789076941865507e-07
1.462519182043403587e-02
1.805579237090620926e-04
2.476789076941865507e-07
1.462519182043403587e-02
2.229110169247678692e-06
1.462519182043403587e-02
2.006199152322911839e-05
2.006199152322911839e-05
2.006199152322911839e-05
2.476789076941865507e-07
2.006199152322911839e-05
2.006199152322911839e-05
1.625021313381559349e-03
2.006199152322911839e-05
1.805579237090620926e-04
1.805579237090620926e-04
2.229110169247678692e-06
2.006199152322911839e-05
2.751987863268738386e-08
1.805579237090620926e-04
1.462519182043403587e-02
2.006199152322911839e-05
1.805579237090620926e-04
2.476789076941865507e-07
2.006199152322911839e-05
1.805579237090620926e-04
1.805579237090620926e-04
2.229110169247678692e-06
2.476789076941865507e-07
1.805579237090620926e-04
2.476789076941865507e-07
1.625021313381559349e-03
1.805579237090620926e-04
2.229110169247678692e-06
1.625021313381559349e-03
2.476789076941865507e-07
1.805579237090620926e-04
2.476789076941865507e-07
1.805579237090620926e-04
1.805579237090620926e-04
2.476789076941865507e-07
2.006199152322911839e-05
2.006199152322911839e-05
1.462519182043403587e-02
1.462519182043403587e-02
1.625021313381559349e-03
1.805579237090620926e-04
2.229110169247678692e-06
1.805579237090620926e-04
1.625021313381559349e-03
2.006199152322911839e-05
2.751987863268738386e-08
1.625021313381559349e-03
2.476789076941865507e-07
1.805579237090620926e-04
1.805579237090620926e-04
1.625021313381559349e-03
2.006199152322911839e-05
1.625021313381559349e-03
2.229110169247678692e-06
1.625021313381559349e-03
2.229110169247678692e-06
2.006199152322911839e-05
2.006199152322911839e-05
2.229110169247678692e-06
1.625021313381559349e-03
2.229110169247678692e-06
1.625021313381559349e-03
2.476789076941865507e-07
2.229110169247678692e-06
1.805579237090620926e-04
2.229110169247678692e-06
2.229110169247678692e-06
2.751987863268738386e-08
2.229110169247678692e-06
1.462519182043403587e-02
2.006199152322911839e-05
1.805579237090620926e-04
1.805579237090620926e-04
2.006199152322911839e-05
2.751987863268738386e-08
2.006199152322911839e-05
2.006199152322911839e-05
1.805579237090620926e-04
2.476789076941865507e-07
1.625021313381559349e-03
1.805579237090620926e-04
2.006199152322911839e-05
2.006199152322911839e-05
2.006199152322911839e-05
2.229110169247678692e-06
1.805579237090620926e-04
2.476789076941865507e-07
2.006199152322911839e-05
2.476789076941865507e-07
2.229110169247678692e-06
2.006199152322911839e-05
2.006199152322911839e-05
2.229110169247678692e-06
1.625021313381559349e-03
2.751987863268738386e-08
1.805579237090620926e-04
2.751987863268738386e-08
2.229110169247678692e-06
2.006199152322911839e-05
2.006199152322911839e-05
2.476789076941865507e-07
2.229110169247678692e-06
3.057764292520819556e-09
2.229110169247678692e-06
2.476789076941865507e-07
2.229110169247678692e-06
2.006199152322911839e-05
1.805579237090620926e-04
1.805579237090620926e-04
2.476789076941865507e-07
2.006199152322911839e-05
2.006199152322911839e-05
1.316267263839063784e-01
1.625021313381559349e-03
2.229110169247678692e-06
1.462519182043403587e-02
1.805579237090620926e-04
2.229110169247678692e-06
2.229110169247678692e-06
2.476789076941865507e-07
1.805579237090620926e-04
1.805579237090620926e-04
2.476789076941865507e-07
2.006199152322911839e-05
2.229110169247678692e-06
1.805579237090620926e-04
1.625021313381559349e-03
2.476789076941865507e-07
2.229110169247678692e-06
1.805579237090620926e-04
1.805579237090620926e-04
2.006199152322911839e-05
2.006199152322911839e-05
1.805579237090620926e-04
1.625021313381559349e-03
1.805579237090620926e-04
1.805579237090620926e-04
2.229110169247678692e-06
2.006199152322911839e-05
2.006199152322911839e-05
2.229110169247678692e-06
2.006199152322911839e-05
1.805579237090620926e-04
2.006199152322911839e-05
2.476789076941865507e-07
1.625021313381559349e-03
2.476789076941865507e-07
2.229110169247678692e-06
2.476789076941865507e-07
1.805579237090620926e-04
3.057764292520819556e-09
1.625021313381559349e-03
1.462519182043403587e-02
2.006199152322911839e-05
2.006199152322911839e-05
1.625021313381559349e-03
2.229110169247678692e-06
2.229110169247678692e-06
2.006199152322911839e-05
2.229110169247678692e-06
1.462519182043403587e-02
2.006199152322911839e-05
2.006199152322911839e-05
2.229110169247678692e-06
2.006199152322911839e-05
1.805579237090620926e-04
1.625021313381559349e-03
1.625021313381559349e-03
1.805579237090620926e-04
2.229110169247678692e-06
1.805579237090620926e-04
2.751987863268738386e-08
1.805579237090620926e-04
2.229110169247678692e-06
2.006199152322911839e-05
2.229110169247678692e-06
2.751987863268738386e-08
2.006199152322911839e-05
1.462519182043403587e-02
1.805579237090620926e-04
1.462519182043403587e-02
1.805579237090620926e-04
2.006199152322911839e-05
1.625021313381559349e-03
2.006199152322911839e-05
2.476789076941865507e-07
2.006199152322911839e-05
1.805579237090620926e-04
1.625021313381559349e-03
2.476789076941865507e-07
2.006199152322911839e-05
2.229110169247678692e-06
2.006199152322911839e-05
2.229110169247678692e-06
2.006199152322911839e-05
1.805579237090620926e-04
1.805579237090620926e-04
1.805579237090620926e-04
2.006199152322911839e-05
2.006199152322911839e-05
1.625021313381559349e-03
2.476789076941865507e-07
1.805579237090620926e-04
2.006199152322911839e-05
1.625021313381559349e-03
1.805579237090620926e-04
2.476789076941865507e-07
2.006199152322911839e-05
1.805579237090620926e-04
3.057764292520819556e-09
1.805579237090620926e-04
1.462519182043403587e-02
1.462519182043403587e-02
2.006199152322911839e-05
2.751987863268738386e-08
1.316267263839063784e-01
1.316267263839063784e-01
1.625021313381559349e-03
1.625021313381559349e-03
2.006199152322911839e-05
2.006199152322911839e-05
1.625021313381559349e-03
1.625021313381559349e-03
1.805579237090620926e-04
2.476789076941865507e-07
2.229110169247678692e-06
1.316267263839063784e-01
