1.510700271251260753e-02
1.359630244126134868e-01
1.359630244126134868e-01
2.302545757127358017e-06
2.558384174585951999e-07
1.865062063273160379e-04
1.678555856945844775e-03
1.678555856945844775e-03
2.072291181414622003e-05
2.302545757127358017e-06
1.865062063273160379e-04
2.072291181414622003e-05
1.865062063273160379e-04
2.302545757127358017e-06
1.678555856945844775e-03
2.072291181414622003e-05
1.865062063273160379e-04
1.678555856945844775e-03
1.678555856945844775e-03
2.072291181414622003e-05
2.072291181414622003e-05
2.302545757127358017e-06
1.359630244126134868e-01
2.302545757127358017e-06
1.510700271251260753e-02
1.678555856945844775e-03
2.072291181414622003e-05
2.302545757127358017e-06
2.302545757127358017e-06
1.510700271251260753e-02
1.678555856945844775e-03
1.678555856945844775e-03
1.510700271251260753e-02
1.678555856945844775e-03
1.510700271251260753e-02
1.865062063273160379e-04
2.302545757127358017e-06
2.072291181414622003e-05
2.302545757127358017e-06
1.359630244126134868e-01
1.510700271251260753e-02
1.510700271251260753e-02
2.072291181414622003e-05
1.865062063273160379e-04
1.865062063273160379e-04
1.865062063273160379e-04
1.865062063273160379e-04
1.678555856945844775e-03
2.072291181414622003e-05
2.072291181414622003e-05
1.865062063273160379e-04
1.865062063273160379e-04
1.865062063273160379e-04
1.865062063273160379e-04
1.678555856945844775e-03
2.302545757127358017e-06
2.072291181414622003e-05
2.072291181414622003e-05
1.865062063273160379e-04
1.865062063273160379e-04
2.072291181414622003e-05
2.072291181414622003e-05
1.865062063273160379e-04
1.510700271251260753e-02
1.865062063273160379e-04
2.558384174585951999e-07
1.510700271251260753e-02
1.678555856945844775e-03
2.558384174585951999e-07
2.072291181414622003e-05
1.510700271251260753e-02
1.865062063273160379e-04
2.072291181414622003e-05
1.865062063273160379e-04
2.842649082873279374e-08
1.678555856945844775e-03
1.510700271251260753e-02
2.558384174585951999e-07
2.072291181414622003e-05
1.510700271251260753e-02
1.865062063273160379e-04
1.510700271251260753e-02
2.302545757127358017e-06
1.865062063273160379e-04
2.072291181414622003e-05
2.558384174585951999e-07
1.678555856945844775e-03
2.072291181414622003e-05
1.678555856945844775e-03
1.510700271251260753e-02
2.072291181414622003e-05
1.865062063273160379e-04
2.558384174585951999e-07
2.072291181414622003e-05
2.302545757127358017e-06
2.072291181414622003e-05
1.678555856945844775e-03
1.678555856945844775e-03
1.865062063273160379e-04
1.678555856945844775e-03
2.302545757127358017e-06
1.865062063273160379e-04
1.510700271251260753e-02
1.865062063273160379e-04
1.865062063273160379e-04
2.072291181414622003e-05
2.072291181414622003e-05
1.510700271251260753e-02
1.678555856945844775e-03
1.865062063273160379e-04
1.510700271251260753e-02
1.865062063273160379e-04
2.302545757127358017e-06
1.865062063273160379e-04
2.302545757127358017e-06
1.678555856945844775e-03
1.359630244126134868e-01
2.072291181414622003e-05
2.302545757127358017e-06
1.865062063273160379e-04
1.865062063273160379e-04
1.865062063273160379e-04
1.865062063273160379e-04
1.678555856945844775e-03
2.072291181414622003e-05
2.302545757127358017e-06
2.302545757127358017e-06
2.302545757127358017e-06
1.678555856945844775e-03
1.865062063273160379e-04
1.678555856945844775e-03
2.558384174585951999e-07
2.302545757127358017e-06
2.302545757127358017e-06
1.678555856945844775e-03
1.510700271251260753e-02
2.072291181414622003e-05
2.558384174585951999e-07
1.865062063273160379e-04
1.865062063273160379e-04
2.072291181414622003e-05
1.865062063273160379e-04
2.072291181414622003e-05
1.865062063273160379e-04
2.302545757127358017e-06
2.072291181414622003e-05
2.302545757127358017e-06
1.865062063273160379e-04
2.072291181414622003e-05
2.302545757127358017e-06
