1.156560244509209381e-05
1.285066938343566214e-06
1.040904220058288832e-04
1.040904220058288832e-04
8.431324182472143755e-03
9.368137980524601522e-04
9.368137980524601522e-04
9.368137980524601522e-04
1.156560244509209381e-05
1.156560244509209381e-05
8.431324182472143755e-03
1.156560244509209381e-05
7.588191764224931635e-02
1.285066938343566214e-06
1.040904220058288832e-04
1.156560244509209381e-05
1.285066938343566214e-06
1.285066938343566214e-06
1.040904220058288832e-04
8.431324182472143755e-03
1.156560244509209381e-05
9.368137980524601522e-04
8.431324182472143755e-03
9.368137980524601522e-04
9.368137980524601522e-04
1.040904220058288832e-04
1.285066938343566214e-06
1.040904220058288832e-04
1.285066938343566214e-06
7.588191764224931635e-02
1.156560244509209381e-05
1.285066938343566214e-06
1.040904220058288832e-04
1.040904220058288832e-04
1.285066938343566214e-06
1.427852153715073041e-07
8.431324182472143755e-03
1.156560244509209381e-05
8.431324182472143755e-03
9.368137980524601522e-04
8.431324182472143755e-03
1.156560244509209381e-05
1.040904220058288832e-04
1.040904220058288832e-04
1.040904220058288832e-04
1.285066938343566214e-06
1.040904220058288832e-04
1.156560244509209381e-05
1.285066938343566214e-06
8.431324182472143755e-03
1.156560244509209381e-05
9.368137980524601522e-04
1.040904220058288832e-04
9.368137980524601522e-04
1.040904220058288832e-04
1.156560244509209381e-05
1.156560244509209381e-05
8.431324182472143755e-03
7.588191764224931635e-02
1.040904220058288832e-04
1.040904220058288832e-04
1.040904220058288832e-04
1.427852153715073041e-07
9.368137980524601522e-04
1.156560244509209381e-05
1.156560244509209381e-05
9.368137980524601522e-04
1.156560244509209381e-05
1.156560244509209381e-05
1.156560244509209381e-05
9.368137980524601522e-04
1.285066938343566214e-06
1.156560244509209381e-05
1.040904220058288832e-04
8.431324182472143755e-03
8.431324182472143755e-03
1.040904220058288832e-04
1.040904220058288832e-04
1.285066938343566214e-06
8.431324182472143755e-03
1.040904220058288832e-04
1.040904220058288832e-04
7.588191764224931635e-02
9.368137980524601522e-04
1.040904220058288832e-04
1.285066938343566214e-06
9.368137980524601522e-04
1.156560244509209381e-05
1.285066938343566214e-06
1.040904220058288832e-04
1.156560244509209381e-05
1.040904220058288832e-04
7.588191764224931635e-02
1.040904220058288832e-04
1.040904220058288832e-04
9.368137980524601522e-04
1.040904220058288832e-04
9.368137980524601522e-04
1.156560244509209381e-05
7.588191764224931635e-02
1.285066938343566214e-06
1.040904220058288832e-04
1.156560244509209381e-05
1.156560244509209381e-05
1.040904220058288832e-04
7.588191764224931635e-02
9.368137980524601522e-04
1.586502393016747162e-08
1.040904220058288832e-04
9.368137980524601522e-04
8.431324182472143755e-03
9.368137980524601522e-04
9.368137980524601522e-04
1.156560244509209381e-05
8.431324182472143755e-03
1.156560244509209381e-05
1.040904220058288832e-04
1.156560244509209381e-05
9.368137980524601522e-04
9.368137980524601522e-04
1.156560244509209381e-05
9.368137980524601522e-04
1.285066938343566214e-06
9.368137980524601522e-04
9.368137980524601522e-04
8.431324182472143755e-03
1.285066938343566214e-06
1.156560244509209381e-05
1.285066938343566214e-06
9.368137980524601522e-04
8.431324182472143755e-03
1.427852153715073041e-07
1.040904220058288832e-04
8.431324182472143755e-03
1.040904220058288832e-04
1.285066938343566214e-06
1.285066938343566214e-06
8.431324182472143755e-03
1.427852153715073041e-07
1.156560244509209381e-05
1.285066938343566214e-06
8.431324182472143755e-03
1.156560244509209381e-05
9.368137980524601522e-04
1.040904220058288832e-04
1.040904220058288832e-04
1.040904220058288832e-04
7.588191764224931635e-02
1.040904220058288832e-04
1.285066938343566214e-06
9.368137980524601522e-04
1.040904220058288832e-04
1.156560244509209381e-05
1.040904220058288832e-04
1.040904220058288832e-04
7.588191764224931635e-02
1.156560244509209381e-05
1.040904220058288832e-04
1.040904220058288832e-04
1.040904220058288832e-04
1.285066938343566214e-06
1.586502393016747162e-08
1.156560244509209381e-05
8.431324182472143755e-03
9.368137980524601522e-04
8.431324182472143755e-03
1.285066938343566214e-06
9.368137980524601522e-04
9.368137980524601522e-04
1.040904220058288832e-04
1.040904220058288832e-04
1.040904220058288832e-04
1.156560244509209381e-05
9.368137980524601522e-04
1.040904220058288832e-04
1.040904220058288832e-04
1.156560244509209381e-05
1.156560244509209381e-05
1.040904220058288832e-04
1.040904220058288832e-04
1.285066938343566214e-06
1.285066938343566214e-06
1.285066938343566214e-06
1.285066938343566214e-06
9.368137980524601522e-04
1.040904220058288832e-04
9.368137980524601522e-04
1.040904220058288832e-04
1.156560244509209381e-05
1.156560244509209381e-05
8.431324182472143755e-03
8.431324182472143755e-03
1.285066938343566214e-06
8.431324182472143755e-03
1.156560244509209381e-05
9.368137980524601522e-04
1.156560244509209381e-05
1.156560244509209381e-05
7.588191764224931635e-02
1.427852153715073041e-07
