1.081958546221854860e-05
1.081958546221854860e-05
1.081958546221854860e-05
9.737626915996694930e-05
1.081958546221854860e-05
7.887477801957327311e-03
1.202176162468727105e-06
9.737626915996694930e-05
8.763864224397028418e-04
1.335751291631919035e-07
1.081958546221854860e-05
1.335751291631919035e-07
9.737626915996694930e-05
1.335751291631919035e-07
1.335751291631919035e-07
1.081958546221854860e-05
9.737626915996694930e-05
9.737626915996694930e-05
1.081958546221854860e-05
1.202176162468727105e-06
1.081958546221854860e-05
1.202176162468727105e-06
1.081958546221854860e-05
9.737626915996694930e-05
9.737626915996694930e-05
8.763864224397028418e-04
9.737626915996694930e-05
1.202176162468727105e-06
1.335751291631919035e-07
1.081958546221854860e-05
1.081958546221854860e-05
9.737626915996694930e-05
1.335751291631919035e-07
8.763864224397028418e-04
1.202176162468727105e-06
1.335751291631919035e-07
1.335751291631919035e-07
1.081958546221854860e-05
9.737626915996694930e-05
1.335751291631919035e-07
7.098730021761595621e-02
1.202176162468727105e-06
1.202176162468727105e-06
1.335751291631919035e-07
8.763864224397028418e-04
8.763864224397028418e-04
1.335751291631919035e-07
1.202176162468727105e-06
1.335751291631919035e-07
1.081958546221854860e-05
1.081958546221854860e-05
1.202176162468727105e-06
1.081958546221854860e-05
1.335751291631919035e-07
1.202176162468727105e-06
1.335751291631919035e-07
1.202176162468727105e-06
8.763864224397028418e-04
9.737626915996694930e-05
1.081958546221854860e-05
8.763864224397028418e-04
1.081958546221854860e-05
1.335751291631919035e-07
1.484168101813242839e-08
1.081958546221854860e-05
1.202176162468727105e-06
1.081958546221854860e-05
1.202176162468727105e-06
1.335751291631919035e-07
1.081958546221854860e-05
9.737626915996694930e-05
1.335751291631919035e-07
1.202176162468727105e-06
1.335751291631919035e-07
9.737626915996694930e-05
1.335751291631919035e-07
1.202176162468727105e-06
1.335751291631919035e-07
9.737626915996694930e-05
9.737626915996694930e-05
8.763864224397028418e-04
7.887477801957327311e-03
8.763864224397028418e-04
1.081958546221854860e-05
1.081958546221854860e-05
1.081958546221854860e-05
9.737626915996694930e-05
9.737626915996694930e-05
1.081958546221854860e-05
8.763864224397028418e-04
1.081958546221854860e-05
8.763864224397028418e-04
1.081958546221854860e-05
7.887477801957327311e-03
1.335751291631919035e-07
9.737626915996694930e-05
1.081958546221854860e-05
8.763864224397028418e-04
7.098730021761595621e-02
1.081958546221854860e-05
8.763864224397028418e-04
1.202176162468727105e-06
9.737626915996694930e-05
1.484168101813242839e-08
1.081958546221854860e-05
1.081958546221854860e-05
8.763864224397028418e-04
1.202176162468727105e-06
1.335751291631919035e-07
1.202176162468727105e-06
9.737626915996694930e-05
8.763864224397028418e-04
1.202176162468727105e-06
1.081958546221854860e-05
8.763864224397028418e-04
1.081958546221854860e-05
1.081958546221854860e-05
8.763864224397028418e-04
1.081958546221854860e-05
1.335751291631919035e-07
1.202176162468727105e-06
1.335751291631919035e-07
9.737626915996694930e-05
8.763864224397028418e-04
1.335751291631919035e-07
8.763864224397028418e-04
1.202176162468727105e-06
9.737626915996694930e-05
9.737626915996694930e-05
7.887477801957327311e-03
1.649075668681380427e-09
1.202176162468727105e-06
1.202176162468727105e-06
1.081958546221854860e-05
1.081958546221854860e-05
9.737626915996694930e-05
1.335751291631919035e-07
8.763864224397028418e-04
9.737626915996694930e-05
1.335751291631919035e-07
7.887477801957327311e-03
1.202176162468727105e-06
1.202176162468727105e-06
1.202176162468727105e-06
9.737626915996694930e-05
1.081958546221854860e-05
8.763864224397028418e-04
1.081958546221854860e-05
9.737626915996694930e-05
6.388857019585438834e-01
9.737626915996694930e-05
9.737626915996694930e-05
1.081958546221854860e-05
7.887477801957327311e-03
1.081958546221854860e-05
9.737626915996694930e-05
8.763864224397028418e-04
1.202176162468727105e-06
1.202176162468727105e-06
9.737626915996694930e-05
1.081958546221854860e-05
7.887477801957327311e-03
1.335751291631919035e-07
1.081958546221854860e-05
1.202176162468727105e-06
1.202176162468727105e-06
1.335751291631919035e-07
9.737626915996694930e-05
1.202176162468727105e-06
7.887477801957327311e-03
8.763864224397028418e-04
1.081958546221854860e-05
1.484168101813242839e-08
9.737626915996694930e-05
1.202176162468727105e-06
1.202176162468727105e-06
8.763864224397028418e-04
1.202176162468727105e-06
1.081958546221854860e-05
9.737626915996694930e-05
1.081958546221854860e-05
1.202176162468727105e-06
9.737626915996694930e-05
1.081958546221854860e-05
1.335751291631919035e-07
8.763864224397028418e-04
8.763864224397028418e-04
9.737626915996694930e-05
1.484168101813242839e-08
1.081958546221854860e-05
8.763864224397028418e-04
7.887477801957327311e-03
1.202176162468727105e-06
1.202176162468727105e-06
1.081958546221854860e-05
1.202176162468727105e-06
1.081958546221854860e-05
1.081958546221854860e-05
8.763864224397028418e-04
1.081958546221854860e-05
9.737626915996694930e-05
7.887477801957327311e-03
9.737626915996694930e-05
1.484168101813242839e-08
1.081958546221854860e-05
1.202176162468727105e-06
1.649075668681380427e-09
9.737626915996694930e-05
1.335751291631919035e-07
1.202176162468727105e-06
1.081958546221854860e-05
1.202176162468727105e-06
1.202176162468727105e-06
9.737626915996694930e-05
1.202176162468727105e-06
1.202176162468727105e-06
1.081958546221854860e-05
8.763864224397028418e-04
9.737626915996694930e-05
9.737626915996694930e-05
9.737626915996694930e-05
1.335751291631919035e-07
9.737626915996694930e-05
1.202176162468727105e-06
1.081958546221854860e-05
1.081958546221854860e-05
1.335751291631919035e-07
1.202176162468727105e-06
1.081958546221854860e-05
9.737626915996694930e-05
7.887477801957327311e-03
1.081958546221854860e-05
7.887477801957327311e-03
8.763864224397028418e-04
1.081958546221854860e-05
1.202176162468727105e-06
9.737626915996694930e-05
8.763864224397028418e-04
1.202176162468727105e-06
1.081958546221854860e-05
9.737626915996694930e-05
1.202176162468727105e-06
1.202176162468727105e-06
1.202176162468727105e-06
8.763864224397028418e-04
9.737626915996694930e-05
9.737626915996694930e-05
8.763864224397028418e-04
1.081958546221854860e-05
1.202176162468727105e-06
1.202176162468727105e-06
8.763864224397028418e-04
1.202176162468727105e-06
9.737626915996694930e-05
1.335751291631919035e-07
1.081958546221854860e-05
1.081958546221854860e-05
1.202176162468727105e-06
1.202176162468727105e-06
1.484168101813242839e-08
1.335751291631919035e-07
1.081958546221854860e-05
8.763864224397028418e-04
9.737626915996694930e-05
9.737626915996694930e-05
1.484168101813242839e-08
1.202176162468727105e-06
1.335751291631919035e-07
1.202176162468727105e-06
1.649075668681380427e-09
1.081958546221854860e-05
1.081958546221854860e-05
1.081958546221854860e-05
1.202176162468727105e-06
1.484168101813242839e-08
1.081958546221854860e-05
9.737626915996694930e-05
1.202176162468727105e-06
1.202176162468727105e-06
1.081958546221854860e-05
9.737626915996694930e-05
1.202176162468727105e-06
1.081958546221854860e-05
9.737626915996694930e-05
9.737626915996694930e-05
1.081958546221854860e-05
1.335751291631919035e-07
1.335751291631919035e-07
1.081958546221854860e-05
8.763864224397028418e-04
7.887477801957327311e-03
1.081958546221854860e-05
1.335751291631919035e-07
1.202176162468727105e-06
9.737626915996694930e-05
1.081958546221854860e-05
9.737626915996694930e-05
1.202176162468727105e-06
1.202176162468727105e-06
1.081958546221854860e-05
9.737626915996694930e-05
9.737626915996694930e-05
1.081958546221854860e-05
9.737626915996694930e-05
8.763864224397028418e-04
1.202176162468727105e-06
1.202176162468727105e-06
1.335751291631919035e-07
9.737626915996694930e-05
8.763864224397028418e-04
1.081958546221854860e-05
1.081958546221854860e-05
1.081958546221854860e-05
9.737626915996694930e-05
8.763864224397028418e-04
1.202176162468727105e-06
9.737626915996694930e-05
9.737626915996694930e-05
9.737626915996694930e-05
1.081958546221854860e-05
1.484168101813242839e-08
1.484168101813242839e-08
1.202176162468727105e-06
9.737626915996694930e-05
1.081958546221854860e-05
7.887477801957327311e-03
1.484168101813242839e-08
1.081958546221854860e-05
9.737626915996694930e-05
8.763864224397028418e-04
9.737626915996694930e-05
1.202176162468727105e-06
9.737626915996694930e-05
1.081958546221854860e-05
7.887477801957327311e-03
7.887477801957327311e-03
1.335751291631919035e-07
1.335751291631919035e-07
8.763864224397028418e-04
8.763864224397028418e-04
1.081958546221854860e-05
1.081958546221854860e-05
1.202176162468727105e-06
9.737626915996694930e-05
1.081958546221854860e-05
1.484168101813242839e-08
1.081958546221854860e-05
9.737626915996694930e-05
1.649075668681380427e-09
8.763864224397028418e-04
8.763864224397028418e-04
1.081958546221854860e-05
7.887477801957327311e-03
9.737626915996694930e-05
1.081958546221854860e-05
1.335751291631919035e-07
1.335751291631919035e-07
1.335751291631919035e-07
1.335751291631919035e-07
1.081958546221854860e-05
1.335751291631919035e-07
1.202176162468727105e-06
1.081958546221854860e-05
8.763864224397028418e-04
7.887477801957327311e-03
1.081958546221854860e-05
1.335751291631919035e-07
9.737626915996694930e-05
8.763864224397028418e-04
1.081958546221854860e-05
1.202176162468727105e-06
1.081958546221854860e-05
1.202176162468727105e-06
1.081958546221854860e-05
1.081958546221854860e-05
1.335751291631919035e-07
7.887477801957327311e-03
1.335751291631919035e-07
1.081958546221854860e-05
9.737626915996694930e-05
1.484168101813242839e-08
1.081958546221854860e-05
1.081958546221854860e-05
1.081958546221854860e-05
1.081958546221854860e-05
8.763864224397028418e-04
8.763864224397028418e-04
1.335751291631919035e-07
9.737626915996694930e-05
8.763864224397028418e-04
9.737626915996694930e-05
1.081958546221854860e-05
7.887477801957327311e-03
8.763864224397028418e-04
1.484168101813242839e-08
1.081958546221854860e-05
9.737626915996694930e-05
1.202176162468727105e-06
7.887477801957327311e-03
8.763864224397028418e-04
