2.959795305739911560e-03
5.012439339768511425e-08
4.060075865212495479e-06
4.060075865212495479e-06
4.060075865212495479e-06
2.959795305739911560e-03
3.654068278691247117e-05
4.511195405791661937e-07
3.288661450822122812e-04
4.060075865212495479e-06
4.060075865212495479e-06
4.060075865212495479e-06
3.654068278691247117e-05
3.288661450822122812e-04
4.060075865212495479e-06
2.959795305739911560e-03
3.288661450822122812e-04
4.511195405791661937e-07
6.188196715763591455e-10
5.012439339768511425e-08
4.511195405791661937e-07
4.060075865212495479e-06
2.959795305739911560e-03
5.012439339768511425e-08
2.959795305739911560e-03
3.654068278691247117e-05
3.654068278691247117e-05
4.511195405791661937e-07
4.511195405791661937e-07
3.654068278691247117e-05
2.663815775165920968e-02
3.288661450822122812e-04
5.012439339768511425e-08
3.288661450822122812e-04
3.654068278691247117e-05
3.654068278691247117e-05
4.060075865212495479e-06
3.654068278691247117e-05
3.288661450822122812e-04
4.060075865212495479e-06
3.654068278691247117e-05
2.663815775165920968e-02
3.654068278691247117e-05
2.663815775165920968e-02
4.060075865212495479e-06
2.663815775165920968e-02
2.959795305739911560e-03
3.654068278691247117e-05
3.288661450822122812e-04
5.012439339768511425e-08
3.654068278691247117e-05
2.397434197649329635e-01
4.060075865212495479e-06
2.959795305739911560e-03
4.060075865212495479e-06
3.288661450822122812e-04
2.959795305739911560e-03
2.663815775165920968e-02
3.288661450822122812e-04
3.288661450822122812e-04
3.288661450822122812e-04
4.060075865212495479e-06
4.060075865212495479e-06
4.060075865212495479e-06
3.654068278691247117e-05
3.288661450822122812e-04
3.288661450822122812e-04
4.511195405791661937e-07
4.511195405791661937e-07
3.288661450822122812e-04
3.288661450822122812e-04
3.654068278691247117e-05
4.511195405791661937e-07
2.663815775165920968e-02
3.654068278691247117e-05
4.511195405791661937e-07
4.511195405791661937e-07
4.060075865212495479e-06
4.060075865212495479e-06
4.511195405791661937e-07
3.288661450822122812e-04
4.060075865212495479e-06
3.654068278691247117e-05
3.288661450822122812e-04
4.060075865212495479e-06
4.511195405791661937e-07
3.288661450822122812e-04
4.060075865212495479e-06
3.654068278691247117e-05
4.060075865212495479e-06
4.060075865212495479e-06
4.511195405791661937e-07
2.959795305739911560e-03
3.654068278691247117e-05
4.060075865212495479e-06
3.654068278691247117e-05
3.288661450822122812e-04
3.654068278691247117e-05
3.654068278691247117e-05
3.654068278691247117e-05
4.511195405791661937e-07
3.654068278691247117e-05
2.959795305739911560e-03
3.288661450822122812e-04
4.511195405791661937e-07
4.511195405791661937e-07
5.569377044187233447e-09
3.654068278691247117e-05
2.397434197649329635e-01
2.959795305739911560e-03
4.511195405791661937e-07
4.511195405791661937e-07
3.288661450822122812e-04
4.060075865212495479e-06
3.288661450822122812e-04
3.654068278691247117e-05
3.654068278691247117e-05
2.959795305739911560e-03
5.012439339768511425e-08
4.060075865212495479e-06
5.012439339768511425e-08
4.060075865212495479e-06
2.663815775165920968e-02
3.654068278691247117e-05
4.511195405791661937e-07
3.288661450822122812e-04
3.288661450822122812e-04
4.060075865212495479e-06
4.060075865212495479e-06
5.012439339768511425e-08
4.060075865212495479e-06
3.654068278691247117e-05
3.288661450822122812e-04
3.288661450822122812e-04
3.288661450822122812e-04
3.654068278691247117e-05
3.288661450822122812e-04
4.060075865212495479e-06
3.654068278691247117e-05
5.012439339768511425e-08
4.060075865212495479e-06
4.511195405791661937e-07
3.288661450822122812e-04
4.060075865212495479e-06
3.654068278691247117e-05
3.654068278691247117e-05
4.060075865212495479e-06
3.654068278691247117e-05
4.060075865212495479e-06
4.060075865212495479e-06
3.654068278691247117e-05
3.654068278691247117e-05
3.654068278691247117e-05
3.288661450822122812e-04
3.654068278691247117e-05
3.654068278691247117e-05
4.511195405791661937e-07
3.288661450822122812e-04
3.654068278691247117e-05
4.060075865212495479e-06
3.288661450822122812e-04
3.288661450822122812e-04
2.959795305739911560e-03
4.511195405791661937e-07
4.060075865212495479e-06
3.654068278691247117e-05
3.654068278691247117e-05
4.060075865212495479e-06
3.654068278691247117e-05
4.060075865212495479e-06
3.654068278691247117e-05
2.397434197649329635e-01
4.511195405791661937e-07
5.012439339768511425e-08
4.060075865212495479e-06
3.654068278691247117e-05
5.012439339768511425e-08
2.959795305739911560e-03
4.060075865212495479e-06
4.060075865212495479e-06
4.060075865212495479e-06
4.060075865212495479e-06
4.060075865212495479e-06
2.663815775165920968e-02
4.060075865212495479e-06
3.654068278691247117e-05
3.288661450822122812e-04
3.288661450822122812e-04
3.288661450822122812e-04
2.959795305739911560e-03
3.654068278691247117e-05
5.012439339768511425e-08
2.959795305739911560e-03
2.959795305739911560e-03
4.060075865212495479e-06
2.959795305739911560e-03
4.511195405791661937e-07
3.288661450822122812e-04
3.288661450822122812e-04
4.060075865212495479e-06
