9.132361476897200617e-06
1.391916091586220197e-09
1.014706830766355177e-06
1.127452034184839233e-07
1.127452034184839233e-07
8.219125329207481402e-05
1.014706830766355177e-06
9.132361476897200617e-06
1.252724482427598633e-08
9.132361476897200617e-06
1.014706830766355177e-06
8.219125329207481402e-05
7.397212796286736650e-04
8.219125329207481402e-05
1.014706830766355177e-06
9.132361476897200617e-06
9.132361476897200617e-06
9.132361476897200617e-06
1.252724482427598633e-08
7.397212796286736650e-04
8.219125329207481402e-05
9.132361476897200617e-06
9.132361476897200617e-06
1.252724482427598633e-08
8.219125329207481402e-05
1.127452034184839233e-07
9.132361476897200617e-06
7.397212796286736650e-04
9.132361476897200617e-06
9.132361476897200617e-06
1.014706830766355177e-06
6.657491516658063310e-03
9.132361476897200617e-06
8.219125329207481402e-05
8.219125329207481402e-05
9.132361476897200617e-06
8.219125329207481402e-05
1.014706830766355177e-06
1.252724482427598633e-08
9.132361476897200617e-06
1.014706830766355177e-06
8.219125329207481402e-05
8.219125329207481402e-05
6.657491516658063310e-03
1.014706830766355177e-06
1.014706830766355177e-06
8.219125329207481402e-05
7.397212796286736650e-04
1.127452034184839233e-07
7.397212796286736650e-04
7.397212796286736650e-04
8.219125329207481402e-05
7.397212796286736650e-04
7.397212796286736650e-04
7.397212796286736650e-04
9.132361476897200617e-06
1.014706830766355177e-06
9.132361476897200617e-06
1.252724482427598633e-08
1.014706830766355177e-06
1.014706830766355177e-06
1.127452034184839233e-07
9.132361476897200617e-06
1.014706830766355177e-06
1.252724482427598633e-08
1.014706830766355177e-06
1.014706830766355177e-06
1.127452034184839233e-07
7.397212796286736650e-04
1.127452034184839233e-07
9.132361476897200617e-06
8.219125329207481402e-05
1.014706830766355177e-06
8.219125329207481402e-05
9.132361476897200617e-06
1.014706830766355177e-06
1.127452034184839233e-07
9.132361476897200617e-06
9.132361476897200617e-06
7.397212796286736650e-04
7.397212796286736650e-04
9.132361476897200617e-06
1.014706830766355177e-06
8.219125329207481402e-05
1.127452034184839233e-07
1.252724482427598633e-08
1.014706830766355177e-06
6.657491516658063310e-03
9.132361476897200617e-06
9.132361476897200617e-06
1.127452034184839233e-07
1.127452034184839233e-07
9.132361476897200617e-06
8.219125329207481402e-05
8.219125329207481402e-05
1.127452034184839233e-07
1.014706830766355177e-06
1.014706830766355177e-06
9.132361476897200617e-06
1.252724482427598633e-08
9.132361476897200617e-06
1.014706830766355177e-06
9.132361476897200617e-06
5.991742364992259234e-02
9.132361476897200617e-06
9.132361476897200617e-06
6.657491516658063310e-03
8.219125329207481402e-05
1.014706830766355177e-06
1.014706830766355177e-06
8.219125329207481402e-05
1.127452034184839233e-07
8.219125329207481402e-05
1.014706830766355177e-06
5.991742364992259234e-02
1.127452034184839233e-07
8.219125329207481402e-05
7.397212796286736650e-04
1.127452034184839233e-07
7.397212796286736650e-04
9.132361476897200617e-06
7.397212796286736650e-04
8.219125329207481402e-05
1.014706830766355177e-06
9.132361476897200617e-06
9.132361476897200617e-06
1.014706830766355177e-06
1.014706830766355177e-06
1.014706830766355177e-06
1.127452034184839233e-07
7.397212796286736650e-04
5.991742364992259234e-02
9.132361476897200617e-06
8.219125329207481402e-05
7.397212796286736650e-04
7.397212796286736650e-04
1.127452034184839233e-07
9.132361476897200617e-06
6.657491516658063310e-03
9.132361476897200617e-06
1.127452034184839233e-07
1.014706830766355177e-06
1.014706830766355177e-06
8.219125329207481402e-05
8.219125329207481402e-05
9.132361476897200617e-06
1.127452034184839233e-07
1.127452034184839233e-07
9.132361476897200617e-06
1.127452034184839233e-07
9.132361476897200617e-06
8.219125329207481402e-05
7.397212796286736650e-04
9.132361476897200617e-06
9.132361476897200617e-06
1.127452034184839233e-07
7.397212796286736650e-04
1.127452034184839233e-07
6.657491516658063310e-03
8.219125329207481402e-05
8.219125329207481402e-05
9.132361476897200617e-06
8.219125329207481402e-05
8.219125329207481402e-05
8.219125329207481402e-05
9.132361476897200617e-06
7.397212796286736650e-04
6.657491516658063310e-03
8.219125329207481402e-05
1.127452034184839233e-07
7.397212796286736650e-04
8.219125329207481402e-05
1.014706830766355177e-06
9.132361476897200617e-06
8.219125329207481402e-05
8.219125329207481402e-05
8.219125329207481402e-05
1.014706830766355177e-06
7.397212796286736650e-04
9.132361476897200617e-06
9.132361476897200617e-06
9.132361476897200617e-06
7.397212796286736650e-04
8.219125329207481402e-05
8.219125329207481402e-05
8.219125329207481402e-05
9.132361476897200617e-06
8.219125329207481402e-05
8.219125329207481402e-05
8.219125329207481402e-05
9.132361476897200617e-06
1.252724482427598633e-08
7.397212796286736650e-04
1.127452034184839233e-07
6.657491516658063310e-03
8.219125329207481402e-05
1.127452034184839233e-07
1.127452034184839233e-07
1.014706830766355177e-06
1.127452034184839233e-07
1.127452034184839233e-07
7.397212796286736650e-04
9.132361476897200617e-06
1.127452034184839233e-07
8.219125329207481402e-05
1.014706830766355177e-06
9.132361476897200617e-06
1.252724482427598633e-08
9.132361476897200617e-06
9.132361476897200617e-06
1.014706830766355177e-06
5.392568128493034907e-01
9.132361476897200617e-06
1.127452034184839233e-07
1.014706830766355177e-06
1.127452034184839233e-07
7.397212796286736650e-04
9.132361476897200617e-06
6.657491516658063310e-03
6.657491516658063310e-03
8.219125329207481402e-05
1.127452034184839233e-07
1.252724482427598633e-08
5.991742364992259234e-02
9.132361476897200617e-06
1.014706830766355177e-06
7.397212796286736650e-04
1.252724482427598633e-08
1.014706830766355177e-06
1.014706830766355177e-06
9.132361476897200617e-06
9.132361476897200617e-06
9.132361476897200617e-06
1.014706830766355177e-06
1.014706830766355177e-06
1.014706830766355177e-06
9.132361476897200617e-06
9.132361476897200617e-06
1.252724482427598633e-08
1.127452034184839233e-07
1.127452034184839233e-07
1.014706830766355177e-06
1.127452034184839233e-07
6.657491516658063310e-03
1.127452034184839233e-07
8.219125329207481402e-05
7.397212796286736650e-04
1.546573435095799990e-10
9.132361476897200617e-06
1.014706830766355177e-06
8.219125329207481402e-05
1.014706830766355177e-06
1.127452034184839233e-07
8.219125329207481402e-05
9.132361476897200617e-06
7.397212796286736650e-04
9.132361476897200617e-06
9.132361476897200617e-06
1.252724482427598633e-08
1.014706830766355177e-06
7.397212796286736650e-04
1.127452034184839233e-07
1.014706830766355177e-06
6.657491516658063310e-03
7.397212796286736650e-04
9.132361476897200617e-06
6.657491516658063310e-03
1.127452034184839233e-07
9.132361476897200617e-06
1.127452034184839233e-07
8.219125329207481402e-05
1.391916091586220197e-09
6.657491516658063310e-03
8.219125329207481402e-05
9.132361476897200617e-06
5.991742364992259234e-02
7.397212796286736650e-04
1.014706830766355177e-06
8.219125329207481402e-05
9.132361476897200617e-06
1.127452034184839233e-07
1.014706830766355177e-06
9.132361476897200617e-06
1.014706830766355177e-06
8.219125329207481402e-05
9.132361476897200617e-06
8.219125329207481402e-05
7.397212796286736650e-04
1.391916091586220197e-09
9.132361476897200617e-06
1.014706830766355177e-06
8.219125329207481402e-05
1.127452034184839233e-07
1.252724482427598633e-08
8.219125329207481402e-05
1.127452034184839233e-07
9.132361476897200617e-06
1.127452034184839233e-07
9.132361476897200617e-06
1.014706830766355177e-06
1.014706830766355177e-06
9.132361476897200617e-06
8.219125329207481402e-05
8.219125329207481402e-05
9.132361476897200617e-06
1.014706830766355177e-06
9.132361476897200617e-06
8.219125329207481402e-05
7.397212796286736650e-04
1.014706830766355177e-06
7.397212796286736650e-04
1.014706830766355177e-06
9.132361476897200617e-06
9.132361476897200617e-06
7.397212796286736650e-04
1.127452034184839233e-07
1.014706830766355177e-06
1.127452034184839233e-07
1.014706830766355177e-06
6.657491516658063310e-03
7.397212796286736650e-04
1.127452034184839233e-07
9.132361476897200617e-06
1.014706830766355177e-06
8.219125329207481402e-05
8.219125329207481402e-05
1.127452034184839233e-07
8.219125329207481402e-05
9.132361476897200617e-06
8.219125329207481402e-05
7.397212796286736650e-04
8.219125329207481402e-05
9.132361476897200617e-06
8.219125329207481402e-05
9.132361476897200617e-06
1.014706830766355177e-06
8.219125329207481402e-05
8.219125329207481402e-05
8.219125329207481402e-05
8.219125329207481402e-05
1.014706830766355177e-06
6.657491516658063310e-03
9.132361476897200617e-06
9.132361476897200617e-06
1.014706830766355177e-06
1.014706830766355177e-06
1.127452034184839233e-07
9.132361476897200617e-06
9.132361476897200617e-06
9.132361476897200617e-06
9.132361476897200617e-06
7.397212796286736650e-04
1.127452034184839233e-07
1.014706830766355177e-06
8.219125329207481402e-05
9.132361476897200617e-06
1.014706830766355177e-06
1.252724482427598633e-08
8.219125329207481402e-05
8.219125329207481402e-05
7.397212796286736650e-04
8.219125329207481402e-05
1.127452034184839233e-07
8.219125329207481402e-05
8.219125329207481402e-05
1.127452034184839233e-07
1.014706830766355177e-06
1.014706830766355177e-06
8.219125329207481402e-05
1.252724482427598633e-08
1.127452034184839233e-07
8.219125329207481402e-05
8.219125329207481402e-05
8.219125329207481402e-05
9.132361476897200617e-06
7.397212796286736650e-04
8.219125329207481402e-05
9.132361476897200617e-06
6.657491516658063310e-03
1.014706830766355177e-06
9.132361476897200617e-06
9.132361476897200617e-06
1.014706830766355177e-06
9.132361476897200617e-06
9.132361476897200617e-06
7.397212796286736650e-04
9.132361476897200617e-06
7.397212796286736650e-04
7.397212796286736650e-04
6.657491516658063310e-03
8.219125329207481402e-05
8.219125329207481402e-05
8.219125329207481402e-05
8.219125329207481402e-05
8.219125329207481402e-05
1.127452034184839233e-07
1.014706830766355177e-06
1.014706830766355177e-06
8.219125329207481402e-05
8.219125329207481402e-05
