6.988018227427020984e-05
8.627182996823480461e-07
6.289216404684320376e-04
7.764464697141132732e-06
6.289216404684320376e-04
5.660294764215890832e-03
8.627182996823480461e-07
7.764464697141132732e-06
8.627182996823480461e-07
8.627182996823480461e-07
7.764464697141132732e-06
5.660294764215890832e-03
5.660294764215890832e-03
5.660294764215890832e-03
5.660294764215890832e-03
6.988018227427020984e-05
9.585758885359419499e-08
6.988018227427020984e-05
7.764464697141132732e-06
7.764464697141132732e-06
5.660294764215890832e-03
8.627182996823480461e-07
5.660294764215890832e-03
6.988018227427020984e-05
5.660294764215890832e-03
6.988018227427020984e-05
6.289216404684320376e-04
5.660294764215890832e-03
8.627182996823480461e-07
7.764464697141132732e-06
6.289216404684320376e-04
6.988018227427020984e-05
6.988018227427020984e-05
6.988018227427020984e-05
7.764464697141132732e-06
6.988018227427020984e-05
7.764464697141132732e-06
5.660294764215890832e-03
6.289216404684320376e-04
5.660294764215890832e-03
5.660294764215890832e-03
8.627182996823480461e-07
7.764464697141132732e-06
5.660294764215890832e-03
5.094265287794302183e-02
6.289216404684320376e-04
6.988018227427020984e-05
5.094265287794302183e-02
5.660294764215890832e-03
8.627182996823480461e-07
6.289216404684320376e-04
5.660294764215890832e-03
6.289216404684320376e-04
6.988018227427020984e-05
6.988018227427020984e-05
6.289216404684320376e-04
6.289216404684320376e-04
5.094265287794302183e-02
6.289216404684320376e-04
6.289216404684320376e-04
6.289216404684320376e-04
7.764464697141132732e-06
6.289216404684320376e-04
9.585758885359419499e-08
6.988018227427020984e-05
6.988018227427020984e-05
7.764464697141132732e-06
5.660294764215890832e-03
7.764464697141132732e-06
8.627182996823480461e-07
6.988018227427020984e-05
6.988018227427020984e-05
8.627182996823480461e-07
7.764464697141132732e-06
5.094265287794302183e-02
7.764464697141132732e-06
9.585758885359419499e-08
6.988018227427020984e-05
6.988018227427020984e-05
6.289216404684320376e-04
7.764464697141132732e-06
6.988018227427020984e-05
8.627182996823480461e-07
6.988018227427020984e-05
5.660294764215890832e-03
6.988018227427020984e-05
5.660294764215890832e-03
7.764464697141132732e-06
6.988018227427020984e-05
7.764464697141132732e-06
7.764464697141132732e-06
6.988018227427020984e-05
7.764464697141132732e-06
6.988018227427020984e-05
7.764464697141132732e-06
6.988018227427020984e-05
8.627182996823480461e-07
1.065084320595490816e-08
6.289216404684320376e-04
6.988018227427020984e-05
6.988018227427020984e-05
5.660294764215890832e-03
6.988018227427020984e-05
6.988018227427020984e-05
8.627182996823480461e-07
7.764464697141132732e-06
6.289216404684320376e-04
6.988018227427020984e-05
8.627182996823480461e-07
7.764464697141132732e-06
6.289216404684320376e-04
9.585758885359419499e-08
7.764464697141132732e-06
5.660294764215890832e-03
5.660294764215890832e-03
5.660294764215890832e-03
7.764464697141132732e-06
6.289216404684320376e-04
6.289216404684320376e-04
5.660294764215890832e-03
8.627182996823480461e-07
5.094265287794302183e-02
7.764464697141132732e-06
7.764464697141132732e-06
9.585758885359419499e-08
5.660294764215890832e-03
5.660294764215890832e-03
7.764464697141132732e-06
1.065084320595490816e-08
5.660294764215890832e-03
7.764464697141132732e-06
5.660294764215890832e-03
5.660294764215890832e-03
6.988018227427020984e-05
6.988018227427020984e-05
6.988018227427020984e-05
9.585758885359419499e-08
6.289216404684320376e-04
7.764464697141132732e-06
6.988018227427020984e-05
6.289216404684320376e-04
5.660294764215890832e-03
6.988018227427020984e-05
8.627182996823480461e-07
7.764464697141132732e-06
6.988018227427020984e-05
8.627182996823480461e-07
7.764464697141132732e-06
9.585758885359419499e-08
8.627182996823480461e-07
9.585758885359419499e-08
5.660294764215890832e-03
6.289216404684320376e-04
6.988018227427020984e-05
8.627182996823480461e-07
5.660294764215890832e-03
8.627182996823480461e-07
8.627182996823480461e-07
8.627182996823480461e-07
4.584838759014873144e-01
6.289216404684320376e-04
7.764464697141132732e-06
5.660294764215890832e-03
6.988018227427020984e-05
6.988018227427020984e-05
6.988018227427020984e-05
8.627182996823480461e-07
7.764464697141132732e-06
6.988018227427020984e-05
7.764464697141132732e-06
6.988018227427020984e-05
6.289216404684320376e-04
6.988018227427020984e-05
5.094265287794302183e-02
6.988018227427020984e-05
6.289216404684320376e-04
6.988018227427020984e-05
6.289216404684320376e-04
6.988018227427020984e-05
6.988018227427020984e-05
6.289216404684320376e-04
5.660294764215890832e-03
5.660294764215890832e-03
6.289216404684320376e-04
5.660294764215890832e-03
6.289216404684320376e-04
5.660294764215890832e-03
6.289216404684320376e-04
6.988018227427020984e-05
6.289216404684320376e-04
6.289216404684320376e-04
6.289216404684320376e-04
6.289216404684320376e-04
6.988018227427020984e-05
8.627182996823480461e-07
7.764464697141132732e-06
6.289216404684320376e-04
8.627182996823480461e-07
6.988018227427020984e-05
5.660294764215890832e-03
