4.541093557842297027e-06
2.979411483300334340e-02
4.541093557842297027e-06
5.606288343015180175e-08
4.086984202058069273e-05
4.541093557842297027e-06
5.045659508713663481e-07
3.678285781852262616e-04
3.310457203667037818e-03
3.310457203667037818e-03
3.678285781852262616e-04
4.541093557842297027e-06
4.541093557842297027e-06
4.541093557842297027e-06
3.678285781852262616e-04
4.541093557842297027e-06
4.086984202058069273e-05
4.086984202058069273e-05
5.606288343015180175e-08
3.678285781852262616e-04
5.045659508713663481e-07
4.086984202058069273e-05
2.979411483300334340e-02
3.678285781852262616e-04
2.979411483300334340e-02
3.678285781852262616e-04
6.229209270016864655e-09
6.229209270016864655e-09
3.310457203667037818e-03
5.045659508713663481e-07
5.045659508713663481e-07
4.086984202058069273e-05
3.678285781852262616e-04
4.086984202058069273e-05
3.678285781852262616e-04
3.678285781852262616e-04
5.045659508713663481e-07
4.086984202058069273e-05
4.541093557842297027e-06
4.086984202058069273e-05
4.541093557842297027e-06
4.086984202058069273e-05
5.045659508713663481e-07
3.678285781852262616e-04
3.678285781852262616e-04
3.678285781852262616e-04
4.086984202058069273e-05
4.086984202058069273e-05
5.606288343015180175e-08
3.310457203667037818e-03
5.045659508713663481e-07
3.678285781852262616e-04
5.045659508713663481e-07
4.086984202058069273e-05
4.086984202058069273e-05
3.310457203667037818e-03
3.678285781852262616e-04
4.541093557842297027e-06
5.045659508713663481e-07
4.086984202058069273e-05
3.678285781852262616e-04
4.086984202058069273e-05
4.541093557842297027e-06
3.678285781852262616e-04
4.541093557842297027e-06
2.979411483300334340e-02
6.921343633352070690e-10
2.979411483300334340e-02
4.086984202058069273e-05
3.678285781852262616e-04
2.681470334970301739e-01
2.681470334970301739e-01
5.045659508713663481e-07
3.310457203667037818e-03
3.310457203667037818e-03
5.045659508713663481e-07
4.086984202058069273e-05
3.678285781852262616e-04
3.310457203667037818e-03
3.310457203667037818e-03
3.678285781852262616e-04
4.541093557842297027e-06
4.541093557842297027e-06
2.681470334970301739e-01
3.678285781852262616e-04
4.086984202058069273e-05
3.678285781852262616e-04
3.310457203667037818e-03
4.086984202058069273e-05
3.678285781852262616e-04
5.606288343015180175e-08
4.541093557842297027e-06
4.086984202058069273e-05
4.086984202058069273e-05
3.310457203667037818e-03
4.541093557842297027e-06
4.086984202058069273e-05
3.678285781852262616e-04
3.678285781852262616e-04
3.678285781852262616e-04
