1.127248540755887209e-06
1.127248540755887209e-06
8.217641862110425721e-04
1.014523686680299018e-05
1.014523686680299018e-05
1.014523686680299018e-05
9.130713180122692685e-05
1.014523686680299018e-05
1.014523686680299018e-05
1.014523686680299018e-05
1.127248540755887209e-06
1.014523686680299018e-05
1.127248540755887209e-06
5.990660917478505265e-01
8.217641862110425721e-04
8.217641862110425721e-04
1.127248540755887209e-06
1.014523686680299018e-05
9.130713180122692685e-05
1.127248540755887209e-06
1.014523686680299018e-05
1.014523686680299018e-05
6.656289908309448444e-02
1.014523686680299018e-05
8.217641862110425721e-04
1.127248540755887209e-06
1.391664865130724595e-08
9.130713180122692685e-05
8.217641862110425721e-04
1.252498378617652631e-07
1.127248540755887209e-06
1.252498378617652631e-07
1.252498378617652631e-07
1.014523686680299018e-05
1.127248540755887209e-06
1.014523686680299018e-05
9.130713180122692685e-05
8.217641862110425721e-04
8.217641862110425721e-04
8.217641862110425721e-04
1.127248540755887209e-06
8.217641862110425721e-04
1.014523686680299018e-05
8.217641862110425721e-04
1.127248540755887209e-06
1.014523686680299018e-05
9.130713180122692685e-05
1.014523686680299018e-05
1.127248540755887209e-06
9.130713180122692685e-05
1.391664865130724595e-08
1.127248540755887209e-06
1.014523686680299018e-05
6.656289908309448444e-02
1.127248540755887209e-06
1.127248540755887209e-06
1.014523686680299018e-05
1.127248540755887209e-06
1.014523686680299018e-05
1.014523686680299018e-05
9.130713180122692685e-05
1.127248540755887209e-06
1.127248540755887209e-06
7.395877675899384558e-03
9.130713180122692685e-05
1.252498378617652631e-07
1.127248540755887209e-06
8.217641862110425721e-04
1.127248540755887209e-06
1.014523686680299018e-05
7.395877675899384558e-03
1.546294294589693649e-09
7.395877675899384558e-03
1.014523686680299018e-05
9.130713180122692685e-05
8.217641862110425721e-04
1.127248540755887209e-06
1.252498378617652631e-07
1.014523686680299018e-05
9.130713180122692685e-05
9.130713180122692685e-05
1.014523686680299018e-05
1.252498378617652631e-07
8.217641862110425721e-04
9.130713180122692685e-05
1.127248540755887209e-06
9.130713180122692685e-05
1.014523686680299018e-05
1.127248540755887209e-06
1.127248540755887209e-06
1.014523686680299018e-05
8.217641862110425721e-04
1.127248540755887209e-06
9.130713180122692685e-05
1.127248540755887209e-06
1.014523686680299018e-05
1.014523686680299018e-05
8.217641862110425721e-04
1.252498378617652631e-07
1.014523686680299018e-05
9.130713180122692685e-05
8.217641862110425721e-04
9.130713180122692685e-05
9.130713180122692685e-05
8.217641862110425721e-04
1.014523686680299018e-05
9.130713180122692685e-05
1.546294294589693649e-09
9.130713180122692685e-05
8.217641862110425721e-04
1.391664865130724595e-08
1.014523686680299018e-05
1.014523686680299018e-05
7.395877675899384558e-03
9.130713180122692685e-05
1.014523686680299018e-05
1.391664865130724595e-08
9.130713180122692685e-05
9.130713180122692685e-05
1.546294294589693649e-09
7.395877675899384558e-03
9.130713180122692685e-05
1.127248540755887209e-06
8.217641862110425721e-04
1.014523686680299018e-05
1.127248540755887209e-06
8.217641862110425721e-04
9.130713180122692685e-05
8.217641862110425721e-04
1.252498378617652631e-07
7.395877675899384558e-03
1.014523686680299018e-05
9.130713180122692685e-05
9.130713180122692685e-05
1.014523686680299018e-05
9.130713180122692685e-05
1.546294294589693649e-09
1.127248540755887209e-06
1.391664865130724595e-08
1.252498378617652631e-07
1.127248540755887209e-06
1.014523686680299018e-05
9.130713180122692685e-05
1.014523686680299018e-05
1.014523686680299018e-05
9.130713180122692685e-05
1.252498378617652631e-07
8.217641862110425721e-04
1.127248540755887209e-06
1.252498378617652631e-07
1.014523686680299018e-05
1.014523686680299018e-05
1.252498378617652631e-07
9.130713180122692685e-05
8.217641862110425721e-04
9.130713180122692685e-05
1.252498378617652631e-07
7.395877675899384558e-03
1.014523686680299018e-05
1.252498378617652631e-07
9.130713180122692685e-05
9.130713180122692685e-05
9.130713180122692685e-05
1.127248540755887209e-06
7.395877675899384558e-03
8.217641862110425721e-04
1.014523686680299018e-05
1.014523686680299018e-05
1.127248540755887209e-06
9.130713180122692685e-05
9.130713180122692685e-05
1.252498378617652631e-07
1.391664865130724595e-08
1.252498378617652631e-07
1.252498378617652631e-07
8.217641862110425721e-04
9.130713180122692685e-05
1.127248540755887209e-06
1.014523686680299018e-05
9.130713180122692685e-05
1.127248540755887209e-06
9.130713180122692685e-05
1.127248540755887209e-06
9.130713180122692685e-05
1.014523686680299018e-05
1.014523686680299018e-05
1.014523686680299018e-05
1.014523686680299018e-05
1.252498378617652631e-07
7.395877675899384558e-03
1.391664865130724595e-08
9.130713180122692685e-05
1.127248540755887209e-06
9.130713180122692685e-05
1.127248540755887209e-06
1.127248540755887209e-06
1.014523686680299018e-05
9.130713180122692685e-05
9.130713180122692685e-05
9.130713180122692685e-05
8.217641862110425721e-04
1.252498378617652631e-07
9.130713180122692685e-05
9.130713180122692685e-05
1.252498378617652631e-07
1.014523686680299018e-05
1.127248540755887209e-06
1.014523686680299018e-05
1.391664865130724595e-08
1.127248540755887209e-06
1.014523686680299018e-05
9.130713180122692685e-05
1.127248540755887209e-06
9.130713180122692685e-05
9.130713180122692685e-05
7.395877675899384558e-03
1.127248540755887209e-06
1.014523686680299018e-05
1.014523686680299018e-05
7.395877675899384558e-03
1.014523686680299018e-05
8.217641862110425721e-04
9.130713180122692685e-05
8.217641862110425721e-04
7.395877675899384558e-03
8.217641862110425721e-04
1.252498378617652631e-07
8.217641862110425721e-04
9.130713180122692685e-05
1.014523686680299018e-05
1.127248540755887209e-06
1.127248540755887209e-06
7.395877675899384558e-03
9.130713180122692685e-05
1.014523686680299018e-05
9.130713180122692685e-05
1.391664865130724595e-08
8.217641862110425721e-04
1.127248540755887209e-06
9.130713180122692685e-05
1.252498378617652631e-07
7.395877675899384558e-03
8.217641862110425721e-04
8.217641862110425721e-04
1.127248540755887209e-06
9.130713180122692685e-05
1.127248540755887209e-06
9.130713180122692685e-05
1.014523686680299018e-05
9.130713180122692685e-05
1.252498378617652631e-07
8.217641862110425721e-04
1.252498378617652631e-07
9.130713180122692685e-05
1.252498378617652631e-07
1.127248540755887209e-06
8.217641862110425721e-04
1.252498378617652631e-07
7.395877675899384558e-03
9.130713180122692685e-05
8.217641862110425721e-04
8.217641862110425721e-04
1.014523686680299018e-05
1.014523686680299018e-05
9.130713180122692685e-05
8.217641862110425721e-04
1.014523686680299018e-05
1.127248540755887209e-06
1.127248540755887209e-06
9.130713180122692685e-05
1.014523686680299018e-05
1.127248540755887209e-06
1.014523686680299018e-05
8.217641862110425721e-04
1.252498378617652631e-07
1.014523686680299018e-05
1.014523686680299018e-05
8.217641862110425721e-04
9.130713180122692685e-05
8.217641862110425721e-04
7.395877675899384558e-03
9.130713180122692685e-05
1.014523686680299018e-05
1.127248540755887209e-06
1.127248540755887209e-06
9.130713180122692685e-05
9.130713180122692685e-05
9.130713180122692685e-05
1.252498378617652631e-07
1.127248540755887209e-06
9.130713180122692685e-05
1.252498378617652631e-07
1.127248540755887209e-06
1.127248540755887209e-06
1.127248540755887209e-06
8.217641862110425721e-04
9.130713180122692685e-05
1.252498378617652631e-07
1.014523686680299018e-05
1.014523686680299018e-05
1.127248540755887209e-06
9.130713180122692685e-05
1.391664865130724595e-08
1.127248540755887209e-06
1.014523686680299018e-05
1.252498378617652631e-07
7.395877675899384558e-03
1.127248540755887209e-06
1.127248540755887209e-06
9.130713180122692685e-05
1.014523686680299018e-05
8.217641862110425721e-04
1.127248540755887209e-06
8.217641862110425721e-04
1.127248540755887209e-06
1.127248540755887209e-06
1.014523686680299018e-05
1.127248540755887209e-06
1.014523686680299018e-05
8.217641862110425721e-04
1.014523686680299018e-05
1.127248540755887209e-06
1.014523686680299018e-05
1.252498378617652631e-07
1.014523686680299018e-05
1.252498378617652631e-07
1.014523686680299018e-05
8.217641862110425721e-04
1.127248540755887209e-06
1.014523686680299018e-05
1.014523686680299018e-05
7.395877675899384558e-03
1.014523686680299018e-05
1.014523686680299018e-05
8.217641862110425721e-04
1.014523686680299018e-05
1.014523686680299018e-05
1.014523686680299018e-05
9.130713180122692685e-05
1.014523686680299018e-05
1.127248540755887209e-06
1.127248540755887209e-06
8.217641862110425721e-04
1.252498378617652631e-07
1.127248540755887209e-06
1.014523686680299018e-05
1.252498378617652631e-07
1.014523686680299018e-05
7.395877675899384558e-03
1.391664865130724595e-08
9.130713180122692685e-05
9.130713180122692685e-05
9.130713180122692685e-05
1.014523686680299018e-05
1.127248540755887209e-06
1.252498378617652631e-07
9.130713180122692685e-05
9.130713180122692685e-05
1.252498378617652631e-07
1.252498378617652631e-07
1.014523686680299018e-05
8.217641862110425721e-04
1.252498378617652631e-07
1.014523686680299018e-05
9.130713180122692685e-05
1.014523686680299018e-05
8.217641862110425721e-04
9.130713180122692685e-05
9.130713180122692685e-05
7.395877675899384558e-03
1.014523686680299018e-05
1.014523686680299018e-05
1.014523686680299018e-05
1.014523686680299018e-05
1.127248540755887209e-06
1.127248540755887209e-06
1.127248540755887209e-06
8.217641862110425721e-04
6.656289908309448444e-02
8.217641862110425721e-04
1.127248540755887209e-06
1.014523686680299018e-05
1.014523686680299018e-05
1.127248540755887209e-06
1.252498378617652631e-07
8.217641862110425721e-04
9.130713180122692685e-05
9.130713180122692685e-05
1.252498378617652631e-07
1.252498378617652631e-07
1.127248540755887209e-06
9.130713180122692685e-05
9.130713180122692685e-05
9.130713180122692685e-05
9.130713180122692685e-05
1.014523686680299018e-05
1.014523686680299018e-05
1.127248540755887209e-06
1.127248540755887209e-06
8.217641862110425721e-04
