2.448748026937797853e-04
2.448748026937797853e-04
2.448748026937797853e-04
3.023145712268884811e-06
2.720831141041997388e-05
3.023145712268884811e-06
3.359050791409872424e-07
2.720831141041997388e-05
2.720831141041997388e-05
2.448748026937797853e-04
2.448748026937797853e-04
3.023145712268884811e-06
3.732278657122078926e-08
2.448748026937797853e-04
3.359050791409872424e-07
3.023145712268884811e-06
3.023145712268884811e-06
2.448748026937797853e-04
2.203873224244019043e-03
3.023145712268884811e-06
2.448748026937797853e-04
3.023145712268884811e-06
2.448748026937797853e-04
1.983485901819617356e-02
2.720831141041997388e-05
2.720831141041997388e-05
2.720831141041997388e-05
3.023145712268884811e-06
2.448748026937797853e-04
2.720831141041997388e-05
1.785137311637656210e-01
3.359050791409872424e-07
2.203873224244019043e-03
3.023145712268884811e-06
3.023145712268884811e-06
2.203873224244019043e-03
2.720831141041997388e-05
3.359050791409872424e-07
2.448748026937797853e-04
2.203873224244019043e-03
3.023145712268884811e-06
2.448748026937797853e-04
2.720831141041997388e-05
2.720831141041997388e-05
3.359050791409872424e-07
3.359050791409872424e-07
4.146976285691197888e-09
2.720831141041997388e-05
2.448748026937797853e-04
2.720831141041997388e-05
2.720831141041997388e-05
2.448748026937797853e-04
2.448748026937797853e-04
3.023145712268884811e-06
2.203873224244019043e-03
2.448748026937797853e-04
3.359050791409872424e-07
3.023145712268884811e-06
2.448748026937797853e-04
2.720831141041997388e-05
2.720831141041997388e-05
2.203873224244019043e-03
2.448748026937797853e-04
1.983485901819617356e-02
2.720831141041997388e-05
2.448748026937797853e-04
2.448748026937797853e-04
2.448748026937797853e-04
3.023145712268884811e-06
2.720831141041997388e-05
3.359050791409872424e-07
2.720831141041997388e-05
1.983485901819617356e-02
2.720831141041997388e-05
2.720831141041997388e-05
2.720831141041997388e-05
2.203873224244019043e-03
2.720831141041997388e-05
2.448748026937797853e-04
2.203873224244019043e-03
3.023145712268884811e-06
2.448748026937797853e-04
2.203873224244019043e-03
2.720831141041997388e-05
3.023145712268884811e-06
1.785137311637656210e-01
3.023145712268884811e-06
2.203873224244019043e-03
2.203873224244019043e-03
3.023145712268884811e-06
2.720831141041997388e-05
1.983485901819617356e-02
3.023145712268884811e-06
2.448748026937797853e-04
2.448748026937797853e-04
3.732278657122078926e-08
2.720831141041997388e-05
2.203873224244019043e-03
2.720831141041997388e-05
3.023145712268884811e-06
3.023145712268884811e-06
3.359050791409872424e-07
3.359050791409872424e-07
3.359050791409872424e-07
2.720831141041997388e-05
3.359050791409872424e-07
2.720831141041997388e-05
3.359050791409872424e-07
3.732278657122078926e-08
3.732278657122078926e-08
1.983485901819617356e-02
2.720831141041997388e-05
2.720831141041997388e-05
2.448748026937797853e-04
3.023145712268884811e-06
3.023145712268884811e-06
3.359050791409872424e-07
3.023145712268884811e-06
3.023145712268884811e-06
3.023145712268884811e-06
2.720831141041997388e-05
3.359050791409872424e-07
2.720831141041997388e-05
2.720831141041997388e-05
2.720831141041997388e-05
2.448748026937797853e-04
2.448748026937797853e-04
2.203873224244019043e-03
3.732278657122078926e-08
2.448748026937797853e-04
2.720831141041997388e-05
3.023145712268884811e-06
2.448748026937797853e-04
2.448748026937797853e-04
3.023145712268884811e-06
3.732278657122078926e-08
2.203873224244019043e-03
2.448748026937797853e-04
2.720831141041997388e-05
3.023145712268884811e-06
3.359050791409872424e-07
2.720831141041997388e-05
3.359050791409872424e-07
2.720831141041997388e-05
2.448748026937797853e-04
2.448748026937797853e-04
2.720831141041997388e-05
3.023145712268884811e-06
1.983485901819617356e-02
2.203873224244019043e-03
2.448748026937797853e-04
3.359050791409872424e-07
2.720831141041997388e-05
2.720831141041997388e-05
2.203873224244019043e-03
2.720831141041997388e-05
3.023145712268884811e-06
2.720831141041997388e-05
2.448748026937797853e-04
2.720831141041997388e-05
2.448748026937797853e-04
2.448748026937797853e-04
1.983485901819617356e-02
3.359050791409872424e-07
2.448748026937797853e-04
2.720831141041997388e-05
3.023145712268884811e-06
2.448748026937797853e-04
2.203873224244019043e-03
3.732278657122078926e-08
3.023145712268884811e-06
2.720831141041997388e-05
1.983485901819617356e-02
3.359050791409872424e-07
2.448748026937797853e-04
2.448748026937797853e-04
2.203873224244019043e-03
2.720831141041997388e-05
1.983485901819617356e-02
2.448748026937797853e-04
2.203873224244019043e-03
3.023145712268884811e-06
2.720831141041997388e-05
3.023145712268884811e-06
2.720831141041997388e-05
2.448748026937797853e-04
3.023145712268884811e-06
4.146976285691197888e-09
2.448748026937797853e-04
2.448748026937797853e-04
3.023145712268884811e-06
4.146976285691197888e-09
2.448748026937797853e-04
2.203873224244019043e-03
3.023145712268884811e-06
3.023145712268884811e-06
3.359050791409872424e-07
2.720831141041997388e-05
2.203873224244019043e-03
2.448748026937797853e-04
2.203873224244019043e-03
2.720831141041997388e-05
1.983485901819617356e-02
2.720831141041997388e-05
2.720831141041997388e-05
3.023145712268884811e-06
2.448748026937797853e-04
3.732278657122078926e-08
2.720831141041997388e-05
2.203873224244019043e-03
3.023145712268884811e-06
3.023145712268884811e-06
3.359050791409872424e-07
2.448748026937797853e-04
2.448748026937797853e-04
3.023145712268884811e-06
3.732278657122078926e-08
2.720831141041997388e-05
2.720831141041997388e-05
2.720831141041997388e-05
2.720831141041997388e-05
2.203873224244019043e-03
3.023145712268884811e-06
2.203873224244019043e-03
3.359050791409872424e-07
3.732278657122078926e-08
3.023145712268884811e-06
3.023145712268884811e-06
2.448748026937797853e-04
3.359050791409872424e-07
1.983485901819617356e-02
3.359050791409872424e-07
3.023145712268884811e-06
3.732278657122078926e-08
2.720831141041997388e-05
3.359050791409872424e-07
2.448748026937797853e-04
2.720831141041997388e-05
3.359050791409872424e-07
3.359050791409872424e-07
2.203873224244019043e-03
2.720831141041997388e-05
3.359050791409872424e-07
3.732278657122078926e-08
2.720831141041997388e-05
3.023145712268884811e-06
3.023145712268884811e-06
3.023145712268884811e-06
1.983485901819617356e-02
2.448748026937797853e-04
2.720831141041997388e-05
3.732278657122078926e-08
3.359050791409872424e-07
3.023145712268884811e-06
3.732278657122078926e-08
2.720831141041997388e-05
2.448748026937797853e-04
2.720831141041997388e-05
3.023145712268884811e-06
2.448748026937797853e-04
2.720831141041997388e-05
2.203873224244019043e-03
1.983485901819617356e-02
2.720831141041997388e-05
3.359050791409872424e-07
3.023145712268884811e-06
3.023145712268884811e-06
3.023145712268884811e-06
2.448748026937797853e-04
2.448748026937797853e-04
3.359050791409872424e-07
3.023145712268884811e-06
2.720831141041997388e-05
2.720831141041997388e-05
2.720831141041997388e-05
3.732278657122078926e-08
3.023145712268884811e-06
2.720831141041997388e-05
2.448748026937797853e-04
3.023145712268884811e-06
3.359050791409872424e-07
2.720831141041997388e-05
2.720831141041997388e-05
2.203873224244019043e-03
2.720831141041997388e-05
3.023145712268884811e-06
3.359050791409872424e-07
2.720831141041997388e-05
2.448748026937797853e-04
2.448748026937797853e-04
2.720831141041997388e-05
1.983485901819617356e-02
1.983485901819617356e-02
2.448748026937797853e-04
2.203873224244019043e-03
2.448748026937797853e-04
3.023145712268884811e-06
3.023145712268884811e-06
2.448748026937797853e-04
3.359050791409872424e-07
2.203873224244019043e-03
2.720831141041997388e-05
2.720831141041997388e-05
2.720831141041997388e-05
3.359050791409872424e-07
2.448748026937797853e-04
3.023145712268884811e-06
3.732278657122078926e-08
2.720831141041997388e-05
2.720831141041997388e-05
2.720831141041997388e-05
2.720831141041997388e-05
2.720831141041997388e-05
2.720831141041997388e-05
3.359050791409872424e-07
3.732278657122078926e-08
2.203873224244019043e-03
3.023145712268884811e-06
2.448748026937797853e-04
3.023145712268884811e-06
3.023145712268884811e-06
4.607751428545774397e-10
2.203873224244019043e-03
3.732278657122078926e-08
2.448748026937797853e-04
2.448748026937797853e-04
2.720831141041997388e-05
2.720831141041997388e-05
3.732278657122078926e-08
3.023145712268884811e-06
2.448748026937797853e-04
2.720831141041997388e-05
2.448748026937797853e-04
3.023145712268884811e-06
3.023145712268884811e-06
2.720831141041997388e-05
3.023145712268884811e-06
2.203873224244019043e-03
2.203873224244019043e-03
2.720831141041997388e-05
2.720831141041997388e-05
2.448748026937797853e-04
3.023145712268884811e-06
1.983485901819617356e-02
2.720831141041997388e-05
2.448748026937797853e-04
3.023145712268884811e-06
3.023145712268884811e-06
2.448748026937797853e-04
3.732278657122078926e-08
1.983485901819617356e-02
3.359050791409872424e-07
2.203873224244019043e-03
3.732278657122078926e-08
3.359050791409872424e-07
2.720831141041997388e-05
2.448748026937797853e-04
3.023145712268884811e-06
2.720831141041997388e-05
2.720831141041997388e-05
1.785137311637656210e-01
2.448748026937797853e-04
3.023145712268884811e-06
3.023145712268884811e-06
4.146976285691197888e-09
3.359050791409872424e-07
2.448748026937797853e-04
2.720831141041997388e-05
2.448748026937797853e-04
2.448748026937797853e-04
2.448748026937797853e-04
2.448748026937797853e-04
3.023145712268884811e-06
2.448748026937797853e-04
2.720831141041997388e-05
3.359050791409872424e-07
2.720831141041997388e-05
2.720831141041997388e-05
2.720831141041997388e-05
2.720831141041997388e-05
3.732278657122078926e-08
2.720831141041997388e-05
2.720831141041997388e-05
2.448748026937797853e-04
2.203873224244019043e-03
3.023145712268884811e-06
3.359050791409872424e-07
3.359050791409872424e-07
2.203873224244019043e-03
2.720831141041997388e-05
2.448748026937797853e-04
2.448748026937797853e-04
2.203873224244019043e-03
3.359050791409872424e-07
3.023145712268884811e-06
3.023145712268884811e-06
1.983485901819617356e-02
3.359050791409872424e-07
2.720831141041997388e-05
3.023145712268884811e-06
