1.147166276520135152e-07
1.032449648868121478e-06
1.032449648868121478e-06
6.096511931601378970e-02
9.292046839813096899e-06
9.292046839813096899e-06
1.032449648868121478e-06
1.032449648868121478e-06
9.292046839813096899e-06
6.773902146223752772e-03
8.362842155831789581e-05
1.032449648868121478e-06
1.032449648868121478e-06
1.032449648868121478e-06
7.526557940248612385e-04
7.526557940248612385e-04
7.526557940248612385e-04
9.292046839813096899e-06
1.032449648868121478e-06
9.292046839813096899e-06
1.032449648868121478e-06
9.292046839813096899e-06
1.147166276520135152e-07
9.292046839813096899e-06
8.362842155831789581e-05
1.032449648868121478e-06
8.362842155831789581e-05
8.362842155831789581e-05
9.292046839813096899e-06
8.362842155831789581e-05
5.486860738441242669e-01
7.526557940248612385e-04
1.032449648868121478e-06
7.526557940248612385e-04
7.526557940248612385e-04
1.147166276520135152e-07
8.362842155831789581e-05
1.147166276520135152e-07
1.032449648868121478e-06
9.292046839813096899e-06
8.362842155831789581e-05
8.362842155831789581e-05
9.292046839813096899e-06
7.526557940248612385e-04
7.526557940248612385e-04
9.292046839813096899e-06
6.773902146223752772e-03
1.032449648868121478e-06
9.292046839813096899e-06
8.362842155831789581e-05
1.032449648868121478e-06
8.362842155831789581e-05
6.773902146223752772e-03
7.526557940248612385e-04
9.292046839813096899e-06
9.292046839813096899e-06
9.292046839813096899e-06
7.526557940248612385e-04
1.147166276520135152e-07
8.362842155831789581e-05
1.274629196133482950e-08
1.274629196133482950e-08
1.032449648868121478e-06
9.292046839813096899e-06
1.032449648868121478e-06
7.526557940248612385e-04
1.147166276520135152e-07
9.292046839813096899e-06
7.526557940248612385e-04
1.032449648868121478e-06
1.274629196133482950e-08
9.292046839813096899e-06
1.032449648868121478e-06
1.274629196133482950e-08
1.147166276520135152e-07
1.032449648868121478e-06
9.292046839813096899e-06
9.292046839813096899e-06
8.362842155831789581e-05
1.147166276520135152e-07
9.292046839813096899e-06
8.362842155831789581e-05
9.292046839813096899e-06
1.032449648868121478e-06
1.274629196133482950e-08
9.292046839813096899e-06
7.526557940248612385e-04
1.147166276520135152e-07
8.362842155831789581e-05
9.292046839813096899e-06
8.362842155831789581e-05
9.292046839813096899e-06
1.032449648868121478e-06
8.362842155831789581e-05
6.773902146223752772e-03
1.147166276520135152e-07
8.362842155831789581e-05
6.773902146223752772e-03
9.292046839813096899e-06
1.032449648868121478e-06
1.032449648868121478e-06
1.032449648868121478e-06
7.526557940248612385e-04
1.147166276520135152e-07
1.032449648868121478e-06
1.147166276520135152e-07
9.292046839813096899e-06
1.147166276520135152e-07
8.362842155831789581e-05
9.292046839813096899e-06
7.526557940248612385e-04
1.032449648868121478e-06
8.362842155831789581e-05
1.032449648868121478e-06
7.526557940248612385e-04
8.362842155831789581e-05
1.274629196133482950e-08
9.292046839813096899e-06
1.032449648868121478e-06
8.362842155831789581e-05
1.032449648868121478e-06
1.032449648868121478e-06
9.292046839813096899e-06
8.362842155831789581e-05
9.292046839813096899e-06
9.292046839813096899e-06
8.362842155831789581e-05
1.147166276520135152e-07
1.147166276520135152e-07
8.362842155831789581e-05
1.032449648868121478e-06
9.292046839813096899e-06
8.362842155831789581e-05
6.773902146223752772e-03
8.362842155831789581e-05
9.292046839813096899e-06
1.032449648868121478e-06
1.032449648868121478e-06
8.362842155831789581e-05
1.032449648868121478e-06
1.147166276520135152e-07
7.526557940248612385e-04
9.292046839813096899e-06
7.526557940248612385e-04
1.032449648868121478e-06
9.292046839813096899e-06
1.147166276520135152e-07
8.362842155831789581e-05
7.526557940248612385e-04
7.526557940248612385e-04
1.147166276520135152e-07
1.032449648868121478e-06
9.292046839813096899e-06
1.032449648868121478e-06
6.773902146223752772e-03
1.147166276520135152e-07
1.147166276520135152e-07
8.362842155831789581e-05
9.292046839813096899e-06
9.292046839813096899e-06
9.292046839813096899e-06
1.147166276520135152e-07
9.292046839813096899e-06
1.032449648868121478e-06
9.292046839813096899e-06
8.362842155831789581e-05
9.292046839813096899e-06
1.032449648868121478e-06
1.147166276520135152e-07
9.292046839813096899e-06
1.032449648868121478e-06
1.147166276520135152e-07
8.362842155831789581e-05
1.147166276520135152e-07
1.032449648868121478e-06
7.526557940248612385e-04
7.526557940248612385e-04
1.032449648868121478e-06
8.362842155831789581e-05
8.362842155831789581e-05
8.362842155831789581e-05
9.292046839813096899e-06
1.147166276520135152e-07
8.362842155831789581e-05
6.773902146223752772e-03
8.362842155831789581e-05
1.032449648868121478e-06
1.032449648868121478e-06
1.032449648868121478e-06
1.032449648868121478e-06
8.362842155831789581e-05
1.032449648868121478e-06
7.526557940248612385e-04
7.526557940248612385e-04
9.292046839813096899e-06
1.032449648868121478e-06
1.032449648868121478e-06
9.292046839813096899e-06
9.292046839813096899e-06
7.526557940248612385e-04
8.362842155831789581e-05
1.147166276520135152e-07
9.292046839813096899e-06
9.292046839813096899e-06
1.147166276520135152e-07
8.362842155831789581e-05
7.526557940248612385e-04
1.147166276520135152e-07
1.032449648868121478e-06
9.292046839813096899e-06
1.032449648868121478e-06
1.274629196133482950e-08
8.362842155831789581e-05
1.147166276520135152e-07
1.147166276520135152e-07
9.292046839813096899e-06
8.362842155831789581e-05
9.292046839813096899e-06
9.292046839813096899e-06
7.526557940248612385e-04
8.362842155831789581e-05
9.292046839813096899e-06
9.292046839813096899e-06
1.032449648868121478e-06
1.032449648868121478e-06
8.362842155831789581e-05
8.362842155831789581e-05
8.362842155831789581e-05
9.292046839813096899e-06
9.292046839813096899e-06
1.147166276520135152e-07
9.292046839813096899e-06
6.773902146223752772e-03
6.773902146223752772e-03
1.032449648868121478e-06
9.292046839813096899e-06
9.292046839813096899e-06
8.362842155831789581e-05
1.032449648868121478e-06
1.147166276520135152e-07
1.032449648868121478e-06
9.292046839813096899e-06
8.362842155831789581e-05
7.526557940248612385e-04
8.362842155831789581e-05
1.032449648868121478e-06
1.274629196133482950e-08
8.362842155831789581e-05
9.292046839813096899e-06
7.526557940248612385e-04
8.362842155831789581e-05
1.032449648868121478e-06
9.292046839813096899e-06
7.526557940248612385e-04
1.032449648868121478e-06
6.096511931601378970e-02
7.526557940248612385e-04
8.362842155831789581e-05
1.032449648868121478e-06
1.147166276520135152e-07
1.032449648868121478e-06
6.773902146223752772e-03
1.032449648868121478e-06
1.032449648868121478e-06
8.362842155831789581e-05
9.292046839813096899e-06
9.292046839813096899e-06
1.032449648868121478e-06
9.292046839813096899e-06
9.292046839813096899e-06
7.526557940248612385e-04
7.526557940248612385e-04
8.362842155831789581e-05
8.362842155831789581e-05
7.526557940248612385e-04
1.147166276520135152e-07
1.147166276520135152e-07
1.147166276520135152e-07
1.274629196133482950e-08
1.147166276520135152e-07
9.292046839813096899e-06
8.362842155831789581e-05
1.147166276520135152e-07
6.773902146223752772e-03
9.292046839813096899e-06
1.032449648868121478e-06
6.096511931601378970e-02
7.526557940248612385e-04
1.032449648868121478e-06
9.292046839813096899e-06
7.526557940248612385e-04
9.292046839813096899e-06
8.362842155831789581e-05
7.526557940248612385e-04
8.362842155831789581e-05
8.362842155831789581e-05
8.362842155831789581e-05
9.292046839813096899e-06
8.362842155831789581e-05
9.292046839813096899e-06
1.147166276520135152e-07
1.274629196133482950e-08
7.526557940248612385e-04
7.526557940248612385e-04
7.526557940248612385e-04
8.362842155831789581e-05
1.032449648868121478e-06
9.292046839813096899e-06
9.292046839813096899e-06
1.147166276520135152e-07
8.362842155831789581e-05
9.292046839813096899e-06
6.773902146223752772e-03
9.292046839813096899e-06
9.292046839813096899e-06
1.032449648868121478e-06
8.362842155831789581e-05
8.362842155831789581e-05
1.032449648868121478e-06
7.526557940248612385e-04
1.147166276520135152e-07
6.773902146223752772e-03
9.292046839813096899e-06
1.032449648868121478e-06
9.292046839813096899e-06
1.147166276520135152e-07
1.147166276520135152e-07
8.362842155831789581e-05
9.292046839813096899e-06
6.096511931601378970e-02
1.147166276520135152e-07
1.147166276520135152e-07
1.416254662370536290e-09
1.147166276520135152e-07
9.292046839813096899e-06
1.032449648868121478e-06
6.773902146223752772e-03
9.292046839813096899e-06
1.032449648868121478e-06
9.292046839813096899e-06
8.362842155831789581e-05
7.526557940248612385e-04
1.032449648868121478e-06
6.773902146223752772e-03
1.032449648868121478e-06
9.292046839813096899e-06
6.096511931601378970e-02
1.032449648868121478e-06
8.362842155831789581e-05
9.292046839813096899e-06
