1.983022327926694454e-04
2.203358142140771051e-05
2.448175713489744718e-06
2.720195237210827347e-07
1.784720095134025497e-03
2.720195237210827347e-07
2.720195237210827347e-07
2.448175713489744718e-06
2.203358142140771051e-05
2.448175713489744718e-06
2.203358142140771051e-05
3.022439152456474021e-08
2.448175713489744718e-06
2.448175713489744718e-06
1.983022327926694454e-04
1.606248085620623142e-02
1.983022327926694454e-04
2.448175713489744718e-06
2.448175713489744718e-06
2.448175713489744718e-06
2.203358142140771051e-05
2.448175713489744718e-06
2.203358142140771051e-05
1.983022327926694454e-04
2.203358142140771051e-05
2.720195237210827347e-07
1.983022327926694454e-04
2.448175713489744718e-06
2.448175713489744718e-06
1.784720095134025497e-03
2.448175713489744718e-06
1.983022327926694454e-04
1.784720095134025497e-03
3.022439152456474021e-08
2.448175713489744718e-06
2.203358142140771051e-05
1.983022327926694454e-04
1.983022327926694454e-04
1.983022327926694454e-04
1.983022327926694454e-04
2.448175713489744718e-06
1.983022327926694454e-04
2.203358142140771051e-05
1.983022327926694454e-04
1.983022327926694454e-04
2.720195237210827347e-07
1.784720095134025497e-03
2.720195237210827347e-07
3.022439152456474021e-08
1.983022327926694454e-04
2.720195237210827347e-07
2.448175713489744718e-06
2.720195237210827347e-07
2.448175713489744718e-06
3.022439152456474021e-08
2.448175713489744718e-06
2.203358142140771051e-05
1.784720095134025497e-03
1.445623277058561418e-01
1.983022327926694454e-04
2.203358142140771051e-05
1.983022327926694454e-04
2.720195237210827347e-07
2.203358142140771051e-05
1.983022327926694454e-04
1.606248085620623142e-02
2.203358142140771051e-05
1.983022327926694454e-04
1.784720095134025497e-03
2.720195237210827347e-07
2.720195237210827347e-07
1.983022327926694454e-04
1.983022327926694454e-04
1.983022327926694454e-04
2.203358142140771051e-05
2.448175713489744718e-06
1.983022327926694454e-04
2.720195237210827347e-07
2.203358142140771051e-05
1.983022327926694454e-04
2.203358142140771051e-05
2.448175713489744718e-06
2.203358142140771051e-05
1.983022327926694454e-04
1.784720095134025497e-03
1.983022327926694454e-04
2.203358142140771051e-05
1.606248085620623142e-02
3.022439152456474021e-08
1.784720095134025497e-03
2.448175713489744718e-06
2.448175713489744718e-06
2.720195237210827347e-07
2.203358142140771051e-05
2.448175713489744718e-06
2.448175713489744718e-06
1.983022327926694454e-04
2.203358142140771051e-05
2.203358142140771051e-05
1.983022327926694454e-04
1.983022327926694454e-04
2.203358142140771051e-05
1.983022327926694454e-04
2.448175713489744718e-06
1.784720095134025497e-03
2.203358142140771051e-05
1.983022327926694454e-04
1.983022327926694454e-04
2.203358142140771051e-05
1.784720095134025497e-03
2.203358142140771051e-05
1.983022327926694454e-04
2.203358142140771051e-05
1.606248085620623142e-02
1.784720095134025497e-03
1.606248085620623142e-02
1.983022327926694454e-04
1.606248085620623142e-02
1.606248085620623142e-02
2.448175713489744718e-06
2.448175713489744718e-06
2.203358142140771051e-05
2.203358142140771051e-05
2.203358142140771051e-05
2.720195237210827347e-07
1.983022327926694454e-04
1.983022327926694454e-04
1.983022327926694454e-04
1.606248085620623142e-02
1.983022327926694454e-04
2.448175713489744718e-06
1.983022327926694454e-04
1.983022327926694454e-04
2.203358142140771051e-05
1.983022327926694454e-04
1.784720095134025497e-03
3.022439152456474021e-08
3.022439152456474021e-08
1.983022327926694454e-04
2.448175713489744718e-06
1.983022327926694454e-04
2.448175713489744718e-06
1.983022327926694454e-04
3.022439152456474021e-08
3.022439152456474021e-08
2.720195237210827347e-07
1.983022327926694454e-04
1.606248085620623142e-02
2.448175713489744718e-06
2.448175713489744718e-06
2.203358142140771051e-05
2.203358142140771051e-05
2.448175713489744718e-06
2.448175713489744718e-06
2.448175713489744718e-06
1.784720095134025497e-03
1.784720095134025497e-03
1.606248085620623142e-02
2.720195237210827347e-07
1.784720095134025497e-03
1.983022327926694454e-04
2.203358142140771051e-05
2.448175713489744718e-06
2.448175713489744718e-06
1.983022327926694454e-04
2.203358142140771051e-05
1.445623277058561418e-01
2.203358142140771051e-05
2.448175713489744718e-06
2.203358142140771051e-05
1.983022327926694454e-04
2.448175713489744718e-06
1.606248085620623142e-02
2.203358142140771051e-05
1.983022327926694454e-04
2.448175713489744718e-06
2.448175713489744718e-06
2.448175713489744718e-06
2.448175713489744718e-06
1.784720095134025497e-03
1.983022327926694454e-04
1.784720095134025497e-03
1.983022327926694454e-04
1.784720095134025497e-03
1.784720095134025497e-03
2.203358142140771051e-05
3.022439152456474021e-08
2.720195237210827347e-07
1.784720095134025497e-03
2.448175713489744718e-06
2.203358142140771051e-05
2.448175713489744718e-06
2.448175713489744718e-06
1.983022327926694454e-04
3.022439152456474021e-08
2.203358142140771051e-05
1.983022327926694454e-04
2.448175713489744718e-06
2.448175713489744718e-06
2.203358142140771051e-05
1.983022327926694454e-04
2.720195237210827347e-07
1.606248085620623142e-02
1.784720095134025497e-03
1.983022327926694454e-04
2.448175713489744718e-06
1.606248085620623142e-02
2.203358142140771051e-05
2.448175713489744718e-06
3.358265724951636928e-09
1.445623277058561418e-01
1.784720095134025497e-03
2.203358142140771051e-05
2.448175713489744718e-06
2.720195237210827347e-07
1.983022327926694454e-04
2.203358142140771051e-05
1.983022327926694454e-04
2.720195237210827347e-07
2.203358142140771051e-05
2.203358142140771051e-05
2.448175713489744718e-06
2.720195237210827347e-07
1.983022327926694454e-04
2.203358142140771051e-05
2.720195237210827347e-07
1.983022327926694454e-04
2.203358142140771051e-05
2.448175713489744718e-06
1.983022327926694454e-04
2.720195237210827347e-07
2.448175713489744718e-06
1.983022327926694454e-04
2.203358142140771051e-05
1.983022327926694454e-04
2.203358142140771051e-05
1.606248085620623142e-02
1.784720095134025497e-03
2.448175713489744718e-06
1.606248085620623142e-02
2.720195237210827347e-07
1.983022327926694454e-04
2.203358142140771051e-05
1.784720095134025497e-03
1.606248085620623142e-02
2.203358142140771051e-05
2.720195237210827347e-07
2.203358142140771051e-05
1.784720095134025497e-03
2.203358142140771051e-05
2.203358142140771051e-05
2.203358142140771051e-05
1.784720095134025497e-03
2.448175713489744718e-06
2.448175713489744718e-06
1.784720095134025497e-03
1.983022327926694454e-04
2.720195237210827347e-07
1.983022327926694454e-04
2.448175713489744718e-06
2.720195237210827347e-07
2.203358142140771051e-05
1.606248085620623142e-02
2.203358142140771051e-05
1.983022327926694454e-04
2.203358142140771051e-05
2.203358142140771051e-05
1.784720095134025497e-03
2.203358142140771051e-05
2.203358142140771051e-05
2.203358142140771051e-05
2.720195237210827347e-07
2.448175713489744718e-06
1.445623277058561418e-01
2.720195237210827347e-07
2.448175713489744718e-06
2.203358142140771051e-05
2.203358142140771051e-05
2.203358142140771051e-05
1.784720095134025497e-03
1.784720095134025497e-03
1.983022327926694454e-04
2.448175713489744718e-06
2.203358142140771051e-05
1.784720095134025497e-03
2.720195237210827347e-07
1.606248085620623142e-02
2.203358142140771051e-05
2.448175713489744718e-06
2.448175713489744718e-06
1.983022327926694454e-04
1.784720095134025497e-03
2.448175713489744718e-06
2.448175713489744718e-06
2.720195237210827347e-07
2.448175713489744718e-06
2.720195237210827347e-07
1.983022327926694454e-04
2.203358142140771051e-05
2.203358142140771051e-05
1.784720095134025497e-03
2.203358142140771051e-05
2.203358142140771051e-05
1.983022327926694454e-04
2.448175713489744718e-06
2.203358142140771051e-05
2.203358142140771051e-05
2.203358142140771051e-05
2.448175713489744718e-06
2.203358142140771051e-05
2.448175713489744718e-06
1.784720095134025497e-03
2.448175713489744718e-06
1.983022327926694454e-04
2.203358142140771051e-05
2.448175713489744718e-06
3.358265724951636928e-09
1.784720095134025497e-03
2.720195237210827347e-07
1.983022327926694454e-04
1.784720095134025497e-03
2.203358142140771051e-05
2.448175713489744718e-06
2.203358142140771051e-05
1.983022327926694454e-04
2.203358142140771051e-05
1.784720095134025497e-03
2.203358142140771051e-05
2.720195237210827347e-07
2.203358142140771051e-05
2.448175713489744718e-06
2.720195237210827347e-07
2.448175713489744718e-06
1.784720095134025497e-03
1.983022327926694454e-04
3.022439152456474021e-08
2.448175713489744718e-06
1.784720095134025497e-03
2.720195237210827347e-07
2.720195237210827347e-07
1.784720095134025497e-03
1.983022327926694454e-04
2.720195237210827347e-07
2.448175713489744718e-06
3.022439152456474021e-08
2.203358142140771051e-05
2.448175713489744718e-06
2.203358142140771051e-05
2.448175713489744718e-06
1.983022327926694454e-04
2.448175713489744718e-06
2.720195237210827347e-07
2.720195237210827347e-07
2.203358142140771051e-05
1.983022327926694454e-04
2.203358142140771051e-05
2.720195237210827347e-07
2.720195237210827347e-07
3.022439152456474021e-08
2.448175713489744718e-06
1.606248085620623142e-02
2.203358142140771051e-05
2.448175713489744718e-06
1.784720095134025497e-03
1.983022327926694454e-04
2.448175713489744718e-06
2.203358142140771051e-05
1.983022327926694454e-04
2.448175713489744718e-06
3.022439152456474021e-08
2.203358142140771051e-05
2.720195237210827347e-07
2.448175713489744718e-06
2.720195237210827347e-07
2.203358142140771051e-05
1.983022327926694454e-04
2.720195237210827347e-07
1.784720095134025497e-03
1.983022327926694454e-04
2.720195237210827347e-07
2.203358142140771051e-05
1.606248085620623142e-02
2.448175713489744718e-06
2.203358142140771051e-05
2.203358142140771051e-05
2.203358142140771051e-05
3.358265724951636928e-09
2.203358142140771051e-05
2.203358142140771051e-05
2.448175713489744718e-06
2.203358142140771051e-05
1.983022327926694454e-04
1.784720095134025497e-03
2.720195237210827347e-07
1.784720095134025497e-03
1.784720095134025497e-03
1.784720095134025497e-03
2.448175713489744718e-06
2.448175713489744718e-06
3.358265724951636928e-09
