3.879096995410270631e-05
4.310107772678077255e-06
3.491187295869244448e-04
4.789008636308974963e-07
5.321120707009970122e-08
5.321120707009970122e-08
4.310107772678077255e-06
3.491187295869244448e-04
3.142068566282320979e-03
3.879096995410270631e-05
3.491187295869244448e-04
4.310107772678077255e-06
3.879096995410270631e-05
5.321120707009970122e-08
4.789008636308974963e-07
3.491187295869244448e-04
2.827861709654089228e-02
4.310107772678077255e-06
4.310107772678077255e-06
3.879096995410270631e-05
3.879096995410270631e-05
2.827861709654089228e-02
4.310107772678077255e-06
2.545075538688680861e-01
3.879096995410270631e-05
4.789008636308974963e-07
2.827861709654089228e-02
3.879096995410270631e-05
3.491187295869244448e-04
4.310107772678077255e-06
3.142068566282320979e-03
3.491187295869244448e-04
3.142068566282320979e-03
3.491187295869244448e-04
3.491187295869244448e-04
4.789008636308974963e-07
3.879096995410270631e-05
4.310107772678077255e-06
3.491187295869244448e-04
4.789008636308974963e-07
3.879096995410270631e-05
4.310107772678077255e-06
3.491187295869244448e-04
4.310107772678077255e-06
3.491187295869244448e-04
5.912356341122187003e-09
3.879096995410270631e-05
3.879096995410270631e-05
3.879096995410270631e-05
3.491187295869244448e-04
3.879096995410270631e-05
4.310107772678077255e-06
5.321120707009970122e-08
5.321120707009970122e-08
5.321120707009970122e-08
3.491187295869244448e-04
4.310107772678077255e-06
3.491187295869244448e-04
3.491187295869244448e-04
3.491187295869244448e-04
5.321120707009970122e-08
3.879096995410270631e-05
3.491187295869244448e-04
3.879096995410270631e-05
3.879096995410270631e-05
4.310107772678077255e-06
3.879096995410270631e-05
5.321120707009970122e-08
2.827861709654089228e-02
4.310107772678077255e-06
4.310107772678077255e-06
3.142068566282320979e-03
3.879096995410270631e-05
3.491187295869244448e-04
4.310107772678077255e-06
4.789008636308974963e-07
3.879096995410270631e-05
4.789008636308974963e-07
3.491187295869244448e-04
3.879096995410270631e-05
5.321120707009970122e-08
4.310107772678077255e-06
3.879096995410270631e-05
3.879096995410270631e-05
5.321120707009970122e-08
3.879096995410270631e-05
3.142068566282320979e-03
3.491187295869244448e-04
3.491187295869244448e-04
3.142068566282320979e-03
4.310107772678077255e-06
4.310107772678077255e-06
4.310107772678077255e-06
4.789008636308974963e-07
4.789008636308974963e-07
3.879096995410270631e-05
4.310107772678077255e-06
3.142068566282320979e-03
3.491187295869244448e-04
4.789008636308974963e-07
3.491187295869244448e-04
3.879096995410270631e-05
3.491187295869244448e-04
4.789008636308974963e-07
3.142068566282320979e-03
4.310107772678077255e-06
3.142068566282320979e-03
3.491187295869244448e-04
3.879096995410270631e-05
3.142068566282320979e-03
5.912356341122187003e-09
3.491187295869244448e-04
3.142068566282320979e-03
3.491187295869244448e-04
3.491187295869244448e-04
4.789008636308974963e-07
3.879096995410270631e-05
4.310107772678077255e-06
5.321120707009970122e-08
3.879096995410270631e-05
3.491187295869244448e-04
4.310107772678077255e-06
3.879096995410270631e-05
4.310107772678077255e-06
3.879096995410270631e-05
4.310107772678077255e-06
3.491187295869244448e-04
3.491187295869244448e-04
3.879096995410270631e-05
3.491187295869244448e-04
3.879096995410270631e-05
3.491187295869244448e-04
3.142068566282320979e-03
3.142068566282320979e-03
3.491187295869244448e-04
3.491187295869244448e-04
3.142068566282320979e-03
4.789008636308974963e-07
3.491187295869244448e-04
3.491187295869244448e-04
3.879096995410270631e-05
5.912356341122187003e-09
3.491187295869244448e-04
4.789008636308974963e-07
3.879096995410270631e-05
3.491187295869244448e-04
3.491187295869244448e-04
3.142068566282320979e-03
4.789008636308974963e-07
3.879096995410270631e-05
4.789008636308974963e-07
4.789008636308974963e-07
3.142068566282320979e-03
3.142068566282320979e-03
3.142068566282320979e-03
4.310107772678077255e-06
4.310107772678077255e-06
3.142068566282320979e-03
3.879096995410270631e-05
5.321120707009970122e-08
3.142068566282320979e-03
3.142068566282320979e-03
3.879096995410270631e-05
4.310107772678077255e-06
3.491187295869244448e-04
3.491187295869244448e-04
4.310107772678077255e-06
4.310107772678077255e-06
4.310107772678077255e-06
3.879096995410270631e-05
3.491187295869244448e-04
3.491187295869244448e-04
4.310107772678077255e-06
2.827861709654089228e-02
4.310107772678077255e-06
3.491187295869244448e-04
3.879096995410270631e-05
3.879096995410270631e-05
4.789008636308974963e-07
4.310107772678077255e-06
4.310107772678077255e-06
2.827861709654089228e-02
3.142068566282320979e-03
4.310107772678077255e-06
2.827861709654089228e-02
4.789008636308974963e-07
3.879096995410270631e-05
3.491187295869244448e-04
4.789008636308974963e-07
3.491187295869244448e-04
3.879096995410270631e-05
3.491187295869244448e-04
4.310107772678077255e-06
3.879096995410270631e-05
2.827861709654089228e-02
3.879096995410270631e-05
4.310107772678077255e-06
3.491187295869244448e-04
4.789008636308974963e-07
3.142068566282320979e-03
4.310107772678077255e-06
3.879096995410270631e-05
4.789008636308974963e-07
4.789008636308974963e-07
3.879096995410270631e-05
4.789008636308974963e-07
4.789008636308974963e-07
4.310107772678077255e-06
3.879096995410270631e-05
3.879096995410270631e-05
3.879096995410270631e-05
4.789008636308974963e-07
4.310107772678077255e-06
2.827861709654089228e-02
3.879096995410270631e-05
2.827861709654089228e-02
3.879096995410270631e-05
3.879096995410270631e-05
3.142068566282320979e-03
4.310107772678077255e-06
4.789008636308974963e-07
4.310107772678077255e-06
3.142068566282320979e-03
2.827861709654089228e-02
3.879096995410270631e-05
4.789008636308974963e-07
3.491187295869244448e-04
3.491187295869244448e-04
3.142068566282320979e-03
3.879096995410270631e-05
3.879096995410270631e-05
3.142068566282320979e-03
3.491187295869244448e-04
4.789008636308974963e-07
5.912356341122187003e-09
4.310107772678077255e-06
4.310107772678077255e-06
4.310107772678077255e-06
3.491187295869244448e-04
4.789008636308974963e-07
4.310107772678077255e-06
4.789008636308974963e-07
4.789008636308974963e-07
3.879096995410270631e-05
4.310107772678077255e-06
3.879096995410270631e-05
4.310107772678077255e-06
4.789008636308974963e-07
3.879096995410270631e-05
4.789008636308974963e-07
3.879096995410270631e-05
4.310107772678077255e-06
3.879096995410270631e-05
2.545075538688680861e-01
4.789008636308974963e-07
3.879096995410270631e-05
3.142068566282320979e-03
3.491187295869244448e-04
4.789008636308974963e-07
3.879096995410270631e-05
5.321120707009970122e-08
3.879096995410270631e-05
3.879096995410270631e-05
4.789008636308974963e-07
2.827861709654089228e-02
3.491187295869244448e-04
3.879096995410270631e-05
3.142068566282320979e-03
4.310107772678077255e-06
4.789008636308974963e-07
3.879096995410270631e-05
3.879096995410270631e-05
3.879096995410270631e-05
3.491187295869244448e-04
3.491187295869244448e-04
3.491187295869244448e-04
3.491187295869244448e-04
4.789008636308974963e-07
3.879096995410270631e-05
3.879096995410270631e-05
3.879096995410270631e-05
3.879096995410270631e-05
5.321120707009970122e-08
3.879096995410270631e-05
3.879096995410270631e-05
3.491187295869244448e-04
3.142068566282320979e-03
3.879096995410270631e-05
5.321120707009970122e-08
3.142068566282320979e-03
4.310107772678077255e-06
3.142068566282320979e-03
4.310107772678077255e-06
3.879096995410270631e-05
4.310107772678077255e-06
3.879096995410270631e-05
3.879096995410270631e-05
3.142068566282320979e-03
3.491187295869244448e-04
3.491187295869244448e-04
3.879096995410270631e-05
4.789008636308974963e-07
3.491187295869244448e-04
3.142068566282320979e-03
4.310107772678077255e-06
4.310107772678077255e-06
3.142068566282320979e-03
3.491187295869244448e-04
4.310107772678077255e-06
3.879096995410270631e-05
3.879096995410270631e-05
4.310107772678077255e-06
4.310107772678077255e-06
3.879096995410270631e-05
3.879096995410270631e-05
3.142068566282320979e-03
3.142068566282320979e-03
4.310107772678077255e-06
4.310107772678077255e-06
4.310107772678077255e-06
3.491187295869244448e-04
3.879096995410270631e-05
4.310107772678077255e-06
3.879096995410270631e-05
3.142068566282320979e-03
4.310107772678077255e-06
4.310107772678077255e-06
4.310107772678077255e-06
3.879096995410270631e-05
3.491187295869244448e-04
4.789008636308974963e-07
3.879096995410270631e-05
3.879096995410270631e-05
3.491187295869244448e-04
3.879096995410270631e-05
5.912356341122187003e-09
3.879096995410270631e-05
3.879096995410270631e-05
3.879096995410270631e-05
3.491187295869244448e-04
3.879096995410270631e-05
5.321120707009970122e-08
3.491187295869244448e-04
4.310107772678077255e-06
3.142068566282320979e-03
3.491187295869244448e-04
3.491187295869244448e-04
3.879096995410270631e-05
3.491187295869244448e-04
4.310107772678077255e-06
