4.446442745347048300e-07
4.001798470812342835e-06
3.241456761357999847e-04
4.001798470812342835e-06
3.241456761357999847e-04
3.601618623731109737e-05
4.446442745347048300e-07
4.001798470812342835e-06
4.001798470812342835e-06
2.917311085222200513e-03
3.601618623731109737e-05
4.001798470812342835e-06
3.601618623731109737e-05
2.625579976699981069e-02
2.917311085222200513e-03
3.241456761357999847e-04
2.917311085222200513e-03
2.917311085222200513e-03
3.601618623731109737e-05
3.601618623731109737e-05
4.001798470812342835e-06
3.241456761357999847e-04
3.601618623731109737e-05
4.001798470812342835e-06
4.446442745347048300e-07
3.241456761357999847e-04
2.625579976699981069e-02
2.917311085222200513e-03
4.001798470812342835e-06
3.241456761357999847e-04
3.601618623731109737e-05
3.601618623731109737e-05
3.601618623731109737e-05
3.241456761357999847e-04
3.241456761357999847e-04
4.001798470812342835e-06
3.601618623731109737e-05
3.241456761357999847e-04
3.601618623731109737e-05
3.241456761357999847e-04
2.625579976699981069e-02
4.001798470812342835e-06
3.601618623731109737e-05
4.001798470812342835e-06
3.241456761357999847e-04
2.917311085222200513e-03
4.001798470812342835e-06
3.241456761357999847e-04
2.917311085222200513e-03
2.917311085222200513e-03
4.001798470812342835e-06
3.241456761357999847e-04
2.917311085222200513e-03
4.001798470812342835e-06
3.601618623731109737e-05
4.446442745347048300e-07
2.917311085222200513e-03
4.940491939274495979e-08
3.601618623731109737e-05
3.601618623731109737e-05
3.601618623731109737e-05
3.241456761357999847e-04
4.940491939274495979e-08
4.001798470812342835e-06
3.601618623731109737e-05
3.601618623731109737e-05
4.446442745347048300e-07
4.446442745347048300e-07
4.446442745347048300e-07
4.001798470812342835e-06
4.001798470812342835e-06
4.940491939274495979e-08
4.001798470812342835e-06
4.001798470812342835e-06
4.001798470812342835e-06
3.601618623731109737e-05
2.625579976699981069e-02
4.001798470812342835e-06
3.601618623731109737e-05
4.446442745347048300e-07
3.601618623731109737e-05
3.241456761357999847e-04
3.241456761357999847e-04
2.917311085222200513e-03
4.446442745347048300e-07
2.917311085222200513e-03
4.001798470812342835e-06
4.001798470812342835e-06
2.917311085222200513e-03
4.446442745347048300e-07
4.001798470812342835e-06
3.601618623731109737e-05
4.001798470812342835e-06
3.601618623731109737e-05
4.446442745347048300e-07
3.601618623731109737e-05
3.241456761357999847e-04
2.917311085222200513e-03
3.601618623731109737e-05
2.917311085222200513e-03
3.241456761357999847e-04
3.241456761357999847e-04
3.601618623731109737e-05
3.601618623731109737e-05
2.917311085222200513e-03
3.241456761357999847e-04
3.601618623731109737e-05
4.001798470812342835e-06
3.241456761357999847e-04
3.601618623731109737e-05
3.601618623731109737e-05
3.241456761357999847e-04
3.601618623731109737e-05
3.601618623731109737e-05
4.001798470812342835e-06
3.601618623731109737e-05
3.241456761357999847e-04
4.940491939274495979e-08
3.241456761357999847e-04
5.489435488082771931e-09
4.001798470812342835e-06
4.001798470812342835e-06
4.940491939274495979e-08
2.625579976699981069e-02
2.917311085222200513e-03
3.601618623731109737e-05
2.625579976699981069e-02
4.446442745347048300e-07
4.940491939274495979e-08
3.601618623731109737e-05
3.601618623731109737e-05
3.601618623731109737e-05
4.001798470812342835e-06
3.241456761357999847e-04
4.446442745347048300e-07
4.001798470812342835e-06
4.446442745347048300e-07
3.241456761357999847e-04
3.601618623731109737e-05
4.446442745347048300e-07
4.940491939274495979e-08
2.917311085222200513e-03
3.601618623731109737e-05
2.917311085222200513e-03
4.001798470812342835e-06
2.917311085222200513e-03
3.241456761357999847e-04
3.601618623731109737e-05
2.917311085222200513e-03
4.001798470812342835e-06
3.601618623731109737e-05
3.241456761357999847e-04
4.940491939274495979e-08
2.625579976699981069e-02
4.446442745347048300e-07
4.446442745347048300e-07
4.001798470812342835e-06
4.940491939274495979e-08
3.601618623731109737e-05
3.601618623731109737e-05
3.601618623731109737e-05
3.601618623731109737e-05
2.625579976699981069e-02
3.241456761357999847e-04
2.917311085222200513e-03
3.601618623731109737e-05
3.601618623731109737e-05
4.001798470812342835e-06
3.601618623731109737e-05
3.241456761357999847e-04
3.241456761357999847e-04
4.940491939274495979e-08
3.601618623731109737e-05
4.446442745347048300e-07
5.489435488082771931e-09
2.917311085222200513e-03
4.001798470812342835e-06
4.940491939274495979e-08
2.917311085222200513e-03
2.917311085222200513e-03
4.001798470812342835e-06
4.001798470812342835e-06
4.001798470812342835e-06
4.446442745347048300e-07
3.601618623731109737e-05
3.601618623731109737e-05
4.001798470812342835e-06
3.241456761357999847e-04
2.917311085222200513e-03
4.001798470812342835e-06
4.001798470812342835e-06
4.001798470812342835e-06
3.241456761357999847e-04
3.241456761357999847e-04
4.001798470812342835e-06
4.001798470812342835e-06
3.241456761357999847e-04
2.625579976699981069e-02
2.917311085222200513e-03
4.001798470812342835e-06
5.489435488082771931e-09
3.601618623731109737e-05
3.601618623731109737e-05
4.446442745347048300e-07
3.601618623731109737e-05
4.001798470812342835e-06
3.601618623731109737e-05
4.446442745347048300e-07
4.001798470812342835e-06
3.241456761357999847e-04
3.241456761357999847e-04
3.241456761357999847e-04
2.917311085222200513e-03
4.001798470812342835e-06
3.241456761357999847e-04
3.241456761357999847e-04
3.601618623731109737e-05
4.446442745347048300e-07
4.446442745347048300e-07
3.601618623731109737e-05
2.917311085222200513e-03
3.241456761357999847e-04
3.241456761357999847e-04
3.601618623731109737e-05
3.601618623731109737e-05
3.241456761357999847e-04
2.917311085222200513e-03
2.917311085222200513e-03
3.241456761357999847e-04
3.241456761357999847e-04
3.241456761357999847e-04
4.940491939274495979e-08
3.601618623731109737e-05
4.001798470812342835e-06
3.601618623731109737e-05
3.601618623731109737e-05
3.601618623731109737e-05
3.601618623731109737e-05
3.601618623731109737e-05
2.917311085222200513e-03
2.917311085222200513e-03
3.241456761357999847e-04
4.001798470812342835e-06
3.241456761357999847e-04
3.601618623731109737e-05
4.940491939274495979e-08
4.001798470812342835e-06
4.446442745347048300e-07
3.601618623731109737e-05
3.601618623731109737e-05
3.601618623731109737e-05
3.601618623731109737e-05
2.917311085222200513e-03
3.241456761357999847e-04
3.241456761357999847e-04
3.601618623731109737e-05
2.625579976699981069e-02
2.363021979029983621e-01
3.601618623731109737e-05
4.446442745347048300e-07
3.601618623731109737e-05
3.241456761357999847e-04
2.917311085222200513e-03
3.601618623731109737e-05
3.241456761357999847e-04
3.601618623731109737e-05
4.446442745347048300e-07
3.601618623731109737e-05
4.446442745347048300e-07
4.446442745347048300e-07
4.001798470812342835e-06
2.917311085222200513e-03
3.601618623731109737e-05
4.001798470812342835e-06
4.446442745347048300e-07
3.601618623731109737e-05
3.601618623731109737e-05
4.940491939274495979e-08
4.446442745347048300e-07
2.363021979029983621e-01
3.601618623731109737e-05
2.917311085222200513e-03
3.241456761357999847e-04
3.601618623731109737e-05
4.001798470812342835e-06
4.446442745347048300e-07
4.446442745347048300e-07
4.001798470812342835e-06
2.917311085222200513e-03
2.625579976699981069e-02
3.601618623731109737e-05
2.625579976699981069e-02
4.446442745347048300e-07
3.241456761357999847e-04
2.917311085222200513e-03
3.241456761357999847e-04
4.001798470812342835e-06
3.241456761357999847e-04
2.917311085222200513e-03
2.917311085222200513e-03
3.241456761357999847e-04
4.001798470812342835e-06
4.001798470812342835e-06
3.241456761357999847e-04
3.241456761357999847e-04
2.917311085222200513e-03
3.241456761357999847e-04
3.601618623731109737e-05
4.001798470812342835e-06
4.001798470812342835e-06
4.940491939274495979e-08
3.601618623731109737e-05
4.446442745347048300e-07
4.001798470812342835e-06
4.446442745347048300e-07
2.917311085222200513e-03
2.625579976699981069e-02
3.601618623731109737e-05
3.601618623731109737e-05
3.601618623731109737e-05
4.001798470812342835e-06
4.446442745347048300e-07
4.446442745347048300e-07
3.241456761357999847e-04
4.446442745347048300e-07
3.241456761357999847e-04
3.601618623731109737e-05
3.241456761357999847e-04
3.241456761357999847e-04
3.241456761357999847e-04
3.601618623731109737e-05
4.001798470812342835e-06
4.940491939274495979e-08
2.917311085222200513e-03
3.601618623731109737e-05
2.625579976699981069e-02
4.446442745347048300e-07
4.001798470812342835e-06
4.001798470812342835e-06
2.917311085222200513e-03
2.917311085222200513e-03
4.001798470812342835e-06
4.446442745347048300e-07
3.241456761357999847e-04
3.241456761357999847e-04
3.601618623731109737e-05
3.241456761357999847e-04
4.001798470812342835e-06
4.001798470812342835e-06
4.001798470812342835e-06
