3.593190185959565972e-06
2.910484050627249212e-04
3.593190185959565972e-06
2.619435645564524833e-03
2.910484050627249212e-04
2.619435645564524833e-03
2.619435645564524833e-03
2.910484050627249212e-04
2.910484050627249212e-04
3.593190185959565972e-06
3.992433539955071890e-07
3.233871167363609332e-05
2.619435645564524833e-03
2.910484050627249212e-04
3.233871167363609332e-05
2.910484050627249212e-04
2.357492081008073434e-02
3.593190185959565972e-06
3.233871167363609332e-05
2.910484050627249212e-04
3.593190185959565972e-06
2.121742872907266264e-01
2.619435645564524833e-03
3.593190185959565972e-06
2.910484050627249212e-04
3.233871167363609332e-05
2.357492081008073434e-02
2.910484050627249212e-04
2.910484050627249212e-04
2.121742872907266264e-01
3.992433539955071890e-07
2.910484050627249212e-04
2.357492081008073434e-02
2.619435645564524833e-03
2.619435645564524833e-03
3.233871167363609332e-05
2.910484050627249212e-04
3.233871167363609332e-05
2.910484050627249212e-04
2.910484050627249212e-04
2.619435645564524833e-03
2.619435645564524833e-03
2.619435645564524833e-03
2.121742872907266264e-01
2.357492081008073434e-02
2.357492081008073434e-02
3.233871167363609332e-05
2.619435645564524833e-03
2.121742872907266264e-01
2.910484050627249212e-04
