7.672594879734529800e-07
6.214801852584970663e-05
5.593321667326474952e-04
4.077531495481003798e-01
6.905335391761076820e-06
6.214801852584970663e-05
9.472339357696943916e-09
6.905335391761076820e-06
5.033989500593829408e-03
6.214801852584970663e-05
5.593321667326474952e-04
4.077531495481003798e-01
6.214801852584970663e-05
4.530590550534446814e-02
6.214801852584970663e-05
6.905335391761076820e-06
6.905335391761076820e-06
6.905335391761076820e-06
6.905335391761076820e-06
7.672594879734529800e-07
5.033989500593829408e-03
5.593321667326474952e-04
5.033989500593829408e-03
6.214801852584970663e-05
6.905335391761076820e-06
6.214801852584970663e-05
6.214801852584970663e-05
6.214801852584970663e-05
5.593321667326474952e-04
6.905335391761076820e-06
6.214801852584970663e-05
5.033989500593829408e-03
5.033989500593829408e-03
5.033989500593829408e-03
6.905335391761076820e-06
6.214801852584970663e-05
6.905335391761076820e-06
8.525105421927252834e-08
5.593321667326474952e-04
5.033989500593829408e-03
5.593321667326474952e-04
5.593321667326474952e-04
5.593321667326474952e-04
5.593321667326474952e-04
5.593321667326474952e-04
5.033989500593829408e-03
5.593321667326474952e-04
5.593321667326474952e-04
5.593321667326474952e-04
6.214801852584970663e-05
9.472339357696943916e-09
6.905335391761076820e-06
6.214801852584970663e-05
5.593321667326474952e-04
5.593321667326474952e-04
6.214801852584970663e-05
6.214801852584970663e-05
5.033989500593829408e-03
6.905335391761076820e-06
7.672594879734529800e-07
8.525105421927252834e-08
7.672594879734529800e-07
5.593321667326474952e-04
5.593321667326474952e-04
5.593321667326474952e-04
6.214801852584970663e-05
6.905335391761076820e-06
5.593321667326474952e-04
7.672594879734529800e-07
5.593321667326474952e-04
5.033989500593829408e-03
6.214801852584970663e-05
6.214801852584970663e-05
6.214801852584970663e-05
5.593321667326474952e-04
6.214801852584970663e-05
8.525105421927252834e-08
7.672594879734529800e-07
6.214801852584970663e-05
6.214801852584970663e-05
6.905335391761076820e-06
7.672594879734529800e-07
7.672594879734529800e-07
6.905335391761076820e-06
5.593321667326474952e-04
5.593321667326474952e-04
6.905335391761076820e-06
8.525105421927252834e-08
8.525105421927252834e-08
5.593321667326474952e-04
5.593321667326474952e-04
6.214801852584970663e-05
5.593321667326474952e-04
5.033989500593829408e-03
6.905335391761076820e-06
6.905335391761076820e-06
6.214801852584970663e-05
7.672594879734529800e-07
5.593321667326474952e-04
8.525105421927252834e-08
8.525105421927252834e-08
5.593321667326474952e-04
6.905335391761076820e-06
7.672594879734529800e-07
5.593321667326474952e-04
5.593321667326474952e-04
6.905335391761076820e-06
6.214801852584970663e-05
6.905335391761076820e-06
5.593321667326474952e-04
6.214801852584970663e-05
6.214801852584970663e-05
6.214801852584970663e-05
5.593321667326474952e-04
6.214801852584970663e-05
6.905335391761076820e-06
6.214801852584970663e-05
5.033989500593829408e-03
6.214801852584970663e-05
6.214801852584970663e-05
6.905335391761076820e-06
6.214801852584970663e-05
5.593321667326474952e-04
6.214801852584970663e-05
6.214801852584970663e-05
6.214801852584970663e-05
6.905335391761076820e-06
8.525105421927252834e-08
6.905335391761076820e-06
6.905335391761076820e-06
4.530590550534446814e-02
7.672594879734529800e-07
6.905335391761076820e-06
5.593321667326474952e-04
5.033989500593829408e-03
6.214801852584970663e-05
6.214801852584970663e-05
6.905335391761076820e-06
5.593321667326474952e-04
6.905335391761076820e-06
5.593321667326474952e-04
7.672594879734529800e-07
8.525105421927252834e-08
5.033989500593829408e-03
7.672594879734529800e-07
6.905335391761076820e-06
6.905335391761076820e-06
5.593321667326474952e-04
6.214801852584970663e-05
6.214801852584970663e-05
