2.253332317079994890e-03
2.253332317079994890e-03
3.090990832757191888e-06
2.503702574533327174e-04
3.434434258619102274e-07
3.434434258619102274e-07
2.503702574533327174e-04
2.027999085371995705e-02
2.781891749481473885e-05
2.253332317079994890e-03
3.090990832757191888e-06
3.434434258619102274e-07
2.781891749481473885e-05
2.781891749481473885e-05
2.027999085371995705e-02
3.090990832757191888e-06
2.503702574533327174e-04
2.503702574533327174e-04
3.090990832757191888e-06
3.090990832757191888e-06
2.027999085371995705e-02
2.503702574533327174e-04
2.253332317079994890e-03
3.090990832757191888e-06
2.253332317079994890e-03
2.027999085371995705e-02
3.090990832757191888e-06
2.503702574533327174e-04
2.503702574533327174e-04
2.503702574533327174e-04
2.027999085371995705e-02
3.434434258619102274e-07
2.503702574533327174e-04
2.781891749481473885e-05
2.781891749481473885e-05
2.503702574533327174e-04
2.253332317079994890e-03
2.503702574533327174e-04
3.816038065132334537e-08
3.090990832757191888e-06
2.503702574533327174e-04
3.090990832757191888e-06
2.781891749481473885e-05
3.434434258619102274e-07
3.434434258619102274e-07
2.253332317079994890e-03
2.781891749481473885e-05
1.825199176834796655e-01
2.781891749481473885e-05
2.781891749481473885e-05
2.781891749481473885e-05
3.090990832757191888e-06
2.781891749481473885e-05
2.781891749481473885e-05
3.434434258619102274e-07
3.434434258619102274e-07
3.434434258619102274e-07
3.090990832757191888e-06
2.253332317079994890e-03
3.434434258619102274e-07
2.503702574533327174e-04
2.503702574533327174e-04
2.027999085371995705e-02
2.781891749481473885e-05
3.090990832757191888e-06
2.781891749481473885e-05
3.090990832757191888e-06
2.503702574533327174e-04
2.781891749481473885e-05
4.240042294591481716e-09
3.090990832757191888e-06
3.434434258619102274e-07
3.434434258619102274e-07
2.503702574533327174e-04
3.090990832757191888e-06
3.434434258619102274e-07
3.816038065132334537e-08
2.781891749481473885e-05
2.503702574533327174e-04
2.253332317079994890e-03
2.503702574533327174e-04
3.090990832757191888e-06
2.781891749481473885e-05
2.781891749481473885e-05
2.781891749481473885e-05
3.090990832757191888e-06
2.253332317079994890e-03
2.503702574533327174e-04
2.781891749481473885e-05
2.781891749481473885e-05
3.816038065132334537e-08
2.503702574533327174e-04
3.434434258619102274e-07
2.781891749481473885e-05
2.253332317079994890e-03
2.781891749481473885e-05
2.781891749481473885e-05
4.240042294591481716e-09
3.090990832757191888e-06
2.781891749481473885e-05
2.503702574533327174e-04
2.503702574533327174e-04
2.781891749481473885e-05
2.503702574533327174e-04
3.434434258619102274e-07
2.781891749481473885e-05
3.090990832757191888e-06
2.503702574533327174e-04
2.503702574533327174e-04
2.027999085371995705e-02
3.090990832757191888e-06
3.090990832757191888e-06
2.503702574533327174e-04
2.253332317079994890e-03
3.434434258619102274e-07
2.253332317079994890e-03
2.253332317079994890e-03
2.503702574533327174e-04
2.253332317079994890e-03
2.253332317079994890e-03
2.253332317079994890e-03
2.781891749481473885e-05
3.816038065132334537e-08
2.781891749481473885e-05
3.816038065132334537e-08
3.090990832757191888e-06
3.090990832757191888e-06
3.434434258619102274e-07
2.781891749481473885e-05
2.503702574533327174e-04
3.090990832757191888e-06
3.090990832757191888e-06
3.090990832757191888e-06
2.253332317079994890e-03
2.781891749481473885e-05
2.781891749481473885e-05
2.503702574533327174e-04
3.090990832757191888e-06
2.781891749481473885e-05
2.781891749481473885e-05
3.434434258619102274e-07
2.781891749481473885e-05
2.781891749481473885e-05
2.781891749481473885e-05
2.253332317079994890e-03
2.253332317079994890e-03
2.781891749481473885e-05
3.090990832757191888e-06
2.503702574533327174e-04
3.434434258619102274e-07
3.434434258619102274e-07
3.090990832757191888e-06
2.027999085371995705e-02
4.240042294591481716e-09
3.434434258619102274e-07
3.090990832757191888e-06
2.781891749481473885e-05
2.503702574533327174e-04
2.503702574533327174e-04
3.434434258619102274e-07
3.090990832757191888e-06
3.090990832757191888e-06
2.781891749481473885e-05
3.090990832757191888e-06
2.781891749481473885e-05
2.781891749481473885e-05
1.825199176834796655e-01
2.781891749481473885e-05
2.781891749481473885e-05
2.027999085371995705e-02
2.503702574533327174e-04
3.090990832757191888e-06
2.503702574533327174e-04
3.090990832757191888e-06
2.503702574533327174e-04
3.090990832757191888e-06
1.825199176834796655e-01
3.434434258619102274e-07
3.816038065132334537e-08
3.090990832757191888e-06
2.253332317079994890e-03
2.781891749481473885e-05
2.253332317079994890e-03
2.503702574533327174e-04
3.090990832757191888e-06
2.781891749481473885e-05
2.781891749481473885e-05
2.781891749481473885e-05
3.090990832757191888e-06
3.090990832757191888e-06
3.434434258619102274e-07
2.253332317079994890e-03
1.825199176834796655e-01
2.781891749481473885e-05
2.503702574533327174e-04
2.253332317079994890e-03
2.253332317079994890e-03
3.434434258619102274e-07
2.781891749481473885e-05
2.027999085371995705e-02
