8.798303312475644840e-06
7.918472981228081881e-05
7.126625683105276268e-04
7.918472981228081881e-05
9.775892569417379627e-07
8.798303312475644840e-06
7.918472981228081881e-05
1.086210285490820135e-07
7.126625683105276268e-04
1.086210285490820135e-07
1.206900317212021968e-08
7.918472981228081881e-05
7.918472981228081881e-05
1.490000391619779444e-10
1.206900317212021968e-08
1.206900317212021968e-08
7.918472981228081881e-05
8.798303312475644840e-06
8.798303312475644840e-06
8.798303312475644840e-06
7.918472981228081881e-05
8.798303312475644840e-06
7.918472981228081881e-05
1.086210285490820135e-07
8.798303312475644840e-06
9.775892569417379627e-07
1.086210285490820135e-07
1.206900317212021968e-08
6.413963114794750051e-03
8.798303312475644840e-06
9.775892569417379627e-07
7.126625683105276268e-04
1.206900317212021968e-08
1.341000352457801681e-09
1.086210285490820135e-07
1.086210285490820135e-07
8.798303312475644840e-06
1.086210285490820135e-07
8.798303312475644840e-06
7.126625683105276268e-04
7.918472981228081881e-05
1.206900317212021968e-08
9.775892569417379627e-07
7.126625683105276268e-04
1.086210285490820135e-07
9.775892569417379627e-07
7.918472981228081881e-05
5.772566803315276607e-02
7.126625683105276268e-04
7.918472981228081881e-05
7.918472981228081881e-05
6.413963114794750051e-03
7.126625683105276268e-04
7.126625683105276268e-04
8.798303312475644840e-06
1.206900317212021968e-08
8.798303312475644840e-06
7.126625683105276268e-04
7.126625683105276268e-04
9.775892569417379627e-07
9.775892569417379627e-07
7.126625683105276268e-04
7.918472981228081881e-05
7.126625683105276268e-04
6.413963114794750051e-03
8.798303312475644840e-06
7.918472981228081881e-05
8.798303312475644840e-06
8.798303312475644840e-06
7.918472981228081881e-05
9.775892569417379627e-07
6.413963114794750051e-03
9.775892569417379627e-07
7.918472981228081881e-05
8.798303312475644840e-06
8.798303312475644840e-06
8.798303312475644840e-06
9.775892569417379627e-07
9.775892569417379627e-07
1.206900317212021968e-08
7.918472981228081881e-05
8.798303312475644840e-06
1.086210285490820135e-07
7.918472981228081881e-05
8.798303312475644840e-06
7.126625683105276268e-04
7.918472981228081881e-05
7.918472981228081881e-05
6.413963114794750051e-03
7.126625683105276268e-04
8.798303312475644840e-06
7.918472981228081881e-05
7.918472981228081881e-05
7.126625683105276268e-04
8.798303312475644840e-06
1.086210285490820135e-07
7.126625683105276268e-04
1.086210285490820135e-07
8.798303312475644840e-06
8.798303312475644840e-06
9.775892569417379627e-07
7.126625683105276268e-04
7.126625683105276268e-04
8.798303312475644840e-06
9.775892569417379627e-07
7.126625683105276268e-04
1.341000352457801681e-09
8.798303312475644840e-06
7.918472981228081881e-05
6.413963114794750051e-03
7.126625683105276268e-04
8.798303312475644840e-06
7.918472981228081881e-05
7.918472981228081881e-05
9.775892569417379627e-07
9.775892569417379627e-07
9.775892569417379627e-07
6.413963114794750051e-03
8.798303312475644840e-06
6.413963114794750051e-03
8.798303312475644840e-06
8.798303312475644840e-06
8.798303312475644840e-06
7.918472981228081881e-05
7.918472981228081881e-05
9.775892569417379627e-07
8.798303312475644840e-06
8.798303312475644840e-06
6.413963114794750051e-03
6.413963114794750051e-03
9.775892569417379627e-07
9.775892569417379627e-07
8.798303312475644840e-06
1.086210285490820135e-07
1.206900317212021968e-08
7.918472981228081881e-05
7.918472981228081881e-05
7.918472981228081881e-05
1.086210285490820135e-07
8.798303312475644840e-06
7.918472981228081881e-05
9.775892569417379627e-07
7.126625683105276268e-04
1.206900317212021968e-08
9.775892569417379627e-07
9.775892569417379627e-07
7.126625683105276268e-04
7.126625683105276268e-04
7.126625683105276268e-04
8.798303312475644840e-06
8.798303312475644840e-06
8.798303312475644840e-06
7.918472981228081881e-05
5.772566803315276607e-02
7.918472981228081881e-05
9.775892569417379627e-07
7.126625683105276268e-04
7.918472981228081881e-05
6.413963114794750051e-03
7.918472981228081881e-05
6.413963114794750051e-03
1.206900317212021968e-08
7.126625683105276268e-04
7.126625683105276268e-04
7.126625683105276268e-04
8.798303312475644840e-06
8.798303312475644840e-06
7.918472981228081881e-05
7.918472981228081881e-05
9.775892569417379627e-07
7.918472981228081881e-05
8.798303312475644840e-06
1.206900317212021968e-08
1.086210285490820135e-07
9.775892569417379627e-07
1.086210285490820135e-07
9.775892569417379627e-07
7.126625683105276268e-04
1.206900317212021968e-08
7.918472981228081881e-05
8.798303312475644840e-06
8.798303312475644840e-06
8.798303312475644840e-06
7.918472981228081881e-05
7.918472981228081881e-05
9.775892569417379627e-07
9.775892569417379627e-07
1.086210285490820135e-07
6.413963114794750051e-03
8.798303312475644840e-06
7.126625683105276268e-04
7.918472981228081881e-05
1.206900317212021968e-08
9.775892569417379627e-07
6.413963114794750051e-03
1.206900317212021968e-08
9.775892569417379627e-07
1.086210285490820135e-07
7.918472981228081881e-05
7.918472981228081881e-05
8.798303312475644840e-06
8.798303312475644840e-06
8.798303312475644840e-06
8.798303312475644840e-06
9.775892569417379627e-07
7.918472981228081881e-05
1.086210285490820135e-07
8.798303312475644840e-06
8.798303312475644840e-06
7.918472981228081881e-05
9.775892569417379627e-07
7.918472981228081881e-05
7.918472981228081881e-05
9.775892569417379627e-07
7.126625683105276268e-04
7.918472981228081881e-05
8.798303312475644840e-06
1.086210285490820135e-07
1.206900317212021968e-08
9.775892569417379627e-07
9.775892569417379627e-07
5.772566803315276607e-02
7.918472981228081881e-05
1.086210285490820135e-07
7.126625683105276268e-04
7.918472981228081881e-05
8.798303312475644840e-06
6.413963114794750051e-03
6.413963114794750051e-03
1.086210285490820135e-07
6.413963114794750051e-03
8.798303312475644840e-06
8.798303312475644840e-06
5.772566803315276607e-02
8.798303312475644840e-06
9.775892569417379627e-07
9.775892569417379627e-07
9.775892569417379627e-07
8.798303312475644840e-06
7.126625683105276268e-04
8.798303312475644840e-06
7.126625683105276268e-04
1.206900317212021968e-08
9.775892569417379627e-07
9.775892569417379627e-07
8.798303312475644840e-06
8.798303312475644840e-06
9.775892569417379627e-07
7.126625683105276268e-04
8.798303312475644840e-06
9.775892569417379627e-07
7.918472981228081881e-05
8.798303312475644840e-06
7.126625683105276268e-04
7.126625683105276268e-04
7.126625683105276268e-04
7.918472981228081881e-05
1.206900317212021968e-08
7.918472981228081881e-05
7.918472981228081881e-05
8.798303312475644840e-06
6.413963114794750051e-03
7.126625683105276268e-04
1.086210285490820135e-07
1.086210285490820135e-07
8.798303312475644840e-06
1.086210285490820135e-07
7.918472981228081881e-05
6.413963114794750051e-03
7.918472981228081881e-05
7.918472981228081881e-05
7.918472981228081881e-05
7.918472981228081881e-05
7.126625683105276268e-04
9.775892569417379627e-07
8.798303312475644840e-06
8.798303312475644840e-06
1.206900317212021968e-08
1.086210285490820135e-07
7.918472981228081881e-05
8.798303312475644840e-06
8.798303312475644840e-06
9.775892569417379627e-07
9.775892569417379627e-07
1.086210285490820135e-07
9.775892569417379627e-07
1.086210285490820135e-07
9.775892569417379627e-07
5.772566803315276607e-02
7.918472981228081881e-05
7.918472981228081881e-05
9.775892569417379627e-07
8.798303312475644840e-06
9.775892569417379627e-07
8.798303312475644840e-06
7.918472981228081881e-05
7.126625683105276268e-04
1.086210285490820135e-07
9.775892569417379627e-07
8.798303312475644840e-06
9.775892569417379627e-07
7.126625683105276268e-04
1.086210285490820135e-07
7.126625683105276268e-04
7.918472981228081881e-05
9.775892569417379627e-07
7.126625683105276268e-04
9.775892569417379627e-07
9.775892569417379627e-07
8.798303312475644840e-06
8.798303312475644840e-06
7.126625683105276268e-04
7.126625683105276268e-04
1.341000352457801681e-09
8.798303312475644840e-06
1.086210285490820135e-07
7.918472981228081881e-05
9.775892569417379627e-07
9.775892569417379627e-07
8.798303312475644840e-06
9.775892569417379627e-07
7.918472981228081881e-05
7.918472981228081881e-05
7.918472981228081881e-05
8.798303312475644840e-06
8.798303312475644840e-06
7.918472981228081881e-05
1.206900317212021968e-08
8.798303312475644840e-06
7.918472981228081881e-05
7.918472981228081881e-05
9.775892569417379627e-07
6.413963114794750051e-03
8.798303312475644840e-06
5.195310122983750611e-01
7.126625683105276268e-04
8.798303312475644840e-06
7.126625683105276268e-04
7.918472981228081881e-05
8.798303312475644840e-06
7.918472981228081881e-05
8.798303312475644840e-06
8.798303312475644840e-06
7.126625683105276268e-04
7.918472981228081881e-05
7.918472981228081881e-05
1.086210285490820135e-07
7.918472981228081881e-05
9.775892569417379627e-07
9.775892569417379627e-07
7.918472981228081881e-05
7.918472981228081881e-05
7.918472981228081881e-05
8.798303312475644840e-06
7.918472981228081881e-05
8.798303312475644840e-06
7.126625683105276268e-04
7.918472981228081881e-05
8.798303312475644840e-06
7.126625683105276268e-04
1.206900317212021968e-08
9.775892569417379627e-07
8.798303312475644840e-06
8.798303312475644840e-06
1.086210285490820135e-07
7.918472981228081881e-05
9.775892569417379627e-07
9.775892569417379627e-07
7.918472981228081881e-05
8.798303312475644840e-06
1.086210285490820135e-07
9.775892569417379627e-07
8.798303312475644840e-06
1.086210285490820135e-07
9.775892569417379627e-07
7.918472981228081881e-05
1.086210285490820135e-07
1.206900317212021968e-08
8.798303312475644840e-06
1.086210285490820135e-07
7.918472981228081881e-05
7.918472981228081881e-05
6.413963114794750051e-03
8.798303312475644840e-06
1.086210285490820135e-07
8.798303312475644840e-06
9.775892569417379627e-07
6.413963114794750051e-03
9.775892569417379627e-07
1.086210285490820135e-07
9.775892569417379627e-07
9.775892569417379627e-07
8.798303312475644840e-06
9.775892569417379627e-07
8.798303312475644840e-06
7.918472981228081881e-05
6.413963114794750051e-03
8.798303312475644840e-06
8.798303312475644840e-06
7.918472981228081881e-05
