7.656863906429700801e-05
6.891177515786732618e-04
7.656863906429700801e-05
9.452918402999628684e-07
8.507626562699664545e-06
6.891177515786732618e-04
7.656863906429700801e-05
8.507626562699664545e-06
8.507626562699664545e-06
8.507626562699664545e-06
6.891177515786732618e-04
1.167026963333286689e-08
5.023668409008532620e-01
1.167026963333286689e-08
7.656863906429700801e-05
6.891177515786732618e-04
1.050324266999958301e-07
6.891177515786732618e-04
8.507626562699664545e-06
7.656863906429700801e-05
8.507626562699664545e-06
6.891177515786732618e-04
9.452918402999628684e-07
7.656863906429700801e-05
6.891177515786732618e-04
7.656863906429700801e-05
6.891177515786732618e-04
6.891177515786732618e-04
6.891177515786732618e-04
9.452918402999628684e-07
8.507626562699664545e-06
7.656863906429700801e-05
8.507626562699664545e-06
7.656863906429700801e-05
6.891177515786732618e-04
8.507626562699664545e-06
5.581853787787256077e-02
6.891177515786732618e-04
7.656863906429700801e-05
6.891177515786732618e-04
8.507626562699664545e-06
7.656863906429700801e-05
8.507626562699664545e-06
9.452918402999628684e-07
6.202059764208061633e-03
7.656863906429700801e-05
9.452918402999628684e-07
7.656863906429700801e-05
6.891177515786732618e-04
8.507626562699664545e-06
9.452918402999628684e-07
8.507626562699664545e-06
6.202059764208061633e-03
9.452918402999628684e-07
6.202059764208061633e-03
8.507626562699664545e-06
5.581853787787256077e-02
1.050324266999958301e-07
1.050324266999958301e-07
6.891177515786732618e-04
1.050324266999958301e-07
8.507626562699664545e-06
6.891177515786732618e-04
6.891177515786732618e-04
9.452918402999628684e-07
6.202059764208061633e-03
9.452918402999628684e-07
6.891177515786732618e-04
6.891177515786732618e-04
9.452918402999628684e-07
9.452918402999628684e-07
8.507626562699664545e-06
7.656863906429700801e-05
7.656863906429700801e-05
1.050324266999958301e-07
8.507626562699664545e-06
8.507626562699664545e-06
6.891177515786732618e-04
7.656863906429700801e-05
9.452918402999628684e-07
6.202059764208061633e-03
7.656863906429700801e-05
9.452918402999628684e-07
8.507626562699664545e-06
8.507626562699664545e-06
6.202059764208061633e-03
7.656863906429700801e-05
8.507626562699664545e-06
6.202059764208061633e-03
6.202059764208061633e-03
6.202059764208061633e-03
6.202059764208061633e-03
6.891177515786732618e-04
7.656863906429700801e-05
6.891177515786732618e-04
1.050324266999958301e-07
8.507626562699664545e-06
1.050324266999958301e-07
7.656863906429700801e-05
8.507626562699664545e-06
8.507626562699664545e-06
7.656863906429700801e-05
9.452918402999628684e-07
6.891177515786732618e-04
7.656863906429700801e-05
8.507626562699664545e-06
6.891177515786732618e-04
8.507626562699664545e-06
7.656863906429700801e-05
8.507626562699664545e-06
8.507626562699664545e-06
7.656863906429700801e-05
7.656863906429700801e-05
8.507626562699664545e-06
6.891177515786732618e-04
8.507626562699664545e-06
6.891177515786732618e-04
6.202059764208061633e-03
7.656863906429700801e-05
8.507626562699664545e-06
6.891177515786732618e-04
6.891177515786732618e-04
7.656863906429700801e-05
6.891177515786732618e-04
7.656863906429700801e-05
7.656863906429700801e-05
9.452918402999628684e-07
6.891177515786732618e-04
8.507626562699664545e-06
7.656863906429700801e-05
7.656863906429700801e-05
6.891177515786732618e-04
7.656863906429700801e-05
8.507626562699664545e-06
7.656863906429700801e-05
7.656863906429700801e-05
8.507626562699664545e-06
6.891177515786732618e-04
6.891177515786732618e-04
1.296696625925873846e-09
7.656863906429700801e-05
9.452918402999628684e-07
1.050324266999958301e-07
8.507626562699664545e-06
7.656863906429700801e-05
7.656863906429700801e-05
8.507626562699664545e-06
9.452918402999628684e-07
6.202059764208061633e-03
7.656863906429700801e-05
8.507626562699664545e-06
1.050324266999958301e-07
7.656863906429700801e-05
1.050324266999958301e-07
9.452918402999628684e-07
5.581853787787256077e-02
8.507626562699664545e-06
7.656863906429700801e-05
8.507626562699664545e-06
8.507626562699664545e-06
8.507626562699664545e-06
7.656863906429700801e-05
9.452918402999628684e-07
9.452918402999628684e-07
6.891177515786732618e-04
7.656863906429700801e-05
7.656863906429700801e-05
7.656863906429700801e-05
5.581853787787256077e-02
1.050324266999958301e-07
7.656863906429700801e-05
6.202059764208061633e-03
6.891177515786732618e-04
9.452918402999628684e-07
6.891177515786732618e-04
7.656863906429700801e-05
7.656863906429700801e-05
1.050324266999958301e-07
6.202059764208061633e-03
6.891177515786732618e-04
8.507626562699664545e-06
7.656863906429700801e-05
6.202059764208061633e-03
8.507626562699664545e-06
6.202059764208061633e-03
7.656863906429700801e-05
6.202059764208061633e-03
5.581853787787256077e-02
6.891177515786732618e-04
8.507626562699664545e-06
9.452918402999628684e-07
6.202059764208061633e-03
6.202059764208061633e-03
6.891177515786732618e-04
6.202059764208061633e-03
6.891177515786732618e-04
7.656863906429700801e-05
5.581853787787256077e-02
6.202059764208061633e-03
6.891177515786732618e-04
