3.283992734478253257e-07
2.394030703434647616e-04
1.939164869782065634e-02
2.955593461030427560e-06
4.054312017874384194e-09
1.745248382803859521e-01
2.394030703434647616e-04
4.054312017874384194e-09
3.283992734478253257e-07
2.394030703434647616e-04
2.394030703434647616e-04
2.394030703434647616e-04
2.394030703434647616e-04
2.394030703434647616e-04
2.955593461030427560e-06
2.394030703434647616e-04
2.660034114927385863e-05
2.955593461030427560e-06
2.154627633091183748e-03
2.660034114927385863e-05
2.394030703434647616e-04
2.394030703434647616e-04
2.660034114927385863e-05
2.154627633091183748e-03
3.648880816086946519e-08
2.660034114927385863e-05
3.648880816086946519e-08
2.660034114927385863e-05
3.283992734478253257e-07
2.660034114927385863e-05
2.660034114927385863e-05
2.955593461030427560e-06
3.283992734478253257e-07
2.394030703434647616e-04
2.660034114927385863e-05
2.154627633091183748e-03
2.154627633091183748e-03
3.648880816086946519e-08
2.660034114927385863e-05
2.660034114927385863e-05
2.394030703434647616e-04
2.394030703434647616e-04
1.939164869782065634e-02
3.283992734478253257e-07
2.955593461030427560e-06
2.154627633091183748e-03
2.394030703434647616e-04
2.955593461030427560e-06
3.283992734478253257e-07
2.660034114927385863e-05
2.955593461030427560e-06
2.955593461030427560e-06
2.660034114927385863e-05
2.394030703434647616e-04
2.394030703434647616e-04
2.154627633091183748e-03
2.660034114927385863e-05
2.660034114927385863e-05
2.955593461030427560e-06
2.660034114927385863e-05
2.660034114927385863e-05
2.394030703434647616e-04
2.660034114927385863e-05
1.939164869782065634e-02
2.660034114927385863e-05
2.955593461030427560e-06
2.955593461030427560e-06
2.955593461030427560e-06
2.955593461030427560e-06
2.394030703434647616e-04
2.660034114927385863e-05
3.283992734478253257e-07
1.745248382803859521e-01
2.154627633091183748e-03
1.939164869782065634e-02
2.660034114927385863e-05
2.955593461030427560e-06
2.955593461030427560e-06
2.955593461030427560e-06
2.394030703434647616e-04
2.955593461030427560e-06
3.283992734478253257e-07
2.660034114927385863e-05
2.154627633091183748e-03
1.939164869782065634e-02
2.955593461030427560e-06
3.283992734478253257e-07
2.394030703434647616e-04
2.955593461030427560e-06
2.394030703434647616e-04
2.660034114927385863e-05
2.955593461030427560e-06
2.955593461030427560e-06
3.648880816086946519e-08
2.955593461030427560e-06
3.283992734478253257e-07
2.394030703434647616e-04
2.955593461030427560e-06
2.394030703434647616e-04
2.394030703434647616e-04
2.154627633091183748e-03
2.154627633091183748e-03
2.154627633091183748e-03
2.955593461030427560e-06
2.660034114927385863e-05
2.154627633091183748e-03
3.283992734478253257e-07
2.154627633091183748e-03
2.394030703434647616e-04
2.955593461030427560e-06
2.955593461030427560e-06
2.660034114927385863e-05
2.955593461030427560e-06
3.648880816086946519e-08
2.955593461030427560e-06
1.745248382803859521e-01
2.394030703434647616e-04
2.955593461030427560e-06
2.955593461030427560e-06
2.955593461030427560e-06
2.955593461030427560e-06
2.394030703434647616e-04
2.394030703434647616e-04
2.955593461030427560e-06
3.283992734478253257e-07
2.955593461030427560e-06
2.660034114927385863e-05
3.283992734478253257e-07
2.955593461030427560e-06
2.660034114927385863e-05
2.154627633091183748e-03
3.648880816086946519e-08
2.394030703434647616e-04
2.660034114927385863e-05
3.648880816086946519e-08
2.394030703434647616e-04
2.394030703434647616e-04
2.955593461030427560e-06
2.660034114927385863e-05
3.648880816086946519e-08
2.955593461030427560e-06
2.394030703434647616e-04
2.660034114927385863e-05
4.054312017874384194e-09
2.660034114927385863e-05
2.660034114927385863e-05
3.283992734478253257e-07
3.283992734478253257e-07
3.283992734478253257e-07
2.955593461030427560e-06
2.154627633091183748e-03
3.648880816086946519e-08
2.394030703434647616e-04
2.660034114927385863e-05
2.660034114927385863e-05
1.745248382803859521e-01
2.660034114927385863e-05
2.955593461030427560e-06
2.660034114927385863e-05
2.955593461030427560e-06
2.394030703434647616e-04
3.283992734478253257e-07
3.283992734478253257e-07
2.394030703434647616e-04
2.394030703434647616e-04
2.154627633091183748e-03
2.394030703434647616e-04
2.394030703434647616e-04
2.955593461030427560e-06
2.955593461030427560e-06
2.394030703434647616e-04
3.283992734478253257e-07
2.660034114927385863e-05
1.939164869782065634e-02
2.660034114927385863e-05
2.154627633091183748e-03
3.283992734478253257e-07
3.648880816086946519e-08
2.154627633091183748e-03
2.154627633091183748e-03
3.283992734478253257e-07
2.660034114927385863e-05
2.394030703434647616e-04
1.939164869782065634e-02
2.955593461030427560e-06
2.660034114927385863e-05
2.660034114927385863e-05
2.394030703434647616e-04
2.394030703434647616e-04
2.955593461030427560e-06
2.955593461030427560e-06
3.283992734478253257e-07
2.955593461030427560e-06
2.660034114927385863e-05
2.660034114927385863e-05
1.939164869782065634e-02
2.394030703434647616e-04
2.394030703434647616e-04
2.394030703434647616e-04
2.660034114927385863e-05
2.154627633091183748e-03
2.955593461030427560e-06
2.394030703434647616e-04
2.394030703434647616e-04
3.648880816086946519e-08
2.394030703434647616e-04
2.660034114927385863e-05
2.955593461030427560e-06
3.283992734478253257e-07
2.660034114927385863e-05
2.660034114927385863e-05
3.283992734478253257e-07
2.660034114927385863e-05
2.394030703434647616e-04
2.154627633091183748e-03
2.660034114927385863e-05
2.660034114927385863e-05
2.660034114927385863e-05
2.154627633091183748e-03
2.660034114927385863e-05
2.955593461030427560e-06
2.154627633091183748e-03
2.955593461030427560e-06
2.154627633091183748e-03
2.394030703434647616e-04
2.394030703434647616e-04
2.660034114927385863e-05
1.939164869782065634e-02
3.648880816086946519e-08
3.648880816086946519e-08
2.955593461030427560e-06
2.660034114927385863e-05
3.283992734478253257e-07
2.660034114927385863e-05
2.660034114927385863e-05
2.955593461030427560e-06
2.660034114927385863e-05
2.394030703434647616e-04
2.394030703434647616e-04
2.154627633091183748e-03
2.394030703434647616e-04
2.955593461030427560e-06
2.394030703434647616e-04
2.955593461030427560e-06
2.660034114927385863e-05
3.648880816086946519e-08
3.648880816086946519e-08
2.955593461030427560e-06
2.660034114927385863e-05
2.660034114927385863e-05
2.955593461030427560e-06
4.054312017874384194e-09
3.283992734478253257e-07
2.955593461030427560e-06
3.283992734478253257e-07
2.660034114927385863e-05
2.394030703434647616e-04
2.660034114927385863e-05
2.955593461030427560e-06
2.660034114927385863e-05
2.660034114927385863e-05
2.955593461030427560e-06
2.660034114927385863e-05
2.394030703434647616e-04
2.154627633091183748e-03
2.154627633091183748e-03
1.939164869782065634e-02
2.955593461030427560e-06
2.660034114927385863e-05
2.660034114927385863e-05
2.955593461030427560e-06
2.660034114927385863e-05
2.660034114927385863e-05
2.154627633091183748e-03
2.154627633091183748e-03
2.660034114927385863e-05
2.394030703434647616e-04
2.154627633091183748e-03
2.955593461030427560e-06
2.394030703434647616e-04
2.154627633091183748e-03
2.660034114927385863e-05
3.283992734478253257e-07
2.394030703434647616e-04
4.054312017874384194e-09
2.955593461030427560e-06
2.394030703434647616e-04
2.394030703434647616e-04
2.154627633091183748e-03
3.283992734478253257e-07
2.394030703434647616e-04
2.660034114927385863e-05
3.283992734478253257e-07
1.939164869782065634e-02
2.660034114927385863e-05
2.955593461030427560e-06
2.154627633091183748e-03
2.394030703434647616e-04
2.660034114927385863e-05
2.660034114927385863e-05
