18216465.27
18245873.22
18253261.22
23956229.04
18366410.52
29712386.55
27398231.04
67366762.91
18197625.4
30429210.06
27799063.95
67581369.13
34269556.69
78427109.4
73844062.14
142751833.09
19345213.81
19438005.58
19381902.88
25421674.94
19455662.98
31524584.4
28424870.34
67382769.18
19331872.02
32204207.82
29885968.29
69288177.73
36322410.49
79221010.5
74731249.51
143389053.82
18176911.79
18277675.42
18261170.7
24338000.09
18387758.12
29254151.82
26623580.84
66713600.45
18204963.52
30967060.94
28311324.72
69278782.01
35612129.56
78241509.44
74594022.08
144029608.64
19355896.7
19357254.98
19324398.23
25275766.44
19502783.87
30878976.96
28372282.89
67895488.22
19327076.53
31332008.44
28482922.96
69743781.02
35527864.67
79824878.36
75349831.08
143752478.18
18722961.76
18743353.42
18737229.54
25075700.85
18881458.73
29868162.03
27741976.69
66688468.8
18715846.37
31006968.42
28900108.34
68731630.71
34759733.68
78088489.95
73450755.71
142814004.8
32495328.25
32083211.55
32495007.99
32151776.7
32161052.12
32632265.55
32536486.03
66876574.48
33206794.56
32754321.01
32843937.27
69561002.88
36107274.23
79526669.4
75500353.55
142922273.88
18690879.18
18761945.08
18754249.66
24203444.46
18835222.25
29821096.69
27898155.15
66239144.35
18677659.6
31033459.65
28033706.72
68701086.82
34903471.22
78055388.37
74219568.95
142718397.64
32041609.76
32458306.91
32024715.05
32194789.02
32338568.98
32717315.13
32672954.66
68971908.41
32304377.53
32236345.74
32409188.64
69598449.61
36083896.0
79562109.36
75431352.17
142837480.3
18281647.33
18367964.54
18360917.32
24221013.24
18415449.39
28983805.69
28015779.56
67116496.59
18279048.36
30837944.25
28666451.34
68507174.79
34125677.6
78760910.99
73967646.65
142038475.86
24697302.43
25071901.74
24797061.87
24818969.44
25006447.29
30822879.81
28178758.98
67022070.05
25278900.56
31564215.41
29107661.69
69235609.61
35969721.7
79344172.79
73899001.7
143370733.19
18315756.75
18337668.5
18354095.96
24335765.55
18457554.65
30245001.93
27209593.12
66863450.64
18317439.43
30586811.55
27844593.17
68991082.81
34140685.78
78104925.15
74080514.86
142926706.32
24800254.68
24995051.63
25503095.8
25232429.52
25345617.94
30888577.84
27921189.85
68189639.86
24759871.82
31342043.75
29513375.21
69717642.13
36146181.44
78756851.34
75155436.13
143068758.55
31664899.06
30657227.98
30887125.41
31605996.47
31960475.87
32150554.86
31279453.07
67506809.01
31558339.24
31379266.22
31507653.33
68325788.31
35201986.22
78773858.61
74083416.97
143066291.11
69380610.67
69113173.69
69918432.86
70138333.21
69241873.52
69459569.82
70307812.33
70413848.48
70935089.93
69809084.74
69648596.66
69482975.77
69978078.96
80195654.3
75847777.89
143749146.02
31349200.95
30832867.06
31096289.1
31321610.76
31056298.67
31751051.13
31032239.61
66822944.51
31043262.87
30976860.03
31378682.07
68525221.04
35081711.97
79010097.72
73590901.33
142842311.54
70120148.04
69675664.85
70455140.89
70665255.57
68727420.07
69697385.67
69679437.68
70423545.13
70348333.91
69505787.65
69803010.53
70131851.98
69854339.28
79404637.2
75218325.18
142929232.26
18223285.95
18270522.65
18237409.58
23776497.18
18404714.58
29631774.39
27984345.49
67659511.23
18199050.0
30796679.47
28129710.76
68841617.65
34868612.91
78025468.53
74334895.09
143582762.58
30863185.65
30632923.28
30219375.41
31008697.12
30078220.6
31187298.24
31336246.74
68048177.61
30601231.53
31650510.69
30269154.6
69522497.98
35640822.82
79734143.48
74742990.02
141511228.24
18224476.9
18245334.31
18229407.8
24694021.29
18387848.85
29684658.83
27364851.98
66300503.38
18190733.11
31090959.62
28559267.45
67675506.72
34504389.65
78760145.21
74838870.26
142779164.59
30220811.95
30776327.71
30749385.18
31054108.26
30448347.25
30978273.43
31223164.0
67920832.19
30090517.82
31578464.82
30650935.28
69557316.0
34965846.59
78991370.25
76888967.23
143278889.54
38933625.21
38583003.19
37922053.36
38448072.41
38281913.96
38257229.45
38246144.21
66570476.45
38223568.39
38126144.39
37401290.07
68245043.96
37814755.29
78580896.64
75105474.06
143675505.59
78844367.3
78831281.48
77624397.61
79212988.25
79048847.16
79880820.63
79907417.37
80306120.98
79127577.02
80113457.67
79263702.89
78700401.89
79746071.61
80325251.36
79295022.48
142901111.27
38932911.48
37369027.47
37584535.63
38009471.69
38287571.9
38211945.99
38000897.99
66356301.4
38266249.65
38197181.14
37412876.58
68514661.28
38096611.75
78646313.79
74354842.17
143214504.32
79327969.91
79577242.0
79592152.94
79540502.15
78808478.83
79283276.67
79951686.05
80539945.52
79813122.47
79115909.94
79060323.5
80034912.27
79443063.33
79407439.39
78774010.71
143396323.09
29726433.28
29906064.43
29553986.41
30146212.63
29776122.01
30131734.3
29910613.76
67888795.64
29308138.94
31419034.51
29737024.56
68065560.0
34495631.16
78676285.0
74787274.07
143901024.67
67857477.51
66851074.16
67603353.33
67294976.38
67236979.1
68546656.23
67705356.08
68179072.21
67946543.85
67370898.75
67861619.56
69403489.62
67717342.04
78386959.17
74289952.92
143228256.46
29448531.0
29285300.45
29780715.0
29999337.16
28937621.91
29728089.83
30556184.21
67180084.13
29304756.81
30757421.68
29893319.89
69333826.07
35182924.48
77924995.36
74214144.7
143767519.69
67919477.87
68011267.12
67638384.0
67047906.05
68462035.64
67627297.87
66964126.59
67979149.82
67005363.62
66856044.73
67989850.5
68744116.85
67517019.97
78893418.06
75143095.17
143019321.51
78780676.65
78775575.11
78062038.86
77690913.38
77202506.84
77644380.44
78779502.84
78556304.85
77337002.52
79107841.63
78756207.74
78561314.07
77979483.6
77940488.78
79006102.39
141897915.46
143319429.43
143053746.16
142973787.1
143453181.08
142174611.91
142491005.52
142097638.34
143540979.56
143408342.85
143365165.63
142257851.28
143093965.45
142765943.46
142330349.78
143266748.63
143000789.94
78677141.48
79403845.2
78490746.5
77965219.9
78737291.33
77588162.11
77599299.43
78588281.85
78251793.55
79159537.67
78011767.78
78717108.35
78741056.61
77726598.26
77226822.06
143048949.42
144417543.43
144133407.09
143194258.82
143819671.37
142834667.34
142157675.55
142918931.18
142197569.56
143112466.72
142408631.14
143976097.94
142644599.08
143179332.59
142270451.02
143677556.17
141889917.31
18165763.0
18238832.92
18222217.87
23666803.78
18361501.12
28937365.5
27101250.39
65654989.66
18205126.58
30524138.33
27860343.75
68531157.6
34636036.9
77624726.09
74300919.61
143178344.72
19303133.15
19374982.33
19349909.1
25145963.81
19520631.03
31009800.18
27701817.38
67192777.02
19307189.59
32491704.19
29915107.04
70548464.32
36378863.19
78743188.3
74419037.6
142800135.69
18206708.27
18238466.36
18230074.49
24147099.7
18327533.1
29716725.55
27446198.11
67432259.33
18210350.04
30361185.51
27866304.13
69461774.34
34691860.31
78508217.37
73574302.93
142733837.76
19315590.66
19389032.38
19387236.98
24556868.57
19502043.94
31374867.27
28366120.99
67860018.12
19333769.58
31302709.7
29229676.53
69634587.98
35429619.52
78103674.15
74824585.21
142944859.77
18689354.4
18734923.16
18778747.55
24245724.77
18845166.27
29819182.1
27527910.91
67032770.84
18682296.9
30840201.35
28898199.58
68652514.71
35169814.96
79754483.4
73924077.4
141545765.36
32542463.55
32052454.02
31943447.62
32557891.04
32548657.73
32444692.18
32532793.2
67624865.23
32390018.68
32094222.04
32364731.61
69192416.05
36291750.09
78806155.12
74627591.68
142781783.87
18686526.55
18756545.46
18755141.53
24533305.8
18858495.26
30564530.78
27450441.93
67117285.79
18734017.98
30442776.47
28353011.57
68446666.46
35058572.79
78355179.69
74170966.64
142418740.23
32865320.18
32175024.94
32461937.14
32487076.78
32045314.07
32526740.14
32325588.0
67596288.91
32456592.59
31810592.59
32211508.38
68494291.86
36647781.25
79752873.84
75537906.11
142541593.92
18291304.33
18357797.69
18331089.45
24323263.02
18470107.9
30288381.9
27461455.52
66991328.01
18294908.77
30618861.71
27891994.01
68585317.48
35312944.97
78398627.25
73566169.66
142721957.75
24822009.44
24327662.54
24413607.32
25538090.99
25077016.43
31009663.04
28571224.86
68915313.26
25149859.79
32359765.7
28654908.65
69360217.0
36183153.49
79801439.59
75705801.94
143922726.82
18307095.82
18342616.28
18318115.92
24250020.08
18497248.2
29055427.62
27887655.84
66831122.04
18297413.12
31512520.51
28650258.63
69546345.74
34495492.57
78280394.45
74362980.26
142063920.13
25335639.21
24547380.84
24941583.45
25702318.16
25484520.37
30764019.96
29316575.62
67402130.04
24622311.09
31768370.35
29240377.02
70038334.87
35912568.28
78799053.04
73985958.2
143024449.9
31410411.21
31671504.21
30701544.03
30804927.55
31688130.18
31139136.47
31397601.85
66317286.55
31497244.99
31566497.76
31481677.04
68535304.33
35994691.65
78919646.47
74635868.79
143075889.81
69459134.05
70118424.14
69433251.23
70090606.8
69258604.28
69866507.83
70538616.64
70794321.38
69956767.27
70039150.73
69838298.85
69046989.41
69302760.98
79624746.93
75492143.29
142657417.48
30948199.22
31722430.2
31293404.47
32067272.36
31041863.8
31706512.25
31588864.73
67644476.17
31757077.43
30894069.33
30687842.57
67494785.78
35747379.91
78521791.97
74457863.07
142379338.94
69126660.96
70206385.04
70849748.3
69471581.13
70970120.3
69280677.35
70287272.64
69796911.39
69790639.32
69943541.8
69553045.26
69640515.26
69778079.88
78403761.19
75398189.51
143001187.14
18222780.99
18267566.71
18280259.85
24475059.38
18362851.91
29775735.64
26989230.06
68008122.43
18190752.46
30422192.64
28130356.25
68829965.67
35266586.32
78831200.61
74202439.07
143079414.03
30519336.16
30189781.68
30772780.67
31208780.49
30607164.09
31508134.02
30778031.74
68000329.66
30771996.65
31933356.55
30828456.63
68426391.68
36709304.49
79271765.22
74722859.15
142792144.17
18222403.04
18253813.3
18231742.16
23627122.55
18377436.92
29756812.45
27199479.56
66369961.76
18206691.49
30822632.83
28282570.75
68598272.9
34997682.17
78643774.1
74726431.15
143227039.69
31170867.08
30641782.68
30820408.91
30930812.76
30082100.55
30804380.79
30632809.66
68044553.32
30153011.12
31795100.77
30754581.42
69026613.29
35263224.85
79823608.91
74091242.7
142079327.99
37108987.65
37969603.09
37003371.26
37714125.13
38847034.08
38845372.37
38373192.23
67371177.47
38422907.36
37442711.73
37949035.57
68761123.18
37419043.02
78566347.11
74390458.14
143750101.47
79502309.03
78870581.47
79810513.45
78555991.73
79376842.0
79411295.47
79253155.49
79299460.77
79663622.62
79664699.0
80074510.39
79153736.6
80061802.19
79357244.3
80180587.22
143056612.73
37626054.97
38093429.03
38147318.76
37991738.12
38560897.13
38289785.11
38209836.96
66415135.36
37889969.32
37592254.41
37299132.49
68869198.22
38244688.7
78797085.42
74556527.23
142284685.66
79064869.39
78728032.85
79914559.3
80024880.72
79227581.76
79862904.34
79219573.32
79115318.29
78591956.99
78734167.68
78855543.8
78980232.97
79329318.88
79036856.23
79047211.83
142579305.25
29190250.18
29469486.52
29061473.88
29728358.26
30542225.34
29830954.48
29157660.82
67448711.55
29454823.69
31287941.87
29513100.76
68466596.28
35143597.27
78175381.83
74098529.1
142927081.44
67228695.77
67129785.57
67634717.84
68124595.79
66843560.6
67939793.04
67594863.95
67709557.98
68091052.48
67157714.04
67564085.35
69608010.38
67435034.03
80017529.44
75194390.72
142846281.93
29091386.51
28678255.6
29719791.2
29684622.88
29800778.56
29790659.25
29785624.03
67062421.33
29460525.75
30483640.66
29117221.19
67913488.46
34624858.86
78347135.81
74409803.12
143273387.39
67893052.22
68126687.82
67720138.69
67246145.85
67975990.79
66613363.86
67253543.93
67464138.39
67448287.81
67132730.72
67221710.47
68981834.0
68307410.43
80626537.6
74813232.04
142191487.1
77991273.29
78720159.45
78395668.5
78554551.02
78518989.05
78395765.2
79039862.12
78618540.46
78536080.23
78414600.6
77837871.46
78142034.42
77970001.74
79001593.8
78528400.94
143047944.96
142706116.21
142516392.71
141350102.78
143571158.94
142717300.54
142676106.22
143533903.24
142464826.73
143841028.24
142940875.42
143104608.46
144263666.94
142926442.31
142607390.3
142129216.42
143103135.87
78354287.39
78544067.08
79534366.87
78310185.93
77855944.52
79207640.8
78703026.41
78876301.08
78761248.35
78396861.58
78705334.17
78729763.56
78715933.27
78510546.86
78893451.34
143546461.8
143170900.1
144074989.26
142884510.26
143248803.27
142751481.13
143305081.85
143188191.6
142650275.52
142678519.1
143440586.2
143786441.54
142741321.67
142375988.02
142779438.48
142999097.52
143156520.5
