15568370.57
21414944.66
15556484.31
21336772.93
24861383.94
65125753.8
24837285.18
65526650.37
25704795.13
66353039.37
25266393.26
65770550.19
71570271.97
141402774.51
72099253.66
141095833.09
16470333.87
23203577.31
16463872.45
22550694.38
25039238.85
66225585.54
25613218.32
64938614.65
26555177.39
67436385.83
27112658.5
66857065.13
72969353.76
141491653.59
72379205.09
141733053.82
16568933.08
22864380.67
16605170.7
22682000.09
26102438.86
64703395.23
24967580.84
65057600.45
26712639.39
67303943.0
26655324.72
67622782.01
73405479.72
141130239.58
72938022.08
142373608.64
29272358.31
28967043.7
28188915.43
29306481.84
29268934.82
66091291.2
29100180.09
66239488.22
28848870.89
66996290.13
28056858.02
68087781.02
72669910.96
142251373.37
73693831.08
142096478.18
15679353.3
21371416.15
15643990.22
22067441.12
25053674.7
64806657.36
24783168.4
64769782.83
25960726.7
66693718.75
25978850.39
66852282.91
71831037.18
140992550.72
71673593.01
141158004.8
29572514.48
29317342.32
29553625.9
29187400.21
29306247.87
65498858.13
29575598.41
64102581.52
30289474.33
67538783.71
29904314.94
66804227.92
72137662.8
141578013.19
72863208.44
141266273.88
36218896.1
36804955.86
36441724.14
36259444.95
36034114.24
65009137.9
36765975.49
64583144.35
35905050.29
66876819.34
35602195.75
67045086.82
72132552.44
140851090.73
72563568.95
141062397.64
77438112.35
78040809.4
77347093.98
77288270.45
77625100.73
78258196.06
78028158.9
78858707.21
77773554.24
77644103.08
77889759.27
77662914.11
77379278.64
141573967.17
78060090.0
141181480.3
15547389.08
21917551.55
15570422.56
21560522.71
24332469.1
64156090.61
25444807.01
65276418.44
25633503.68
66991304.17
26129521.61
66696330.4
71408178.66
141793184.33
72224147.54
140382475.86
21739045.33
22301646.29
21809645.91
21815627.74
25514233.05
65155056.73
25267437.09
64579294.59
26888911.75
66426361.73
26235943.19
66804218.49
72412442.9
141608737.78
71548308.94
141714733.19
28295023.68
28133424.22
28138528.95
28336892.46
28234188.61
66093593.61
27928970.29
65207450.64
28308583.51
66750049.67
27413084.74
67335082.81
71514305.78
140908975.88
72424514.86
141270706.32
65480034.94
65737388.2
66422649.68
65790117.27
66080286.7
66059087.61
64921053.3
66533639.86
65442028.61
66928354.06
65782623.66
68061642.13
73346438.35
140939812.12
73499436.13
141412758.55
28595427.35
27785945.5
27793542.64
28508291.99
28989717.19
66052870.19
28180833.48
65543749.86
28488755.74
66838415.75
28417474.02
66412021.19
72089044.89
141843051.55
72296431.34
141410291.11
66334813.0
66087982.44
66870329.74
67088825.65
66221654.51
66621724.39
67262213.62
67347184.82
67888761.11
66784970.86
66602265.81
66435640.88
72499853.73
142126134.04
72929611.87
142093146.02
76832768.05
76082055.25
76458522.73
76488845.91
76269192.42
77339889.6
75972351.08
76617756.89
76396823.5
76309764.87
76903802.21
76607337.44
76394255.71
142164354.54
76229787.43
141186311.54
141779628.67
141059471.14
142218470.87
142373872.44
139615297.24
141002510.38
140875019.93
141771042.02
142004424.59
140883059.19
141285423.95
141701382.57
141277199.26
141016690.15
141156572.34
141273232.26
15574204.06
21805736.48
15542628.92
21156940.49
25473468.32
65065724.36
25424883.31
65819366.27
25744003.92
66914284.17
25597774.03
67030063.17
72350484.7
140790416.64
72591924.9
141926762.58
16478787.19
22275107.17
16432277.68
22449024.9
24991706.41
65741461.59
26143569.94
65604128.82
26616233.09
66688948.12
26259580.69
67091295.34
72070607.97
142055135.92
72392549.75
139855228.24
16619602.75
22372012.43
16573407.8
23038021.29
26111448.57
65277734.48
25708851.98
64644503.38
26480517.29
67445225.63
26903267.45
66019506.72
71973700.33
141853508.88
73182870.26
141123164.59
28585771.14
29324166.66
29093385.18
29398108.26
28902055.64
66257089.0
29567164.0
66264832.19
28455324.2
67346187.91
28994935.28
67901316.0
71898097.43
141270347.96
75232967.23
141622889.54
15702296.85
21863390.65
15652927.88
21611657.68
24898418.94
65161069.07
24771688.13
64650989.95
25875405.55
66793926.73
25204240.57
66367122.81
71853604.87
141597699.55
73327636.59
142019505.59
29016118.98
29139210.21
28205847.48
29379433.32
29284500.15
65799874.95
29882251.06
66006503.09
29136620.1
67583127.78
29275503.31
66271598.44
72845548.38
142581064.05
72373643.56
141245111.27
37290544.84
35908463.05
35928535.63
36353471.69
36739258.95
65367921.76
36344897.99
64700301.4
36623920.73
67074648.02
35756876.58
66858661.28
72322521.56
141654830.69
72698842.17
141558504.32
77674766.42
77940428.12
77936152.94
77884502.15
77172560.92
77818792.43
78295686.05
78883945.52
78159919.86
77478651.66
77404323.5
78378912.27
77808521.06
141348840.77
77118010.71
141740323.09
15564961.64
21829796.52
15553034.82
21829630.17
24957135.04
65738595.25
24960445.45
66048989.88
25559241.38
67720408.63
25973574.39
66254206.45
71846713.25
141729508.85
73042221.04
142245024.67
22347543.1
21843788.55
22156526.05
22113765.99
25460813.6
66326873.97
25769435.64
65734446.47
26972980.26
66781201.87
26900082.19
66971110.65
72664206.0
140407482.13
71939198.62
141572256.46
27811551.13
27867007.53
28124715.0
28343337.16
27408723.16
65374591.14
28900184.21
65524084.13
27667769.52
66994262.18
28237319.89
67677826.07
72836300.93
140796809.35
72558144.7
142111519.69
66266889.02
66384621.48
65982384.0
65391906.05
66829691.62
66197303.0
65308126.59
66323149.82
65352699.13
67041492.55
66333850.5
67088116.85
73143518.46
141080922.7
73487095.17
141363321.51
28428095.3
28654384.16
27992875.38
27922778.51
27631455.65
64524478.34
28666146.44
65120757.0
27516967.74
67419799.68
28444021.07
66890956.92
71917101.8
140786560.99
72922483.22
140241915.46
67042528.55
66880676.28
66868542.68
67174287.16
66359905.4
66795991.9
66292843.23
67517725.65
67119144.63
67040447.02
66326006.64
66926601.13
72260425.81
140674349.78
72645699.75
141344789.94
77025310.38
77776594.21
76834746.5
76309219.9
77099021.64
76199702.96
75943299.43
76932281.85
76599905.54
77531901.4
76355767.78
77061108.35
77103336.91
140492474.95
75570822.06
141392949.42
142761543.41
142477407.07
141538258.82
142163671.37
141178667.34
140501675.55
141262931.18
140541569.56
141456466.69
140752631.12
142320097.94
140988599.08
141523332.59
140614451.02
142021556.17
140233917.31
15519829.62
21313833.04
15528477.66
21047433.6
24766898.21
64104438.55
24538616.5
63815624.11
25841311.23
66594457.79
25326418.81
66719756.43
72052908.22
140348152.14
72557353.15
141522344.72
16427592.34
22285623.93
16434018.9
22271818.35
25995709.16
65524434.31
24887845.66
64749739.31
26184074.64
67767257.43
27141477.09
68116543.82
73005197.97
140814798.72
72068871.53
141144135.69
16600930.4
22264458.81
16574074.49
22491099.7
25137738.92
65362503.09
25790198.11
65776259.33
26795878.99
66489957.6
26210304.13
67805774.34
72238946.39
141431939.51
71918302.93
141077837.76
28673781.99
29423697.5
29102098.4
28585857.31
29268821.21
66848378.89
29094356.54
66204018.12
28934848.66
66975875.08
28804053.57
67978587.98
72514722.8
140093692.63
73168585.21
141288859.77
15648893.4
21239073.91
15683350.31
21231040.53
24509209.86
64728741.79
24569670.11
65114443.45
25416406.78
66456015.07
25977930.29
66773811.51
72334519.71
143051317.5
72148478.41
139889765.36
29621767.07
29292921.88
28993632.72
29602217.61
29700211.9
65254178.44
29574805.26
64851250.63
29471266.15
66653210.73
29420891.31
66436764.84
72355913.33
140583812.63
71992937.75
141125783.87
35992252.94
36770532.91
36542677.07
36706638.09
36511945.47
66034623.19
36147438.8
65461285.79
37062248.35
66097606.24
36032462.46
66790666.46
72277877.09
141289100.44
72514966.64
140762740.23
78557599.58
77569428.99
77978290.02
77712216.97
77267324.64
77964584.38
77494565.69
77360331.25
77969274.93
77019211.25
77593302.82
76448289.74
78097300.16
141860449.82
78166450.6
140885593.92
15555777.72
21773278.27
15549321.43
21664237.62
25122703.78
65938168.23
24886345.78
65151171.09
25865973.94
66690015.76
25348327.5
66774766.06
72883604.26
141373793.0
71822875.62
141065957.75
21861478.18
21546222.36
21423166.66
22545944.13
25585113.83
65402046.75
25660347.81
66470740.89
26762019.42
67518246.72
25780879.91
66928643.38
72699963.15
142334885.39
73354711.7
142266726.82
28157956.92
28211875.57
27619150.53
28250907.41
28806214.35
64395090.0
28608175.22
65175122.04
28016560.93
67963639.84
28219163.35
67890345.74
71960371.2
141235122.36
72706980.26
140407920.13
66276423.53
65171623.11
65610305.19
66440706.62
66362081.59
65825744.44
66954917.54
65746130.04
65234660.3
67529110.47
65401514.22
68382334.87
73081342.7
140948911.88
72329958.2
141368449.9
28339146.17
28804808.11
27605712.22
27700259.43
28715038.5
64693412.78
28297230.2
64353907.13
28429081.5
67183652.77
28391469.02
66622237.03
73113971.15
142005051.66
72849768.76
141419889.81
66415064.43
67092823.09
66385008.52
67040682.57
66237204.48
67028852.01
67492965.72
67729310.21
66913364.81
67011570.03
66787439.22
65998046.48
71771276.33
141289452.74
72572659.96
141001417.48
76194845.0
77391897.7
76745634.95
77538441.82
76233925.14
77264068.87
76865139.53
77501795.28
77444300.65
76194501.24
75810223.38
75481538.81
77250052.07
141518637.02
77097614.25
140723338.94
140441442.65
141746778.73
142667238.37
140765156.89
142834307.71
140352167.15
141824551.14
140843358.45
141183560.0
141487530.22
140908325.91
141015728.29
141207309.86
139868601.03
141354561.36
141345187.14
15571521.52
21757801.14
15577797.11
21860298.57
24797683.02
65287057.35
24425383.91
66167722.68
25587493.59
66437412.35
25598175.06
67019110.78
72845959.18
141926576.48
72456598.69
141423414.03
16453941.86
21831270.24
16471652.81
22650566.54
25523157.58
66235054.74
25583108.47
65555265.92
26785929.72
67087530.76
26822288.35
65995942.93
73456307.0
141531137.14
72372297.62
141136144.17
16617779.87
22508688.22
16575742.16
21971122.55
25930158.58
65371476.96
25543479.56
64713961.76
26743890.4
67134553.45
26626570.75
66942272.9
72580380.66
141645162.8
73070431.15
141571039.69
29536260.51
29188595.62
29164408.91
29274812.76
28535722.55
66021720.82
28976809.66
66388553.32
28517847.2
67634864.56
29098581.42
67370613.29
72262978.15
142378711.48
72435242.7
140423327.99
15615670.11
21421592.21
15609191.88
21042404.5
25305703.85
65793160.23
24926690.45
65452664.2
26020471.26
66054375.62
25683306.91
66882603.07
71403649.25
141600042.26
72612843.91
142094101.47
29445978.49
29172204.52
29642618.22
28957858.95
29536971.21
65343979.92
29468133.64
65069221.66
29531006.25
67181271.35
29832996.4
66702663.72
73162463.08
141428782.89
73258264.07
141400612.73
35983729.42
36634104.92
36491318.76
36335738.12
37011103.73
65456179.82
36553836.96
64759135.36
36247613.12
66443362.13
35643132.49
67213198.22
72503585.57
141890252.05
72900527.23
140628685.66
77411729.03
77090810.29
78258559.3
78368880.72
77591723.34
78398741.55
77563573.32
77459318.29
76938787.93
77096724.33
77199543.8
77324232.97
77694810.75
140865870.34
77391211.83
140923305.25
15531187.19
21390480.05
15526047.87
21412077.26
25724890.68
65328961.6
24204678.1
65608787.78
25708692.58
67539257.8
25749920.35
66655438.95
72714133.97
141060965.14
72355032.46
141271081.44
21899421.26
22050017.42
22176710.27
22699799.34
25171425.15
65719119.57
25720985.29
65265873.98
27077387.49
66568622.84
26691685.83
67176936.3
72376105.95
142512256.63
72843535.13
141190281.93
27454260.01
27259978.58
28063791.2
28028622.88
28273300.19
65467552.29
28129624.03
65406421.33
27823520.66
66619716.34
27461221.19
66257488.46
72133768.56
141277164.26
72753803.12
141617387.39
66240390.43
66499998.98
66064138.69
65590145.85
66343670.13
65181493.3
65597543.93
65808138.39
65795646.75
67318079.38
65565710.47
67325834.0
74009177.62
143327603.44
73157232.04
140535487.1
27943096.93
28625321.13
28194637.63
28494574.81
28512875.58
65218628.41
28862400.9
65171885.37
28277272.91
66788281.48
27819656.27
66513501.63
71905435.14
142172596.67
72444941.21
141391944.96
66643808.24
66532535.83
65586688.8
67243156.77
66692053.79
66809852.15
67229470.32
66726914.07
67442831.86
66792188.25
66869762.28
67755050.77
72427808.66
140951390.3
71828131.52
141447135.87
76702329.27
76916332.33
77878366.87
76654185.93
76217695.72
77819307.08
77047026.41
77220301.08
77109387.08
76769213.11
77049334.17
77073763.56
77078195.46
141500906.87
77237451.34
141890461.8
141514900.08
142418989.24
141228510.26
141592803.27
141095481.13
141649081.85
141532191.6
140994275.52
141022519.07
141784586.18
142130441.54
141085321.67
140719988.02
141123438.48
141343097.52
141500520.5
