68198563.2
78827436.64
28730874.21
68715300.81
69754277.94
79547225.13
143405137.65
68163884.03
78306511.57
79070060.16
70732085.58
17646663.21
79396382.78
32012814.9
78205150.32
18961440.77
69282539.35
67350914.4
18856596.46
32890608.57
79533382.45
18538476.51
67726344.8
79250304.98
143026254.51
30567022.78
34369107.05
68268901.67
78884916.7
75384956.65
67268862.4
17642756.1
18618298.38
28556739.96
143921311.13
144003470.05
35581892.26
68796572.97
36254109.29
67594303.66
26700891.73
30030095.7
28631113.06
25259506.6
24383864.69
30717484.99
27920646.53
18836972.87
79768362.24
31812739.39
69646432.86
36044097.21
18587269.05
24858890.29
34838379.12
24913273.25
68460760.54
27393679.77
30577932.67
68742571.48
74262666.34
67867625.27
144136053.1
30242053.59
23806898.47
17950426.38
142845457.43
18797886.83
142101464.68
31027569.24
30079423.39
29683252.74
78361046.7
68699453.8
29866948.78
143104166.3
31221860.29
68715237.19
142517018.77
79252438.32
30079963.44
17745500.83
31169832.14
68610413.07
144241927.24
25419935.56
74494201.34
143524161.43
143859514.29
68465202.47
78608398.3
76675076.52
17561373.4
144145963.02
69070465.23
78835336.48
68031921.25
30614155.12
17550413.47
25249511.99
31297134.37
29890706.21
67983554.57
30461818.72
79562776.28
67357206.43
78921008.42
25297557.63
69195463.41
29822656.94
30576157.25
29381683.3
30902328.46
34486857.73
143196675.43
28508565.86
17614120.25
143640847.86
142699881.26
67057257.02
69090038.04
37489656.27
28961601.52
67020890.71
69069488.32
68373899.85
17750372.42
143030831.68
24006071.65
67832613.04
69066672.68
143724548.22
68434034.57
18819947.47
142947350.92
78452294.16
25615824.68
69606656.15
34358071.04
69066353.34
68444182.53
142496471.63
79243258.67
30476368.78
30584191.63
79162630.93
67784378.55
17602929.53
143284571.09
24148999.59
143070746.91
36075199.9
36795927.99
34926270.78
35307820.36
24683765.04
67518499.05
79647519.64
30902553.0
68369142.59
78586963.82
73816102.97
27942565.03
67274790.14
18599491.33
69334048.34
34570623.93
67346968.19
79802375.41
68866494.06
73885520.79
30121154.39
18841344.15
30332763.89
69174352.71
30619354.7
24759768.4
67188650.63
67384136.27
68622583.8
25717406.88
69124990.2
29371793.33
30991319.37
30682108.11
78268478.77
29776260.48
77215004.21
29616324.23
17641245.06
29835578.17
18826448.34
70262125.99
37079339.91
67193243.98
30519405.57
17589555.47
27751406.74
68612117.14
35431475.54
68557404.0
78712478.12
29026154.83
68083448.21
69451895.49
78560250.55
143676129.77
68113712.29
78032387.85
77436414.04
69725999.57
17605159.66
79329165.96
31155025.64
79358849.08
19021718.47
68388616.15
67863593.5
18856730.87
32779469.23
79531990.38
18581588.42
68338784.27
78125985.76
143482939.9
30335318.36
34458298.95
68913801.71
79116996.95
74953669.34
66414595.18
17616867.36
18645452.45
28921873.88
143472468.04
142609430.13
36239762.94
68755554.53
34676478.64
68396478.93
26950881.11
30360713.13
29559598.78
24776447.89
24371146.11
30284318.68
28495801.04
18865234.69
80600423.11
31280765.52
67653476.5
36128790.0
18547390.83
24908326.42
35031645.37
24759408.24
68942918.88
27993401.09
30088527.79
68480319.62
74556159.18
68235362.44
145011480.89
30391886.83
24010217.76
17986639.75
142019492.26
18802853.92
144713791.49
30800862.29
30111700.16
29223574.66
78215504.27
68943211.02
30072721.42
144028089.29
31338287.81
68954736.64
143944819.48
78750055.41
30055375.15
17722265.3
30532201.95
69418291.64
142273187.95
25203304.69
73994388.93
143094762.21
143823217.43
68084525.34
78954120.38
75735521.18
17578910.0
143237447.99
69326783.77
79283659.65
68481254.21
30377290.1
17581808.66
25217921.04
30723706.12
29681600.24
68075457.29
30495418.68
79269518.15
68134811.27
78813449.01
25356933.06
68980716.91
29796470.06
31206998.77
29751632.76
30260081.97
34134635.43
143157937.96
29196934.04
17633697.16
144506763.14
141661492.41
67790963.24
68916012.06
36532950.38
29443767.99
67614799.07
69232383.36
68887288.26
17738206.96
143440661.51
24037545.14
67446477.45
68324827.91
143362295.77
68814014.7
18802168.05
144415714.46
79279723.91
24859636.13
69197080.32
34157100.17
68688723.05
68186868.11
142916379.76
79153326.33
29888110.4
30195476.46
78230591.34
67318509.68
17591971.74
142618532.73
23356131.79
143520147.98
35623627.63
36569979.28
35123849.61
35427223.73
24945322.86
66723882.95
79221222.26
30707033.44
68377918.66
79043457.68
73806066.33
27606275.72
67461309.78
18541942.37
68959967.72
34461498.84
66878421.9
78765316.91
69208108.6
75227401.64
30514741.19
18821763.33
30313482.42
68933081.77
30744996.51
24759210.85
67474872.6
66994388.18
68587201.19
25146232.63
68922030.07
29785045.14
31346950.31
30822320.31
79019065.95
30125898.76
75469454.07
28944566.52
17634052.72
30983517.61
18787692.37
69815895.92
36821675.13
67574057.36
30326824.31
17606265.03
27423648.86
68444043.95
35375031.89
69243677.83
78982564.44
28521597.79
69318887.4
69586643.13
79650185.0
143682677.42
67785265.22
78965085.18
78236927.59
69413755.06
17619834.67
78977335.31
31796390.64
79035771.01
19002721.25
69915773.83
68106852.32
18826120.36
32775113.3
78548729.22
18659094.03
67721998.12
79484731.17
143212615.13
30359723.75
34037695.68
68459578.32
78808893.45
75046820.45
67506527.87
17641380.39
18610718.61
28828042.9
142820991.48
142168543.16
35570989.39
68159402.99
36242510.95
68995357.89
27331388.57
29770839.02
28866010.69
24507196.84
24051688.46
30367532.52
27957998.67
18809277.76
79825134.02
31490477.51
68332409.13
36150488.82
18581683.02
24602576.53
34286054.53
24998183.58
68707988.16
27079272.86
30577766.25
67964282.39
75271095.9
68489152.98
143686617.54
30344110.93
24740606.42
17988031.28
142728830.62
18826130.8
142281405.38
30346867.68
29375286.51
30204895.52
78616602.12
68759049.95
29934880.16
143178682.23
30846695.37
69058238.49
143657489.95
78570633.77
30422955.82
17731766.57
30763003.86
69575021.83
142680341.06
24722677.99
74520800.08
143415166.75
142814994.48
68816680.13
78856506.61
76156605.78
17580675.96
144294556.68
68788577.04
78671197.95
68495000.07
30364305.0
17577532.39
24679859.45
31324090.13
30113591.14
67278332.03
30564206.58
79209047.14
68689431.33
78986893.21
25486913.16
68627361.16
29533052.57
31424921.31
31044775.49
29941104.76
34059518.71
144457307.88
28548219.0
17625838.7
144864257.75
143540983.46
67536507.13
68460684.94
37398511.43
28816670.51
68596674.88
68676748.79
68432976.42
17741150.78
143030510.38
24112733.35
67566828.07
68448721.42
143469969.74
68157838.84
18823126.81
143369198.54
78034696.36
24899142.42
69332150.07
34200616.28
68913397.42
68444760.19
143418645.96
78238672.17
30339844.74
30187309.18
78102769.81
68017273.03
17568429.55
143520481.15
23791603.35
143527510.56
35766019.67
36875997.53
35136804.45
35610714.74
24600869.83
67647272.93
78061484.16
30294488.92
67170689.32
78329791.38
73791777.06
27747528.88
66897557.09
18563651.74
68849823.66
34312658.27
67307803.6
78780091.71
68357269.24
74692763.45
30035945.1
18800482.59
30743329.91
68644622.77
29581984.86
24614289.75
68070619.49
68160420.12
68608851.23
24554969.97
69240107.58
29751883.61
31333799.43
30762737.18
77975592.73
30074213.07
76555184.2
29167553.35
17616284.59
30054901.99
18832523.3
69810415.39
36985037.41
67598413.13
30637997.57
17626754.89
27681276.05
68951155.87
35227924.59
69437211.68
77572717.2
28586997.39
68575843.1
69547784.97
77922328.7
142356162.55
68345601.79
78663271.03
78754803.87
70294134.43
17626593.22
79238959.81
31705051.01
78361963.68
18964506.61
68790869.78
68023481.75
18843787.26
32536562.97
79681999.0
18603930.85
67639743.46
78814738.53
142972665.74
29828834.47
34892864.43
67917387.75
79864788.47
74646949.89
66815185.63
17629985.89
18638366.96
28184405.96
143138276.34
143139230.06
35244781.51
70374013.32
36278746.36
67628015.64
27236416.22
30224637.26
29246073.54
24562242.41
24413818.58
29940832.27
28042724.27
18818703.5
79146934.49
32342883.97
69402887.36
36388487.41
18602205.12
25245252.07
34528620.07
24841454.01
69402895.42
27621777.41
30240946.22
68828258.09
75226117.15
67853607.18
143636377.28
30291663.6
24070813.44
17940440.94
143159759.68
18858448.61
143714821.66
31289085.62
29924991.57
29848651.13
78167075.27
69638514.68
30560333.95
143694934.13
30676253.1
69431715.59
142442667.34
78318509.85
29896706.82
17747362.32
30973958.35
68150679.54
143919495.17
24928927.25
74814092.25
142747028.02
143006995.18
68892882.02
78224346.44
75947878.41
17569080.5
142240243.04
69686745.98
80162706.84
68104185.45
30244315.96
17561755.37
25022601.89
30631238.54
29777650.88
67994627.88
30753033.86
78703138.65
68240645.1
79222433.27
25150779.31
68656755.51
29492675.46
31028186.39
30782747.98
29759444.77
34588716.19
143853359.73
28572572.17
17639249.07
143374345.59
144579976.56
67029609.69
68295425.68
37056071.14
29088961.69
67522983.59
68578280.41
69123295.63
17688887.03
143345534.81
24127158.55
66675814.22
69218813.23
144041947.77
69588322.98
18817500.29
143478155.99
78793268.06
24769680.36
68516884.54
33962846.51
69232358.88
68278102.71
143048262.27
78896021.33
30135977.89
29930683.33
79169211.96
67027314.79
17572777.25
144225027.63
23366084.23
143279139.46
35416221.94
36748232.01
34752948.41
35005543.31
24800753.82
67302475.28
79043434.73
31719428.86
67792435.95
78774397.63
74386288.04
27427785.79
67452339.86
18587162.8
68531762.06
34213384.65
66614772.35
79414324.07
69131020.02
74136700.22
30475760.85
18782195.91
30514419.24
68345400.71
30455693.47
24587608.41
67201477.48
68423515.13
69042088.3
24989168.78
69550143.92
29942376.53
30903993.41
31028144.15
78785051.88
30883801.79
75264176.63
29581656.31
17604054.38
30813470.45
18823870.48
69016810.83
36959363.73
67196843.99
29900493.47
17621268.17
27333122.71
68865259.62
34940414.36
68320741.51
79283815.57
28155664.24
68950618.2
68570755.53
79003231.03
144583983.07
68190013.47
78714623.95
78495697.28
69373471.39
17584214.92
78302856.8
32016301.65
79203666.89
18980727.47
68729040.06
67385660.5
18841027.78
32496765.93
78830410.69
18631601.55
68427293.97
79781903.35
142689759.31
31170968.87
34286671.73
69259356.42
78089232.05
74943028.82
67456165.44
17587103.53
18660968.29
28351137.5
143563645.11
143806202.97
35299697.65
69190197.65
35079838.88
67490988.59
26776363.0
29892508.63
29383917.95
24904188.0
23853401.46
30325094.91
29322768.43
18807564.73
79763332.5
31806057.53
68680699.76
36421022.04
18601706.33
24349978.29
34330575.66
24215246.19
68920991.57
27756510.78
30134283.92
68816071.18
74060575.78
67811041.6
143572500.11
30443738.72
24644704.24
17913893.92
142603004.06
18853626.33
143425912.43
30907306.69
29226500.94
30146683.38
78050565.81
69615867.67
30372953.98
144362558.95
31117414.49
68601678.12
142940153.47
79126759.74
29753740.8
17727317.18
30817781.02
69024163.75
142663062.0
24878771.11
73865024.78
144588364.4
143754884.66
69428662.75
78509823.29
76676257.13
17561641.07
143441433.64
68900816.31
79616362.39
68021622.93
30361261.64
17581137.95
24775216.85
31292036.48
29958856.61
67200867.38
29996037.08
78838994.55
66845034.84
79390297.37
26027088.21
69453683.84
29745380.98
31187007.25
29806544.45
30808033.01
34199859.61
143683090.77
28636414.53
17602431.72
143285054.72
144216737.21
67302214.37
69162893.74
36723103.27
29662381.29
67601766.39
69385877.87
69679445.68
17716322.22
143293473.08
23676995.78
67806548.14
69941885.07
144632033.31
68402629.24
18841276.72
142624185.45
79279298.22
25149996.48
69098781.16
34112725.1
68822192.47
68259268.38
142915848.45
78501042.37
30188814.17
30922277.73
79147350.35
67260782.12
17584468.82
143240460.16
23566249.46
143637571.86
35867762.12
36634325.56
35275158.71
35344346.27
24890655.94
67600125.84
79863842.75
31048798.25
68388200.4
78839622.59
74746860.81
28178303.01
66990906.49
18601358.09
69307085.95
34392073.05
66912585.08
79794671.06
68965563.22
74527403.26
29962137.26
18791929.5
30035322.61
69542989.32
29888110.32
24783406.34
67652575.19
68109499.58
68678872.77
24666603.75
69020481.56
29140173.83
31179105.31
30912762.38
78826150.5
29901653.25
75838303.99
29239263.02
17634579.84
30484876.91
18831939.96
70372345.24
36537540.47
68128061.09
30399077.77
17650863.65
27886503.19
68900965.79
35228374.05
69663830.99
78620548.67
29165131.63
68778743.03
69202267.36
78408721.08
144470863.72
67243793.92
79107684.53
79097599.05
70082011.96
17617288.94
79638681.5
31923086.64
78643053.71
19000831.48
69431722.3
67847429.83
18840372.7
32727483.98
79503745.22
18641398.1
67912987.28
79087143.3
143351288.56
29987030.3
34687809.76
69390602.19
78058837.69
75125720.25
67353186.75
17609578.03
18658892.67
29005240.81
143685361.35
143505194.82
34456597.25
69528765.52
35904276.37
67425749.04
27025151.73
29691091.25
28896146.64
24876817.25
24222794.44
30054026.4
28062231.52
18800653.4
79615766.45
32215206.35
68818095.51
35940811.46
18596553.79
24709290.84
33846538.8
24152476.45
68463865.05
27846938.33
30985118.86
67448873.38
74277049.96
67812967.18
143061253.38
30239613.31
24409257.96
17964041.05
143673244.04
18781355.64
144068375.73
31086770.61
29952919.95
30425902.24
79674003.82
68188549.11
30866946.78
143005374.91
30786172.76
68901554.8
143187757.56
79005901.34
30272547.26
17747181.11
31829209.08
68508435.48
142264938.99
26130422.4
74232341.93
143945051.18
143314700.6
68464321.94
78729416.81
76464764.74
17593207.02
143733107.54
68619976.95
78847321.03
66997555.32
30290899.5
17567921.62
25013202.75
30935412.19
30366688.44
67975777.19
30601547.76
79291097.64
67525745.11
78355060.09
25690619.27
68464357.51
30554644.24
31346934.67
29670666.1
29926419.48
34539442.13
143128306.95
28992316.41
17595875.07
143489592.25
143290194.56
66874356.45
69240850.99
36744717.65
28717841.76
67263145.09
69446446.7
68544240.27
17764108.33
143562427.16
24451755.47
66198981.37
68676018.25
143176584.59
67619867.39
18795777.16
142837663.09
78849722.45
25387295.74
68018949.15
33940295.68
68805539.6
67475086.48
141934906.93
78334705.53
29710305.86
30123105.61
78105183.27
67972246.09
17580821.73
143647358.7
23731035.61
142510793.58
36208640.1
36230317.11
34662836.88
35262785.42
24184504.46
67514182.95
78922294.05
31554182.73
67665394.35
77752745.84
74736861.29
27898408.55
67140564.02
18577353.52
69287989.98
35066258.64
66427308.98
79292961.81
68634713.53
74209263.53
29966956.65
18860468.29
30399382.72
69042173.22
30511266.2
24090392.26
68189246.26
68175280.91
69495006.6
24369495.8
68927285.48
29312739.23
31537021.53
30730608.0
78852238.73
30280613.19
76915143.84
28928168.51
17655770.69
30722453.47
18792497.03
69813812.31
36471745.37
67867612.76
30276627.2
17610698.22
27484489.65
67957336.87
35095338.0
69747530.27
78861986.6
28554670.93
69004651.75
69212715.71
78446526.58
144464434.37
67637500.2
79042127.42
78878061.53
69838268.33
17631502.31
79183763.31
31742798.9
79545985.91
18994693.5
67968172.46
68564478.99
18863812.12
32772837.93
78640962.34
18584542.37
68084410.2
78940917.53
145331408.61
30679477.14
33893827.57
68413306.83
78764544.1
75151830.01
67321359.51
17614910.53
18579897.97
28953405.14
144429564.29
143280790.01
36182204.12
69526039.17
36190266.91
67510694.42
26926685.23
29563107.9
28737350.06
24683375.62
24943263.89
29669135.5
28538260.77
18799422.4
80338471.56
31868421.52
68435074.81
36509864.22
18589932.63
25185205.26
34451015.39
24993331.74
69049580.95
27584508.12
30418463.61
68310908.29
74732772.51
68237063.07
143815148.33
30238119.18
24811140.13
17963044.62
143473294.18
18840962.69
143189093.27
31751099.27
30393655.14
30317597.22
78382391.69
69782005.72
29814403.52
144162806.94
30847216.32
68990085.71
142865721.0
79641382.34
30711030.59
17741218.89
31333977.38
68620085.9
144499862.5
24691750.49
74405738.54
143785359.32
143621827.85
68712300.58
79146572.87
75801019.85
17586182.91
141939312.52
68685885.39
79041006.21
68183190.48
30904731.98
17567281.22
25037629.05
31503146.93
29301512.82
67966924.65
30373945.78
79337814.08
67416776.47
78662270.03
24930763.78
68338550.59
29291454.21
31297039.88
30267276.77
30678823.53
35089097.03
142017827.67
28495161.71
17591884.2
143171642.08
143453532.21
66978191.33
69451743.47
36408000.27
29210150.4
67833573.19
69443255.36
70049441.76
17721178.3
142241134.18
23887986.51
67704918.24
69825067.79
141641588.63
70216712.51
18810266.47
143306417.66
78606084.58
25545347.03
68747214.6
34855955.48
68737061.46
67858877.68
143184766.45
77718241.59
30131171.94
30183583.09
78940751.01
66590959.82
17582703.12
143393410.72
23317548.3
142472865.61
36271719.78
36793199.35
35158782.78
35484166.6
24915419.78
67443462.35
79671536.92
30939108.67
67904495.1
78634591.47
74849782.67
27663607.43
67283344.12
18606491.91
67858516.7
34889530.23
67252918.98
80574591.45
69486696.3
74250226.03
30738352.96
18843944.33
30736824.84
69102021.93
30789096.95
24285791.35
66846730.28
67991163.75
68469162.04
25359650.76
69432601.38
29190750.21
31173608.7
31182112.97
78236954.88
30522993.44
77225229.28
29649779.4
17575411.49
30535550.98
18757326.88
70139067.7
36734031.58
67374819.93
30128339.72
17616805.67
27231790.77
69164636.4
36058004.48
69602065.67
77101193.83
29561420.96
68501166.41
69339361.84
79231925.89
143295636.08
67651253.81
78532513.95
78170476.98
69336016.51
17633378.61
77983719.73
32112776.41
78487786.83
19011032.93
68300719.61
67543773.46
18841817.34
33642160.16
78790392.26
18634398.62
68522294.44
78686938.8
144487393.09
29845415.99
34770657.03
68877763.25
78564585.04
74539905.44
67178751.56
17618898.42
18639959.64
28423203.2
143593993.08
142824432.2
35191403.53
69208254.41
35886427.84
68612683.81
27315051.94
29028649.51
29075357.85
24687643.98
23447000.98
30204386.66
28616261.99
18795552.69
79567028.26
32022496.76
69538791.68
36051464.52
18546572.48
24473559.07
34288546.31
24168644.52
68519504.52
27718004.64
30793196.1
69117321.69
74680975.94
67136444.85
143491746.39
30463679.48
24292899.31
17923917.54
142185897.92
18798381.56
143032152.04
30963108.95
29524402.6
30427852.7
79320352.58
68553206.72
29631747.17
144589926.97
31062082.34
69322114.97
143618906.6
78641025.71
30291200.39
17758598.25
31414543.77
67808363.7
142506274.95
24944426.27
74056833.8
143486227.14
143665992.76
68544580.06
79426324.58
75781048.18
17590123.92
143416282.73
69795607.83
79820475.3
67601498.72
30513133.27
17555868.33
24761813.49
31542980.45
30007612.65
68109497.59
30447531.43
78868781.31
67418858.74
78547482.8
24605540.58
68777454.54
30416774.3
31274254.89
30234975.3
29695646.48
34928744.45
142482306.64
28280059.78
17618745.98
142581365.75
143492613.54
66585137.19
69714390.6
36703166.7
29240816.48
67610076.94
68738976.95
68656819.04
17697858.19
144056045.8
24169942.22
67278498.23
69771282.62
143359557.28
68955225.13
18760367.44
143191817.3
79072353.52
25457010.7
68825288.7
34097930.61
69425192.04
67560284.18
143825969.94
77850608.36
30252401.14
29796247.04
79075878.54
67374108.21
17598788.94
143937728.01
24117163.66
144334971.48
36173435.88
36699617.22
34574879.52
35801109.47
24650426.17
66677367.7
79464048.43
30885078.5
68361498.29
79462457.64
73878808.97
27344154.44
67630882.54
18578638.33
69015790.13
35295127.45
67214480.62
79797557.45
68957779.95
74872130.63
29964700.59
18823005.95
29705838.0
68794329.44
30168420.62
25293405.28
68241343.62
68290208.36
68276243.31
24505103.44
68384253.13
29628889.97
31102380.03
31946081.0
78220886.57
30382433.39
76722717.63
29214854.07
17633258.07
29680232.78
18808600.01
69186319.24
36326137.91
66671375.63
30540512.41
17629672.41
27712719.29
69018547.52
35611573.21
68768859.06
79014957.57
28648927.94
68867633.1
69001118.57
78194006.3
143545331.26
67770680.27
78569736.0
78154256.39
70037215.43
17629561.31
80299428.0
31424845.41
78833637.51
18919377.87
69474961.61
67076375.41
18838891.37
33020080.36
78661172.21
18559912.52
67684863.55
79299541.67
142742395.15
30037001.41
34782090.08
68679024.39
78857413.38
75561018.84
67524898.32
17609592.41
18594399.42
28080939.6
142630891.81
143395134.49
35944781.92
69415466.24
35800307.91
68285326.87
27593035.9
30020355.72
29008542.08
24652440.0
23910971.12
30353653.85
28225475.61
18854513.74
78969696.53
31523849.24
69595141.78
36442150.58
18564290.41
24914966.12
34705758.31
25034297.41
69027433.33
27996638.64
30108096.05
70260763.75
74711682.5
67874787.41
144071821.45
30884446.1
23833405.63
17916216.0
141745805.53
18769874.82
143743677.38
30989377.78
29479346.61
30225538.59
78453844.37
68758661.37
29180949.96
142694050.88
31342065.05
69604235.83
144613330.76
78383864.21
29736424.29
17723807.0
30961588.92
68547898.16
144034174.53
24870095.23
73689455.42
143551148.56
142902065.29
69000098.83
78797709.53
76763016.63
17567641.83
143760400.7
68537664.77
79821504.34
68135317.51
30387468.21
17590661.3
24791244.38
30988901.71
29835983.62
67339423.59
30177636.1
78904063.72
67686105.18
78883011.33
25419524.78
68932681.26
29893986.59
31297464.92
30250992.29
30387298.03
34615436.31
142513004.63
28448800.85
17615708.26
142734880.33
144094163.53
67955902.84
69639229.16
36266872.4
28949852.61
67772844.96
68157124.01
68789667.21
17688632.65
143202142.41
24137903.4
67865199.33
68969978.75
143412819.42
69022207.23
18786333.2
143688833.4
79427890.64
25042745.52
68680215.09
35366951.9
69249099.66
68524844.59
144248950.6
78664341.29
30370803.48
30321110.49
79308869.64
67264216.86
17553341.02
143605303.26
23645002.03
142095572.44
35941952.56
37195868.67
34451614.78
35367605.99
24275580.53
66370095.08
79005830.67
31176264.26
66616586.72
78477506.18
74520306.88
27865158.14
67667892.0
18558894.58
68316045.16
34125583.33
66736883.34
79759710.11
68712292.32
74583285.88
29823682.1
18825876.92
30626096.74
68181169.38
30050832.75
24921349.68
67603663.91
68260508.62
68729238.42
25372477.8
68344013.87
29635993.43
31034641.87
31103846.66
79444557.89
30385537.87
75687654.74
29548669.31
17597835.92
30356942.4
18798679.77
69948481.85
35936493.5
67862667.79
30440742.21
17627292.37
28104085.15
68902961.95
35887720.42
68356240.2
78644055.37
28759270.61
69127571.79
69040422.64
77796186.16
142088553.94
68096247.97
78921848.92
79533627.82
69841791.74
17617652.74
78529766.6
32385045.94
78122317.17
19003505.25
68751245.43
67355461.9
18884337.57
33099051.9
78965337.44
18657477.8
67215966.05
79013742.49
142960963.79
30105538.18
34981575.06
69151773.21
78861876.62
74229717.74
66838830.31
17613480.03
18640874.57
28148169.61
143073689.36
143706259.13
35565559.84
68515666.92
35775296.0
66985156.54
26918891.15
30207126.69
29076601.62
24103076.05
23981273.54
30472829.23
28583149.69
18791668.91
79975084.51
31358559.18
68893879.48
36496427.53
18607079.07
24538064.71
33535618.56
24601443.54
68768535.23
27358716.84
30323575.31
69033858.6
74470101.99
67695773.47
143284558.92
30442330.11
24124546.88
17971219.64
142126413.1
18822339.33
143621629.45
31129107.48
29957589.81
30138275.44
78529823.37
68656920.01
30092429.36
143254350.32
30832924.44
69413489.6
143433537.14
78515374.32
30450122.02
17723644.22
30960482.33
69419871.89
143985138.61
24980176.07
74297752.68
142952703.82
143802634.25
69039479.91
78622788.62
75469810.61
17557412.12
143004169.21
68881389.9
79090297.66
67674299.77
30618631.34
17576782.6
24982761.31
31048686.61
30015600.87
67576672.5
30730881.26
79884687.69
67385121.98
77944562.01
25081014.21
68435197.34
30333137.15
31180048.14
30819093.23
30844109.72
34745975.68
142868212.73
28457790.79
17620225.36
141921947.24
142199305.8
67275007.09
69788209.82
36636190.54
29412813.59
67572091.59
69032849.22
69492499.78
17731993.71
142596780.43
24235574.46
67388698.25
69363942.52
143582401.54
68999608.47
18788729.52
143437353.31
79422624.43
25078582.71
70098191.53
34798470.16
69692506.65
68405675.82
143654301.03
77871249.66
30015988.09
29833778.78
78805051.06
66534355.18
17587616.97
142354158.84
23468495.3
143675030.42
36368341.28
36976390.0
34982634.46
35884156.49
24495583.1
67430284.04
78748479.76
30820087.6
67600962.05
78555614.37
74912063.07
27117416.12
67143001.22
18572884.75
68934395.42
33858046.1
67706614.21
80256281.38
68544333.25
73547683.02
29687634.68
18814690.84
30230892.6
69095926.9
30691107.24
24468694.21
68582346.11
67991913.64
68742411.75
25178667.76
68775334.56
29491083.09
31086048.92
31608986.97
78753010.0
29780884.96
76376014.99
28694628.89
17623701.06
30768393.38
18769123.92
70149736.29
36695917.61
66788025.83
30113767.95
17623050.66
27358742.21
69068387.26
35571651.8
68172618.63
79330577.38
28491719.18
68661149.75
69441610.14
78023134.54
144033603.09
67719092.63
79463726.88
79444657.11
69948170.44
17630921.44
78429878.07
31845921.44
79049958.6
19002720.56
68100439.92
67666932.46
18867698.32
33045444.1
78564769.34
18648833.11
68119467.83
79627240.93
143111689.35
29987442.87
33980575.26
69282081.99
78325473.03
74493781.39
67230338.6
17643118.54
18621662.26
28779989.87
143156582.43
142490993.71
35745180.97
68356477.44
35885610.24
67820385.63
27399347.64
30082243.46
28913308.76
24570847.85
23674059.28
30282233.11
29137014.26
18810870.65
79575477.28
31795726.39
68389217.99
37106220.32
18628931.18
24701382.25
34512655.3
25089904.2
68422034.61
28391535.31
30660742.25
68633751.79
74062951.2
68271451.31
142797097.03
31013597.3
24069941.37
17982702.67
144195742.5
18798671.76
143551245.13
30491280.46
29270112.41
29556051.57
78061219.8
68499359.98
30000231.66
143334877.13
30313478.79
69125921.71
144321737.04
79081853.58
30672965.12
17731099.46
31168183.7
68575427.93
144176767.05
24432075.03
75030975.31
143623001.47
143870690.93
68314918.37
78572147.77
77125882.7
17568225.94
141996004.39
68697354.52
80053985.4
68746447.17
29862190.81
17609415.36
25129417.48
30584979.35
29848958.98
66767799.94
30768951.14
80113863.31
67145023.82
78380845.41
25088791.81
68998647.07
29561778.18
30467059.68
30470927.15
29383485.88
34149128.1
143638993.09
29249871.75
17642023.67
143243282.66
144163281.2
67765354.65
68883300.33
36775636.88
28966791.19
68110054.01
68973738.0
68632047.52
17728013.0
142863698.48
23711630.92
67374981.38
68390484.94
142665882.93
68941489.43
18792983.9
143303398.65
79234936.91
25624690.31
68996868.56
33942203.89
68784555.38
67910957.83
143442122.7
78767818.79
29867070.44
30737687.85
79079020.24
67597770.99
17567936.33
144420258.16
23827027.59
143440986.11
36357299.9
35934772.1
34459440.7
35694693.73
25282572.34
67270553.78
79320522.48
31101273.45
68496490.71
78489647.63
74610749.32
28060939.73
67672719.56
18595639.28
69222885.95
33901192.9
68615217.1
79979493.82
68442997.12
74278787.58
29826978.41
18792364.07
30442439.14
68957915.27
30174190.33
24579858.56
67430323.81
67993528.94
69159598.91
25010371.38
69251341.42
29442599.49
30610710.15
30927544.79
78714861.9
30494402.43
76509274.35
29726185.39
17631748.36
30232548.45
18843486.92
69502867.69
37146321.63
67830108.42
30709665.39
17592138.13
27588801.8
69545058.14
34797427.44
68593936.63
79098705.85
28587821.62
69222455.83
68960018.22
79568325.32
144448135.89
67541065.47
79202799.42
78537807.29
69867872.65
17602725.15
78343354.65
31731657.32
78778947.97
18955956.31
68647377.61
68640160.03
18866602.15
33011251.91
78822244.32
18589859.3
67116379.68
78122271.08
143952448.58
30440675.42
34178742.39
68220558.92
78279170.66
75387289.77
67458795.63
17627572.44
18619049.08
28427844.76
143269480.64
142578265.18
35308434.02
69160816.38
36076604.95
68055663.03
26528492.48
29617012.91
29111531.24
24752144.92
23718787.42
30673604.1
28587531.63
18780715.98
78957479.2
31290282.21
68552369.52
35659144.03
18601789.36
24682270.73
34661421.13
25081926.22
68434221.74
28156648.28
30862406.95
69175003.07
74058672.02
67204388.55
143856381.83
30344243.46
23727433.14
17967839.2
144091098.22
18792075.71
142905958.37
31372036.09
30424872.44
30154101.7
78287965.51
68969861.06
30149775.0
143494072.28
31054411.38
69661375.94
143136308.95
78623312.19
30806709.76
17743106.76
30569644.23
68387978.3
142429975.74
24893160.75
74079568.39
143252884.48
143462418.28
68808758.14
78391866.92
76038212.81
17577952.37
143418024.92
68817150.35
79789765.74
68304867.51
30366620.93
17573092.63
24836414.12
31488726.6
30315936.96
67976751.85
30536056.0
79410630.99
68437627.2
78750535.12
25211842.26
69230219.45
30736024.36
30756872.75
29912852.86
30169860.55
34468072.25
141967056.71
28492096.68
17586795.64
143460805.06
143023655.76
67013584.62
68691219.51
36433894.01
29240421.06
68590459.01
69308293.46
68967607.91
17752239.57
143904930.51
24332855.61
67800685.58
69744278.58
144234365.11
69076479.45
18841604.7
143755672.04
79026938.82
25060309.96
68763102.79
34971275.36
68748643.78
67421660.3
143145005.55
78910602.14
30598897.82
30398547.31
78000106.02
67758074.48
17548029.15
143520271.53
23695823.95
142102848.44
36722170.92
36954185.38
34644734.06
34714603.11
24809867.82
67081499.0
78467078.89
30303154.92
68827599.52
78184444.09
73770688.96
27488155.6
67084830.55
18581299.01
67855017.19
34381011.67
67646355.85
79797355.9
69626334.42
75292321.04
30480917.82
18788282.89
29998830.28
68480806.26
30535293.98
24749317.88
67857963.96
68044148.12
70051425.18
25028877.75
68785292.04
29428931.38
30464994.2
31424702.81
78544336.11
29906093.35
76252217.49
29092756.06
17627251.26
30366579.78
18808919.79
69798987.41
36578432.36
67206083.23
30688472.66
17616639.33
28359228.99
69575430.32
35113540.89
68778313.53
78107615.79
28908315.08
69604567.17
69909724.96
79670727.97
142903243.55
68177810.19
78365044.34
79111628.81
69966382.19
17626814.22
80224408.98
32011597.57
78945127.36
18984526.52
68651310.93
67645976.44
18862490.67
33286262.89
79111404.56
18584347.09
67339948.48
78814837.5
143565515.22
30208309.74
34553487.56
69105104.33
78724136.01
74770281.32
67647247.39
17588599.04
18636110.72
29078898.36
144019928.9
142938826.83
35692009.53
69382336.22
35692559.43
67584327.68
27206254.53
29726288.89
29586648.04
24603635.31
24052989.96
30248299.25
28679054.18
18812821.99
79812665.01
31639254.21
68154020.59
35772319.91
18574558.35
24832950.16
34382139.2
25348424.83
68369188.5
27425067.45
30480171.97
69182539.58
74537218.16
68441367.05
143983942.79
30028368.86
24008306.21
17924930.23
143185052.51
18790235.05
143048097.53
30616831.74
30550525.48
29956497.18
78867018.25
69058941.07
29927531.96
143448601.98
30472560.52
68231688.24
143029259.57
78786835.35
30363344.34
17747257.56
31210023.69
68802116.33
143747526.27
25219986.66
75288080.36
144263808.3
143446840.12
69499029.75
77703303.72
76338611.92
17564142.31
142788212.95
69075898.94
79765640.9
67829666.09
30313971.17
17567663.64
25033523.43
31146707.34
29917827.71
67616268.34
30552033.82
79693435.59
67745846.66
78735359.39
25475570.71
69433786.58
30070306.26
31088720.86
29825617.71
30031947.32
34383668.8
143087585.27
28460162.92
17613679.94
143498492.55
143452851.29
67307640.6
69444234.08
37555644.03
29715701.14
68170532.19
69304986.75
67847478.18
17721082.6
144053894.97
24815333.04
67301098.1
68717136.59
143100119.73
68677916.32
18759226.01
144643099.62
78993539.01
25152081.85
68821290.6
34392694.16
69577760.27
67414201.27
143579924.93
79114581.0
30003537.32
30297568.95
79181950.6
67689746.18
17588843.24
143234146.0
23430621.85
142968027.5
35842146.79
36165956.79
33944139.09
35074968.35
24733295.59
67028453.42
78783228.83
31025049.59
67700083.39
78510653.77
75453091.03
27771446.33
66586527.66
18591228.7
69181293.91
34939068.41
66902091.15
79173977.01
69432006.23
74148443.5
31002101.4
18810123.43
29910621.66
68367537.3
29902108.75
24429351.09
67456868.21
67884842.07
69545740.71
24998741.09
68529334.89
29083829.41
31686740.39
31122712.35
78388758.25
30460994.74
76372781.28
29568717.31
17610960.16
30869352.09
18825588.29
68702969.08
36293186.97
67951067.02
29869601.11
17615651.68
27503994.01
68948164.55
35395257.36
68159496.51
79080740.42
28338479.55
68896485.7
68939708.97
79648165.11
143315128.55
67038704.98
78595030.27
79044565.15
68769569.39
17625801.75
79615531.92
31514174.93
78327768.22
18933707.36
68034679.34
67071764.03
18846847.64
32507717.0
79360179.28
18623761.15
68257679.06
79157949.71
143437502.99
30439176.12
34595096.15
69468437.94
78383991.85
74469455.6
66742759.34
17636803.29
18627914.97
28879798.69
143689099.08
143176536.68
34319865.57
68549348.78
35842651.02
67485570.54
27431486.78
30121015.45
29170729.45
24948568.51
23461972.24
30139601.39
29045214.06
18849074.36
80185891.44
32028507.36
69287716.98
36336972.39
18586507.45
24975587.24
34407891.95
24255603.86
69199836.49
27826559.48
31029299.47
68483799.3
73956664.23
67466710.76
143664377.17
30302811.56
23966252.5
17964461.02
143395555.89
18778918.56
142413815.22
30202891.52
29698894.07
30110212.89
78874289.4
68820490.78
30087508.92
142799828.93
31268178.01
68827336.6
143823447.08
79420352.81
30505526.12
17770741.57
31248042.14
69919270.46
142334745.38
25195171.44
75074136.39
143431907.39
144047987.46
69372138.93
78670121.22
76219776.12
17567700.48
144466326.78
69559133.82
78844185.29
67899059.32
30093596.68
17579625.76
25096370.33
31163053.53
30771983.4
67005438.17
30517780.73
79493418.44
67602392.78
78521522.66
25437112.6
68299356.09
30279162.25
31379806.56
30598213.68
29954905.89
34623794.99
143696476.18
28579900.56
17645051.68
144062256.87
142864261.33
67721315.72
69062053.19
36209025.07
30004736.1
67954521.01
69497273.46
68721846.02
17730250.49
143541677.07
24249589.06
66190413.76
67706545.51
143419376.5
68703040.3
18781959.45
143574430.35
79000172.41
25358019.2
68948790.91
34939997.24
69045689.4
68211095.17
143249902.06
78778289.45
29893748.49
29752578.62
78190361.34
67356613.23
17567681.97
143431909.3
23249069.57
143710726.6
35938625.79
37553282.87
35053298.17
34829866.24
24737868.09
68337404.65
77889575.84
31217048.35
68145569.65
79257591.8
74789254.91
27901407.52
67166352.7
18520218.54
68122275.9
34691418.22
67933153.15
79270214.69
68816592.48
74447051.9
30242138.99
18866423.47
29695391.81
68613412.24
30103583.61
24371415.13
67552392.44
67884018.13
68962533.03
25315705.38
68835025.24
29770715.09
31351710.99
31152442.76
78864095.52
30353467.54
75844689.24
29651215.37
17626774.16
29730079.78
18824056.43
69089128.94
36858712.03
67179790.13
29973881.42
17588760.03
27968054.11
69677425.04
35332267.96
69367629.73
78335393.33
28845072.91
69427139.76
69544649.76
79196074.64
142740097.03
67666544.67
79779484.4
79050097.49
69229209.69
17639323.27
78711993.97
32255588.55
78996264.15
18991038.6
69366708.44
67959472.4
18894857.99
32202841.27
78671496.92
18619191.0
67769042.26
79314252.64
143558418.68
30980073.7
34792269.92
68200631.3
77451692.34
75549459.24
67363871.37
17650830.63
18646243.39
28747379.88
144232177.9
143353186.61
35565442.78
68476245.34
35673382.84
67455398.83
27224186.64
29569888.39
29201561.6
24461864.61
24123590.42
30253510.47
28534499.56
18788178.44
78886747.86
31902957.88
68797682.68
36052335.8
18581462.28
25666673.57
35131609.46
24100133.16
68720628.04
27291339.67
30636254.0
68893263.91
74363043.56
68024962.44
143966785.92
30476705.98
24270935.27
17921919.1
142826697.79
18798839.93
144160709.64
31159432.41
29713024.2
30292368.92
78836107.48
68788826.72
29902578.38
142948300.64
30907473.16
68950778.32
142754855.66
79465236.63
29861977.03
17727762.26
31766542.0
68590782.71
143615389.58
24665024.13
74379138.14
143223863.7
143876954.21
68564814.19
79668964.5
76193594.44
17569562.4
144383697.06
67535578.76
78881667.02
68347218.1
30666648.78
17562027.02
24859730.26
31803935.48
29790296.1
67603826.63
30306210.74
79571198.13
67618200.77
78081082.28
24970436.59
68497558.8
29824828.93
30966502.31
30170520.77
29774390.24
34492976.91
144087492.96
28653013.36
17626720.47
142705874.04
141829780.74
68205443.98
69025791.49
36475394.3
29843266.34
68149843.24
68849810.66
69335742.83
17740780.16
143471254.99
24203238.64
67852931.09
68511830.31
143728107.89
68280598.03
18814078.22
141859981.52
78251501.81
24219169.86
68462224.81
34279228.34
68595753.44
68038189.79
142921904.9
77509273.4
30143941.94
30301734.98
78974089.39
67282721.03
17553373.04
142922843.98
23796202.34
143511292.55
35763698.27
37489570.2
34365083.94
36142299.99
24045915.72
67563858.32
78958380.22
30652548.94
67618872.79
78969187.2
74852372.6
28127852.11
67713679.52
18617970.6
69525956.25
34506685.97
67068253.59
79947534.47
68674248.76
75105901.48
30264939.75
18832221.29
30800827.88
68858107.03
30772374.68
24422874.27
67457226.87
67505800.51
68461002.73
25079149.65
67768256.53
29346545.69
30828936.5
31030588.4
78183850.56
30212013.18
75656780.8
29589134.78
17618619.06
31021350.16
18812702.81
69184849.36
37126284.38
67470224.91
30054859.75
17607969.19
27823677.76
68808431.84
34966945.27
68286823.5
78363800.96
28674818.91
69436576.88
69524637.19
78847202.97
144479078.99
67468424.01
78750325.65
78615637.82
70046421.78
17598330.16
78637885.38
31104084.08
78222518.59
18991939.84
69587155.07
67187951.48
18869109.28
32540470.53
78716574.73
18592689.04
68078548.25
78993981.58
143197357.84
30449277.51
34932304.36
69804808.65
78850798.81
75273421.08
66691189.26
17617567.66
18603072.76
28809591.7
143116534.43
143521770.88
35314648.04
68479828.26
35735382.38
67912389.31
26945724.04
30256950.38
28895047.05
23978415.29
24225356.72
30524879.19
28876568.3
18761429.32
80208467.85
31889803.95
68972847.2
36248939.64
18579314.57
24737474.46
35063918.0
25049387.08
69051041.57
27131676.43
30524950.15
68382086.05
75303713.24
68091352.37
142645911.03
30048645.85
24262789.17
17931616.75
142050934.13
18785215.6
142480637.82
30966214.45
29981027.65
29815584.29
79404824.35
67695891.71
30123716.2
142933913.6
30887685.82
69358008.34
142674980.34
79210343.51
30143393.85
17759084.87
31744440.81
69009835.8
144026468.49
24692844.42
74709940.04
142261069.93
143211516.73
68783535.67
79386413.75
75702686.24
17580862.81
144476285.39
68979245.4
79440900.82
67762109.18
30205664.36
17601698.43
25488422.13
30964578.8
29708796.75
67480291.8
30659445.38
79087158.78
67702477.75
78930887.82
25037706.19
68097918.84
30600911.98
31514094.34
30115751.51
30410703.41
34514821.65
143284649.85
28748596.16
17649348.26
143100799.13
143971355.57
66708385.04
69458108.48
36971906.27
30234543.9
67533840.05
69344063.7
68433730.92
17766688.87
143036079.66
24047803.1
66459444.44
69092638.51
143692508.05
68697083.49
18827158.43
143942795.45
78441483.59
25429387.8
68569733.2
34456900.11
69390196.26
68205254.29
143667937.09
78263184.94
30254400.94
31024571.89
78675432.25
67645261.0
17608688.05
142672397.5
23553190.49
143780343.44
35427437.88
36489262.94
34402800.99
35386138.6
24157813.91
67245734.97
78937964.08
30779890.85
68807495.73
78490732.73
74344402.97
27632162.96
67599022.92
18580122.46
68501044.3
34893914.26
67944962.19
79775662.49
68947732.42
75271202.08
30020131.59
18776142.45
30322562.12
68725100.79
30889464.39
25079626.29
66780894.13
68132018.3
68093956.49
25094050.09
68515141.1
29346758.21
31305242.42
31260381.02
79212954.73
30135895.72
76017927.87
29651036.37
17613499.72
29982912.42
18785101.18
69919645.94
36283677.82
67098761.88
30509747.61
17624569.68
27030983.39
68644850.78
34926189.48
68674565.45
78726341.08
27763291.19
68583696.19
68549437.5
78794812.03
142979006.67
68675452.14
78813547.46
78255824.11
69091631.02
17639805.63
79132357.74
31773118.46
78624722.22
18964516.77
69210372.13
68357659.82
18849604.47
32398077.58
78551487.2
18612980.25
67133523.5
78266246.78
143942485.38
30485780.06
34725561.07
69605163.54
78265991.55
76274612.82
67259363.05
17617976.88
18605575.03
28299494.29
143509828.07
141973354.96
34854803.62
68311898.64
36648025.67
67403390.21
27406751.58
29750676.8
28996399.14
25000639.51
24082250.77
30441140.44
28860746.34
18827039.56
79139479.63
31861936.34
68329107.96
35574160.12
18554477.6
24944351.3
35496733.4
24933328.41
68825723.21
26955805.9
30263593.56
68699306.23
74669312.91
68502539.18
143707786.61
30300700.49
23724480.99
17971497.08
143385535.64
18808034.85
143053087.76
31120565.74
29992485.29
29762062.76
79596820.11
68778577.99
30610927.28
143196706.32
30944021.91
68964309.91
144005240.76
79220151.4
30490200.89
17733364.91
30766113.61
69714503.38
143299020.91
24673354.61
74410478.04
144220465.74
144128072.3
67999459.78
77903263.44
75197243.58
17571000.15
143854465.26
68814929.49
79963638.12
67123598.26
29979965.88
17569452.45
25175791.52
31041431.21
29740355.07
68109409.08
30543386.42
79967297.38
68648522.95
78430697.04
25423126.78
69043735.86
30441986.94
31310395.77
29376198.05
29517477.86
34352610.06
143191178.59
28266394.68
17619071.86
143480170.61
142510982.84
67033587.59
69173886.53
36912136.29
29543677.9
66972439.02
68436992.57
68555094.54
17736613.23
143930461.95
24106338.33
67880039.12
69266864.03
144137887.31
68842423.85
18839406.92
143808211.62
79206086.64
25240030.97
68836811.04
34280741.18
68828679.94
68449491.68
143187919.35
79219388.17
29516551.81
29987952.16
78078032.42
67641487.07
17588686.21
143452957.98
23692812.45
143931089.2
36572636.24
37512526.44
34696755.44
35653342.13
24478335.83
66911271.04
78243236.24
30739886.33
67445908.72
78771169.59
74061088.99
27683638.35
67419977.39
18573716.38
68785545.16
35102541.29
66739439.6
79745356.74
68064134.13
73482312.91
30698513.41
18805808.53
30790464.79
68772251.16
30054118.3
24353643.72
67344377.77
67174303.19
68913472.8
25805149.02
68312679.02
29376598.56
31182357.83
31033903.93
77954816.71
30190175.7
75511972.56
29339504.19
17634317.02
30533119.32
18798305.26
69589214.63
37232070.91
67815735.17
30013259.08
17610653.05
28035873.26
69476189.21
35303707.15
67825263.65
79400852.12
28969850.32
69676174.59
70086623.94
78764794.79
143025581.62
67532735.31
79914120.87
78705970.02
70395709.61
17648900.7
79089361.18
31996173.49
78329085.93
18983539.82
69171398.41
67256239.25
18874263.04
32179471.94
79797871.34
18575472.9
67917271.32
78482271.3
142319905.07
30344581.34
34987106.91
68684921.17
79675474.18
74410815.34
66759114.93
17602947.19
18582968.52
29030794.47
141910728.12
144073401.14
35446453.92
68608812.26
36602290.46
67740246.18
26929387.92
29641865.97
29679518.01
24545426.39
24126830.74
29547267.97
29026208.09
18809966.42
79514907.14
31897854.2
67930834.61
36237775.7
18586945.7
25256309.97
34329188.27
24328900.46
68516689.75
27891171.58
30879881.76
68730209.15
75180538.22
67774304.64
144012205.46
30590005.95
24291320.23
17949409.72
143466923.14
18823936.73
143052416.39
31758472.88
30440375.19
29455344.99
77784997.57
68258947.55
29343883.83
142528326.86
30572299.73
69396250.89
144424405.65
78366709.58
29951109.14
17731430.61
30671560.85
69239904.43
144304434.95
25233733.0
75123598.77
143431420.03
142823841.93
69769222.12
79281246.18
76597412.51
17570306.41
143901188.07
68797409.54
79819935.76
67597661.37
30044802.86
17594411.9
24792683.21
31109495.46
29846018.52
67255370.27
30936822.91
79454150.14
67267852.84
78681339.05
25238397.97
68574548.41
29576387.52
31023919.57
31056793.25
30357666.95
34596278.74
143570195.35
27793650.11
17600253.27
143730490.22
142753349.8
67091787.8
69228444.6
36333942.64
28887761.62
68527647.71
69428444.67
69733392.78
17751397.1
143715412.11
24476610.34
67139785.06
68728418.74
142894698.7
69284980.87
18830618.89
143929721.2
78140401.4
25014439.17
69291155.95
34465764.23
68540138.01
67236396.89
143118984.49
78285694.34
29835693.0
30291934.45
78902347.48
67435688.25
17604157.16
143186721.98
23495881.15
142911958.52
36577593.11
37417169.1
34330306.31
34914589.2
24977673.76
66278808.81
78306653.48
30763573.11
67474443.01
78436825.89
74349932.26
27460042.62
67136951.24
18590597.91
68473444.4
34393269.68
67606963.62
79189755.26
68418953.12
74659418.73
29989212.09
18797125.53
30154234.15
68036675.27
29825404.14
24550896.45
66792496.73
67783751.1
68660710.28
25664055.3
68301893.88
29002601.7
30651341.46
31628229.02
78023848.78
30638562.92
75094090.08
29517199.91
17615080.39
30034663.28
18776842.31
69734485.25
36780886.26
66726597.24
30175583.16
17578587.0
27516504.86
68433424.47
34901722.79
68909020.03
78948613.67
28777927.99
68971001.32
69629967.5
78877558.26
141198841.23
67301723.89
78141795.54
78581312.46
69847381.12
17620259.74
78903643.88
31327974.2
78837737.74
18942780.8
68819512.16
67886590.72
18880640.92
33129850.51
77629959.95
18623810.65
68410356.99
79376497.13
143800174.0
30194217.16
34798563.97
69327360.96
79048229.14
75550650.51
67692761.41
17657191.17
18656257.01
28293118.07
142816509.56
143873775.06
35828653.67
68036045.7
35971451.31
68467607.22
26671938.44
29613358.34
29166591.02
24272652.72
24150818.5
30146778.88
28940913.46
18839375.03
79327717.14
31804939.85
68593156.88
36145172.97
18616159.38
25346081.83
35021173.44
24629755.59
68367121.59
28479775.83
30897517.46
68758242.05
73842183.77
67522740.54
144405235.9
30329204.62
24207916.73
17965087.02
145138693.53
18816845.21
142083276.36
30563626.98
29964797.36
30136089.95
79199118.26
68058738.19
29973321.13
143019949.8
30850711.75
69305605.88
144122925.58
78564406.23
30461858.35
17739755.07
31353463.7
68143016.7
143167130.49
24411212.51
73925309.45
143328854.22
143724602.16
68473016.63
79088642.28
75718022.48
17584002.27
143216133.56
68744464.29
79883682.23
67848539.49
29787480.46
17555115.47
24845971.53
31208197.55
29556294.98
67848604.8
30443737.96
78876996.84
67609104.74
78844172.1
25151549.6
69101070.85
30082444.3
31271608.59
30261104.28
30271535.14
34566042.16
142147813.99
28094113.72
17601907.24
143024211.12
143067084.05
67837015.33
69241864.38
37588686.06
29554563.73
68065218.79
68779134.94
68730365.93
17759801.98
143724509.67
24236077.36
66954367.94
69180376.44
141375239.57
68833322.63
18811997.51
143246656.62
78622920.88
25664894.25
68953596.08
34463320.9
68669261.34
67146349.07
143843731.38
77573851.32
30558147.42
29382868.29
78375202.52
66887924.2
17592609.51
145002047.57
23562922.51
142785027.83
36490705.72
37452133.82
35321481.92
35331872.31
24637349.58
67004056.06
78807947.25
30876009.4
66859665.28
78396359.43
74878229.89
28202458.19
67555545.75
18603273.24
69152231.57
35055143.01
66646442.1
79488926.72
69453191.49
74986061.51
29771179.17
18860850.33
30244540.36
68924651.97
30520262.83
24779089.63
67893544.11
67992659.65
68600053.46
25703637.09
68989701.45
29367631.5
31379329.71
31295335.57
79178955.88
30436983.9
75907975.24
29275764.7
17666760.22
30289939.44
18804893.87
68997782.49
37038352.88
67387043.57
30199837.21
17622903.17
27827381.51
69591210.6
35310966.39
69705983.39
78613936.58
28478829.17
69656361.57
70002627.13
78528558.56
143425505.15
68480362.42
78839959.94
79253876.52
69455930.94
17638116.2
78598950.28
31875585.61
77930208.93
18986556.97
68884463.22
67528616.5
18904484.66
32581604.59
78934917.37
18580851.39
68603758.74
78361926.06
143794066.04
29895108.35
33796253.79
69449043.14
78700459.05
75481262.45
66634222.99
17641095.38
18594091.62
29137822.92
143437606.49
142532821.45
34994603.95
69939964.58
35674198.2
68033903.5
26823610.98
30033139.09
28705322.68
24880583.68
23370716.08
30321740.62
28758045.83
18783775.8
79943735.36
31597009.59
68747222.01
36435365.35
18602172.3
25030688.7
34040623.3
25119613.5
69186756.25
27811363.79
30364974.81
68437059.62
74017907.48
68281004.44
143121146.81
30594829.71
24552675.22
17921926.12
143322396.57
18825278.89
142229507.04
31043266.22
29994768.75
29663655.12
78939868.27
69662627.16
29656171.46
142649115.9
30953663.27
68338350.16
144524692.24
78498694.35
30028957.33
17768434.75
31451320.12
68986935.26
143674371.82
24921021.58
74177228.06
143847184.28
143835532.39
69330030.18
79475944.3
75820110.58
17593270.86
141777953.33
69066058.25
79839084.69
67578852.73
30033007.45
17572439.48
24436775.28
31293569.64
29959457.01
67320928.09
30561920.64
78873975.69
67690863.88
78577587.77
25486769.57
68576824.58
29745054.04
31331519.36
30552484.93
30439610.88
34542204.3
144381334.09
29552624.54
17627944.68
142485051.22
143288922.86
68174882.12
69029396.7
36515388.11
29547418.97
67767780.07
69410005.68
68598891.4
17731084.01
143399380.22
24221921.61
67097479.68
69867375.21
143590295.77
68866681.18
18786255.61
142500011.37
78812182.86
25149050.57
68632404.89
33625619.5
68722388.56
67771479.64
142848336.11
78806301.92
29777303.27
30330521.69
78921462.85
66261283.55
17575731.04
143592296.23
23649885.67
142967992.86
36016378.53
36743275.79
35135885.65
35074899.2
24735852.92
67720128.68
78735530.33
31007129.66
67585073.75
78049450.7
76127194.92
27892743.46
67622760.31
18560337.16
68797665.62
34147600.67
67528686.5
79276912.85
69225641.7
74892460.33
30848376.4
18801716.84
30289746.79
69371170.87
30375514.25
23982029.23
67026563.99
67903254.94
68958246.52
25382043.73
69132080.1
29439270.08
31038382.93
31149204.57
78955804.26
29784550.23
75441791.68
29189486.71
17621360.02
30220335.06
18826192.45
70593125.92
36536626.5
67682938.82
29738674.31
17608699.49
28277644.42
68342675.9
35517812.78
68116307.44
78655125.13
28449108.33
68550787.55
69556484.93
79505185.88
143196146.95
68087100.79
79078031.19
79324927.43
70015191.71
17634634.42
79699859.22
32380265.04
78471358.98
19033083.86
68619538.1
68026750.58
18867394.08
32809260.29
78036379.54
18583802.45
68500126.45
78563219.56
142726348.62
30905831.34
34627008.87
68719232.66
79672514.76
75098190.95
67512706.14
17611876.15
18594003.96
28992062.73
142807419.45
144769732.18
34876436.69
68310206.59
35806976.99
68000269.34
27045232.54
29970022.92
29555225.66
24914900.96
24232499.18
29585717.53
29378354.5
18769496.58
79128370.41
31928906.13
68808881.77
35236893.45
18610174.07
24700276.04
34390584.84
24900331.48
69325984.93
27994123.83
30774497.2
69181107.85
73691785.88
67761543.87
143525301.85
30538149.93
24137139.84
17941319.78
143476459.49
18777685.23
143310989.67
30780607.56
29747891.06
29991270.41
78250950.85
68943668.45
30063939.87
143540622.09
31373749.34
68266995.22
142854174.63
77691296.76
29762149.49
17718154.63
30695851.65
68666374.65
144123914.12
24617858.41
75058608.1
142946576.36
142514950.13
69451085.17
78758976.84
76547968.82
17566368.58
143675130.89
68757163.82
79312541.17
68156964.17
30320371.94
17578356.68
25136963.73
31374331.99
30308491.57
66864129.99
30834702.92
79152735.07
68149324.53
77782671.97
25136131.24
68859945.9
29373525.32
31652161.38
30083386.51
29985519.57
34414379.02
144311354.71
28525744.9
17622753.93
143763859.07
143730556.99
67334411.5
69302948.79
36688970.22
29550271.44
67570944.69
69323884.1
68474727.36
17739114.04
143860007.41
23745757.31
66999938.74
67490368.07
143330177.84
69590675.19
18777969.86
143488279.28
79195505.62
25732252.09
68430677.43
34444530.14
68732280.45
68237132.23
143290246.38
78278063.92
30005643.69
30022690.31
78362889.32
65943914.64
17567581.66
142909822.52
24346432.85
142490026.27
36628815.44
36660363.44
34704386.19
35440688.29
24584505.68
67025224.12
79122725.41
30991062.37
68320896.95
78395876.4
74831399.35
27421465.88
67253988.91
18645054.53
68575838.99
34604884.92
66959473.08
79120569.67
68760359.13
74113599.97
29777438.89
18793929.74
29534708.79
69057828.93
30506607.81
24837743.63
67229137.56
68461127.44
68343274.55
24401872.77
69144748.62
28658521.97
31064451.76
31502692.75
79503233.26
29636363.84
75888603.94
29349536.89
17621389.94
30014299.91
18807414.02
69724733.93
37287853.01
67533900.0
30349911.69
17625258.78
27599890.45
68916188.15
35183915.76
69153377.33
78662214.04
28893405.91
68982128.59
69374480.51
77711854.77
143596970.36
68642915.92
78155903.27
78911373.8
70020006.59
17614880.76
78441097.44
31205242.97
78705996.17
18975525.35
68903187.84
68267607.04
18919763.3
32912233.69
78845099.21
18652487.37
67451475.77
78090030.96
143959588.68
29992205.75
35400560.28
69719514.21
78768050.44
75957314.26
67033667.26
17602151.7
18572322.29
29363145.9
143335206.93
142929193.76
34994704.48
68614866.67
36073747.96
67679985.27
26644902.87
29858386.46
29745598.79
24993521.86
24502019.34
30381498.86
29243580.78
18780509.23
80075908.29
31763684.84
69341091.87
35713057.8
18592948.68
24956902.04
34438711.08
24559088.43
69631517.57
27570457.4
29977394.05
70136135.34
75103272.19
68689547.76
143176966.12
30030530.97
24939811.1
17946701.2
144027829.83
18803419.32
143765985.98
30809141.26
29768498.34
29640986.29
78417146.31
69352599.09
29547695.61
143701224.29
30572522.06
69029072.92
142794606.86
78794903.33
30052344.05
17730702.59
31039396.81
69105957.19
143423868.92
25553006.59
74836196.33
144060367.79
144800946.94
68576039.59
78408689.96
76078451.11
17570712.87
144322717.39
69226251.22
78987248.82
68727269.13
30133056.79
17568815.93
25053756.09
30725963.68
29647320.92
67563865.99
30408299.23
79600964.43
67691707.07
78730176.7
25096662.21
68058029.6
29901398.18
31573886.26
29837401.34
30159851.66
34579142.37
144045343.83
29070174.94
17629877.19
144081273.11
144282394.8
67334522.62
68750273.75
36003257.9
29315704.6
67861725.34
69322875.6
69142899.04
17739155.16
143983679.96
24024225.84
67542548.94
68937264.01
143160712.01
69667148.94
18803512.55
142470966.02
79258767.86
25292350.9
69765237.58
35253613.01
69186967.35
68501556.84
143778169.85
78450095.09
29761425.5
30023527.72
78165494.32
67651680.41
17592822.91
142813310.72
24132630.87
143371314.57
35911889.54
36695093.68
34667258.6
34731524.07
25371888.17
67313833.75
78115021.5
31253797.37
67872176.75
78482424.68
74061191.87
27832479.16
67807213.9
18617352.21
67831499.16
34428270.19
67257329.27
78772393.34
69221904.72
74383807.03
29972744.96
18820831.92
29827976.3
68919146.47
30403953.47
25000970.5
67790051.05
68116190.04
68666304.84
24945431.92
68825004.18
29866558.93
31050396.62
31111037.7
78386906.85
30114660.6
75960196.95
29120394.51
17616636.79
30228264.51
18847817.04
69563280.78
36376171.59
67516338.65
30497003.92
17639675.27
28181861.12
69175560.2
35957135.99
68466589.91
78643435.15
28664612.77
68555882.73
69299416.44
78584369.23
143959369.29
67715397.69
79813044.57
79831664.5
69767779.34
17624578.81
78921415.14
31267268.62
78641991.83
18939807.79
68897662.33
67840159.2
18911631.71
31844756.72
78762516.12
18600271.55
67432337.95
78586531.58
143779300.38
30531425.42
34721874.31
69230034.3
79605807.14
74791108.72
67374697.4
17652105.62
18623586.79
29075851.83
143791897.74
143690735.51
34984268.44
68578742.56
36521400.53
67365329.3
26444637.84
30151752.45
29488380.75
25021570.35
23942863.49
30341501.13
28652281.72
18789669.54
78879928.79
31924242.93
68813144.01
36108003.69
18568625.84
24833609.55
35141459.27
24624796.01
69082672.2
28438407.89
30880543.98
68971016.69
73670002.9
67931802.84
144691157.04
30402612.91
24122661.99
17958750.69
144040676.37
18806897.62
142879864.32
30956754.13
29969592.3
29956122.94
78696615.18
68764956.9
29609219.43
143697149.55
30654442.3
68159825.48
143492480.14
79106306.81
30120974.41
17747429.4
31523459.33
69161177.93
142547664.4
25774747.26
74378784.91
143209376.11
143101163.16
68415376.57
78428161.01
76338570.74
17560249.66
144270037.4
69311748.27
78977954.72
67621427.61
30166117.93
17574724.98
25414103.28
31080993.22
30220080.97
67347043.67
30265787.38
78947146.6
67905074.82
78820746.52
24970797.41
68498993.58
29864720.47
32038357.63
30363094.02
30071838.18
34723009.19
142029901.34
28176203.72
17619923.8
142315043.02
144184328.38
67375438.19
69683308.78
36909173.09
29603395.97
68267240.93
67833709.01
68634615.72
17718017.61
143331170.87
24459011.61
67609173.55
69346041.25
143506672.52
69419852.8
18831268.06
143138408.05
79428255.68
25180248.45
69327550.34
34040423.69
69315450.78
67866294.51
144391171.66
78750655.42
29652496.0
30938642.46
78016412.91
67191074.65
17561762.01
143331597.65
23662949.02
143178973.16
37090058.96
36233389.62
34412129.73
35942864.57
24162774.7
67955872.43
78043847.0
31032331.16
67490172.0
79245071.96
74674818.23
27675898.09
67304125.68
18589353.42
68955850.16
34834522.72
67675811.59
80584507.52
68479406.1
74697543.5
30261703.17
18804384.59
30443982.12
68576502.9
30281837.6
24930864.26
67441741.18
68290470.15
68151361.92
25460706.9
68034667.6
29533838.46
31732167.77
31201580.2
78777157.63
29184275.37
76325825.77
29467480.27
17623768.76
30240859.21
18824863.97
68497289.36
37054107.75
66338617.65
30653096.55
17646835.97
27597743.33
68275045.92
35233472.25
69507869.62
78593920.26
28531631.39
68601610.61
69665645.19
79198289.01
143456267.83
68089369.96
78195026.96
79180100.22
69953887.69
17591090.0
78415340.76
31938619.53
78080040.99
18998494.77
68285759.97
68101319.63
18827452.71
32596924.41
78928579.39
18615723.61
66868469.01
79137058.16
142950627.57
29712073.56
33902936.54
69150551.1
79261221.17
75450946.63
67665424.61
17620763.08
18632043.27
28559704.34
143042422.57
143050602.94
34452391.87
69431418.08
36140885.92
67087970.47
26706885.18
29850983.6
29129823.74
24526663.74
23919969.34
30117578.73
28500424.57
18805259.72
79575399.58
31550902.97
68574276.05
35852095.38
18564278.69
25440226.03
34816484.39
24631288.28
68645138.34
27737183.04
30257041.25
68391584.2
74404853.59
68462549.02
142929284.64
30351193.47
23777126.59
17977941.76
143177060.26
18783240.05
143287701.81
30966643.34
29589255.11
29688295.49
78748535.06
68833903.67
29267290.09
142413353.98
31185084.38
69191731.68
143464984.49
79170591.2
30552566.46
17710271.59
31304820.35
68925680.9
143464069.49
24967135.85
74871325.57
143728503.67
142692579.47
69323567.6
79547786.38
75793521.89
17596932.31
143543590.51
68468328.67
79503461.95
68198079.63
30000590.05
17555010.05
24620930.41
31176617.28
29946968.89
66798661.0
30820406.29
78176504.76
68410436.7
78648421.9
24962822.9
69360800.73
29893612.83
30770582.16
30704160.5
30461954.65
34097419.79
141835799.45
29058742.55
17626386.59
143239043.64
143933161.45
67435813.92
69117126.72
36611702.55
29139486.16
68281796.49
68810522.13
69342116.1
17737984.71
142862626.76
23734030.82
66309624.8
68778766.71
142561044.42
67968950.62
18795794.17
143436894.11
78472064.88
25370843.38
68357986.56
34898807.59
69284250.64
67182163.22
143187689.59
78087735.49
29810525.29
30421514.06
78939153.88
67685408.58
17588050.91
143695490.24
23687614.9
143417856.96
35934688.11
36368872.65
34784732.4
35686715.45
24928301.56
67444241.41
78827529.12
30884051.14
67540896.36
78656521.65
74045343.29
28199992.02
67291386.73
18582125.54
68421638.65
34848731.28
66997796.78
78879317.22
69229072.98
74044657.61
29855755.44
18794702.15
30592396.03
68624591.75
30706658.08
23669079.23
67191664.17
67459823.86
69192094.26
25580948.92
69707999.16
29803327.81
30568473.3
31011880.98
79596104.02
30879385.64
75922364.56
29212401.52
17594856.04
29942718.51
18819727.52
69799996.59
36393607.5
67898727.96
30196103.74
17626419.59
28545937.41
69367527.07
35656461.66
69047763.51
78369370.97
28771055.98
68121184.77
68538225.06
79040557.95
144008725.69
67333540.59
79662728.46
79563802.12
69396520.05
17631417.38
77295203.56
31877817.86
78484179.46
18965137.55
69915581.32
68488907.61
18835337.92
32617847.65
78201784.34
18614463.47
68075865.0
79539222.48
142696669.52
30485841.42
34664573.48
68468657.1
78897384.66
75822901.35
67111864.98
17636867.16
18648299.28
28423723.07
143169805.12
142711222.74
34807919.5
68679222.75
35730422.88
67518184.83
26695371.88
30221030.8
28957205.03
25384817.81
23936508.67
30824517.45
29393485.67
18801910.0
79228728.87
31858188.59
68575086.75
35951598.14
18613388.05
24973405.51
33709529.84
24765675.54
69084262.24
28331669.03
31137887.2
68907967.43
74175210.19
67571025.96
142930230.2
30576566.97
24573451.49
17967955.69
142635753.4
18800492.48
144193114.95
30998092.66
29975960.71
29983316.13
79367181.74
67949394.81
30354166.88
144744612.73
30953541.09
69312854.53
143424608.56
79036859.12
30121005.32
17759357.14
30639086.13
69302731.84
142846212.9
24891030.62
74815895.77
143683517.49
143348884.43
68497153.35
79028239.86
76117439.25
17590331.52
144155745.8
69007993.73
79189499.24
67147494.14
30344047.96
17572040.77
25282683.47
31284950.3
30024141.06
67971665.42
31002170.19
79464255.26
67455534.11
79941374.17
25062439.49
69198335.34
29163131.76
31249398.86
30185408.14
30417675.34
34124618.92
143137616.99
28595377.88
17611993.92
145116785.05
143535848.39
67163859.74
69095329.97
36942313.43
29405668.96
69192037.38
69169352.65
68973932.95
17688072.14
143479714.9
23938132.75
67588195.47
69302842.75
143513641.48
68927872.45
18779977.45
144025719.88
78819281.2
25090247.96
69530637.44
34792991.43
69394701.38
67753018.7
144142293.7
78124140.77
29952335.78
30218249.29
78747228.87
66832869.51
17581990.51
143163056.63
23952846.4
144428435.71
35490109.29
36909413.89
34164002.33
35969453.95
25181338.8
66983048.51
79533658.65
30923973.6
68067493.5
79387330.83
74729322.96
27877664.08
67673005.44
18569309.39
68384023.56
34038334.44
66927444.14
79526700.81
69032801.07
73795440.88
30379761.57
18820373.46
30058041.55
68790476.5
30225227.5
24987798.25
67897006.36
67994483.84
68575082.6
25034490.08
69695623.04
29139084.36
31716321.11
31196709.99
78855278.96
29945098.97
77176365.28
28842273.55
17586029.51
30504886.29
18850798.69
68978635.39
36763658.48
67357951.43
30521524.57
17648859.08
27924448.62
68440422.78
34890934.74
