76930028.71
76757436.64
29694393.2
77494122.48
65887112.13
78184470.37
141335137.65
34477295.48
76941844.66
77936878.45
68662085.58
16487231.61
78295574.54
67085260.89
77100629.56
28932334.22
29758535.32
65280914.4
65692489.51
66141627.76
77582867.87
20989394.62
29047124.01
141904770.28
77367724.89
29361937.3
66728478.33
76979081.17
77521281.46
73314956.65
67087162.6
16485148.06
16456717.98
26486739.96
141851311.13
78139794.02
33511892.26
77569664.81
67273939.63
65524303.66
29239584.77
65955780.38
27407048.43
66535219.69
22313864.69
29513045.23
25850646.53
66270870.6
77698362.24
65970365.86
142532353.31
141088073.4
16424008.56
65870085.76
33796130.83
66076729.18
66491559.98
26187260.31
67071136.96
77510085.03
72323006.14
65797625.27
142066053.1
65747113.03
21736898.47
66762619.21
140775457.43
65604235.81
140031464.68
28957569.24
66029428.04
65400883.28
76409565.61
66629453.8
28903706.23
141034166.3
78120472.72
77511612.75
140447018.77
141885026.38
65726972.26
16591973.72
29099832.14
66540413.07
142171927.24
67345781.76
72424201.34
141454161.43
141789514.29
140689329.13
76538398.3
142016547.45
16401960.84
142075963.02
29601422.93
76765336.48
65961921.25
66454299.33
21502008.32
67166103.49
29227134.37
65729281.7
78226696.03
29488147.23
141997716.8
28586585.23
141601231.27
66934100.11
141766148.35
65651928.63
140328970.57
65584557.71
29949990.82
66876380.84
141126675.43
65492158.88
21918324.43
78073482.43
140629881.26
64987257.02
141294341.1
35037862.68
28783345.1
28399910.58
66999488.32
66303899.85
16597996.26
140960831.68
16455492.97
65842357.89
66996672.68
77958070.09
28955387.43
65995013.02
140877350.92
140826657.79
67551243.8
142323019.59
33093230.07
77807654.15
66374182.53
76997086.35
77291531.91
29479371.01
29626925.7
77092630.93
65714378.55
16453026.81
141214571.09
67436907.8
141000746.91
77586801.35
34344134.14
33882740.29
33237820.36
28923449.15
65448499.05
77577519.64
141351088.43
66299142.59
77453190.66
72483361.0
25872565.03
67092589.99
16434241.31
141976740.81
33526294.57
67055449.53
77732375.41
66796494.06
71815520.79
28913584.21
29356680.14
29017748.67
78000929.33
67248407.68
65897301.19
65802764.73
65314136.27
66651906.21
30006241.1
77908325.29
29548035.83
28921319.37
29706057.74
140637721.62
27706260.48
78835122.42
28398547.84
22433341.49
28875687.6
66088455.8
68192125.99
66241767.21
65123243.98
67112256.34
16418311.22
26547031.69
66542117.14
34441865.49
77309973.86
76642478.12
30034878.85
76812028.16
65584731.36
77198075.57
141606129.77
34422994.88
76667735.12
76300132.47
67655999.57
16438219.94
78227597.96
65846599.2
78256330.29
29691135.42
29083918.98
65793593.5
65768985.68
66045040.49
77580504.82
21554616.63
29460452.07
140504122.81
77607346.55
29129343.39
66851428.44
77689882.94
77753406.51
72883669.34
66232928.06
16454477.03
16478664.29
26851873.88
141402468.04
77037310.25
34169762.94
77510404.39
65413591.14
66326478.93
29491086.45
66381926.65
28339545.85
65893101.91
22301146.11
29077079.95
26425801.04
66791746.75
78530423.11
65265527.86
139766891.44
141327675.28
16392478.93
65870226.99
33988254.2
65838787.78
66973369.11
26790514.97
66374035.18
77239785.37
72616592.67
66165362.44
142941480.89
65946711.64
21940217.76
67400341.02
139949492.26
65625174.06
142643791.49
28730862.29
66040935.14
64751974.59
76263516.33
66873211.02
29110253.91
141958089.29
78266159.6
77756800.55
141874819.48
141255570.19
65718236.73
16564274.06
28462201.95
67348291.64
140203187.95
67110205.38
71924388.93
141024762.21
141753217.43
140153271.8
76884120.38
140893526.41
16424503.09
141167447.99
29763553.33
77213659.65
66411254.21
66163898.7
22141376.37
67110835.84
28653706.12
65462908.72
78327942.88
29522380.76
141542149.95
29186876.49
141355576.93
67066196.89
141476821.09
65611460.67
141539129.49
66185262.25
29304024.22
66477432.71
141087937.96
66473961.91
22331498.67
78719357.84
139591492.41
65720963.24
141066902.06
34081156.71
29267062.65
28806313.17
67162383.36
66817288.26
16584105.85
141370661.51
16451424.34
65455225.21
66254827.91
77656958.07
29253234.02
65623776.89
142345714.46
142010783.53
66450808.82
141714629.68
32889825.99
77396447.73
66116868.11
77367380.3
77201425.01
28887807.6
29236950.09
76160591.34
65248509.68
16440099.98
140548532.73
66367785.07
141450147.98
77030370.6
34118185.29
34080142.12
33357223.73
29185606.12
64653882.95
77151222.26
140914565.25
66307918.66
77909290.19
72472345.8
25536275.72
67279734.69
16388108.52
141512160.68
33414257.62
66586902.48
76695316.91
67138108.6
73157401.64
29309284.16
29101752.21
28998547.99
77729461.64
67395249.18
65838321.29
66089921.05
64924388.18
66618012.62
29401363.76
77683314.66
29986162.55
29276950.31
29845303.38
141691521.18
28055898.76
77084931.48
27722216.72
22302268.99
30028309.85
65358807.46
67745895.92
65980936.39
65504057.36
66842797.21
16438299.68
26218545.21
66374043.95
34386689.85
78063142.47
76912564.44
29483908.2
78161383.58
65719477.01
78286725.68
141612677.42
34160490.36
77597875.94
77100711.42
67343755.06
16454209.72
77874426.64
66774272.85
77933845.28
29454804.88
30274823.79
66036852.32
65210204.14
65970100.39
76597252.79
22528811.88
29025716.31
142230245.38
77501367.54
29151079.77
66343351.99
77199339.13
77445562.39
72976820.45
67324011.95
16483981.9
16450940.15
26758042.9
140750991.48
76727074.32
33500989.39
76856775.49
67263109.0
66925357.89
29881233.91
65563122.29
27644320.43
65484545.94
21981688.46
29161667.38
25887998.67
65693352.63
77755134.02
65537375.41
140652579.0
141297665.16
16419874.97
65495983.39
33240284.47
66176244.18
66738048.59
25873055.13
67032413.85
76684782.88
73333996.39
66419152.98
141616617.54
65881363.97
22670606.42
67416891.16
140658830.62
66095162.96
140211405.38
28276867.68
64998188.59
66193376.27
76665447.15
66689049.95
28970150.75
141108682.23
77502302.3
77859682.79
141587489.95
141090276.72
66225991.94
16574403.21
28693003.86
67505021.83
140610341.06
66385940.05
72450800.08
141345166.75
140744994.48
141239929.61
76786506.61
141398056.05
16426449.51
142224556.68
29393971.86
76601197.95
66425000.07
66153011.98
22044324.81
66386306.56
29254090.13
65992291.55
77473532.83
29588945.53
141486694.72
29585050.68
141602191.33
67182859.48
141112370.78
65264054.34
141860757.56
67834722.69
28983165.39
66346567.9
142387307.88
65559583.29
22235731.91
79047350.75
141470983.46
65466507.13
140418044.34
34946716.91
28638095.46
29491235.07
66606748.79
66362976.42
16587145.25
140960510.38
16459658.61
65576019.87
66378721.42
77796914.43
28748961.23
66009267.35
141299198.54
140351320.44
66552553.38
142005100.64
32934132.46
77632203.68
66374760.19
77766691.62
76284952.43
29340876.11
29228503.51
76032769.81
65947273.03
16410804.16
141450481.15
66968084.11
141457510.56
77211685.05
34424203.94
34093640.05
33540714.74
28840260.19
65577272.93
75991484.16
140250945.29
65100689.32
77197259.06
72460343.86
25677528.88
66716729.93
16406122.37
141317143.28
33266822.88
67016285.41
76710091.71
66287269.24
72622763.45
28828317.25
28817901.78
29429038.67
77403129.93
65789731.01
65680509.61
66683865.49
66090420.12
66638648.65
28807369.94
78044767.1
29949275.79
29263799.43
29788194.73
140316088.8
28004213.07
78173938.4
27946650.99
21948088.17
29095803.85
66210224.97
67740415.39
66167141.29
65528413.13
67271540.09
16462048.19
26477670.22
66881155.87
34239046.68
78269694.11
75502717.2
29549537.66
77338792.9
65680622.26
76558088.51
140286162.55
34636761.99
77298895.87
77620411.48
68224134.43
16462738.76
78136132.35
66646444.58
77258674.25
28967522.02
29379629.52
65953481.75
65499156.21
65655711.21
77731967.98
21867620.19
28950278.29
141310671.9
77315482.82
28619833.54
67348089.11
76605475.48
78501884.69
72576949.89
66632664.56
16469656.87
16474051.42
26114405.96
141068276.34
77366341.1
33174781.51
79278290.91
67303521.76
65558015.64
29777644.4
66168704.75
28025871.93
65568428.83
22343818.58
28733294.81
25972724.27
65939107.67
77076934.49
66748918.62
142030322.62
141813120.07
16435313.97
66433567.97
33483827.82
65954541.76
67431828.31
26415807.54
66579342.58
77618752.59
73288263.74
65783607.18
141566377.28
65823988.23
22000813.44
66575754.21
141089759.68
66670387.23
141644821.66
29219085.62
65829569.4
65659048.85
76213875.54
67568514.68
29600306.53
141624934.13
77319246.67
78273114.01
140372667.34
140722251.07
65501528.33
16595109.71
28903958.35
66080679.54
141849495.17
66700615.59
72744092.25
140677028.02
140936995.18
141269339.23
76154346.44
141144341.48
16412874.73
140170243.04
30067746.15
78092706.84
66034185.45
65965795.52
21749812.54
66774523.7
28561238.54
65573802.03
78245582.18
29779705.9
140892123.28
29258307.92
141892686.98
66743325.28
141015531.08
65186531.23
141158808.3
67519226.57
28799587.04
66957943.02
141783359.73
65623524.8
22459892.57
77862567.15
142509976.56
64959609.69
140129008.09
34604277.48
28910770.3
28702440.18
66508280.41
67053295.63
16522643.75
141275534.81
16458036.43
64685885.52
67148813.23
78188937.41
29826224.35
65901402.26
141408155.99
141342795.81
66365718.24
140762059.89
32695114.73
77972313.69
66208102.71
77493337.93
76943772.15
29137610.98
28971798.66
77099211.96
64957314.79
16416754.62
142155027.63
66360149.38
141209139.46
76783380.42
34296438.25
33708497.53
32935543.31
29040776.97
65232475.28
76973434.73
143086450.6
65722435.95
77640460.23
73053674.61
25357785.79
67270045.08
16424116.8
140829736.05
33167264.61
66323252.08
77344324.07
67061020.02
72066700.22
29269312.67
28569995.99
29199851.04
77082597.95
67031502.61
65596355.74
65814833.79
66353515.13
67071308.55
29244094.22
78364996.24
30161830.37
28833993.41
30053108.7
141315933.03
28813801.79
76879059.46
28361847.41
21719271.73
29858031.91
66011716.38
66946810.83
66140441.43
65126843.99
66235585.16
16456480.16
26127630.63
66795259.62
33950569.8
77056948.08
77213815.57
29118025.83
77762956.24
64703593.96
77639062.08
142513983.07
34495094.09
77348939.79
77360899.94
67303471.39
16411172.13
77199227.49
67139138.36
78100683.47
29172679.12
29311358.87
65315660.5
65441566.01
65599320.58
76877800.33
22140213.59
29524548.29
142675772.19
77074313.31
29968040.92
66603594.76
78061492.75
76726363.98
72873028.82
67273388.69
16418345.8
16492107.51
26281137.5
141493645.11
77966949.22
33229697.65
77983948.78
65893030.65
65420988.59
29317256.08
65737668.27
28165462.52
66015908.48
21783401.46
29118634.87
27252768.43
65700381.46
77693332.5
66010268.6
141183318.38
141910853.67
16436270.94
65192569.87
33284271.05
65037298.84
66950376.86
26551066.73
66397190.83
77613928.76
72120766.7
65741041.6
141502500.11
66054526.7
22574704.24
66082565.7
140533004.06
66616589.56
141355912.43
28837306.69
64783489.02
66067371.68
76099127.12
67545867.67
29412333.99
142292558.95
77959525.61
77367791.34
140870153.47
141712064.91
65288938.61
16570071.19
28747781.02
66954163.75
140593062.0
66644161.66
71795024.78
142518364.4
141684884.66
142006429.67
76439823.29
142030473.58
16402051.01
141371433.64
29470092.54
77546362.39
65951622.93
66120898.62
22107225.64
66466884.98
29222036.48
65781038.22
77374188.05
29021246.46
140964985.08
28246340.61
142158214.67
67960041.8
142227624.65
65533365.45
141612225.04
66259957.31
29853860.5
66541966.98
141613090.77
65704851.8
21782276.54
77835936.76
142146737.21
65232214.37
141349462.93
34271309.08
29485831.06
28807450.99
67315877.87
67609445.68
16556800.63
141223473.08
16431935.38
65816101.67
67871885.07
78675548.82
28995908.44
66341574.31
140554185.45
142034822.1
66862300.27
141607251.61
32845014.05
77516842.19
66189268.38
77287636.02
76548103.12
29190377.92
29966558.81
77077350.35
65190782.12
16431411.9
141170460.16
66634851.31
141567571.86
77351271.0
34182531.45
34232742.68
33274346.27
29130504.18
65530125.84
77793842.75
141737160.94
66318200.4
77706766.08
73414316.72
26108303.01
66808980.07
16435089.94
142040677.04
33345301.01
66621065.87
77724671.06
66895563.22
72457403.26
28752706.08
28702320.11
28720054.21
78382569.42
66249012.82
65893099.52
66266000.72
66039499.58
66708754.23
28920145.57
77799161.03
29316113.75
29109105.31
29938361.25
141426796.64
27831653.25
77455062.31
28018906.01
22321559.72
29528939.0
66206245.47
68302345.24
65646033.05
66058061.09
66911915.48
16492645.4
26683786.06
66830965.79
34240965.01
78526982.9
76550548.67
30173798.94
77566391.3
65335101.35
77046075.82
142400863.72
33684687.49
77743687.85
77962359.73
68012011.96
16450467.0
78535206.96
66971989.95
77540075.46
29433387.7
29874916.46
65777429.83
65480953.56
65941494.88
77552844.5
22308683.63
29168380.25
141712585.86
77639418.01
28779616.57
67100962.8
78201648.98
76695024.34
73055720.25
67169980.81
16445385.57
16489839.26
26935240.81
141615361.35
77752543.62
32386597.25
78359369.33
66864481.77
65355749.04
29567302.12
65468692.57
27674092.54
66014092.06
22152794.44
28846473.64
25992231.5
65623120.24
77545766.45
66544664.13
141299886.25
140949026.56
16431560.63
65602962.11
32799068.41
65000890.81
66494575.31
26643257.73
67566339.73
76136419.96
72337747.06
65742967.18
140991253.38
65712911.03
22339257.96
67014094.98
141603244.04
65237161.81
141998375.73
29016770.61
65863672.54
66491547.13
77723654.25
66118549.11
29906211.79
140935374.91
77408344.54
77706070.17
141117757.56
141606405.79
66017992.24
16594966.9
29759209.08
66438435.48
140194938.99
68422712.6
72162341.93
141875051.18
141244700.6
140566649.93
76659416.81
141780224.0
16442618.72
141663107.54
29238917.14
76777321.03
64927555.32
66061665.5
21873145.02
66785915.49
28865412.19
66409444.24
78221998.5
29628464.29
141674349.93
28732255.46
140817283.9
67456035.96
140898614.14
66656403.13
141680259.36
66039974.22
28968013.83
66942069.53
141058306.95
66135481.4
21630151.84
77916090.64
141220194.56
64804356.45
141601080.76
34292924.3
28539056.91
28504559.76
67376446.7
66474240.27
16613435.8
141492427.16
16480875.76
64208460.96
66606018.25
77497013.75
28379036.83
65515858.94
140767663.09
141394472.77
67212382.75
140024089.03
32673314.28
77508532.37
65405086.48
76593192.82
76382679.0
28709324.42
29164838.08
76035183.27
65902246.09
16426608.64
141577358.7
66923897.22
140440793.58
77777274.65
33778523.58
33618153.58
33192785.42
28422912.9
65444182.95
76852294.05
142812798.92
65595394.35
76617952.25
73406625.06
25828408.55
66957265.59
16416246.75
141966782.11
34022834.78
66135789.95
77222961.81
66564713.53
72139263.53
28758987.05
29611590.43
29084570.79
77845723.98
67091680.78
64898813.76
66803106.57
66105280.91
67524344.73
28622211.75
77695806.0
29490010.04
29467021.53
29754156.17
141472256.99
28210613.19
78535019.66
27706244.01
22660426.01
29767998.44
65478810.2
67743812.31
65564281.92
65797612.76
66737311.55
16443626.69
26278970.43
65887336.87
34105729.34
78597216.27
76791986.6
29516335.43
77820934.32
65345552.73
77082069.94
142394434.37
34023809.33
77678481.85
77743309.42
67768268.33
16467751.33
78081209.98
66696786.87
78444691.8
29367910.36
28795632.18
66494478.99
65907817.6
65990501.72
76688660.44
21583118.51
29255601.67
141577645.88
79110544.38
29472752.34
66169475.25
77146924.33
77400859.91
73081830.01
67139289.89
16452232.12
16425884.0
26883405.14
142359564.29
77629620.05
34112204.12
78352560.19
67210176.31
65440694.42
29467601.16
65287774.61
27514527.24
65735454.7
22873263.89
28460421.89
26468260.77
65599001.64
78268471.56
66048070.42
140735522.76
141949309.39
16425883.72
66352366.37
33404855.31
66173703.11
67078668.49
26379060.22
66824898.74
77061323.85
72795223.4
66167063.07
141745148.33
65687709.3
22741140.13
66981250.88
141403294.18
66373911.37
141119093.27
29681099.27
66460067.47
66379829.19
76429710.51
67712005.72
28850250.86
142092806.94
77583754.1
77790968.03
140795721.0
142497257.31
66633310.67
16587096.53
29263977.38
66550085.9
142429862.5
66326148.28
72335738.54
141715359.32
141551827.85
140994404.84
77076572.87
140895305.7
16433522.25
139869312.52
29290340.17
76971006.21
66113190.48
66931463.49
21904602.29
66793549.57
29433146.93
64917723.21
78219205.54
29400917.59
141644087.73
28620633.21
141164790.28
66391698.41
140687223.82
64857381.41
141668068.56
66906677.24
29724797.06
67564293.74
139947827.67
65445501.08
21580311.65
77802258.11
141383532.21
64908191.33
141766656.87
33956206.46
29032818.8
28935491.99
67373255.36
67979441.76
16561816.21
140171134.18
16444453.86
65713504.6
67755067.79
76315305.85
30369789.47
65799941.31
141236417.66
141072162.32
67435131.66
141049817.94
33592327.36
77440079.45
65788877.68
77530065.67
75765953.38
29132025.95
29225802.03
76870751.01
64520959.82
16428369.87
141323410.72
66304468.81
140402865.61
77876264.55
34341405.56
34118444.62
33414166.6
29155456.24
65373462.35
77601536.92
141313883.58
65834495.1
77502008.91
73518454.65
25593607.43
67100808.91
16438961.2
139965838.64
33846448.77
66961401.2
78504591.45
67416696.3
72180226.03
29533127.18
29390938.66
29422436.99
77898407.07
67455792.77
65192946.92
65461133.38
65921163.75
66499356.26
29617312.24
78251300.87
29366061.44
29103608.7
30207789.32
140716622.61
28452993.44
78845504.97
28431273.14
21178346.88
29579113.9
64800099.94
68069067.7
65880414.54
65304819.93
66574652.71
16452258.18
26025661.05
67094636.4
35072420.01
78443178.56
75031193.83
30660131.42
77278806.92
65472198.3
77867659.31
141225636.08
34043763.68
77169160.94
77036333.25
67266016.51
16471194.01
76880168.53
67218702.31
77385511.42
29564965.82
29040796.93
65473773.46
65499114.14
67068190.28
76838712.55
22189961.67
29602804.08
141247217.09
78573674.83
28636483.57
67208190.21
77657424.55
77199398.7
72469905.44
66995821.32
16455997.97
16474177.81
26353203.2
141523993.08
77166361.13
33121403.53
78008168.4
66851690.05
66542683.81
29866074.06
64534817.07
27853868.72
65763239.77
21377000.98
28996678.64
26546261.99
65505867.25
77497028.26
66285260.94
142371442.36
141208683.11
16391829.22
65339191.41
33243194.72
65026732.88
66549882.96
26513599.72
67330741.59
77930084.33
72743440.53
65066444.85
141421746.39
66036489.9
22222899.31
66268347.25
140115897.92
65536942.67
140962152.04
28893108.95
65257028.57
66473493.88
77368345.04
66483206.72
28668170.95
142519926.97
77823440.66
78170731.21
141548906.6
141111916.64
66031058.27
16607602.0
29344543.77
65738363.7
140436274.95
66725950.83
71986833.8
141416227.14
141595992.76
140818732.53
77356324.58
140902500.11
16438670.99
141346282.73
30166672.96
77750475.3
65531498.72
66333626.19
21606833.88
66444115.33
29472980.45
65878889.62
78380017.41
29473383.23
141121504.65
28613397.17
141027004.21
65944024.37
141284428.79
66478097.9
141604212.0
66821496.7
28736827.76
67380897.67
140412306.64
65143698.92
22067044.44
77289308.42
141422613.54
64515137.19
142251801.47
34251372.84
29063478.19
28780289.26
66668976.95
66586819.04
16533610.55
141986045.8
16462875.94
65288564.87
67701282.62
77698345.91
29348822.37
64815453.61
141121817.3
141738977.85
67280242.38
141124738.74
32830552.31
78195715.82
65490284.18
78043027.95
75897360.57
29254184.02
28836123.86
77005878.54
65304108.21
16449120.92
141867728.01
67423575.55
142264971.48
77746597.65
34247823.46
33530534.82
33731109.47
28889802.94
64607367.7
77394048.43
141301543.02
66291498.29
78330299.45
72546003.78
25274154.44
67447498.57
16417983.53
141582367.32
34251853.36
66922963.02
77727557.45
66887779.95
72802130.63
28756024.52
29118652.4
28390136.1
77563846.78
66585505.37
66566199.15
66855610.27
66220208.36
66306627.39
28758852.92
77093698.04
29830015.51
29032380.03
30975439.67
140560747.65
28312433.39
78341336.63
27995078.2
22271082.88
28720132.3
65795184.82
67116319.24
65403734.36
64601375.63
67123978.79
16465670.09
26506926.64
66948547.52
34625409.9
77531430.38
76944957.57
29613191.82
77685280.13
65133954.94
76830976.9
141475331.26
34136741.42
77204102.87
77020748.98
67967215.43
16466065.56
79198059.32
66327176.14
77729955.13
28399981.03
29890809.7
65006375.41
65420691.11
66312781.38
76708268.9
21273967.57
28981586.81
142082738.15
77013312.12
28827994.12
67227685.73
77423277.29
77494485.49
73491018.84
67342541.52
16444517.69
16437715.73
26010939.6
140560891.81
77531749.32
33874781.92
78233163.9
66748097.41
66215326.87
30190832.71
65927897.31
27785803.58
65690847.44
21840971.12
29145525.42
26155475.61
66613448.07
76899696.53
65603928.6
142488016.25
141812690.98
16406096.7
65960553.63
33661360.69
66232137.94
67056849.58
26793497.97
66398537.48
79187413.4
72773729.51
65804787.41
142001821.45
66639031.31
21763405.63
66151130.21
139675805.53
65096273.0
141673677.38
28919377.78
65189544.16
66214598.76
76502283.78
66688661.37
28215815.9
140624050.88
78272340.49
78458939.19
142543330.76
140893475.51
65225401.78
16564922.92
28891588.92
66477898.16
141964174.53
66659409.16
71619455.42
141481148.56
140832065.29
141468194.82
76727709.53
142256287.1
16409919.43
141690400.7
29194630.53
77751504.34
66065317.51
66170981.87
22336686.66
66484585.55
28918901.71
65659357.49
77539084.15
29202583.06
141110579.16
28844558.69
141471192.68
67062680.7
141454266.84
65762009.25
141576304.7
66849899.43
29431544.6
67025367.5
140443004.63
65447680.31
21948666.02
77331889.26
142024163.53
65885902.84
142031799.38
33815078.62
28771813.05
28913260.57
66087124.01
66719667.21
16522853.56
141132142.41
16462364.24
65875063.92
66899978.75
77731186.38
29454374.91
65326604.4
141618833.4
142170322.76
66724864.75
141049419.33
34105099.56
77999143.22
66454844.59
78397260.82
76711272.96
29372016.21
29363530.81
77238869.64
65194216.86
16392240.64
141535303.26
66723754.61
140025572.44
77441675.89
34744074.71
33407475.64
33297605.99
28514077.03
64300095.08
76935830.67
141862959.38
64546586.72
77343768.01
73186428.6
25795158.14
67485886.08
16401939.1
140649942.79
33079241.7
66445363.5
77689710.11
66642292.32
72513285.88
28614541.58
29144335.28
29311696.73
76919469.61
66420642.54
66107150.37
66217764.2
66190508.62
66758334.09
29627982.22
77045684.84
29818322.39
28964641.87
30130033.54
142174357.83
28315537.87
77303780.43
28329578.36
21634561.34
29398999.09
65589177.14
67878481.85
64935821.21
65792667.79
66989977.95
16462780.54
26902156.88
66832961.95
34900941.7
77104267.97
76574055.37
29734452.5
77940333.88
65173258.01
76431852.9
140018553.94
34417114.44
77557671.27
78400776.95
67771791.74
16452339.54
77425331.52
67565076.86
77017747.27
29465332.81
29351173.23
65285461.9
66224705.17
66403600.35
77014338.13
22499534.74
28654910.43
141502699.1
77262252.7
28896770.45
67445356.57
77943711.49
77498181.12
72159717.74
66656536.49
16449096.07
16475322.28
26078169.61
141003689.36
77911467.42
33495559.84
77251245.58
66723230.42
64915156.54
29459164.66
66175738.92
27854250.8
64922917.7
21911273.54
29266387.72
26513149.69
65412030.12
77905084.51
65357786.27
141471091.05
141909899.31
16440870.87
65413963.39
32485877.66
65609442.51
66797457.12
26153358.39
66660723.87
77847082.45
72531895.51
65625773.47
141214558.92
66002336.47
22054546.88
67127982.64
140056413.1
66015644.11
141551629.45
29059107.48
65863355.05
66098092.98
76577512.46
66586920.01
29128426.7
141184350.32
77511061.01
78275486.03
141363537.14
141048305.78
66262724.9
16564686.0
28890482.33
67349871.89
141915138.61
66797717.92
72227752.68
140882703.82
141732634.25
141426218.64
76552788.62
140500150.78
16397551.25
140934169.21
29412016.74
77020297.66
65604299.77
66477344.95
22078984.71
66765225.54
28978686.61
65915822.85
77796637.37
29756620.04
142387193.45
28606520.81
140210811.42
66649592.81
140610172.44
66407156.61
141487763.89
67565305.75
29889588.29
67156965.55
140798212.73
65412124.04
22112242.11
76751426.92
140129305.8
65205007.09
142374206.11
34184397.07
29235455.55
28789382.96
66962849.22
67422499.78
16574732.5
140526780.43
16465172.69
65397751.19
67293942.52
77829991.04
29382757.8
65385588.8
141367353.31
142125431.96
66743922.89
142913367.23
33534735.2
78482714.92
66335675.82
77935111.47
75916976.38
29017266.63
28873522.36
76735051.06
64464355.18
16435083.6
140284158.84
66512204.9
141605030.42
77997251.43
34524596.24
33939116.4
33814156.49
28734755.81
65360284.04
76678479.76
141135664.08
65530962.05
77423153.74
73580943.66
25047416.12
66960972.11
16412545.08
141309282.21
32810521.13
67415097.48
78186281.38
66474333.25
71477683.02
28477513.5
29008425.25
28915967.25
77912354.25
67332102.65
65472763.24
67195601.9
65921913.64
66771995.77
29434106.62
77509813.56
29669024.55
29016048.92
30636988.74
141407194.61
27710884.96
77994024.83
27471835.45
22074110.67
29811206.41
65011353.93
68079736.29
65849628.83
64718025.83
66512856.4
16458948.82
26152682.43
66998387.26
34584820.91
76915475.77
77260577.38
29454833.31
77448492.1
65574446.7
76659063.22
141963603.09
34084170.82
78100120.43
78310909.78
67878170.44
16467979.01
77326623.47
66869001.11
77948150.52
29466520.27
28875762.3
65596932.46
65921612.87
66359912.67
76612149.09
22405488.53
29324492.51
142304813.23
77470159.56
28779116.1
66285440.28
78072505.53
76960107.07
72423781.39
67047698.44
16485881.97
16459320.35
26709989.87
141086582.43
76966603.58
33675180.97
77098902.95
66845881.46
65750385.63
29951614.49
66048569.14
27691094.38
65545182.82
21604059.28
29074376.3
27067014.26
65750054.73
77505477.28
65939260.36
140706382.15
142776053.94
16457519.23
65679313.63
33467772.53
66316572.31
66453216.96
27189327.21
67109088.94
77416764.11
72124102.72
66201451.31
140727097.03
66761758.71
21999941.37
67336511.11
142125742.5
65562654.26
141481245.13
28421280.46
64908092.51
65213004.79
76108700.63
66429359.98
29037935.23
141264877.13
76791489.4
77949832.53
142251737.04
141781303.28
66556556.33
16573631.13
29098183.7
66505427.93
142106767.05
66021551.11
72960975.31
141553001.47
141800690.93
140504218.65
76502147.77
142750988.63
16411302.92
139926004.39
29343076.01
77983985.4
66676447.17
65403822.9
22706456.46
66959771.69
28514979.35
65694208.41
76909534.37
29796219.62
142709694.66
28492049.08
140767641.56
66612786.88
141606713.63
65234608.26
140045789.9
67169137.01
28423997.97
66459766.16
141568993.09
66577203.04
22525011.77
77815537.22
142093281.2
65695354.65
141001589.94
34323843.3
28788475.37
29126213.81
66903738.0
66562047.52
16570155.04
140793698.48
16435653.38
65384659.36
66320484.94
77171953.67
29305498.81
65455455.09
141233398.65
141978966.73
67535113.83
141554096.34
32674129.23
77498437.7
65840957.83
77730459.45
76814954.66
28867527.72
29781948.5
77009020.24
65527770.99
16411082.14
142350258.16
67042165.06
141370986.11
77986378.91
33482978.57
33413698.81
33624693.73
29523482.47
65200553.78
77250522.48
141742950.48
66426490.71
77354417.13
73280037.59
25990939.73
67489962.73
16431198.68
141910584.4
32852259.21
68323701.61
77909493.82
66372997.12
72208787.58
28617127.87
28709387.82
29127545.39
77746496.95
66665944.41
65641429.22
66043714.95
65923528.94
67188855.52
29268114.37
78047173.23
29617892.67
28540710.15
29953234.87
141212966.89
28424402.43
78127628.18
28507828.22
22211676.06
29275358.92
66410578.98
67432867.69
66361533.67
65760108.42
67362459.15
16421475.78
26382817.69
67475058.14
33807650.26
77363153.47
77028705.85
29551389.98
78044379.4
65092855.49
78204127.12
142378135.89
33968559.63
77839699.05
77404242.63
67797872.65
16433986.43
77239673.3
66670594.5
77675178.6
28858882.59
29275980.62
66570160.03
65912877.43
66313021.36
76871261.97
21642876.34
28584659.9
140447645.65
78097863.44
29234577.88
66502349.75
76933872.09
76916233.95
73317289.77
67275974.84
16465369.05
16456643.88
26357844.76
141199480.64
76955023.64
33238434.02
77944995.85
67069232.16
65985663.03
29066134.45
65334268.78
27891874.86
65845841.19
21648787.42
29468658.26
26517531.63
65276483.91
76887479.2
65257668.16
140891130.89
140488358.85
16435430.23
65622535.95
33619001.3
66278152.65
66464090.22
26952963.62
67426784.23
77998140.26
72118845.17
65134388.55
141786381.83
65851390.29
21657433.14
67069587.35
142021098.22
65435242.96
140835958.37
29302036.09
66499970.95
66113409.11
76336365.69
66899861.06
29187236.92
141424072.28
77862011.81
78516601.77
141066308.95
141117892.24
66725875.32
16590037.92
28499644.23
66317978.3
140359975.74
66644668.67
72009568.39
141182884.48
141392418.28
141206871.7
76321866.92
141174369.58
16422476.31
141348024.92
29390454.51
77719765.74
66234867.51
66106830.26
21947762.08
66561723.25
29418726.6
66338312.98
78221740.69
29561575.03
141809383.65
29374440.53
141218614.87
66817526.66
141894617.76
66907762.08
140612689.64
66386460.31
29213898.66
66831037.47
139897056.71
65444404.31
21438876.81
77958653.91
140953655.76
64943584.62
140730110.98
33982100.37
29062926.16
29523111.6
67238293.46
66897607.91
16599963.04
141834930.51
16473288.89
65810552.51
67674278.58
78313324.15
29433301.3
66398097.72
141685672.04
141512530.66
66779243.76
141130005.07
33709950.37
77451630.85
65351660.3
77520271.83
76959739.01
29601650.82
29441338.58
75930106.02
65688074.48
16384908.15
141450271.53
66839858.75
140032848.44
78438915.49
34502391.44
33599769.85
32644603.11
29049736.0
65011499.0
76397078.89
140296110.33
66757599.52
77051676.37
72438847.79
25418155.6
66902865.42
16419940.15
139911073.4
33334877.85
67354839.05
77727355.9
67556334.42
73222321.04
29274988.03
28662276.78
28683440.04
77228803.49
67116580.38
65856017.9
66472146.99
65974148.12
68080119.87
29283440.89
77536425.58
29605554.83
28394994.2
30450964.8
141090751.53
27836093.35
77869855.44
27872326.84
22119086.19
29408351.51
65781659.99
67728987.41
65685911.44
65136083.23
67324802.61
16451072.38
27157567.69
67505430.32
34123944.51
77552553.8
76037615.79
29885654.61
78460775.78
66042560.35
78306577.32
140833243.55
34482446.93
76997945.98
77977592.18
67896382.19
16462281.58
79122043.88
67090634.16
77842690.76
29222768.0
29302074.99
65575976.44
65829912.46
66627939.63
77160457.28
21618088.37
28792918.41
141428626.14
77769282.7
29001156.1
66949831.95
77884760.31
77359292.12
72700281.32
67464313.33
16419623.69
16471341.74
27008898.36
141949928.9
77284152.16
33622009.53
78202703.19
66608574.52
65514327.68
29746906.39
65533897.44
28368410.44
65672547.0
21982989.96
29040572.8
26609054.18
65805262.91
77742665.01
65717074.25
140352802.67
140703071.81
16414354.54
65796483.16
33335848.81
66678145.86
66399229.13
26219340.59
66918114.4
78018059.55
72598578.44
66371367.05
141913942.79
65425938.04
21938306.21
66300278.4
141115052.51
65387961.44
140978097.53
28546831.74
66686026.44
65806387.64
76914654.56
66988941.07
28964088.67
141378601.98
76915617.47
76976026.77
140959259.57
141268182.42
66162785.88
16592637.04
29140023.69
66732116.33
141677526.27
67129749.73
73218080.36
142193808.3
141376840.12
142096849.05
75633303.72
141617400.81
16405826.21
140718212.95
29578832.43
77695640.9
65759666.09
66076999.17
21855285.08
66805641.93
29076707.34
65767890.01
77848583.02
29578574.34
142214110.32
28871245.26
141259147.97
67177026.99
142202225.35
66003984.95
141254632.23
66227347.79
29075625.46
66757123.1
141017585.27
65430910.21
22019004.21
77971294.67
141382851.29
65237640.6
141804513.98
35103850.04
29539399.54
29181775.49
67234986.75
65777478.18
16561334.9
141983894.97
16503034.55
65310871.21
66647136.59
77479988.39
29166094.41
64812992.89
142573099.62
141557687.32
66889146.09
141139028.09
33127699.47
78350743.71
65344201.27
77865371.49
77162638.38
29004282.93
29340633.45
77111950.6
65619746.18
16435900.54
141164146.0
66474284.65
140898027.5
77328320.19
33714163.55
32898809.53
33004968.35
28972942.94
64958453.42
76713228.83
141617727.68
65630083.39
77377996.02
74122972.01
25701446.33
66403597.91
16427333.79
141814752.18
33895070.27
66610572.19
77103977.01
67362006.23
72078443.5
29796982.94
28949348.41
28595025.11
77108523.39
66240708.14
65450466.55
66070919.86
65814842.07
67574516.0
29254941.84
77270233.21
29259365.58
29616740.39
30149618.87
140864728.24
28390994.74
77991107.47
28348884.96
21875622.4
29915181.4
66082376.26
66632969.08
65358214.82
65881067.02
66144948.0
16449945.55
26299821.6
66878164.55
34405580.09
76875231.52
77010740.42
29300023.08
77699250.38
65072545.26
78286651.49
141245128.55
33521078.72
77230276.65
77910326.47
66699569.39
16462079.9
78513638.6
66396735.39
77226201.69
28576456.84
28816383.37
65001764.03
65581112.72
65643718.6
77409847.97
22064448.17
29426517.98
141882062.93
77677710.5
29232993.4
66993816.45
78289270.77
77021639.15
72399455.6
66561222.82
16478538.66
16464199.99
26809798.69
141619099.08
77476248.05
32249865.57
77303148.85
66784691.79
65415570.54
29999467.16
66119562.45
27950403.94
66110524.12
21391972.24
28931782.65
26975214.06
66547522.97
78115891.44
66273044.43
142060869.13
141629475.66
16423037.94
66082958.71
33362194.13
65115258.59
67228246.25
26623047.91
67638661.88
77257774.12
72016932.64
65396710.76
141594377.17
65822114.98
21896252.5
67002012.39
141325555.89
65223269.73
140343815.22
28132891.52
65437577.94
66021863.53
76922792.39
66750490.78
29126231.82
140729828.93
78177462.51
77609603.76
141753447.08
142142896.65
66345916.35
16622468.87
29178042.14
67849270.46
140264745.38
67032877.37
73004136.39
141361907.39
141977987.46
141963948.11
76600121.22
141516847.58
16410249.95
142396326.78
29952440.8
76774185.29
65829059.32
65770724.96
22091484.18
66882979.1
29093053.53
66965792.84
77167175.39
29544705.87
141823800.45
28800530.01
140950557.01
67114633.35
140552255.31
66239278.91
141659540.92
67300702.21
28997386.31
67015883.28
141626476.18
65575138.13
22515326.54
78423585.49
140794261.33
65651315.72
141181788.9
33757231.38
29828870.39
29007147.23
67427273.46
66651846.02
16572415.37
141471677.07
16468106.56
64201716.52
65636545.51
77709067.14
29175065.9
65249590.04
141504430.35
141540548.39
67177385.86
141410474.83
33674691.38
77763607.8
66141095.17
77578172.26
76825798.39
28893004.36
28793198.34
76120361.34
65286613.23
16410927.47
141361909.3
66210780.48
141640726.6
77441648.06
35101489.4
34009563.57
32759866.24
28977381.61
66267404.65
75819575.84
141860118.64
66075569.65
78125067.63
73456371.43
25831407.52
66984338.62
16370550.35
140405237.19
33645802.15
67641636.45
77200214.69
66746592.48
72377051.9
29035667.35
29690755.85
28379896.67
77377060.21
66502946.3
65322410.11
66166916.87
65814018.13
66991728.95
29574001.84
77610884.57
29946948.24
29281710.99
30178382.07
141441214.41
28283467.54
77461161.77
28431940.32
22142371.52
28770354.27
66004301.06
67019128.94
66009991.21
65109790.13
66376491.72
16417086.41
26764041.53
67607425.04
34343908.03
78183024.08
76265393.33
29809992.75
78270144.86
65677484.64
77832077.76
140670097.03
34070148.63
78416247.61
77915417.46
67159209.69
16478448.41
77609797.32
67386261.35
77893638.53
29312419.29
29788094.87
65889472.4
66395049.74
65207151.65
76719924.22
22042794.9
29071644.67
141993742.11
77806280.62
29775131.07
67236756.17
76915714.33
76087198.61
73479459.24
67182399.98
16494963.96
16478966.78
26677379.88
142162177.9
77620313.86
33495442.78
77216845.71
66591101.79
65385398.83
29767064.01
65312069.29
27981638.4
65450438.21
22053590.42
29046215.39
26464499.57
65346445.55
76816747.86
66103839.66
141306942.45
141076005.08
16419855.76
67008735.48
34090465.0
64934503.38
66750539.92
26084781.38
67135294.71
77684785.62
72425457.19
65954962.44
141896785.92
66075186.73
22200935.27
66235697.39
140756697.79
65582968.61
142090709.64
29089432.41
65476452.39
66303710.69
76884656.75
66718826.72
28940234.72
140878300.64
77664910.87
77771449.32
140684855.66
142156691.17
65453972.07
16569518.73
29696542.0
66520782.71
141545389.58
66281980.63
72309138.14
141153863.7
141806954.21
140808169.49
77598964.5
141400889.92
16412204.42
142313697.06
28477315.37
76811667.02
66277218.1
66506898.26
21790336.16
66621126.44
29733935.48
65627466.0
77838118.68
29332991.45
142004673.36
28812719.01
140457886.7
66447620.79
140845378.66
65636637.19
141106512.22
66745337.69
28814016.95
66889253.74
142017492.96
65746766.83
22201105.59
77366438.87
139759780.74
66135443.98
141193531.31
34023600.48
29667182.69
29179021.11
66779810.66
67265742.83
16586406.55
141401254.99
16465144.96
65863114.79
66441830.31
77919456.1
28885397.76
65835173.86
139789981.52
140710374.88
65535107.33
140594829.43
33013001.37
77288813.02
65968189.79
77366429.07
75555403.7
29144357.83
29343064.28
76904089.39
65212721.03
16392851.47
140852843.98
66974523.71
141441292.55
77226358.61
35037776.39
33319018.04
34072299.99
28284225.13
65493858.32
76888380.22
140851320.05
65548872.79
77836546.49
73520667.09
26057852.11
67531387.7
16448924.1
142286694.79
33462406.67
66776735.23
77877534.47
66604248.76
73035901.48
29057521.68
29236030.13
29486518.58
77645045.7
67417568.45
65402811.94
66070254.08
65435800.51
66491134.16
29335111.97
76398376.31
29522747.67
28758936.5
30055774.7
140611012.6
28142013.18
77272786.95
28369971.61
21976504.01
30065760.53
65865742.03
67114849.36
66329178.29
65400224.91
66459352.57
16440071.42
26619679.06
66738431.84
33978597.11
77010638.19
76293800.96
29639528.66
78287311.99
65657472.57
77484957.91
142409078.99
33881154.81
77386846.37
77480737.3
67976421.78
16428941.52
77533856.3
65806184.78
77119824.56
29323426.88
29988662.49
65117951.48
65943570.22
65656442.91
76764871.74
21718660.52
29246153.83
141536838.55
77476429.3
29243939.3
67374919.32
78650281.18
77486410.82
73203421.08
66509032.84
16454563.84
16444548.63
26739591.7
141046534.43
77728562.19
33244648.04
77211663.49
66676114.47
65842389.31
29486531.11
66261708.59
27671922.01
64787817.79
22155356.72
29318564.0
26806568.3
64826732.48
78138467.85
66108214.44
141550719.36
141619128.18
16418042.69
65674513.73
34020192.33
66196793.71
67079923.96
25925175.48
66936888.39
77155726.5
73365068.65
66021352.37
140575911.03
65426938.69
22192789.17
66415982.48
139980934.13
65293949.99
140410637.82
28896214.45
65901955.57
65616465.16
77454078.67
65625891.71
29160490.01
140863913.6
77605873.91
78193264.59
140604980.34
141910522.72
65812962.23
16607522.95
29674440.81
66939835.8
141956468.49
66354487.05
72639940.04
140191069.93
141141516.73
141205082.42
77316413.75
140883888.78
16426701.14
142406285.39
29499283.27
77370900.82
65692109.18
65920259.22
22551638.7
67461633.73
28894578.8
65528333.04
77685385.7
29687350.6
141348314.25
28859857.77
141497923.16
66543520.3
140436376.64
66755034.55
142143376.22
66625017.51
29454176.76
66881021.57
141214649.85
65817273.23
22651238.95
77614458.41
141901355.57
64638385.04
141927751.72
34520112.1
30059118.94
28737643.94
67274063.7
66363730.92
16618952.74
140966079.66
16453367.12
64469744.12
67022638.51
77929071.92
29148072.77
66122885.88
141872795.45
140851355.79
67256188.33
140863709.7
33192074.02
78160227.91
66135254.29
77872446.04
76311749.33
29256658.22
30068344.73
76605432.25
65575261.0
16460652.75
140602397.5
66662915.37
141710343.44
76773544.3
34037469.17
33357965.73
33316138.6
28396380.0
65175734.97
76867964.08
141072302.34
66737495.73
77356417.21
73012379.05
25562162.96
67416193.26
16418861.92
140925199.47
33851168.53
67653445.91
77705662.49
66877732.42
73201202.08
28812705.46
28495764.35
29007752.25
77514513.91
67573239.34
66355124.93
65396087.7
66062018.3
66123587.88
29349430.97
77260270.87
29524475.97
29235242.42
30287216.49
141818519.53
28065895.72
77634948.8
28430465.16
21869882.14
29022912.63
65302742.08
67849645.94
65315623.23
65028761.88
67139791.17
16461855.0
25823773.88
66574850.78
33936775.7
77455748.44
76656341.08
28720333.34
77351157.98
64682275.41
77432053.44
140909006.67
34921643.45
77452182.79
77120459.49
67021631.02
16479627.78
78029304.57
66736936.4
77521349.73
28966779.99
29688907.77
66287659.82
65621386.67
65489257.2
76598012.6
21960337.56
28609507.44
140651293.06
78088343.18
29277992.82
67142522.65
78425187.77
76902664.07
74204612.82
67076313.28
16455142.57
16447135.43
26229494.29
141439828.07
76539288.27
32784803.62
77036136.97
67727592.98
65333390.21
29969289.86
65578155.27
27776860.43
66149151.37
22012250.77
29235516.72
26790746.34
66048789.19
77069479.63
66035866.8
140469123.62
140402537.87
16398062.79
65990303.24
34455558.16
66083355.59
66854251.03
25746736.87
66598057.64
77482099.57
72731875.67
66432539.18
141637786.61
65803116.2
21654480.99
67112020.33
141315535.64
65718322.81
140983087.76
29050565.74
65934789.67
65527136.81
77645134.3
66708577.99
29650095.65
141126706.32
77727703.13
77783546.38
141935240.76
141877439.88
66312899.37
16577309.36
28696113.61
67644503.38
141229020.91
66339688.35
72340478.04
142150465.74
142058072.3
140127075.08
75833263.44
140254090.77
16414666.31
141784465.26
29419882.71
77893638.12
65053598.26
65638546.9
21897270.89
67039480.21
28971431.21
65526505.82
78381129.2
29571079.67
142516082.93
29548811.91
140885953.7
67071375.9
141628878.04
66492875.09
141748582.8
65601054.4
28559991.5
66708605.21
141121178.59
65171497.34
22075268.11
77877290.62
140440982.84
64963587.59
141347824.23
34460342.36
29366710.26
28317167.54
66366992.57
66485094.54
16580877.91
141860461.95
16456564.08
65889078.94
67196864.03
78294264.85
29259261.28
66353324.12
141738211.62
141834929.92
66983102.78
141151638.26
33014466.04
77542835.68
66379491.68
77558919.52
77267172.38
28514184.81
29029956.97
76008032.42
65571487.07
16435674.39
141382957.98
66819231.8
141861089.2
78274799.78
35060732.11
33653633.54
33583342.13
28717309.72
64841271.04
76173236.24
141029821.34
65375908.72
77637572.84
72728502.45
25613638.35
67237216.46
16414115.15
141325185.84
34059348.67
66447919.58
77675356.74
65994134.13
71412312.91
29494721.45
28885621.0
29476283.84
77545961.44
66446841.12
65287151.07
65959007.11
65104303.19
66943404.46
30124224.18
77008217.37
29552024.95
29112357.83
30060189.24
140291900.04
28120175.7
77127744.12
28118835.06
22285612.14
29575806.3
65512278.5
67519214.63
66449642.95
65745735.17
66306303.88
16443815.03
26831935.45
67406189.21
34315541.13
76524604.12
77330852.12
29957184.2
78558245.0
66219459.79
77400359.64
140955581.62
33947197.79
78551965.58
77571896.07
68325709.61
16489766.5
77985794.35
67044401.25
77225423.47
29210827.2
29637540.91
65186239.25
66054804.57
65176730.87
77847360.61
21505268.95
29169324.12
140951285.0
76801864.11
29136492.29
67468154.54
77439010.8
78313426.17
72340815.34
66578110.56
16436974.04
16428401.6
26960794.47
139840728.12
78115117.98
33376453.92
77347834.63
67668948.6
65670246.18
29468817.49
65399425.78
28460931.21
65580189.76
22056830.74
28336412.49
26956208.09
65754822.02
77444907.14
66123049.71
140018619.09
141501740.43
16423887.26
66443632.62
33283288.25
65236419.75
66547017.26
26688069.96
67425341.23
77532802.97
73242152.36
65704304.64
141942205.46
66137481.07
22221320.23
66741391.42
141396923.14
66018421.57
140982416.39
29688472.88
66491399.82
65196926.31
75831946.14
66188947.55
28379176.92
140458326.86
77068636.63
78255957.77
142354405.65
140814730.69
65568463.64
16574743.41
28601560.85
67169904.43
142234434.95
67119436.92
73053598.77
141361420.03
140753841.93
142565429.24
77211246.18
141970341.06
16414086.57
141831188.07
29398780.42
77749935.76
65527661.37
65683570.63
22366129.73
66504577.76
29039495.46
65684822.83
77433782.03
29964898.39
141901207.54
28549576.04
141201058.3
66848700.45
140946942.15
65257720.42
141077893.28
67844857.69
29401273.72
67006584.04
141500195.35
64468671.13
21710526.41
78122899.63
140683349.8
65021787.8
141457912.05
33882149.06
28709262.93
29472189.85
67358444.67
67663392.78
16598818.84
141645412.11
16482302.55
65149599.62
66658418.74
77376943.2
29580791.06
66094596.66
141859721.2
140497838.07
66670847.54
141788314.72
33198898.77
77227489.89
65166396.89
77514153.6
76333418.57
28835645.3
29334479.96
76832347.48
65365688.25
16455703.06
141116721.98
66584858.92
140841958.52
78247942.24
34965375.39
33284336.41
32844589.2
29217532.06
64208808.81
76236653.48
141015503.08
65404443.01
77305296.81
73017233.31
25390042.62
66954825.48
16427219.19
140839764.62
33345310.9
67315445.06
77119755.26
66348953.12
72589418.73
28781491.31
28773296.65
28839131.15
76748706.94
66120559.9
65612264.54
65406969.84
65713751.1
66690594.26
29968245.91
77011218.95
29177356.77
28581341.46
30656663.2
140406248.68
28568562.92
76707913.81
28297923.89
21941978.66
29075976.58
65173614.54
67664485.25
65926481.47
64656597.24
66576912.98
16404935.97
26311467.68
66363424.47
33911879.52
77690969.79
76878613.67
29745303.66
77781252.01
65762804.1
77514071.71
139128841.23
33744867.39
76779365.12
77446229.49
67777381.12
16455488.62
77800727.06
66117025.71
77735408.04
28683885.73
29400734.76
65816590.72
66180112.76
66457319.82
75675915.94
22067247.24
29537624.61
142115876.38
77912494.94
28986669.91
67249718.77
78148867.53
77684655.39
73480650.51
67509935.2
16502875.76
16487906.45
26223118.07
140746509.56
78034349.24
33758653.67
76743479.21
66944427.12
66397607.22
29209858.33
65378626.86
27945563.15
65193095.05
22080818.5
28939770.41
26870913.46
66377287.87
77257717.14
65948685.97
140959427.72
141360093.9
16447454.23
66530870.56
33976792.67
65700478.3
66396376.54
27279180.99
67432130.06
77556492.57
71903482.64
65452740.54
142335235.9
65848393.53
22137916.73
67014928.59
143068693.53
65874452.81
140013276.36
28493626.98
65849467.13
66054130.62
77247963.4
65988738.19
29011437.48
140949949.8
77523927.79
78148329.67
142052925.58
140990290.59
66255701.14
16585123.12
29283463.7
66073016.7
141097130.49
65970744.72
71855309.45
141258854.22
141654602.16
140513667.27
77018642.28
140823477.29
16429755.98
141146133.56
29334207.37
77813682.23
65778539.49
65354922.84
21648461.31
66573751.46
29138197.55
65250240.07
78083415.46
29469523.27
141051994.05
28802520.37
141411662.75
66722066.88
141731752.43
65976927.74
141678560.6
66864999.52
29315911.81
66955838.63
140077813.99
64894993.23
21754043.2
77676007.3
140997084.05
65767015.33
141494481.18
35136891.87
29377768.55
29121520.89
66709134.94
66660365.93
16610496.4
141654509.67
16464671.4
64965150.4
67110376.44
76171602.7
29227641.54
65781183.03
141176656.62
141130707.25
67636785.85
141402857.6
33197795.21
77358726.14
65076349.07
78012728.34
75620930.51
29560773.98
28420585.31
76305202.52
64817924.2
16441347.6
142932047.57
66689310.65
140715027.83
78161696.94
35000340.04
34279374.65
33261872.31
28876430.23
64934056.06
76737947.25
141314632.91
64789665.28
77264838.3
73546343.83
26132458.19
67373535.34
16437054.13
141775546.86
34012547.74
66354921.6
77418926.72
67383191.49
72916061.51
28562363.48
29614253.87
28929675.37
77727036.0
67101532.26
65904295.52
66507641.79
65922659.65
66629577.36
30013452.81
77761390.4
29544278.99
29309329.71
30321328.43
141898184.74
28366983.9
77524326.49
28055963.95
22927562.74
29331330.14
65736788.98
66927782.49
66228049.56
65317043.57
66687984.0
16457677.92
26621140.05
67521210.6
34324420.56
78568400.3
76543936.58
29440523.94
78533388.21
66135461.06
77163729.49
141355505.15
34746426.2
77474609.88
78119958.77
67385930.94
16476920.85
77496401.45
66920765.47
76824485.16
29248494.6
29389862.19
65458616.5
66591111.4
65733780.06
76982770.72
21567367.11
29665053.48
140665932.17
77962172.28
28686962.65
66064414.83
78261395.17
77337508.98
73411262.45
66451435.37
16483143.54
16437358.05
27067822.92
141367606.49
76994112.83
32924603.95
78796965.01
66580653.53
65963903.5
29364616.95
65958382.9
27481541.18
65992816.03
21300716.08
29115214.27
26688045.83
65296982.63
77873735.36
65726152.54
141204569.24
141853837.29
16436183.38
66124929.96
32992836.9
66373334.7
67216768.54
26608598.94
66712954.22
77208139.85
72079642.22
66211004.44
141051146.81
66185716.99
22482675.22
66236322.28
141252396.57
66025391.61
140159507.04
28973266.22
65916019.64
65415375.87
76987942.01
67592627.16
28691234.3
140579115.9
77746878.76
77091246.44
142454692.24
140974087.78
65654446.62
16620067.22
29381320.12
66916935.26
141604371.82
66653379.36
72107228.06
141777184.28
141765532.39
141949189.78
77405944.3
140918851.46
16440962.92
139707953.33
29609998.16
77769084.69
65508852.73
65638953.63
21981689.31
66012113.85
29223569.64
65842756.49
77510970.69
29589122.2
141053415.6
28875179.61
141054299.35
67182580.29
141006816.95
65575673.87
141714715.19
67228311.81
29484087.34
66936640.43
142311334.09
67004474.49
22245026.52
77165357.73
141218922.86
66104882.12
141259910.69
34063594.28
29370891.59
28920179.39
67340005.68
66528891.4
16574119.46
141329380.22
16463677.58
65108356.42
67797375.21
77855562.77
29280069.93
65342288.7
140430011.37
141390938.19
66872439.23
140867335.07
32356474.6
77426265.59
65701479.64
77331434.84
76854629.05
28778065.42
29372787.12
76851462.85
64191283.55
16418786.27
141522296.23
66797667.06
140897992.86
77542088.38
34291482.03
34093340.04
33004899.2
28975519.67
65650128.68
76665530.33
141577224.54
65515073.75
76916004.2
74795874.43
25822743.46
67440926.67
16402184.4
141181985.78
33100375.33
67237168.33
77206912.85
67155641.7
72822460.33
29644199.07
28832804.69
28975040.42
78207668.74
66908637.25
64738978.37
65640939.34
65833254.94
66988333.28
29640061.51
77909324.29
29617181.17
28968382.93
30174140.62
141588000.55
27714550.23
77057055.01
27968111.96
22063006.48
29262271.28
66070049.58
68523125.92
65649177.8
65612938.82
65974569.03
16440655.22
27075382.7
66272675.9
34530365.93
76836737.72
76585125.13
29410794.56
77323137.77
65689320.72
78142719.01
141126146.95
34405198.7
77715584.19
78191252.83
67945191.71
16472837.76
78596667.67
67549175.01
77366732.92
29844720.59
29233225.93
65956750.58
65962424.38
66082721.41
76083403.99
21549799.73
29564767.5
141060751.43
77077352.99
29701883.92
67027604.77
77459164.73
78309280.88
73028190.95
67330114.75
16447989.9
16436867.5
26922062.73
140737419.45
78675036.08
32806436.69
77020204.29
66749279.47
65930269.34
29587476.2
65900414.15
28335192.0
66064723.57
22162499.18
28376522.17
27308354.5
65046964.37
77058370.41
66147290.79
141293915.23
139954835.55
16443132.82
65604926.08
33344144.9
66041307.29
67354770.58
26792610.39
67301063.31
77990103.58
71752189.53
65691543.87
141455301.85
66142884.98
22067139.84
66600868.65
141406459.49
65169368.98
141240989.67
28710607.56
65569108.52
65855549.76
76297562.54
66873668.45
29101673.45
141470622.09
78376900.55
77001212.49
140784174.63
139982802.47
65269117.76
16558062.31
28625851.65
66596374.65
142053914.12
66263502.1
72988608.1
140876576.36
140444950.13
142100375.12
76688976.84
141929549.13
16407610.62
141605130.89
29366913.94
77242541.17
66086964.17
66045522.51
22089512.45
66977900.16
29304331.99
66305720.01
77019657.09
29861062.22
141510854.32
29164420.03
140027388.35
66711357.68
141363424.19
64996958.34
142580648.55
66558339.68
29028824.03
66786138.57
142241354.71
65499395.06
22120939.16
78187379.13
141660556.99
65264411.5
141569826.09
34237176.41
29373092.73
28733828.62
67253884.1
66404727.36
16584512.13
141790007.41
16435642.52
65009431.38
65420368.07
77631865.2
29845396.49
65196498.6
141418279.28
141879803.33
67709658.4
140606245.8
33179607.71
77418119.48
66167132.23
77601083.18
76324727.07
29005475.21
29064050.94
76292889.32
63873914.64
16410763.41
140839822.52
67785682.51
140420026.27
78355932.81
34208569.77
33661117.7
33370688.29
28823988.82
64955224.12
77052725.41
141582555.01
66250896.95
77264476.98
73499946.51
25351465.88
67071679.0
16470529.01
140931283.62
33561356.92
66667954.06
77050569.67
66690359.13
72043599.97
28569773.39
28730129.48
28219019.98
77870039.01
67066681.13
65986296.64
65841640.38
66391127.44
66373942.7
28652014.02
77922936.43
28832412.88
28994451.76
30529700.04
142175910.29
27566363.84
77505061.3
28130380.88
22048406.53
29055455.59
65746618.01
67654733.93
66526740.27
65463900.0
66864751.44
16462338.17
26394608.94
66846188.15
34195416.28
77943768.59
76592214.04
29876991.38
77806548.54
65507314.74
76346658.82
141526970.36
34878350.11
76788701.67
77777221.5
67950006.59
16447476.11
77338172.36
65967869.62
77602951.68
29111300.21
29459757.49
66197607.04
66861109.58
66169190.5
76892786.61
22427858.0
28856016.08
140474776.7
78146723.03
28784069.81
67940762.66
78554437.56
77403904.92
73887314.26
66851209.5
16435507.24
16420299.87
27293145.9
141265206.93
77268639.97
32924704.48
77358988.79
67057644.67
65609985.27
29184179.8
65723263.74
28526296.19
66180684.95
22432019.34
29175136.61
27173580.78
65259190.47
78005908.29
65907989.28
142004331.45
140682109.14
16428707.68
66021862.4
33392097.47
65590450.14
67660374.68
26364839.74
66201704.13
79031796.01
73165886.85
66619547.76
141106966.12
65442421.64
22869811.1
66691635.4
141957829.83
65647781.94
141695985.98
28739141.26
65570447.08
65373390.13
76463903.55
67282599.09
28581321.42
141631224.29
77159116.18
77848813.2
140724606.86
141344957.16
65672767.9
16573552.28
28969396.81
67035957.19
141353868.92
67537677.96
72766196.33
141990367.79
142730946.94
140813836.94
76338689.96
141336894.99
16413133.65
142252717.39
29696445.63
76917248.82
66657269.13
65812660.18
21894030.49
66838383.35
28655963.68
65411634.96
77765339.17
29434283.77
141961697.76
28837837.54
141285105.26
66633819.58
140216670.3
65734365.69
142218023.89
66291900.28
29202717.7
66973262.04
141975343.83
66252245.72
22311214.6
78373630.66
142212394.8
65264522.62
140675782.83
33551464.07
29138124.79
28978323.08
67252875.6
67072899.04
16584351.53
141913679.96
16455320.72
65552640.7
66867264.01
77550589.13
29894479.08
65641207.27
140400966.02
141908671.18
67071301.44
142510313.31
33990518.65
77939995.27
66431556.84
77997879.4
76498182.01
28760669.53
29064894.05
76095494.32
65581680.41
16441726.61
140743310.72
67431712.28
141301314.57
77418803.55
34243299.69
33623408.64
32661524.07
29612958.82
65243833.75
76045021.5
142133131.19
65802176.75
77348756.08
72727976.74
25762479.16
67624462.17
16448423.29
139803556.43
33382911.88
66965810.88
76702393.34
67151904.72
72313807.03
28762826.15
29079304.86
28512478.89
77719682.7
66953532.55
66202687.75
66403786.72
66046190.04
66696121.53
29199954.75
77588147.36
30098444.91
28980396.62
30137074.72
140777909.11
28044660.6
77576970.68
27900715.55
21936312.34
29268836.75
66485308.11
67493280.78
65432620.05
65446338.65
67029889.48
16478367.61
26978848.06
67105560.2
34969960.99
77243402.01
76573435.15
29626829.72
77329800.14
65432251.81
77219227.27
141889369.29
34099838.19
78449583.68
78697180.74
67697779.34
16460541.28
77816996.21
66079264.72
77539152.28
28666346.53
29465396.39
65770159.2
66726083.53
64719393.25
76811008.04
21799833.99
28838452.03
140952185.12
77987454.52
29326014.6
67147040.97
78033871.87
78241553.48
72721108.72
67193479.29
16497122.43
16460724.31
27005851.83
141721897.74
77936154.64
32914268.44
77328593.78
67584438.49
65295329.3
28980667.73
66116905.08
28267499.29
66227716.57
21872863.49
29136491.17
26582281.72
65348385.69
76809928.79
66128404.82
141274230.32
141274199.17
16408919.88
65832237.72
34099146.82
65651846.43
67112464.36
27235276.7
67438417.35
77787624.5
71731472.44
65861802.84
142621157.04
65960185.7
22052661.99
66888525.25
141970676.37
65682497.15
140809864.32
28886754.13
65895099.7
65781040.05
76744268.99
66694956.9
28643365.56
141627149.55
77234663.41
76909441.68
141422480.14
141792140.56
65795068.27
16594678.52
29453459.33
67091177.93
140477664.4
67875995.19
72308784.91
141139376.11
141031163.16
140613770.41
76358161.01
141645985.52
16401796.92
142200037.4
29740050.22
76907954.72
65551427.61
65841967.1
22021507.17
67340507.81
29010993.22
66184543.76
77527580.31
29291285.47
141257898.24
29020087.01
141390447.41
66454921.4
140894279.25
65642033.07
143066245.91
66939005.36
29113983.11
67153726.43
139959901.34
65015184.8
22104996.56
77076033.83
142114328.38
65305438.19
142115269.72
34457378.89
29426689.68
29267778.68
65763709.01
66564615.72
16557792.35
141261170.87
16482028.45
65618409.47
67276041.25
77796305.5
29678995.84
66174969.29
141068408.05
142082586.14
66958758.88
141864140.63
32773295.08
78053408.82
65796294.51
78468286.68
76798606.78
28651162.31
29983138.53
75946412.91
65121074.65
16403184.73
141261597.65
66786587.46
141108973.16
78906940.49
33781595.69
33365351.54
33872864.57
28401572.11
65885872.43
75973847.0
141669509.24
65420172.0
78113575.58
73343012.45
25605898.09
67121996.07
16425866.68
141614437.92
33790100.87
67384293.45
78514507.52
66409406.1
72627543.5
29055697.18
28870309.19
29129202.93
77344202.31
66781531.91
66077734.9
66057189.56
66220470.15
66179923.67
29719181.14
76718434.52
29711031.38
29662167.77
30227353.83
141330956.68
27114275.37
77943800.37
28247477.37
22102937.38
29280841.58
66052113.71
66427289.36
66236345.41
64268617.65
67288833.29
16487555.03
26393493.13
66205045.92
34244246.73
78351173.57
76523920.26
29494681.74
77376255.24
65798479.73
77834432.58
141386267.83
34381309.27
76830909.02
78045901.81
67883887.69
16419750.33
77311145.78
66988082.24
76975750.89
29406950.43
29023856.21
66031319.63
65242361.72
65732792.87
76976728.36
21999275.94
28455343.25
141783454.32
77321724.53
28503181.31
66185393.92
77940657.84
77899250.19
73380946.63
67482368.32
16458134.14
16467770.35
26489704.34
140972422.57
77385254.33
32382391.87
78245656.56
67145676.58
65017970.47
29245745.42
65694933.12
27908499.58
65514474.68
21849969.34
28909168.49
26430424.56
65700552.58
77505399.58
65613855.59
140958276.12
140826130.0
16405518.94
66673485.59
33772058.62
65642760.09
66675592.83
26531605.75
66619187.82
77150488.44
72464746.98
66392549.02
140859284.64
65872987.43
21707126.59
67244209.79
141107060.26
65232982.64
141217701.81
28896643.34
65329267.73
65531987.65
76796708.6
66763903.67
28302772.26
140343353.98
78063397.96
78015516.53
141394984.49
141841163.67
66387353.66
16548230.0
29234820.35
66855680.9
141394069.49
66780484.29
72801325.57
141658503.67
140622579.47
141951326.26
77477786.38
141083776.49
16447050.25
141473590.51
29146075.19
77433461.95
66128079.63
65644840.64
21617108.18
66257751.63
29106617.28
65849464.41
76954976.64
29847665.95
140140878.12
29364459.28
141060047.73
66413683.04
142043845.41
65702963.25
140552542.35
67430828.04
29507184.52
66416421.0
139765799.45
66250910.35
22217754.21
77813786.17
141863161.45
65365813.92
141343323.49
34159909.07
28962080.51
29283508.3
66740522.13
67272116.1
16583259.01
140792626.76
16428298.31
64321258.93
66708766.71
77042200.03
28657677.06
65501617.4
141366894.11
140897084.34
67163956.28
140652151.52
33634078.92
78026668.3
65112163.22
77515794.08
76135417.81
28810996.79
29464222.64
76869153.88
65615408.58
16435865.89
141625490.24
66838413.08
141347856.96
77470964.03
33917078.99
33740809.09
33616715.45
29168246.06
65374241.41
76757529.12
141356945.93
65470896.36
77523407.68
72711812.03
26129992.02
67108948.5
16419754.84
140712501.04
33805362.88
66706278.13
76809317.22
67159072.98
71974657.61
28647292.52
28745295.91
29277973.82
77387467.57
67350431.86
64385109.97
65806301.52
65389823.86
67221681.31
29872884.97
78535681.35
30001169.67
28498473.3
30036013.97
142335422.99
28809385.64
77538781.71
27991270.2
21549105.38
28982556.61
65916957.78
67729996.59
65463191.43
65828727.96
66658948.69
16461207.61
27344913.75
67297527.07
34669948.33
77846703.0
76299370.97
29740500.58
76866813.75
64671061.93
77677607.71
141938725.69
33786400.2
78299817.25
78430952.48
67326520.05
16468862.17
76190190.92
66903634.18
77380882.07
28983775.87
30260430.3
66418907.61
65388895.53
65775688.0
76248180.61
21947221.24
29281597.79
142307346.88
77097079.6
29278218.49
67061792.39
77194371.51
77533756.22
73752901.35
66929444.48
16478854.31
16481286.09
26353723.07
141099805.12
77106400.66
32737919.5
77429347.04
66660545.86
65448184.83
29233759.1
66204517.38
27735640.34
66737672.38
21866508.67
29619830.23
27323485.65
65638882.72
77158728.87
66080753.35
140827558.72
141119481.34
16445461.47
65985408.14
32660283.47
65853872.75
67114623.38
27128307.79
67746598.08
77707249.37
72235868.63
65501025.96
140860230.2
66199364.1
22503451.49
67069130.72
140565753.4
65626540.69
142123114.95
28928092.66
65912859.64
65848267.53
77416613.6
65879394.81
29393543.37
142674612.73
77716265.94
78140999.27
141354608.56
141715456.86
65808740.1
16607791.62
28569086.13
67232731.84
140776212.9
66617939.33
72745895.77
141613517.49
141278884.43
140683302.35
76958239.86
141330803.62
16438678.55
142085745.8
29532308.94
77119499.24
65077494.14
66085244.04
21907771.97
67157882.52
29214950.3
65942700.51
78234719.09
30030629.35
141760245.03
28685136.2
142826920.76
66575734.54
141884191.61
64703993.75
141704014.59
66725225.16
29463039.71
66421306.51
141067616.99
65662746.83
21944222.51
79239192.9
141465848.39
65093859.74
141379212.48
34490519.24
29228704.59
29935697.67
67099352.65
66903932.95
16521804.45
141409714.9
16448611.34
65598051.21
67232842.75
77810733.39
29325121.58
65206955.01
141955719.88
141293868.91
66793155.43
142230303.11
33527228.1
78155243.6
65683018.7
78251528.74
76171251.95
28951607.76
29260892.05
76677228.87
64762869.51
16428201.4
141093056.63
67250063.39
142358435.71
76862567.71
34457620.3
33118910.69
33899453.95
29422041.91
64913048.51
77463658.65
141319360.19
65997493.5
78255921.94
73397682.53
25807664.08
67491192.9
16409259.55
140720711.61
32991300.72
66635926.04
77456700.81
66962801.07
71725440.88
29172010.43
29070931.71
28742683.39
77542590.2
66716945.5
66223566.05
66510842.7
65924483.84
66604595.05
29287745.79
78534577.77
29314467.69
29646321.11
30221088.92
141434072.67
27875098.97
78796340.48
27619918.99
21399476.35
29548142.6
66523735.24
66908635.39
65890940.83
65287951.43
67158075.24
16491132.59
26720014.58
66370422.78
33900814.94
