6.855526664917965181e-07
4.997678938725198675e-04
5.552976598583553406e-05
6.169973998426168663e-06
5.552976598583553406e-05
8.463613166565384128e-09
6.169973998426168663e-06
7.617251849908849024e-08
4.997678938725198675e-04
6.169973998426168663e-06
6.169973998426168663e-06
5.552976598583553406e-05
6.855526664917965181e-07
4.997678938725198675e-04
4.997678938725198675e-04
4.497911044852680867e-03
4.497911044852680867e-03
7.617251849908849024e-08
4.048119940367413822e-02
6.169973998426168663e-06
5.552976598583553406e-05
6.169973998426168663e-06
6.169973998426168663e-06
7.617251849908849024e-08
4.997678938725198675e-04
6.169973998426168663e-06
6.169973998426168663e-06
5.552976598583553406e-05
6.169973998426168663e-06
6.169973998426168663e-06
6.169973998426168663e-06
4.997678938725198675e-04
4.997678938725198675e-04
7.617251849908849024e-08
4.997678938725198675e-04
6.169973998426168663e-06
4.997678938725198675e-04
6.855526664917965181e-07
4.497911044852680867e-03
4.048119940367413822e-02
6.169973998426168663e-06
4.997678938725198675e-04
5.552976598583553406e-05
6.169973998426168663e-06
6.169973998426168663e-06
4.997678938725198675e-04
4.997678938725198675e-04
4.997678938725198675e-04
5.552976598583553406e-05
4.997678938725198675e-04
6.855526664917965181e-07
6.855526664917965181e-07
6.855526664917965181e-07
5.552976598583553406e-05
6.169973998426168663e-06
4.048119940367413822e-02
6.169973998426168663e-06
4.997678938725198675e-04
4.497911044852680867e-03
4.997678938725198675e-04
6.169973998426168663e-06
6.169973998426168663e-06
5.552976598583553406e-05
6.169973998426168663e-06
4.497911044852680867e-03
6.855526664917965181e-07
4.497911044852680867e-03
4.997678938725198675e-04
4.497911044852680867e-03
6.169973998426168663e-06
5.552976598583553406e-05
4.997678938725198675e-04
4.497911044852680867e-03
7.617251849908849024e-08
4.497911044852680867e-03
6.169973998426168663e-06
4.497911044852680867e-03
5.552976598583553406e-05
6.855526664917965181e-07
6.169973998426168663e-06
5.552976598583553406e-05
6.169973998426168663e-06
6.169973998426168663e-06
4.048119940367413822e-02
7.617251849908849024e-08
5.552976598583553406e-05
4.997678938725198675e-04
6.169973998426168663e-06
6.169973998426168663e-06
4.997678938725198675e-04
5.552976598583553406e-05
6.855526664917965181e-07
6.855526664917965181e-07
6.169973998426168663e-06
5.552976598583553406e-05
6.169973998426168663e-06
6.855526664917965181e-07
6.855526664917965181e-07
6.855526664917965181e-07
4.997678938725198675e-04
4.048119940367413822e-02
6.855526664917965181e-07
5.552976598583553406e-05
8.463613166565384128e-09
6.855526664917965181e-07
4.497911044852680867e-03
6.855526664917965181e-07
6.169973998426168663e-06
6.169973998426168663e-06
4.048119940367413822e-02
4.048119940367413822e-02
4.048119940367413822e-02
6.169973998426168663e-06
6.855526664917965181e-07
7.617251849908849024e-08
4.997678938725198675e-04
4.497911044852680867e-03
4.048119940367413822e-02
6.169973998426168663e-06
5.552976598583553406e-05
6.169973998426168663e-06
4.997678938725198675e-04
5.552976598583553406e-05
5.552976598583553406e-05
4.048119940367413822e-02
6.855526664917965181e-07
4.997678938725198675e-04
6.169973998426168663e-06
6.169973998426168663e-06
7.617251849908849024e-08
4.997678938725198675e-04
7.617251849908849024e-08
4.997678938725198675e-04
4.497911044852680867e-03
4.497911044852680867e-03
6.855526664917965181e-07
5.552976598583553406e-05
6.169973998426168663e-06
6.169973998426168663e-06
5.552976598583553406e-05
4.048119940367413822e-02
5.552976598583553406e-05
5.552976598583553406e-05
5.552976598583553406e-05
4.997678938725198675e-04
6.855526664917965181e-07
6.169973998426168663e-06
6.855526664917965181e-07
4.497911044852680867e-03
5.552976598583553406e-05
6.855526664917965181e-07
4.497911044852680867e-03
4.497911044852680867e-03
5.552976598583553406e-05
6.855526664917965181e-07
4.048119940367413822e-02
5.552976598583553406e-05
3.643307946330673341e-01
4.997678938725198675e-04
5.552976598583553406e-05
4.997678938725198675e-04
6.855526664917965181e-07
5.552976598583553406e-05
5.552976598583553406e-05
4.497911044852680867e-03
4.048119940367413822e-02
6.855526664917965181e-07
5.552976598583553406e-05
6.169973998426168663e-06
6.169973998426168663e-06
6.855526664917965181e-07
5.552976598583553406e-05
4.997678938725198675e-04
6.855526664917965181e-07
4.497911044852680867e-03
5.552976598583553406e-05
5.552976598583553406e-05
4.497911044852680867e-03
6.855526664917965181e-07
4.997678938725198675e-04
6.169973998426168663e-06
7.617251849908849024e-08
6.169973998426168663e-06
5.552976598583553406e-05
4.997678938725198675e-04
6.169973998426168663e-06
4.997678938725198675e-04
4.997678938725198675e-04
5.552976598583553406e-05
5.552976598583553406e-05
5.552976598583553406e-05
5.552976598583553406e-05
