1.224400127915381195e-04
1.224400127915381195e-04
1.360444586572645227e-05
1.224400127915381195e-04
1.101960115123843103e-03
1.101960115123843103e-03
1.360444586572645227e-05
1.101960115123843103e-03
1.360444586572645227e-05
1.360444586572645227e-05
1.224400127915381195e-04
1.360444586572645227e-05
1.224400127915381195e-04
1.224400127915381195e-04
1.101960115123843103e-03
1.224400127915381195e-04
8.033289239252824343e-01
1.360444586572645227e-05
1.511605096191828100e-06
1.224400127915381195e-04
9.917641036114593564e-03
1.511605096191828100e-06
1.360444586572645227e-05
1.360444586572645227e-05
1.101960115123843103e-03
1.224400127915381195e-04
1.101960115123843103e-03
1.101960115123843103e-03
9.917641036114593564e-03
9.917641036114593564e-03
1.224400127915381195e-04
1.101960115123843103e-03
1.224400127915381195e-04
1.360444586572645227e-05
1.224400127915381195e-04
1.679561217990919553e-07
1.224400127915381195e-04
1.224400127915381195e-04
9.917641036114593564e-03
1.224400127915381195e-04
1.511605096191828100e-06
1.360444586572645227e-05
9.917641036114593564e-03
1.679561217990919553e-07
1.101960115123843103e-03
1.224400127915381195e-04
9.917641036114593564e-03
9.917641036114593564e-03
1.224400127915381195e-04
1.224400127915381195e-04
1.101960115123843103e-03
9.917641036114593564e-03
1.224400127915381195e-04
8.925876932503135075e-02
1.360444586572645227e-05
1.101960115123843103e-03
1.679561217990919553e-07
1.679561217990919553e-07
1.101960115123843103e-03
1.101960115123843103e-03
1.224400127915381195e-04
1.101960115123843103e-03
9.917641036114593564e-03
1.224400127915381195e-04
