5.982677710640474803e-06
5.982677710640474803e-06
5.384409939576427154e-05
4.361372051056908346e-03
3.925234845951219159e-02
5.384409939576427154e-05
4.361372051056908346e-03
5.384409939576427154e-05
5.982677710640474803e-06
4.361372051056908346e-03
4.361372051056908346e-03
4.845968945618786268e-04
4.361372051056908346e-03
3.532711361356097868e-01
4.361372051056908346e-03
4.845968945618786268e-04
4.361372051056908346e-03
6.647419678489414684e-07
4.361372051056908346e-03
4.361372051056908346e-03
4.361372051056908346e-03
4.361372051056908346e-03
5.384409939576427154e-05
4.361372051056908346e-03
5.982677710640474803e-06
4.361372051056908346e-03
5.982677710640474803e-06
3.925234845951219159e-02
4.845968945618786268e-04
5.384409939576427154e-05
5.384409939576427154e-05
5.384409939576427154e-05
5.384409939576427154e-05
5.982677710640474803e-06
5.384409939576427154e-05
3.925234845951219159e-02
4.361372051056908346e-03
4.845968945618786268e-04
4.361372051056908346e-03
4.361372051056908346e-03
5.384409939576427154e-05
4.845968945618786268e-04
5.982677710640474803e-06
3.925234845951219159e-02
4.361372051056908346e-03
5.384409939576427154e-05
4.845968945618786268e-04
5.384409939576427154e-05
5.384409939576427154e-05
5.982677710640474803e-06
3.925234845951219159e-02
4.845968945618786268e-04
5.982677710640474803e-06
4.361372051056908346e-03
4.845968945618786268e-04
5.982677710640474803e-06
3.532711361356097868e-01
4.361372051056908346e-03
4.361372051056908346e-03
4.845968945618786268e-04
7.386021864988236037e-08
4.361372051056908346e-03
6.647419678489414684e-07
4.845968945618786268e-04
