3.515743306691344135e-05
2.847752078419990389e-03
3.515743306691344135e-05
3.164168976022210399e-04
3.906381451879270320e-06
3.164168976022210399e-04
3.906381451879270320e-06
3.164168976022210399e-04
3.515743306691344135e-05
3.906381451879270320e-06
3.515743306691344135e-05
3.906381451879270320e-06
3.515743306691344135e-05
3.164168976022210399e-04
2.847752078419990389e-03
3.906381451879270320e-06
3.164168976022210399e-04
3.515743306691344135e-05
2.562976870577991784e-02
4.340423835421411113e-07
3.515743306691344135e-05
3.515743306691344135e-05
3.515743306691344135e-05
3.515743306691344135e-05
3.515743306691344135e-05
3.515743306691344135e-05
3.515743306691344135e-05
3.515743306691344135e-05
3.164168976022210399e-04
3.164168976022210399e-04
3.164168976022210399e-04
3.906381451879270320e-06
4.822693150468233394e-08
3.906381451879270320e-06
3.515743306691344135e-05
3.515743306691344135e-05
3.515743306691344135e-05
3.515743306691344135e-05
3.164168976022210399e-04
3.515743306691344135e-05
3.515743306691344135e-05
3.164168976022210399e-04
3.515743306691344135e-05
4.340423835421411113e-07
3.515743306691344135e-05
3.164168976022210399e-04
3.515743306691344135e-05
2.562976870577991784e-02
3.906381451879270320e-06
3.164168976022210399e-04
3.515743306691344135e-05
2.847752078419990389e-03
2.847752078419990389e-03
4.340423835421411113e-07
4.822693150468233394e-08
3.164168976022210399e-04
3.906381451879270320e-06
2.847752078419990389e-03
4.340423835421411113e-07
3.515743306691344135e-05
3.515743306691344135e-05
2.847752078419990389e-03
3.906381451879270320e-06
3.164168976022210399e-04
4.340423835421411113e-07
3.515743306691344135e-05
2.562976870577991784e-02
3.906381451879270320e-06
3.515743306691344135e-05
3.906381451879270320e-06
3.515743306691344135e-05
3.906381451879270320e-06
4.822693150468233394e-08
3.906381451879270320e-06
2.847752078419990389e-03
2.847752078419990389e-03
3.515743306691344135e-05
3.164168976022210399e-04
3.164168976022210399e-04
3.515743306691344135e-05
4.340423835421411113e-07
3.164168976022210399e-04
3.515743306691344135e-05
4.340423835421411113e-07
3.164168976022210399e-04
3.906381451879270320e-06
3.906381451879270320e-06
4.822693150468233394e-08
4.822693150468233394e-08
3.906381451879270320e-06
4.822693150468233394e-08
2.306679183520193299e-01
3.164168976022210399e-04
3.164168976022210399e-04
3.515743306691344135e-05
3.515743306691344135e-05
4.822693150468233394e-08
4.340423835421411113e-07
3.906381451879270320e-06
3.906381451879270320e-06
3.164168976022210399e-04
3.515743306691344135e-05
3.164168976022210399e-04
3.515743306691344135e-05
4.822693150468233394e-08
3.515743306691344135e-05
3.906381451879270320e-06
3.906381451879270320e-06
4.822693150468233394e-08
3.515743306691344135e-05
3.164168976022210399e-04
3.906381451879270320e-06
3.515743306691344135e-05
3.906381451879270320e-06
3.515743306691344135e-05
3.906381451879270320e-06
2.847752078419990389e-03
3.164168976022210399e-04
3.515743306691344135e-05
3.515743306691344135e-05
3.906381451879270320e-06
4.340423835421411113e-07
3.515743306691344135e-05
2.562976870577991784e-02
3.515743306691344135e-05
3.515743306691344135e-05
3.906381451879270320e-06
3.164168976022210399e-04
2.847752078419990389e-03
3.515743306691344135e-05
3.515743306691344135e-05
3.906381451879270320e-06
3.515743306691344135e-05
3.164168976022210399e-04
3.164168976022210399e-04
3.515743306691344135e-05
3.906381451879270320e-06
3.906381451879270320e-06
2.562976870577991784e-02
3.515743306691344135e-05
4.822693150468233394e-08
3.906381451879270320e-06
4.340423835421411113e-07
3.906381451879270320e-06
3.906381451879270320e-06
2.847752078419990389e-03
3.164168976022210399e-04
4.340423835421411113e-07
4.340423835421411113e-07
3.515743306691344135e-05
4.822693150468233394e-08
3.164168976022210399e-04
4.822693150468233394e-08
2.847752078419990389e-03
2.847752078419990389e-03
4.822693150468233394e-08
3.906381451879270320e-06
3.164168976022210399e-04
4.340423835421411113e-07
3.906381451879270320e-06
4.340423835421411113e-07
2.847752078419990389e-03
3.515743306691344135e-05
2.562976870577991784e-02
3.164168976022210399e-04
3.906381451879270320e-06
2.562976870577991784e-02
4.340423835421411113e-07
3.515743306691344135e-05
3.515743306691344135e-05
3.164168976022210399e-04
3.515743306691344135e-05
3.515743306691344135e-05
3.164168976022210399e-04
4.822693150468233394e-08
3.515743306691344135e-05
3.906381451879270320e-06
2.847752078419990389e-03
3.164168976022210399e-04
3.164168976022210399e-04
4.340423835421411113e-07
2.847752078419990389e-03
3.515743306691344135e-05
3.906381451879270320e-06
3.164168976022210399e-04
3.515743306691344135e-05
3.906381451879270320e-06
2.562976870577991784e-02
3.164168976022210399e-04
3.164168976022210399e-04
4.822693150468233394e-08
4.822693150468233394e-08
2.847752078419990389e-03
4.340423835421411113e-07
4.340423835421411113e-07
3.906381451879270320e-06
3.164168976022210399e-04
3.906381451879270320e-06
3.906381451879270320e-06
5.358547944964701841e-09
4.822693150468233394e-08
3.515743306691344135e-05
2.562976870577991784e-02
3.515743306691344135e-05
4.340423835421411113e-07
4.340423835421411113e-07
3.515743306691344135e-05
2.847752078419990389e-03
3.164168976022210399e-04
4.340423835421411113e-07
4.822693150468233394e-08
3.164168976022210399e-04
3.906381451879270320e-06
4.340423835421411113e-07
3.906381451879270320e-06
2.847752078419990389e-03
3.164168976022210399e-04
3.515743306691344135e-05
4.822693150468233394e-08
2.562976870577991784e-02
3.515743306691344135e-05
3.515743306691344135e-05
4.340423835421411113e-07
3.906381451879270320e-06
3.164168976022210399e-04
3.515743306691344135e-05
3.906381451879270320e-06
3.164168976022210399e-04
4.340423835421411113e-07
3.515743306691344135e-05
3.164168976022210399e-04
3.164168976022210399e-04
3.906381451879270320e-06
3.164168976022210399e-04
3.164168976022210399e-04
3.906381451879270320e-06
3.164168976022210399e-04
3.906381451879270320e-06
3.906381451879270320e-06
3.515743306691344135e-05
3.515743306691344135e-05
2.847752078419990389e-03
2.847752078419990389e-03
3.515743306691344135e-05
3.164168976022210399e-04
2.847752078419990389e-03
3.164168976022210399e-04
2.847752078419990389e-03
3.515743306691344135e-05
3.515743306691344135e-05
3.164168976022210399e-04
3.515743306691344135e-05
3.164168976022210399e-04
3.906381451879270320e-06
3.164168976022210399e-04
3.164168976022210399e-04
3.164168976022210399e-04
4.822693150468233394e-08
3.515743306691344135e-05
3.164168976022210399e-04
2.562976870577991784e-02
3.515743306691344135e-05
3.164168976022210399e-04
3.164168976022210399e-04
2.847752078419990389e-03
2.562976870577991784e-02
3.906381451879270320e-06
3.906381451879270320e-06
3.515743306691344135e-05
5.358547944964701841e-09
2.562976870577991784e-02
2.562976870577991784e-02
3.164168976022210399e-04
3.164168976022210399e-04
3.164168976022210399e-04
3.906381451879270320e-06
3.906381451879270320e-06
3.906381451879270320e-06
3.906381451879270320e-06
3.164168976022210399e-04
3.164168976022210399e-04
3.164168976022210399e-04
4.340423835421411113e-07
2.562976870577991784e-02
3.906381451879270320e-06
3.515743306691344135e-05
4.340423835421411113e-07
3.515743306691344135e-05
3.164168976022210399e-04
2.847752078419990389e-03
2.847752078419990389e-03
3.515743306691344135e-05
3.515743306691344135e-05
4.822693150468233394e-08
3.906381451879270320e-06
3.515743306691344135e-05
3.515743306691344135e-05
4.340423835421411113e-07
2.306679183520193299e-01
3.906381451879270320e-06
3.906381451879270320e-06
3.164168976022210399e-04
3.164168976022210399e-04
3.164168976022210399e-04
3.515743306691344135e-05
3.164168976022210399e-04
3.515743306691344135e-05
4.822693150468233394e-08
2.562976870577991784e-02
3.164168976022210399e-04
2.562976870577991784e-02
3.906381451879270320e-06
3.906381451879270320e-06
3.164168976022210399e-04
4.340423835421411113e-07
3.906381451879270320e-06
3.515743306691344135e-05
3.515743306691344135e-05
2.847752078419990389e-03
3.906381451879270320e-06
