3.652772197316826166e-04
4.058635774796472991e-05
4.058635774796472991e-05
3.652772197316826166e-04
4.509595305329413023e-06
4.058635774796472991e-05
3.287494977585145393e-03
5.010661450366014234e-07
3.652772197316826166e-04
4.509595305329413023e-06
4.058635774796472991e-05
4.058635774796472991e-05
4.058635774796472991e-05
4.509595305329413023e-06
3.287494977585145393e-03
3.652772197316826166e-04
3.652772197316826166e-04
5.010661450366014234e-07
3.287494977585145393e-03
4.509595305329413023e-06
4.509595305329413023e-06
3.652772197316826166e-04
4.058635774796472991e-05
4.509595305329413023e-06
4.058635774796472991e-05
3.652772197316826166e-04
3.287494977585145393e-03
3.652772197316826166e-04
5.567401611517792344e-08
2.662870931843968614e-01
4.058635774796472991e-05
4.509595305329413023e-06
3.652772197316826166e-04
3.287494977585145393e-03
4.058635774796472991e-05
4.509595305329413023e-06
3.652772197316826166e-04
3.652772197316826166e-04
3.652772197316826166e-04
3.652772197316826166e-04
4.509595305329413023e-06
3.652772197316826166e-04
4.058635774796472991e-05
5.567401611517792344e-08
3.652772197316826166e-04
4.058635774796472991e-05
5.010661450366014234e-07
4.509595305329413023e-06
5.010661450366014234e-07
4.509595305329413023e-06
4.058635774796472991e-05
3.287494977585145393e-03
3.287494977585145393e-03
5.010661450366014234e-07
5.010661450366014234e-07
4.058635774796472991e-05
4.509595305329413023e-06
2.958745479826631330e-02
5.567401611517792344e-08
5.567401611517792344e-08
5.010661450366014234e-07
4.509595305329413023e-06
4.058635774796472991e-05
4.058635774796472991e-05
4.058635774796472991e-05
5.567401611517792344e-08
3.652772197316826166e-04
4.058635774796472991e-05
4.058635774796472991e-05
4.058635774796472991e-05
4.509595305329413023e-06
5.010661450366014234e-07
4.509595305329413023e-06
4.509595305329413023e-06
4.058635774796472991e-05
3.652772197316826166e-04
4.058635774796472991e-05
3.287494977585145393e-03
4.058635774796472991e-05
5.010661450366014234e-07
4.509595305329413023e-06
5.010661450366014234e-07
4.509595305329413023e-06
3.652772197316826166e-04
4.509595305329413023e-06
4.058635774796472991e-05
4.509595305329413023e-06
3.652772197316826166e-04
5.567401611517792344e-08
4.509595305329413023e-06
4.509595305329413023e-06
4.058635774796472991e-05
5.010661450366014234e-07
3.652772197316826166e-04
5.567401611517792344e-08
4.058635774796472991e-05
4.058635774796472991e-05
5.010661450366014234e-07
5.010661450366014234e-07
3.652772197316826166e-04
3.287494977585145393e-03
4.509595305329413023e-06
4.058635774796472991e-05
4.058635774796472991e-05
5.010661450366014234e-07
4.509595305329413023e-06
4.058635774796472991e-05
5.010661450366014234e-07
4.058635774796472991e-05
3.287494977585145393e-03
4.509595305329413023e-06
4.509595305329413023e-06
4.058635774796472991e-05
4.058635774796472991e-05
4.058635774796472991e-05
5.567401611517792344e-08
4.509595305329413023e-06
4.509595305329413023e-06
4.509595305329413023e-06
4.058635774796472991e-05
5.567401611517792344e-08
5.567401611517792344e-08
3.652772197316826166e-04
3.287494977585145393e-03
3.287494977585145393e-03
3.652772197316826166e-04
4.058635774796472991e-05
5.010661450366014234e-07
4.058635774796472991e-05
3.287494977585145393e-03
5.010661450366014234e-07
3.652772197316826166e-04
4.509595305329413023e-06
4.509595305329413023e-06
5.010661450366014234e-07
4.058635774796472991e-05
3.652772197316826166e-04
6.186001790575322988e-09
3.652772197316826166e-04
4.509595305329413023e-06
5.010661450366014234e-07
4.058635774796472991e-05
4.509595305329413023e-06
5.010661450366014234e-07
3.652772197316826166e-04
3.287494977585145393e-03
4.509595305329413023e-06
4.509595305329413023e-06
3.287494977585145393e-03
4.509595305329413023e-06
4.058635774796472991e-05
4.058635774796472991e-05
3.652772197316826166e-04
4.058635774796472991e-05
4.058635774796472991e-05
4.509595305329413023e-06
4.058635774796472991e-05
4.509595305329413023e-06
3.652772197316826166e-04
4.509595305329413023e-06
4.058635774796472991e-05
4.509595305329413023e-06
4.058635774796472991e-05
3.287494977585145393e-03
4.509595305329413023e-06
4.058635774796472991e-05
3.287494977585145393e-03
3.652772197316826166e-04
5.567401611517792344e-08
3.652772197316826166e-04
3.652772197316826166e-04
4.058635774796472991e-05
5.010661450366014234e-07
3.652772197316826166e-04
4.509595305329413023e-06
5.010661450366014234e-07
3.652772197316826166e-04
4.058635774796472991e-05
3.652772197316826166e-04
5.010661450366014234e-07
4.509595305329413023e-06
3.287494977585145393e-03
4.058635774796472991e-05
3.652772197316826166e-04
5.010661450366014234e-07
3.652772197316826166e-04
4.058635774796472991e-05
2.958745479826631330e-02
4.509595305329413023e-06
4.058635774796472991e-05
4.058635774796472991e-05
3.652772197316826166e-04
4.509595305329413023e-06
3.287494977585145393e-03
5.010661450366014234e-07
5.010661450366014234e-07
5.010661450366014234e-07
5.010661450366014234e-07
3.287494977585145393e-03
5.010661450366014234e-07
4.058635774796472991e-05
2.662870931843968614e-01
4.509595305329413023e-06
4.509595305329413023e-06
6.186001790575322988e-09
4.058635774796472991e-05
3.287494977585145393e-03
4.509595305329413023e-06
4.058635774796472991e-05
4.058635774796472991e-05
5.010661450366014234e-07
4.058635774796472991e-05
5.010661450366014234e-07
3.287494977585145393e-03
4.509595305329413023e-06
4.058635774796472991e-05
3.287494977585145393e-03
4.058635774796472991e-05
3.287494977585145393e-03
3.652772197316826166e-04
4.058635774796472991e-05
4.509595305329413023e-06
5.010661450366014234e-07
6.186001790575322988e-09
3.652772197316826166e-04
4.509595305329413023e-06
3.287494977585145393e-03
5.010661450366014234e-07
4.509595305329413023e-06
5.010661450366014234e-07
4.509595305329413023e-06
3.652772197316826166e-04
3.652772197316826166e-04
3.287494977585145393e-03
2.662870931843968614e-01
3.652772197316826166e-04
3.652772197316826166e-04
4.509595305329413023e-06
3.652772197316826166e-04
3.652772197316826166e-04
3.652772197316826166e-04
3.287494977585145393e-03
4.509595305329413023e-06
4.509595305329413023e-06
5.010661450366014234e-07
4.509595305329413023e-06
4.058635774796472991e-05
2.958745479826631330e-02
6.186001790575322988e-09
5.567401611517792344e-08
5.567401611517792344e-08
5.010661450366014234e-07
3.652772197316826166e-04
5.010661450366014234e-07
3.287494977585145393e-03
5.010661450366014234e-07
