8.078217314177545312e-05
1.231247875960606590e-08
7.270395582759794440e-04
9.973107795280915798e-07
8.078217314177545312e-05
1.108123088364546229e-07
8.975797015752827183e-06
1.108123088364546229e-07
8.975797015752827183e-06
8.975797015752827183e-06
8.975797015752827183e-06
7.270395582759794440e-04
1.108123088364546229e-07
8.975797015752827183e-06
9.973107795280915798e-07
8.975797015752827183e-06
9.973107795280915798e-07
8.078217314177545312e-05
9.973107795280915798e-07
6.543356024483816188e-03
7.270395582759794440e-04
9.973107795280915798e-07
8.975797015752827183e-06
9.973107795280915798e-07
1.108123088364546229e-07
1.108123088364546229e-07
8.078217314177545312e-05
8.975797015752827183e-06
8.975797015752827183e-06
7.270395582759794440e-04
8.078217314177545312e-05
9.973107795280915798e-07
8.078217314177545312e-05
9.973107795280915798e-07
1.231247875960606590e-08
8.975797015752827183e-06
8.975797015752827183e-06
1.108123088364546229e-07
1.231247875960606590e-08
9.973107795280915798e-07
8.975797015752827183e-06
8.975797015752827183e-06
8.078217314177545312e-05
8.078217314177545312e-05
1.108123088364546229e-07
9.973107795280915798e-07
7.270395582759794440e-04
5.889020422035436131e-02
8.975797015752827183e-06
8.078217314177545312e-05
8.975797015752827183e-06
8.975797015752827183e-06
9.973107795280915798e-07
9.973107795280915798e-07
1.231247875960606590e-08
9.973107795280915798e-07
8.975797015752827183e-06
8.975797015752827183e-06
1.108123088364546229e-07
9.973107795280915798e-07
1.108123088364546229e-07
8.078217314177545312e-05
8.078217314177545312e-05
8.078217314177545312e-05
8.078217314177545312e-05
1.108123088364546229e-07
1.108123088364546229e-07
9.973107795280915798e-07
1.368053195511784618e-09
1.108123088364546229e-07
1.108123088364546229e-07
7.270395582759794440e-04
1.108123088364546229e-07
8.975797015752827183e-06
8.975797015752827183e-06
8.078217314177545312e-05
9.973107795280915798e-07
8.975797015752827183e-06
6.543356024483816188e-03
8.078217314177545312e-05
9.973107795280915798e-07
1.368053195511784618e-09
8.078217314177545312e-05
8.078217314177545312e-05
7.270395582759794440e-04
8.975797015752827183e-06
8.975797015752827183e-06
8.975797015752827183e-06
9.973107795280915798e-07
8.975797015752827183e-06
8.975797015752827183e-06
8.078217314177545312e-05
1.108123088364546229e-07
6.543356024483816188e-03
1.231247875960606590e-08
7.270395582759794440e-04
8.078217314177545312e-05
9.973107795280915798e-07
1.108123088364546229e-07
9.973107795280915798e-07
1.108123088364546229e-07
8.975797015752827183e-06
9.973107795280915798e-07
8.975797015752827183e-06
7.270395582759794440e-04
1.231247875960606590e-08
7.270395582759794440e-04
8.078217314177545312e-05
1.108123088364546229e-07
6.543356024483816188e-03
6.543356024483816188e-03
8.975797015752827183e-06
8.975797015752827183e-06
1.231247875960606590e-08
8.078217314177545312e-05
9.973107795280915798e-07
8.078217314177545312e-05
9.973107795280915798e-07
8.975797015752827183e-06
7.270395582759794440e-04
7.270395582759794440e-04
1.108123088364546229e-07
1.108123088364546229e-07
8.078217314177545312e-05
1.231247875960606590e-08
9.973107795280915798e-07
8.078217314177545312e-05
8.975797015752827183e-06
7.270395582759794440e-04
8.975797015752827183e-06
8.975797015752827183e-06
7.270395582759794440e-04
1.108123088364546229e-07
8.078217314177545312e-05
9.973107795280915798e-07
8.975797015752827183e-06
8.975797015752827183e-06
7.270395582759794440e-04
8.975797015752827183e-06
9.973107795280915798e-07
8.078217314177545312e-05
8.078217314177545312e-05
7.270395582759794440e-04
9.973107795280915798e-07
9.973107795280915798e-07
8.078217314177545312e-05
5.889020422035436131e-02
9.973107795280915798e-07
8.078217314177545312e-05
8.975797015752827183e-06
9.973107795280915798e-07
8.078217314177545312e-05
9.973107795280915798e-07
8.975797015752827183e-06
8.078217314177545312e-05
8.975797015752827183e-06
9.973107795280915798e-07
9.973107795280915798e-07
8.975797015752827183e-06
1.108123088364546229e-07
7.270395582759794440e-04
8.975797015752827183e-06
8.975797015752827183e-06
1.108123088364546229e-07
7.270395582759794440e-04
8.975797015752827183e-06
7.270395582759794440e-04
8.975797015752827183e-06
1.231247875960606590e-08
9.973107795280915798e-07
1.231247875960606590e-08
8.078217314177545312e-05
1.108123088364546229e-07
8.975797015752827183e-06
9.973107795280915798e-07
8.078217314177545312e-05
9.973107795280915798e-07
7.270395582759794440e-04
7.270395582759794440e-04
1.108123088364546229e-07
9.973107795280915798e-07
8.078217314177545312e-05
8.975797015752827183e-06
9.973107795280915798e-07
7.270395582759794440e-04
8.078217314177545312e-05
9.973107795280915798e-07
9.973107795280915798e-07
7.270395582759794440e-04
9.973107795280915798e-07
1.231247875960606590e-08
6.543356024483816188e-03
9.973107795280915798e-07
9.973107795280915798e-07
5.889020422035436131e-02
1.231247875960606590e-08
8.078217314177545312e-05
9.973107795280915798e-07
1.231247875960606590e-08
7.270395582759794440e-04
1.108123088364546229e-07
8.078217314177545312e-05
9.973107795280915798e-07
8.078217314177545312e-05
1.108123088364546229e-07
1.108123088364546229e-07
9.973107795280915798e-07
9.973107795280915798e-07
1.108123088364546229e-07
5.889020422035436131e-02
9.973107795280915798e-07
9.973107795280915798e-07
8.975797015752827183e-06
8.975797015752827183e-06
6.543356024483816188e-03
8.078217314177545312e-05
1.108123088364546229e-07
9.973107795280915798e-07
1.108123088364546229e-07
8.078217314177545312e-05
1.108123088364546229e-07
7.270395582759794440e-04
1.108123088364546229e-07
8.975797015752827183e-06
8.975797015752827183e-06
8.975797015752827183e-06
8.975797015752827183e-06
9.973107795280915798e-07
7.270395582759794440e-04
8.078217314177545312e-05
8.078217314177545312e-05
8.975797015752827183e-06
1.108123088364546229e-07
6.543356024483816188e-03
7.270395582759794440e-04
1.231247875960606590e-08
9.973107795280915798e-07
9.973107795280915798e-07
1.231247875960606590e-08
9.973107795280915798e-07
8.975797015752827183e-06
8.975797015752827183e-06
9.973107795280915798e-07
9.973107795280915798e-07
8.078217314177545312e-05
6.543356024483816188e-03
8.078217314177545312e-05
6.543356024483816188e-03
9.973107795280915798e-07
8.078217314177545312e-05
9.973107795280915798e-07
8.975797015752827183e-06
7.270395582759794440e-04
8.975797015752827183e-06
9.973107795280915798e-07
1.108123088364546229e-07
8.078217314177545312e-05
8.078217314177545312e-05
8.975797015752827183e-06
8.975797015752827183e-06
8.078217314177545312e-05
8.078217314177545312e-05
8.975797015752827183e-06
9.973107795280915798e-07
6.543356024483816188e-03
8.975797015752827183e-06
8.975797015752827183e-06
7.270395582759794440e-04
7.270395582759794440e-04
8.078217314177545312e-05
5.300118379831894044e-01
9.973107795280915798e-07
7.270395582759794440e-04
8.975797015752827183e-06
1.108123088364546229e-07
8.078217314177545312e-05
7.270395582759794440e-04
6.543356024483816188e-03
7.270395582759794440e-04
1.231247875960606590e-08
9.973107795280915798e-07
6.543356024483816188e-03
8.975797015752827183e-06
8.078217314177545312e-05
8.975797015752827183e-06
6.543356024483816188e-03
9.973107795280915798e-07
8.975797015752827183e-06
9.973107795280915798e-07
8.975797015752827183e-06
8.078217314177545312e-05
8.975797015752827183e-06
6.543356024483816188e-03
1.108123088364546229e-07
8.078217314177545312e-05
8.078217314177545312e-05
7.270395582759794440e-04
8.975797015752827183e-06
8.078217314177545312e-05
5.889020422035436131e-02
8.975797015752827183e-06
7.270395582759794440e-04
8.078217314177545312e-05
8.975797015752827183e-06
8.078217314177545312e-05
8.975797015752827183e-06
9.973107795280915798e-07
8.975797015752827183e-06
8.078217314177545312e-05
1.108123088364546229e-07
1.108123088364546229e-07
8.975797015752827183e-06
9.973107795280915798e-07
8.078217314177545312e-05
9.973107795280915798e-07
9.973107795280915798e-07
9.973107795280915798e-07
1.231247875960606590e-08
8.078217314177545312e-05
9.973107795280915798e-07
9.973107795280915798e-07
1.108123088364546229e-07
6.543356024483816188e-03
8.975797015752827183e-06
8.975797015752827183e-06
8.078217314177545312e-05
8.078217314177545312e-05
1.231247875960606590e-08
8.078217314177545312e-05
9.973107795280915798e-07
1.231247875960606590e-08
6.543356024483816188e-03
9.973107795280915798e-07
8.078217314177545312e-05
8.975797015752827183e-06
8.078217314177545312e-05
1.108123088364546229e-07
9.973107795280915798e-07
9.973107795280915798e-07
8.975797015752827183e-06
8.975797015752827183e-06
1.108123088364546229e-07
6.543356024483816188e-03
6.543356024483816188e-03
1.108123088364546229e-07
6.543356024483816188e-03
9.973107795280915798e-07
9.973107795280915798e-07
8.975797015752827183e-06
1.108123088364546229e-07
1.108123088364546229e-07
7.270395582759794440e-04
8.975797015752827183e-06
8.975797015752827183e-06
8.975797015752827183e-06
1.108123088364546229e-07
8.975797015752827183e-06
8.078217314177545312e-05
8.975797015752827183e-06
9.973107795280915798e-07
8.078217314177545312e-05
7.270395582759794440e-04
9.973107795280915798e-07
7.270395582759794440e-04
6.543356024483816188e-03
7.270395582759794440e-04
7.270395582759794440e-04
7.270395582759794440e-04
8.078217314177545312e-05
9.973107795280915798e-07
1.231247875960606590e-08
8.078217314177545312e-05
8.078217314177545312e-05
8.975797015752827183e-06
8.078217314177545312e-05
7.270395582759794440e-04
9.973107795280915798e-07
8.078217314177545312e-05
7.270395582759794440e-04
1.108123088364546229e-07
9.973107795280915798e-07
8.078217314177545312e-05
8.975797015752827183e-06
8.975797015752827183e-06
