2.673194081018796195e-06
2.165287205625225837e-04
2.165287205625225837e-04
2.165287205625225837e-04
2.405874672916917295e-05
2.405874672916917295e-05
2.165287205625225837e-04
2.165287205625225837e-04
2.673194081018796195e-06
3.300239606196043410e-08
2.673194081018796195e-06
2.165287205625225837e-04
1.753882636556433963e-02
1.948758485062704283e-03
2.405874672916917295e-05
2.970215645576439863e-07
2.165287205625225837e-04
2.970215645576439863e-07
2.673194081018796195e-06
2.673194081018796195e-06
1.948758485062704283e-03
2.673194081018796195e-06
2.970215645576439863e-07
2.165287205625225837e-04
1.948758485062704283e-03
2.405874672916917295e-05
2.673194081018796195e-06
2.405874672916917295e-05
2.165287205625225837e-04
3.300239606196043410e-08
1.753882636556433963e-02
2.405874672916917295e-05
1.948758485062704283e-03
2.405874672916917295e-05
1.753882636556433963e-02
2.405874672916917295e-05
2.405874672916917295e-05
3.300239606196043410e-08
2.673194081018796195e-06
2.405874672916917295e-05
1.948758485062704283e-03
2.673194081018796195e-06
1.578494372900791087e-01
2.165287205625225837e-04
2.405874672916917295e-05
2.673194081018796195e-06
1.753882636556433963e-02
2.673194081018796195e-06
2.165287205625225837e-04
1.753882636556433963e-02
2.405874672916917295e-05
2.673194081018796195e-06
2.165287205625225837e-04
2.405874672916917295e-05
2.673194081018796195e-06
1.578494372900791087e-01
2.970215645576439863e-07
2.405874672916917295e-05
2.405874672916917295e-05
1.948758485062704283e-03
2.970215645576439863e-07
2.165287205625225837e-04
2.165287205625225837e-04
2.165287205625225837e-04
2.165287205625225837e-04
1.753882636556433963e-02
1.948758485062704283e-03
1.948758485062704283e-03
2.673194081018796195e-06
2.405874672916917295e-05
2.673194081018796195e-06
2.165287205625225837e-04
2.673194081018796195e-06
2.405874672916917295e-05
2.970215645576439863e-07
2.165287205625225837e-04
2.405874672916917295e-05
2.165287205625225837e-04
2.165287205625225837e-04
1.948758485062704283e-03
1.948758485062704283e-03
2.405874672916917295e-05
2.165287205625225837e-04
2.970215645576439863e-07
2.673194081018796195e-06
2.165287205625225837e-04
2.165287205625225837e-04
2.165287205625225837e-04
2.673194081018796195e-06
1.753882636556433963e-02
2.970215645576439863e-07
1.578494372900791087e-01
2.673194081018796195e-06
2.165287205625225837e-04
2.970215645576439863e-07
2.165287205625225837e-04
2.165287205625225837e-04
2.673194081018796195e-06
2.165287205625225837e-04
3.300239606196043410e-08
2.970215645576439863e-07
2.405874672916917295e-05
2.405874672916917295e-05
2.405874672916917295e-05
2.673194081018796195e-06
2.673194081018796195e-06
1.753882636556433963e-02
2.673194081018796195e-06
2.405874672916917295e-05
2.165287205625225837e-04
2.405874672916917295e-05
2.673194081018796195e-06
2.970215645576439863e-07
2.165287205625225837e-04
2.405874672916917295e-05
2.673194081018796195e-06
1.948758485062704283e-03
2.673194081018796195e-06
2.673194081018796195e-06
2.405874672916917295e-05
3.300239606196043410e-08
3.300239606196043410e-08
2.673194081018796195e-06
2.970215645576439863e-07
2.405874672916917295e-05
2.405874672916917295e-05
2.405874672916917295e-05
1.948758485062704283e-03
2.970215645576439863e-07
2.165287205625225837e-04
2.165287205625225837e-04
2.673194081018796195e-06
2.673194081018796195e-06
1.948758485062704283e-03
1.948758485062704283e-03
2.165287205625225837e-04
2.405874672916917295e-05
2.405874672916917295e-05
1.948758485062704283e-03
2.165287205625225837e-04
1.578494372900791087e-01
2.970215645576439863e-07
2.405874672916917295e-05
2.165287205625225837e-04
2.673194081018796195e-06
3.666932895773380832e-09
2.673194081018796195e-06
2.405874672916917295e-05
2.405874672916917295e-05
2.673194081018796195e-06
1.948758485062704283e-03
2.673194081018796195e-06
2.165287205625225837e-04
2.970215645576439863e-07
2.673194081018796195e-06
3.300239606196043410e-08
2.673194081018796195e-06
1.948758485062704283e-03
2.165287205625225837e-04
2.405874672916917295e-05
1.948758485062704283e-03
2.673194081018796195e-06
2.970215645576439863e-07
1.948758485062704283e-03
2.673194081018796195e-06
1.948758485062704283e-03
3.666932895773380832e-09
2.405874672916917295e-05
2.970215645576439863e-07
2.165287205625225837e-04
1.578494372900791087e-01
2.405874672916917295e-05
2.970215645576439863e-07
2.673194081018796195e-06
1.753882636556433963e-02
3.300239606196043410e-08
2.405874672916917295e-05
2.405874672916917295e-05
2.673194081018796195e-06
2.673194081018796195e-06
2.165287205625225837e-04
1.948758485062704283e-03
2.405874672916917295e-05
2.970215645576439863e-07
2.165287205625225837e-04
2.405874672916917295e-05
2.405874672916917295e-05
2.970215645576439863e-07
1.948758485062704283e-03
2.165287205625225837e-04
2.673194081018796195e-06
2.405874672916917295e-05
