1.531106036605762652e-03
1.531106036605762652e-03
1.701228929561957569e-04
2.100282629088835563e-06
2.333647365654261708e-07
1.531106036605762652e-03
1.890254366179952515e-05
2.100282629088835563e-06
1.531106036605762652e-03
1.701228929561957569e-04
1.890254366179952515e-05
1.890254366179952515e-05
1.701228929561957569e-04
1.701228929561957569e-04
1.701228929561957569e-04
2.333647365654261708e-07
1.701228929561957569e-04
1.701228929561957569e-04
2.100282629088835563e-06
2.333647365654261708e-07
1.240195889650668182e-01
2.333647365654261708e-07
1.890254366179952515e-05
1.240195889650668182e-01
1.701228929561957569e-04
3.201162367152619388e-10
2.333647365654261708e-07
1.531106036605762652e-03
2.592941517393623384e-08
2.100282629088835563e-06
1.890254366179952515e-05
1.531106036605762652e-03
1.701228929561957569e-04
1.531106036605762652e-03
1.890254366179952515e-05
1.531106036605762652e-03
2.592941517393623384e-08
1.240195889650668182e-01
2.592941517393623384e-08
2.592941517393623384e-08
2.333647365654261708e-07
2.100282629088835563e-06
2.333647365654261708e-07
1.890254366179952515e-05
2.592941517393623384e-08
1.701228929561957569e-04
1.377995432945186560e-02
2.333647365654261708e-07
1.890254366179952515e-05
1.701228929561957569e-04
1.890254366179952515e-05
2.100282629088835563e-06
1.377995432945186560e-02
1.890254366179952515e-05
2.100282629088835563e-06
2.100282629088835563e-06
1.890254366179952515e-05
2.100282629088835563e-06
1.701228929561957569e-04
1.531106036605762652e-03
2.333647365654261708e-07
1.531106036605762652e-03
1.890254366179952515e-05
1.531106036605762652e-03
2.100282629088835563e-06
1.890254366179952515e-05
1.531106036605762652e-03
1.890254366179952515e-05
1.531106036605762652e-03
1.377995432945186560e-02
1.701228929561957569e-04
1.701228929561957569e-04
1.890254366179952515e-05
1.701228929561957569e-04
1.701228929561957569e-04
1.890254366179952515e-05
1.531106036605762652e-03
2.100282629088835563e-06
1.377995432945186560e-02
2.881046130437358535e-09
2.100282629088835563e-06
2.333647365654261708e-07
1.890254366179952515e-05
1.890254366179952515e-05
2.100282629088835563e-06
2.100282629088835563e-06
1.701228929561957569e-04
1.890254366179952515e-05
1.890254366179952515e-05
2.100282629088835563e-06
2.333647365654261708e-07
1.890254366179952515e-05
2.100282629088835563e-06
1.890254366179952515e-05
1.890254366179952515e-05
1.377995432945186560e-02
1.890254366179952515e-05
2.333647365654261708e-07
1.890254366179952515e-05
1.701228929561957569e-04
1.890254366179952515e-05
1.701228929561957569e-04
1.890254366179952515e-05
2.592941517393623384e-08
1.701228929561957569e-04
1.890254366179952515e-05
2.100282629088835563e-06
1.531106036605762652e-03
1.890254366179952515e-05
1.701228929561957569e-04
1.701228929561957569e-04
1.701228929561957569e-04
1.890254366179952515e-05
1.890254366179952515e-05
1.531106036605762652e-03
2.333647365654261708e-07
1.890254366179952515e-05
1.890254366179952515e-05
1.531106036605762652e-03
2.100282629088835563e-06
1.890254366179952515e-05
1.531106036605762652e-03
2.333647365654261708e-07
2.100282629088835563e-06
1.701228929561957569e-04
1.701228929561957569e-04
1.701228929561957569e-04
1.890254366179952515e-05
1.701228929561957569e-04
1.701228929561957569e-04
2.333647365654261708e-07
2.100282629088835563e-06
1.890254366179952515e-05
2.592941517393623384e-08
1.890254366179952515e-05
1.531106036605762652e-03
1.890254366179952515e-05
2.333647365654261708e-07
2.333647365654261708e-07
1.531106036605762652e-03
1.531106036605762652e-03
1.890254366179952515e-05
2.333647365654261708e-07
2.100282629088835563e-06
2.100282629088835563e-06
2.100282629088835563e-06
2.100282629088835563e-06
1.531106036605762652e-03
2.100282629088835563e-06
1.701228929561957569e-04
1.531106036605762652e-03
1.701228929561957569e-04
1.890254366179952515e-05
1.701228929561957569e-04
1.240195889650668182e-01
1.890254366179952515e-05
1.701228929561957569e-04
1.377995432945186560e-02
1.531106036605762652e-03
2.333647365654261708e-07
1.701228929561957569e-04
2.100282629088835563e-06
2.333647365654261708e-07
2.592941517393623384e-08
1.890254366179952515e-05
1.890254366179952515e-05
1.531106036605762652e-03
2.100282629088835563e-06
1.890254366179952515e-05
1.240195889650668182e-01
1.890254366179952515e-05
1.890254366179952515e-05
1.701228929561957569e-04
1.890254366179952515e-05
1.701228929561957569e-04
2.100282629088835563e-06
1.890254366179952515e-05
1.890254366179952515e-05
2.333647365654261708e-07
2.100282629088835563e-06
2.592941517393623384e-08
1.701228929561957569e-04
1.701228929561957569e-04
2.333647365654261708e-07
1.890254366179952515e-05
1.701228929561957569e-04
2.100282629088835563e-06
1.890254366179952515e-05
1.701228929561957569e-04
1.890254366179952515e-05
2.100282629088835563e-06
1.890254366179952515e-05
1.890254366179952515e-05
2.100282629088835563e-06
1.890254366179952515e-05
1.890254366179952515e-05
1.890254366179952515e-05
1.890254366179952515e-05
2.592941517393623384e-08
1.890254366179952515e-05
1.701228929561957569e-04
1.701228929561957569e-04
1.701228929561957569e-04
1.701228929561957569e-04
2.333647365654261708e-07
1.531106036605762652e-03
1.890254366179952515e-05
2.333647365654261708e-07
2.100282629088835563e-06
2.100282629088835563e-06
2.100282629088835563e-06
2.592941517393623384e-08
1.531106036605762652e-03
2.333647365654261708e-07
2.100282629088835563e-06
1.531106036605762652e-03
2.333647365654261708e-07
1.890254366179952515e-05
2.100282629088835563e-06
1.890254366179952515e-05
1.377995432945186560e-02
1.890254366179952515e-05
1.890254366179952515e-05
1.531106036605762652e-03
1.531106036605762652e-03
1.890254366179952515e-05
1.890254366179952515e-05
1.531106036605762652e-03
1.890254366179952515e-05
1.701228929561957569e-04
2.100282629088835563e-06
1.890254366179952515e-05
1.531106036605762652e-03
1.701228929561957569e-04
2.100282629088835563e-06
1.890254366179952515e-05
1.890254366179952515e-05
1.890254366179952515e-05
1.890254366179952515e-05
2.100282629088835563e-06
1.701228929561957569e-04
1.531106036605762652e-03
1.701228929561957569e-04
2.333647365654261708e-07
2.333647365654261708e-07
1.531106036605762652e-03
1.890254366179952515e-05
2.100282629088835563e-06
2.592941517393623384e-08
2.333647365654261708e-07
2.100282629088835563e-06
2.592941517393623384e-08
1.890254366179952515e-05
2.592941517393623384e-08
1.701228929561957569e-04
1.377995432945186560e-02
2.333647365654261708e-07
1.531106036605762652e-03
1.701228929561957569e-04
2.592941517393623384e-08
1.701228929561957569e-04
2.333647365654261708e-07
2.100282629088835563e-06
2.100282629088835563e-06
1.240195889650668182e-01
2.592941517393623384e-08
1.701228929561957569e-04
1.531106036605762652e-03
1.890254366179952515e-05
1.701228929561957569e-04
2.100282629088835563e-06
2.100282629088835563e-06
1.701228929561957569e-04
2.333647365654261708e-07
1.701228929561957569e-04
1.701228929561957569e-04
2.333647365654261708e-07
2.100282629088835563e-06
1.701228929561957569e-04
1.377995432945186560e-02
1.701228929561957569e-04
2.100282629088835563e-06
2.333647365654261708e-07
1.701228929561957569e-04
1.531106036605762652e-03
2.333647365654261708e-07
2.100282629088835563e-06
1.531106036605762652e-03
1.890254366179952515e-05
1.701228929561957569e-04
1.890254366179952515e-05
1.531106036605762652e-03
2.592941517393623384e-08
1.701228929561957569e-04
1.890254366179952515e-05
1.701228929561957569e-04
2.333647365654261708e-07
2.100282629088835563e-06
1.701228929561957569e-04
1.531106036605762652e-03
1.701228929561957569e-04
1.531106036605762652e-03
1.531106036605762652e-03
2.333647365654261708e-07
1.890254366179952515e-05
2.100282629088835563e-06
2.100282629088835563e-06
1.890254366179952515e-05
1.890254366179952515e-05
1.701228929561957569e-04
2.100282629088835563e-06
2.100282629088835563e-06
2.100282629088835563e-06
2.333647365654261708e-07
1.890254366179952515e-05
2.333647365654261708e-07
1.890254366179952515e-05
2.100282629088835563e-06
2.333647365654261708e-07
1.377995432945186560e-02
2.333647365654261708e-07
1.890254366179952515e-05
1.531106036605762652e-03
1.890254366179952515e-05
1.701228929561957569e-04
1.890254366179952515e-05
1.701228929561957569e-04
2.592941517393623384e-08
1.531106036605762652e-03
1.890254366179952515e-05
2.100282629088835563e-06
1.531106036605762652e-03
2.333647365654261708e-07
1.701228929561957569e-04
1.701228929561957569e-04
1.701228929561957569e-04
2.100282629088835563e-06
1.377995432945186560e-02
2.100282629088835563e-06
1.701228929561957569e-04
1.531106036605762652e-03
2.333647365654261708e-07
2.100282629088835563e-06
2.100282629088835563e-06
1.890254366179952515e-05
2.592941517393623384e-08
2.100282629088835563e-06
2.100282629088835563e-06
1.701228929561957569e-04
1.701228929561957569e-04
2.592941517393623384e-08
1.890254366179952515e-05
2.592941517393623384e-08
2.100282629088835563e-06
1.531106036605762652e-03
1.377995432945186560e-02
1.890254366179952515e-05
1.890254366179952515e-05
1.890254366179952515e-05
1.890254366179952515e-05
1.531106036605762652e-03
1.890254366179952515e-05
1.701228929561957569e-04
2.333647365654261708e-07
1.531106036605762652e-03
2.592941517393623384e-08
1.890254366179952515e-05
1.890254366179952515e-05
1.890254366179952515e-05
1.701228929561957569e-04
1.890254366179952515e-05
2.333647365654261708e-07
2.100282629088835563e-06
2.333647365654261708e-07
2.100282629088835563e-06
1.701228929561957569e-04
1.701228929561957569e-04
1.701228929561957569e-04
1.701228929561957569e-04
2.592941517393623384e-08
1.701228929561957569e-04
1.890254366179952515e-05
1.890254366179952515e-05
1.890254366179952515e-05
