7.605283419347359682e-07
6.844755077412625831e-06
7.605283419347359682e-07
9.389238789317725633e-09
7.605283419347359682e-07
6.160279569671364773e-05
6.160279569671364773e-05
5.544251612704230057e-04
6.844755077412625831e-06
5.544251612704230057e-04
8.450314910385955055e-08
9.389238789317725633e-09
7.605283419347359682e-07
6.160279569671364773e-05
6.160279569671364773e-05
5.544251612704230057e-04
5.544251612704230057e-04
6.844755077412625831e-06
6.844755077412625831e-06
6.844755077412625831e-06
6.844755077412625831e-06
6.160279569671364773e-05
5.544251612704230057e-04
6.844755077412625831e-06
7.605283419347359682e-07
5.544251612704230057e-04
6.160279569671364773e-05
7.605283419347359682e-07
7.605283419347359682e-07
8.450314910385955055e-08
5.544251612704230057e-04
6.844755077412625831e-06
6.844755077412625831e-06
5.544251612704230057e-04
7.605283419347359682e-07
6.844755077412625831e-06
6.160279569671364773e-05
8.450314910385955055e-08
7.605283419347359682e-07
7.605283419347359682e-07
7.605283419347359682e-07
6.160279569671364773e-05
8.450314910385955055e-08
5.544251612704230057e-04
6.844755077412625831e-06
8.450314910385955055e-08
6.844755077412625831e-06
5.544251612704230057e-04
6.160279569671364773e-05
8.450314910385955055e-08
6.160279569671364773e-05
6.160279569671364773e-05
6.844755077412625831e-06
6.160279569671364773e-05
6.844755077412625831e-06
9.389238789317725633e-09
7.605283419347359682e-07
6.844755077412625831e-06
5.544251612704230057e-04
6.844755077412625831e-06
6.844755077412625831e-06
6.844755077412625831e-06
6.160279569671364773e-05
7.605283419347359682e-07
6.844755077412625831e-06
7.605283419347359682e-07
6.844755077412625831e-06
6.844755077412625831e-06
7.605283419347359682e-07
6.160279569671364773e-05
8.450314910385955055e-08
7.605283419347359682e-07
4.989826451433808027e-03
1.043248754368635814e-09
8.450314910385955055e-08
6.844755077412625831e-06
6.844755077412625831e-06
9.389238789317725633e-09
6.160279569671364773e-05
6.844755077412625831e-06
6.844755077412625831e-06
5.544251612704230057e-04
6.160279569671364773e-05
6.160279569671364773e-05
6.844755077412625831e-06
6.844755077412625831e-06
7.605283419347359682e-07
4.989826451433808027e-03
7.605283419347359682e-07
6.160279569671364773e-05
9.389238789317725633e-09
7.605283419347359682e-07
6.844755077412625831e-06
6.844755077412625831e-06
6.160279569671364773e-05
6.844755077412625831e-06
6.844755077412625831e-06
4.989826451433808027e-03
7.605283419347359682e-07
7.605283419347359682e-07
6.160279569671364773e-05
8.450314910385955055e-08
7.605283419347359682e-07
7.605283419347359682e-07
7.605283419347359682e-07
6.844755077412625831e-06
7.605283419347359682e-07
7.605283419347359682e-07
6.844755077412625831e-06
7.605283419347359682e-07
5.544251612704230057e-04
6.844755077412625831e-06
6.844755077412625831e-06
6.160279569671364773e-05
5.544251612704230057e-04
8.450314910385955055e-08
1.043248754368635814e-09
7.605283419347359682e-07
6.844755077412625831e-06
6.844755077412625831e-06
5.544251612704230057e-04
6.844755077412625831e-06
8.450314910385955055e-08
6.160279569671364773e-05
6.160279569671364773e-05
7.605283419347359682e-07
8.450314910385955055e-08
6.160279569671364773e-05
6.844755077412625831e-06
6.160279569671364773e-05
5.544251612704230057e-04
1.159165282631817269e-10
6.844755077412625831e-06
7.605283419347359682e-07
6.160279569671364773e-05
4.989826451433808027e-03
6.844755077412625831e-06
6.160279569671364773e-05
5.544251612704230057e-04
6.844755077412625831e-06
6.844755077412625831e-06
6.844755077412625831e-06
6.844755077412625831e-06
8.450314910385955055e-08
6.844755077412625831e-06
6.160279569671364773e-05
6.844755077412625831e-06
1.043248754368635814e-09
6.160279569671364773e-05
7.605283419347359682e-07
7.605283419347359682e-07
7.605283419347359682e-07
6.160279569671364773e-05
8.450314910385955055e-08
9.389238789317725633e-09
6.844755077412625831e-06
4.490843806290428786e-02
6.160279569671364773e-05
6.844755077412625831e-06
6.160279569671364773e-05
8.450314910385955055e-08
6.844755077412625831e-06
4.989826451433808027e-03
9.389238789317725633e-09
6.844755077412625831e-06
6.844755077412625831e-06
7.605283419347359682e-07
6.160279569671364773e-05
5.544251612704230057e-04
6.160279569671364773e-05
5.544251612704230057e-04
7.605283419347359682e-07
7.605283419347359682e-07
5.544251612704230057e-04
5.544251612704230057e-04
7.605283419347359682e-07
6.844755077412625831e-06
5.544251612704230057e-04
5.544251612704230057e-04
6.160279569671364773e-05
6.160279569671364773e-05
8.450314910385955055e-08
6.844755077412625831e-06
6.844755077412625831e-06
6.160279569671364773e-05
7.605283419347359682e-07
6.844755077412625831e-06
9.389238789317725633e-09
6.844755077412625831e-06
4.989826451433808027e-03
7.605283419347359682e-07
7.605283419347359682e-07
7.605283419347359682e-07
7.605283419347359682e-07
6.844755077412625831e-06
6.160279569671364773e-05
5.544251612704230057e-04
6.844755077412625831e-06
6.160279569671364773e-05
6.160279569671364773e-05
8.450314910385955055e-08
6.844755077412625831e-06
6.844755077412625831e-06
8.450314910385955055e-08
4.989826451433808027e-03
4.989826451433808027e-03
7.605283419347359682e-07
4.989826451433808027e-03
7.605283419347359682e-07
6.160279569671364773e-05
6.844755077412625831e-06
6.844755077412625831e-06
7.605283419347359682e-07
6.844755077412625831e-06
6.160279569671364773e-05
8.450314910385955055e-08
8.450314910385955055e-08
5.544251612704230057e-04
6.160279569671364773e-05
6.844755077412625831e-06
6.160279569671364773e-05
5.544251612704230057e-04
6.160279569671364773e-05
6.844755077412625831e-06
7.605283419347359682e-07
7.605283419347359682e-07
4.989826451433808027e-03
8.450314910385955055e-08
6.160279569671364773e-05
4.989826451433808027e-03
6.160279569671364773e-05
7.605283419347359682e-07
9.389238789317725633e-09
4.989826451433808027e-03
6.160279569671364773e-05
8.450314910385955055e-08
5.544251612704230057e-04
8.450314910385955055e-08
6.844755077412625831e-06
7.605283419347359682e-07
4.989826451433808027e-03
5.544251612704230057e-04
8.450314910385955055e-08
6.160279569671364773e-05
6.844755077412625831e-06
6.844755077412625831e-06
6.160279569671364773e-05
6.844755077412625831e-06
1.043248754368635814e-09
7.605283419347359682e-07
7.605283419347359682e-07
5.544251612704230057e-04
8.450314910385955055e-08
7.605283419347359682e-07
6.160279569671364773e-05
8.450314910385955055e-08
4.041759425661387017e-01
6.160279569671364773e-05
7.605283419347359682e-07
6.844755077412625831e-06
7.605283419347359682e-07
4.989826451433808027e-03
8.450314910385955055e-08
6.844755077412625831e-06
6.160279569671364773e-05
6.160279569671364773e-05
6.160279569671364773e-05
4.041759425661387017e-01
6.844755077412625831e-06
8.450314910385955055e-08
6.844755077412625831e-06
6.160279569671364773e-05
4.490843806290428786e-02
8.450314910385955055e-08
6.160279569671364773e-05
8.450314910385955055e-08
7.605283419347359682e-07
9.389238789317725633e-09
5.544251612704230057e-04
6.844755077412625831e-06
8.450314910385955055e-08
7.605283419347359682e-07
6.844755077412625831e-06
6.160279569671364773e-05
6.160279569671364773e-05
7.605283419347359682e-07
6.160279569671364773e-05
7.605283419347359682e-07
6.160279569671364773e-05
5.544251612704230057e-04
8.450314910385955055e-08
6.844755077412625831e-06
6.160279569671364773e-05
4.989826451433808027e-03
6.844755077412625831e-06
8.450314910385955055e-08
6.844755077412625831e-06
6.160279569671364773e-05
6.844755077412625831e-06
6.160279569671364773e-05
7.605283419347359682e-07
7.605283419347359682e-07
9.389238789317725633e-09
8.450314910385955055e-08
9.389238789317725633e-09
8.450314910385955055e-08
4.989826451433808027e-03
6.160279569671364773e-05
6.160279569671364773e-05
8.450314910385955055e-08
8.450314910385955055e-08
1.043248754368635814e-09
6.844755077412625831e-06
6.160279569671364773e-05
6.844755077412625831e-06
9.389238789317725633e-09
6.844755077412625831e-06
8.450314910385955055e-08
7.605283419347359682e-07
6.160279569671364773e-05
