2.975830184777088955e-06
2.975830184777088955e-06
2.678247166299380991e-05
1.757197965809025597e-01
3.306477983085654395e-07
2.975830184777088955e-06
2.410422449669443129e-04
2.169380204702500009e-03
2.678247166299380991e-05
3.306477983085654395e-07
2.975830184777088955e-06
1.952442184232250355e-02
2.169380204702500009e-03
2.410422449669443129e-04
2.975830184777088955e-06
3.673864425650726002e-08
2.975830184777088955e-06
2.678247166299380991e-05
2.169380204702500009e-03
2.169380204702500009e-03
2.410422449669443129e-04
2.169380204702500009e-03
2.169380204702500009e-03
2.975830184777088955e-06
3.306477983085654395e-07
2.410422449669443129e-04
2.678247166299380991e-05
2.410422449669443129e-04
3.306477983085654395e-07
2.975830184777088955e-06
2.678247166299380991e-05
2.678247166299380991e-05
3.306477983085654395e-07
3.306477983085654395e-07
2.678247166299380991e-05
2.410422449669443129e-04
2.975830184777088955e-06
2.410422449669443129e-04
3.306477983085654395e-07
2.678247166299380991e-05
3.673864425650726002e-08
3.306477983085654395e-07
2.975830184777088955e-06
2.410422449669443129e-04
2.678247166299380991e-05
2.410422449669443129e-04
3.306477983085654395e-07
2.975830184777088955e-06
1.757197965809025597e-01
2.975830184777088955e-06
2.169380204702500009e-03
2.678247166299380991e-05
2.410422449669443129e-04
1.757197965809025597e-01
1.757197965809025597e-01
2.975830184777088955e-06
3.306477983085654395e-07
2.975830184777088955e-06
2.410422449669443129e-04
2.678247166299380991e-05
2.410422449669443129e-04
2.169380204702500009e-03
2.169380204702500009e-03
2.410422449669443129e-04
2.678247166299380991e-05
3.306477983085654395e-07
3.306477983085654395e-07
2.975830184777088955e-06
3.673864425650726002e-08
2.975830184777088955e-06
2.678247166299380991e-05
3.306477983085654395e-07
2.678247166299380991e-05
2.169380204702500009e-03
2.975830184777088955e-06
2.410422449669443129e-04
2.975830184777088955e-06
2.975830184777088955e-06
2.678247166299380991e-05
2.975830184777088955e-06
3.673864425650726002e-08
2.410422449669443129e-04
2.410422449669443129e-04
2.975830184777088955e-06
2.169380204702500009e-03
2.678247166299380991e-05
2.169380204702500009e-03
2.169380204702500009e-03
2.410422449669443129e-04
1.952442184232250355e-02
2.169380204702500009e-03
2.410422449669443129e-04
2.169380204702500009e-03
3.306477983085654395e-07
2.975830184777088955e-06
3.673864425650726002e-08
2.410422449669443129e-04
2.169380204702500009e-03
2.975830184777088955e-06
2.678247166299380991e-05
2.410422449669443129e-04
2.410422449669443129e-04
2.678247166299380991e-05
2.678247166299380991e-05
2.169380204702500009e-03
2.678247166299380991e-05
2.169380204702500009e-03
2.975830184777088955e-06
2.169380204702500009e-03
2.678247166299380991e-05
2.678247166299380991e-05
2.975830184777088955e-06
1.952442184232250355e-02
2.169380204702500009e-03
2.169380204702500009e-03
2.169380204702500009e-03
3.673864425650726002e-08
2.410422449669443129e-04
2.410422449669443129e-04
2.975830184777088955e-06
2.975830184777088955e-06
2.975830184777088955e-06
2.678247166299380991e-05
2.410422449669443129e-04
2.975830184777088955e-06
1.952442184232250355e-02
3.306477983085654395e-07
2.169380204702500009e-03
3.306477983085654395e-07
2.678247166299380991e-05
2.410422449669443129e-04
2.975830184777088955e-06
1.952442184232250355e-02
2.975830184777088955e-06
2.169380204702500009e-03
2.975830184777088955e-06
2.975830184777088955e-06
2.975830184777088955e-06
2.410422449669443129e-04
2.410422449669443129e-04
3.306477983085654395e-07
3.306477983085654395e-07
2.975830184777088955e-06
2.410422449669443129e-04
3.306477983085654395e-07
2.410422449669443129e-04
1.952442184232250355e-02
2.975830184777088955e-06
2.975830184777088955e-06
2.410422449669443129e-04
2.975830184777088955e-06
3.306477983085654395e-07
2.678247166299380991e-05
2.410422449669443129e-04
2.975830184777088955e-06
2.169380204702500009e-03
2.410422449669443129e-04
2.678247166299380991e-05
2.410422449669443129e-04
2.169380204702500009e-03
4.082071584056361122e-09
2.678247166299380991e-05
2.169380204702500009e-03
3.673864425650726002e-08
2.975830184777088955e-06
2.169380204702500009e-03
2.410422449669443129e-04
3.306477983085654395e-07
3.673864425650726002e-08
2.169380204702500009e-03
3.306477983085654395e-07
2.678247166299380991e-05
2.169380204702500009e-03
2.169380204702500009e-03
2.169380204702500009e-03
2.975830184777088955e-06
2.975830184777088955e-06
2.410422449669443129e-04
2.678247166299380991e-05
3.306477983085654395e-07
2.678247166299380991e-05
2.410422449669443129e-04
2.410422449669443129e-04
2.410422449669443129e-04
2.678247166299380991e-05
2.975830184777088955e-06
2.169380204702500009e-03
1.952442184232250355e-02
2.975830184777088955e-06
2.410422449669443129e-04
2.410422449669443129e-04
2.975830184777088955e-06
2.169380204702500009e-03
2.410422449669443129e-04
2.678247166299380991e-05
2.975830184777088955e-06
2.975830184777088955e-06
3.306477983085654395e-07
2.410422449669443129e-04
2.678247166299380991e-05
2.975830184777088955e-06
3.306477983085654395e-07
2.169380204702500009e-03
2.975830184777088955e-06
3.306477983085654395e-07
2.169380204702500009e-03
2.410422449669443129e-04
2.678247166299380991e-05
3.306477983085654395e-07
2.410422449669443129e-04
3.306477983085654395e-07
2.975830184777088955e-06
2.410422449669443129e-04
2.678247166299380991e-05
1.952442184232250355e-02
3.306477983085654395e-07
2.410422449669443129e-04
2.410422449669443129e-04
2.975830184777088955e-06
2.410422449669443129e-04
2.410422449669443129e-04
3.306477983085654395e-07
2.975830184777088955e-06
2.169380204702500009e-03
2.169380204702500009e-03
2.975830184777088955e-06
2.410422449669443129e-04
2.975830184777088955e-06
2.169380204702500009e-03
2.678247166299380991e-05
1.952442184232250355e-02
2.678247166299380991e-05
2.678247166299380991e-05
2.678247166299380991e-05
3.306477983085654395e-07
2.975830184777088955e-06
2.975830184777088955e-06
2.678247166299380991e-05
2.410422449669443129e-04
2.169380204702500009e-03
2.975830184777088955e-06
2.678247166299380991e-05
2.678247166299380991e-05
2.410422449669443129e-04
2.678247166299380991e-05
2.678247166299380991e-05
2.410422449669443129e-04
2.410422449669443129e-04
2.410422449669443129e-04
2.410422449669443129e-04
3.306477983085654395e-07
1.952442184232250355e-02
3.673864425650726002e-08
2.410422449669443129e-04
2.975830184777088955e-06
3.673864425650726002e-08
