2.403631431229346217e-04
2.163268288106412734e-03
2.163268288106412734e-03
2.967446211394253371e-06
3.297162457104726026e-07
2.403631431229346217e-04
3.297162457104726026e-07
3.297162457104726026e-07
3.297162457104726026e-07
2.163268288106412734e-03
2.403631431229346217e-04
2.163268288106412734e-03
3.663513841227472627e-08
2.670701590254828754e-05
2.967446211394253371e-06
2.670701590254828754e-05
2.967446211394253371e-06
2.967446211394253371e-06
2.670701590254828754e-05
3.297162457104726026e-07
2.670701590254828754e-05
2.670701590254828754e-05
3.297162457104726026e-07
2.163268288106412734e-03
2.403631431229346217e-04
2.967446211394253371e-06
2.163268288106412734e-03
2.163268288106412734e-03
1.752247313366195047e-01
2.403631431229346217e-04
2.967446211394253371e-06
2.967446211394253371e-06
3.297162457104726026e-07
3.297162457104726026e-07
2.967446211394253371e-06
2.670701590254828754e-05
2.403631431229346217e-04
3.297162457104726026e-07
2.670701590254828754e-05
2.403631431229346217e-04
3.297162457104726026e-07
2.403631431229346217e-04
2.967446211394253371e-06
2.967446211394253371e-06
3.663513841227472627e-08
2.670701590254828754e-05
2.670701590254828754e-05
2.670701590254828754e-05
2.967446211394253371e-06
2.967446211394253371e-06
2.670701590254828754e-05
3.663513841227472627e-08
3.297162457104726026e-07
2.670701590254828754e-05
2.967446211394253371e-06
2.670701590254828754e-05
2.403631431229346217e-04
2.670701590254828754e-05
2.670701590254828754e-05
2.403631431229346217e-04
2.670701590254828754e-05
2.403631431229346217e-04
2.967446211394253371e-06
2.670701590254828754e-05
2.967446211394253371e-06
2.163268288106412734e-03
2.967446211394253371e-06
2.967446211394253371e-06
2.967446211394253371e-06
1.946941459295771851e-02
2.670701590254828754e-05
2.967446211394253371e-06
2.967446211394253371e-06
2.163268288106412734e-03
2.163268288106412734e-03
2.967446211394253371e-06
2.670701590254828754e-05
2.403631431229346217e-04
2.670701590254828754e-05
2.670701590254828754e-05
2.670701590254828754e-05
2.403631431229346217e-04
2.670701590254828754e-05
2.163268288106412734e-03
2.670701590254828754e-05
3.663513841227472627e-08
2.670701590254828754e-05
2.403631431229346217e-04
2.163268288106412734e-03
2.403631431229346217e-04
2.967446211394253371e-06
2.403631431229346217e-04
3.297162457104726026e-07
2.403631431229346217e-04
2.670701590254828754e-05
2.967446211394253371e-06
2.403631431229346217e-04
2.670701590254828754e-05
2.967446211394253371e-06
2.670701590254828754e-05
2.670701590254828754e-05
3.297162457104726026e-07
2.967446211394253371e-06
2.403631431229346217e-04
3.663513841227472627e-08
3.297162457104726026e-07
3.297162457104726026e-07
2.967446211394253371e-06
2.967446211394253371e-06
2.403631431229346217e-04
2.403631431229346217e-04
2.403631431229346217e-04
3.663513841227472627e-08
4.070570934697190338e-09
2.403631431229346217e-04
2.967446211394253371e-06
2.967446211394253371e-06
2.967446211394253371e-06
3.663513841227472627e-08
2.163268288106412734e-03
2.967446211394253371e-06
2.403631431229346217e-04
2.163268288106412734e-03
2.670701590254828754e-05
2.967446211394253371e-06
2.670701590254828754e-05
2.403631431229346217e-04
2.163268288106412734e-03
2.163268288106412734e-03
2.670701590254828754e-05
1.752247313366195047e-01
2.670701590254828754e-05
2.967446211394253371e-06
2.670701590254828754e-05
2.670701590254828754e-05
2.670701590254828754e-05
2.670701590254828754e-05
2.670701590254828754e-05
2.670701590254828754e-05
2.670701590254828754e-05
2.163268288106412734e-03
2.670701590254828754e-05
2.403631431229346217e-04
2.967446211394253371e-06
2.163268288106412734e-03
2.670701590254828754e-05
2.670701590254828754e-05
2.967446211394253371e-06
2.967446211394253371e-06
2.163268288106412734e-03
2.670701590254828754e-05
1.946941459295771851e-02
3.663513841227472627e-08
2.670701590254828754e-05
2.403631431229346217e-04
2.967446211394253371e-06
2.670701590254828754e-05
3.297162457104726026e-07
2.670701590254828754e-05
2.403631431229346217e-04
3.297162457104726026e-07
2.967446211394253371e-06
2.403631431229346217e-04
2.163268288106412734e-03
2.670701590254828754e-05
2.967446211394253371e-06
2.967446211394253371e-06
2.163268288106412734e-03
2.670701590254828754e-05
1.946941459295771851e-02
2.967446211394253371e-06
2.670701590254828754e-05
2.163268288106412734e-03
2.403631431229346217e-04
2.967446211394253371e-06
2.670701590254828754e-05
2.670701590254828754e-05
2.163268288106412734e-03
3.297162457104726026e-07
2.163268288106412734e-03
2.670701590254828754e-05
2.403631431229346217e-04
3.297162457104726026e-07
2.670701590254828754e-05
2.670701590254828754e-05
2.163268288106412734e-03
2.670701590254828754e-05
3.297162457104726026e-07
3.297162457104726026e-07
2.163268288106412734e-03
2.163268288106412734e-03
2.403631431229346217e-04
2.967446211394253371e-06
2.163268288106412734e-03
1.946941459295771851e-02
2.403631431229346217e-04
2.163268288106412734e-03
2.670701590254828754e-05
2.403631431229346217e-04
2.967446211394253371e-06
2.967446211394253371e-06
2.163268288106412734e-03
2.670701590254828754e-05
2.967446211394253371e-06
1.752247313366195047e-01
2.403631431229346217e-04
2.403631431229346217e-04
2.670701590254828754e-05
2.670701590254828754e-05
1.946941459295771851e-02
2.967446211394253371e-06
2.403631431229346217e-04
3.663513841227472627e-08
3.297162457104726026e-07
2.967446211394253371e-06
3.297162457104726026e-07
2.670701590254828754e-05
2.967446211394253371e-06
2.967446211394253371e-06
2.163268288106412734e-03
2.967446211394253371e-06
2.403631431229346217e-04
2.670701590254828754e-05
2.670701590254828754e-05
2.967446211394253371e-06
2.670701590254828754e-05
2.670701590254828754e-05
2.670701590254828754e-05
3.297162457104726026e-07
3.297162457104726026e-07
2.163268288106412734e-03
2.967446211394253371e-06
2.403631431229346217e-04
2.670701590254828754e-05
2.967446211394253371e-06
2.670701590254828754e-05
2.403631431229346217e-04
3.297162457104726026e-07
3.663513841227472627e-08
2.403631431229346217e-04
2.670701590254828754e-05
2.403631431229346217e-04
2.670701590254828754e-05
2.967446211394253371e-06
2.403631431229346217e-04
3.297162457104726026e-07
2.670701590254828754e-05
2.967446211394253371e-06
2.403631431229346217e-04
3.663513841227472627e-08
2.670701590254828754e-05
2.670701590254828754e-05
2.403631431229346217e-04
2.967446211394253371e-06
3.663513841227472627e-08
2.967446211394253371e-06
2.967446211394253371e-06
2.967446211394253371e-06
2.670701590254828754e-05
3.663513841227472627e-08
2.967446211394253371e-06
2.163268288106412734e-03
1.752247313366195047e-01
2.967446211394253371e-06
2.670701590254828754e-05
2.403631431229346217e-04
2.163268288106412734e-03
2.670701590254828754e-05
2.967446211394253371e-06
3.297162457104726026e-07
3.663513841227472627e-08
3.297162457104726026e-07
2.403631431229346217e-04
1.946941459295771851e-02
2.670701590254828754e-05
2.163268288106412734e-03
2.163268288106412734e-03
2.967446211394253371e-06
2.670701590254828754e-05
2.403631431229346217e-04
1.946941459295771851e-02
2.967446211394253371e-06
2.967446211394253371e-06
2.670701590254828754e-05
2.670701590254828754e-05
2.967446211394253371e-06
2.163268288106412734e-03
2.967446211394253371e-06
2.163268288106412734e-03
3.297162457104726026e-07
3.297162457104726026e-07
3.663513841227472627e-08
2.403631431229346217e-04
2.670701590254828754e-05
2.403631431229346217e-04
2.403631431229346217e-04
2.403631431229346217e-04
3.663513841227472627e-08
2.967446211394253371e-06
3.663513841227472627e-08
3.297162457104726026e-07
1.946941459295771851e-02
2.670701590254828754e-05
2.163268288106412734e-03
2.403631431229346217e-04
2.403631431229346217e-04
2.163268288106412734e-03
1.946941459295771851e-02
2.967446211394253371e-06
2.670701590254828754e-05
2.967446211394253371e-06
2.670701590254828754e-05
4.070570934697190338e-09
3.297162457104726026e-07
1.946941459295771851e-02
2.163268288106412734e-03
3.297162457104726026e-07
2.403631431229346217e-04
2.670701590254828754e-05
3.297162457104726026e-07
