2.874218632014488350e-05
3.193576257793874815e-06
2.874218632014488350e-05
2.874218632014488350e-05
2.586796768813039854e-04
3.193576257793874815e-06
3.193576257793874815e-06
3.193576257793874815e-06
3.193576257793874815e-06
2.874218632014488350e-05
2.328117091931737170e-03
3.193576257793874815e-06
2.586796768813039854e-04
2.874218632014488350e-05
2.328117091931737170e-03
2.586796768813039854e-04
2.586796768813039854e-04
2.874218632014488350e-05
2.586796768813039854e-04
2.874218632014488350e-05
3.193576257793874815e-06
2.586796768813039854e-04
2.328117091931737170e-03
2.328117091931737170e-03
2.586796768813039854e-04
2.874218632014488350e-05
2.586796768813039854e-04
1.885774844464707667e-01
3.193576257793874815e-06
2.586796768813039854e-04
2.586796768813039854e-04
2.586796768813039854e-04
2.874218632014488350e-05
2.874218632014488350e-05
2.874218632014488350e-05
2.586796768813039854e-04
3.942686738017128331e-08
3.193576257793874815e-06
2.874218632014488350e-05
3.193576257793874815e-06
3.193576257793874815e-06
3.193576257793874815e-06
3.193576257793874815e-06
3.193576257793874815e-06
4.867514491379167563e-10
2.874218632014488350e-05
2.874218632014488350e-05
2.328117091931737170e-03
2.328117091931737170e-03
3.193576257793874815e-06
3.193576257793874815e-06
2.874218632014488350e-05
3.193576257793874815e-06
3.193576257793874815e-06
3.193576257793874815e-06
1.885774844464707667e-01
3.193576257793874815e-06
2.095305382738563496e-02
2.874218632014488350e-05
2.095305382738563496e-02
3.548418064215416756e-07
2.874218632014488350e-05
2.874218632014488350e-05
3.548418064215416756e-07
2.874218632014488350e-05
3.548418064215416756e-07
3.193576257793874815e-06
2.586796768813039854e-04
2.328117091931737170e-03
2.328117091931737170e-03
2.328117091931737170e-03
3.193576257793874815e-06
3.942686738017128331e-08
2.874218632014488350e-05
3.548418064215416756e-07
2.586796768813039854e-04
2.874218632014488350e-05
3.193576257793874815e-06
2.874218632014488350e-05
2.095305382738563496e-02
2.328117091931737170e-03
3.548418064215416756e-07
2.874218632014488350e-05
2.586796768813039854e-04
2.874218632014488350e-05
2.328117091931737170e-03
2.586796768813039854e-04
2.874218632014488350e-05
3.942686738017128331e-08
2.874218632014488350e-05
3.548418064215416756e-07
3.193576257793874815e-06
3.548418064215416756e-07
3.548418064215416756e-07
3.548418064215416756e-07
2.874218632014488350e-05
2.874218632014488350e-05
2.328117091931737170e-03
3.193576257793874815e-06
3.193576257793874815e-06
3.548418064215416756e-07
3.942686738017128331e-08
2.586796768813039854e-04
2.586796768813039854e-04
2.095305382738563496e-02
2.586796768813039854e-04
2.328117091931737170e-03
3.548418064215416756e-07
2.586796768813039854e-04
3.193576257793874815e-06
2.328117091931737170e-03
3.548418064215416756e-07
3.548418064215416756e-07
2.328117091931737170e-03
3.193576257793874815e-06
3.193576257793874815e-06
2.328117091931737170e-03
2.586796768813039854e-04
2.874218632014488350e-05
3.193576257793874815e-06
2.586796768813039854e-04
2.874218632014488350e-05
3.193576257793874815e-06
2.328117091931737170e-03
3.548418064215416756e-07
3.193576257793874815e-06
2.874218632014488350e-05
2.586796768813039854e-04
2.874218632014488350e-05
2.874218632014488350e-05
2.874218632014488350e-05
3.548418064215416756e-07
2.874218632014488350e-05
2.586796768813039854e-04
2.874218632014488350e-05
2.874218632014488350e-05
2.874218632014488350e-05
2.874218632014488350e-05
3.548418064215416756e-07
2.586796768813039854e-04
2.874218632014488350e-05
2.874218632014488350e-05
2.328117091931737170e-03
2.586796768813039854e-04
3.193576257793874815e-06
2.328117091931737170e-03
3.193576257793874815e-06
3.942686738017128331e-08
3.548418064215416756e-07
2.095305382738563496e-02
2.328117091931737170e-03
3.193576257793874815e-06
3.548418064215416756e-07
2.328117091931737170e-03
3.548418064215416756e-07
3.548418064215416756e-07
2.328117091931737170e-03
2.586796768813039854e-04
2.874218632014488350e-05
3.193576257793874815e-06
2.328117091931737170e-03
3.193576257793874815e-06
3.193576257793874815e-06
2.874218632014488350e-05
2.586796768813039854e-04
3.942686738017128331e-08
2.586796768813039854e-04
1.885774844464707667e-01
2.874218632014488350e-05
2.328117091931737170e-03
3.193576257793874815e-06
2.874218632014488350e-05
2.874218632014488350e-05
3.193576257793874815e-06
2.586796768813039854e-04
3.193576257793874815e-06
3.548418064215416756e-07
2.328117091931737170e-03
2.874218632014488350e-05
2.586796768813039854e-04
2.328117091931737170e-03
3.942686738017128331e-08
1.885774844464707667e-01
2.874218632014488350e-05
2.328117091931737170e-03
3.942686738017128331e-08
2.586796768813039854e-04
2.586796768813039854e-04
2.095305382738563496e-02
3.942686738017128331e-08
3.548418064215416756e-07
2.328117091931737170e-03
2.586796768813039854e-04
3.193576257793874815e-06
3.193576257793874815e-06
2.328117091931737170e-03
2.874218632014488350e-05
2.586796768813039854e-04
2.586796768813039854e-04
2.874218632014488350e-05
2.874218632014488350e-05
2.874218632014488350e-05
2.586796768813039854e-04
3.193576257793874815e-06
2.586796768813039854e-04
2.874218632014488350e-05
3.193576257793874815e-06
3.548418064215416756e-07
3.193576257793874815e-06
3.942686738017128331e-08
2.874218632014488350e-05
3.942686738017128331e-08
2.586796768813039854e-04
3.548418064215416756e-07
2.328117091931737170e-03
2.328117091931737170e-03
3.193576257793874815e-06
2.874218632014488350e-05
2.586796768813039854e-04
3.548418064215416756e-07
2.874218632014488350e-05
3.548418064215416756e-07
2.874218632014488350e-05
2.874218632014488350e-05
2.874218632014488350e-05
3.548418064215416756e-07
2.328117091931737170e-03
2.586796768813039854e-04
2.586796768813039854e-04
2.586796768813039854e-04
2.586796768813039854e-04
3.548418064215416756e-07
2.328117091931737170e-03
2.586796768813039854e-04
3.193576257793874815e-06
2.874218632014488350e-05
3.193576257793874815e-06
3.548418064215416756e-07
2.874218632014488350e-05
3.548418064215416756e-07
2.874218632014488350e-05
2.095305382738563496e-02
2.874218632014488350e-05
2.586796768813039854e-04
2.586796768813039854e-04
3.193576257793874815e-06
2.586796768813039854e-04
2.586796768813039854e-04
3.548418064215416756e-07
2.328117091931737170e-03
3.193576257793874815e-06
2.328117091931737170e-03
2.586796768813039854e-04
2.328117091931737170e-03
2.874218632014488350e-05
2.586796768813039854e-04
