1.439525843312653472e-04
1.599473159236281447e-05
1.599473159236281447e-05
1.777192399151423194e-06
1.599473159236281447e-05
1.599473159236281447e-05
1.974658221279359017e-07
1.599473159236281447e-05
1.599473159236281447e-05
1.439525843312653472e-04
1.439525843312653472e-04
1.599473159236281447e-05
1.777192399151423194e-06
1.777192399151423194e-06
1.295573258981388802e-03
1.974658221279359017e-07
1.439525843312653472e-04
1.599473159236281447e-05
1.439525843312653472e-04
1.599473159236281447e-05
1.599473159236281447e-05
1.599473159236281447e-05
2.194064690310398466e-08
1.166015933083250009e-02
1.439525843312653472e-04
1.599473159236281447e-05
1.777192399151423194e-06
1.599473159236281447e-05
1.599473159236281447e-05
1.295573258981388802e-03
1.439525843312653472e-04
1.599473159236281447e-05
1.974658221279359017e-07
1.777192399151423194e-06
1.166015933083250009e-02
1.599473159236281447e-05
1.777192399151423194e-06
1.439525843312653472e-04
1.439525843312653472e-04
1.439525843312653472e-04
1.599473159236281447e-05
1.599473159236281447e-05
1.599473159236281447e-05
1.599473159236281447e-05
2.194064690310398466e-08
1.049414339774925320e-01
1.599473159236281447e-05
1.974658221279359017e-07
1.777192399151423194e-06
1.777192399151423194e-06
2.194064690310398466e-08
1.599473159236281447e-05
1.777192399151423194e-06
1.439525843312653472e-04
1.439525843312653472e-04
1.599473159236281447e-05
1.777192399151423194e-06
1.599473159236281447e-05
1.599473159236281447e-05
1.974658221279359017e-07
1.974658221279359017e-07
1.049414339774925320e-01
1.599473159236281447e-05
1.295573258981388802e-03
1.295573258981388802e-03
1.166015933083250009e-02
1.974658221279359017e-07
1.777192399151423194e-06
1.599473159236281447e-05
1.295573258981388802e-03
1.974658221279359017e-07
1.439525843312653472e-04
1.439525843312653472e-04
1.974658221279359017e-07
1.599473159236281447e-05
1.777192399151423194e-06
1.439525843312653472e-04
1.777192399151423194e-06
1.777192399151423194e-06
1.974658221279359017e-07
1.295573258981388802e-03
1.599473159236281447e-05
1.599473159236281447e-05
1.439525843312653472e-04
1.439525843312653472e-04
1.439525843312653472e-04
1.777192399151423194e-06
1.439525843312653472e-04
1.599473159236281447e-05
1.974658221279359017e-07
1.777192399151423194e-06
1.974658221279359017e-07
1.599473159236281447e-05
1.439525843312653472e-04
1.599473159236281447e-05
1.295573258981388802e-03
1.439525843312653472e-04
1.777192399151423194e-06
2.437849655900441959e-09
1.974658221279359017e-07
1.295573258981388802e-03
1.777192399151423194e-06
1.599473159236281447e-05
1.049414339774925320e-01
1.439525843312653472e-04
1.166015933083250009e-02
1.295573258981388802e-03
1.777192399151423194e-06
1.599473159236281447e-05
1.777192399151423194e-06
1.777192399151423194e-06
1.295573258981388802e-03
1.599473159236281447e-05
1.974658221279359017e-07
2.194064690310398466e-08
1.295573258981388802e-03
1.777192399151423194e-06
1.777192399151423194e-06
1.295573258981388802e-03
1.777192399151423194e-06
1.599473159236281447e-05
1.439525843312653472e-04
1.439525843312653472e-04
1.439525843312653472e-04
2.194064690310398466e-08
1.439525843312653472e-04
1.777192399151423194e-06
2.437849655900441959e-09
1.974658221279359017e-07
1.439525843312653472e-04
1.777192399151423194e-06
1.777192399151423194e-06
1.599473159236281447e-05
1.777192399151423194e-06
1.049414339774925320e-01
2.194064690310398466e-08
1.166015933083250009e-02
1.049414339774925320e-01
1.599473159236281447e-05
2.194064690310398466e-08
1.599473159236281447e-05
2.194064690310398466e-08
1.777192399151423194e-06
1.439525843312653472e-04
2.437849655900441959e-09
1.439525843312653472e-04
1.166015933083250009e-02
1.295573258981388802e-03
1.166015933083250009e-02
1.166015933083250009e-02
1.599473159236281447e-05
1.974658221279359017e-07
1.439525843312653472e-04
1.439525843312653472e-04
1.599473159236281447e-05
1.599473159236281447e-05
1.295573258981388802e-03
1.049414339774925320e-01
1.777192399151423194e-06
1.439525843312653472e-04
1.974658221279359017e-07
1.439525843312653472e-04
1.599473159236281447e-05
1.599473159236281447e-05
1.974658221279359017e-07
1.295573258981388802e-03
1.974658221279359017e-07
1.599473159236281447e-05
1.777192399151423194e-06
1.295573258981388802e-03
1.439525843312653472e-04
1.777192399151423194e-06
1.599473159236281447e-05
1.777192399151423194e-06
1.439525843312653472e-04
1.439525843312653472e-04
1.777192399151423194e-06
1.439525843312653472e-04
1.439525843312653472e-04
1.974658221279359017e-07
1.974658221279359017e-07
1.599473159236281447e-05
1.439525843312653472e-04
2.194064690310398466e-08
1.439525843312653472e-04
1.777192399151423194e-06
1.599473159236281447e-05
1.166015933083250009e-02
2.194064690310398466e-08
1.777192399151423194e-06
1.599473159236281447e-05
1.439525843312653472e-04
2.194064690310398466e-08
1.599473159236281447e-05
1.777192399151423194e-06
1.777192399151423194e-06
1.777192399151423194e-06
1.599473159236281447e-05
1.974658221279359017e-07
1.599473159236281447e-05
1.599473159236281447e-05
1.974658221279359017e-07
2.194064690310398466e-08
1.439525843312653472e-04
1.974658221279359017e-07
1.295573258981388802e-03
1.295573258981388802e-03
1.599473159236281447e-05
1.777192399151423194e-06
1.295573258981388802e-03
1.439525843312653472e-04
1.777192399151423194e-06
1.777192399151423194e-06
1.599473159236281447e-05
1.777192399151423194e-06
1.599473159236281447e-05
1.295573258981388802e-03
1.777192399151423194e-06
1.439525843312653472e-04
1.974658221279359017e-07
1.295573258981388802e-03
1.295573258981388802e-03
1.439525843312653472e-04
1.439525843312653472e-04
1.599473159236281447e-05
2.194064690310398466e-08
2.194064690310398466e-08
1.974658221279359017e-07
1.439525843312653472e-04
1.777192399151423194e-06
1.599473159236281447e-05
2.194064690310398466e-08
1.974658221279359017e-07
1.166015933083250009e-02
1.599473159236281447e-05
1.777192399151423194e-06
1.599473159236281447e-05
1.599473159236281447e-05
1.777192399151423194e-06
1.295573258981388802e-03
1.599473159236281447e-05
1.777192399151423194e-06
1.599473159236281447e-05
1.777192399151423194e-06
1.599473159236281447e-05
2.194064690310398466e-08
1.439525843312653472e-04
1.599473159236281447e-05
1.777192399151423194e-06
1.777192399151423194e-06
1.777192399151423194e-06
1.166015933083250009e-02
1.599473159236281447e-05
1.777192399151423194e-06
1.599473159236281447e-05
1.599473159236281447e-05
2.194064690310398466e-08
1.974658221279359017e-07
1.439525843312653472e-04
2.194064690310398466e-08
1.599473159236281447e-05
1.599473159236281447e-05
1.599473159236281447e-05
1.295573258981388802e-03
1.599473159236281447e-05
1.974658221279359017e-07
1.295573258981388802e-03
1.777192399151423194e-06
1.974658221279359017e-07
1.599473159236281447e-05
1.777192399151423194e-06
1.295573258981388802e-03
1.439525843312653472e-04
1.777192399151423194e-06
2.194064690310398466e-08
1.439525843312653472e-04
1.439525843312653472e-04
1.974658221279359017e-07
1.599473159236281447e-05
1.295573258981388802e-03
1.439525843312653472e-04
1.439525843312653472e-04
2.437849655900441959e-09
1.974658221279359017e-07
1.974658221279359017e-07
1.777192399151423194e-06
1.777192399151423194e-06
1.777192399151423194e-06
1.439525843312653472e-04
1.295573258981388802e-03
1.599473159236281447e-05
1.166015933083250009e-02
1.439525843312653472e-04
1.599473159236281447e-05
1.439525843312653472e-04
1.049414339774925320e-01
1.599473159236281447e-05
1.599473159236281447e-05
1.295573258981388802e-03
1.166015933083250009e-02
1.439525843312653472e-04
1.777192399151423194e-06
1.439525843312653472e-04
1.777192399151423194e-06
1.777192399151423194e-06
1.295573258981388802e-03
1.295573258981388802e-03
1.599473159236281447e-05
1.777192399151423194e-06
1.439525843312653472e-04
1.599473159236281447e-05
1.439525843312653472e-04
1.439525843312653472e-04
1.166015933083250009e-02
2.194064690310398466e-08
1.777192399151423194e-06
1.777192399151423194e-06
1.439525843312653472e-04
1.295573258981388802e-03
1.599473159236281447e-05
1.166015933083250009e-02
1.777192399151423194e-06
1.439525843312653472e-04
1.599473159236281447e-05
1.599473159236281447e-05
1.599473159236281447e-05
1.439525843312653472e-04
1.295573258981388802e-03
1.439525843312653472e-04
1.599473159236281447e-05
1.166015933083250009e-02
1.599473159236281447e-05
1.295573258981388802e-03
1.599473159236281447e-05
1.599473159236281447e-05
1.974658221279359017e-07
1.599473159236281447e-05
1.439525843312653472e-04
1.439525843312653472e-04
1.295573258981388802e-03
1.974658221279359017e-07
1.439525843312653472e-04
1.599473159236281447e-05
1.295573258981388802e-03
2.194064690310398466e-08
1.295573258981388802e-03
1.777192399151423194e-06
1.777192399151423194e-06
1.439525843312653472e-04
1.599473159236281447e-05
1.599473159236281447e-05
1.439525843312653472e-04
1.295573258981388802e-03
1.974658221279359017e-07
1.439525843312653472e-04
2.194064690310398466e-08
1.974658221279359017e-07
1.599473159236281447e-05
2.437849655900441959e-09
1.166015933083250009e-02
1.777192399151423194e-06
1.295573258981388802e-03
1.974658221279359017e-07
1.974658221279359017e-07
1.439525843312653472e-04
1.439525843312653472e-04
1.777192399151423194e-06
1.599473159236281447e-05
1.974658221279359017e-07
1.439525843312653472e-04
1.974658221279359017e-07
1.439525843312653472e-04
1.295573258981388802e-03
1.974658221279359017e-07
1.599473159236281447e-05
1.974658221279359017e-07
1.777192399151423194e-06
1.439525843312653472e-04
1.777192399151423194e-06
1.974658221279359017e-07
1.295573258981388802e-03
1.295573258981388802e-03
1.599473159236281447e-05
1.974658221279359017e-07
