6.300976590868372563e-06
5.670878931781537255e-05
5.103791038603384478e-04
7.001085100964857698e-07
5.103791038603384478e-04
4.134070741268743715e-02
4.593411934743048090e-03
6.300976590868372563e-06
7.001085100964857698e-07
5.670878931781537255e-05
7.001085100964857698e-07
5.670878931781537255e-05
6.300976590868372563e-06
5.670878931781537255e-05
5.103791038603384478e-04
5.670878931781537255e-05
5.103791038603384478e-04
4.593411934743048090e-03
4.593411934743048090e-03
5.103791038603384478e-04
4.593411934743048090e-03
5.670878931781537255e-05
6.300976590868372563e-06
6.300976590868372563e-06
5.670878931781537255e-05
5.670878931781537255e-05
6.300976590868372563e-06
6.300976590868372563e-06
5.103791038603384478e-04
6.300976590868372563e-06
4.134070741268743715e-02
4.134070741268743715e-02
5.103791038603384478e-04
6.300976590868372563e-06
7.001085100964857698e-07
4.593411934743048090e-03
5.103791038603384478e-04
4.593411934743048090e-03
5.670878931781537255e-05
4.593411934743048090e-03
5.103791038603384478e-04
5.670878931781537255e-05
5.670878931781537255e-05
6.300976590868372563e-06
6.300976590868372563e-06
7.001085100964857698e-07
7.778983445516506935e-08
6.300976590868372563e-06
5.103791038603384478e-04
5.103791038603384478e-04
4.134070741268743715e-02
5.103791038603384478e-04
6.300976590868372563e-06
7.778983445516506935e-08
4.593411934743048090e-03
4.134070741268743715e-02
6.300976590868372563e-06
6.300976590868372563e-06
8.643314939462783094e-09
5.103791038603384478e-04
5.103791038603384478e-04
7.001085100964857698e-07
5.670878931781537255e-05
5.103791038603384478e-04
4.593411934743048090e-03
5.103791038603384478e-04
5.670878931781537255e-05
6.300976590868372563e-06
6.300976590868372563e-06
6.300976590868372563e-06
6.300976590868372563e-06
5.670878931781537255e-05
4.134070741268743715e-02
5.103791038603384478e-04
5.670878931781537255e-05
5.103791038603384478e-04
6.300976590868372563e-06
5.670878931781537255e-05
5.103791038603384478e-04
4.134070741268743715e-02
5.670878931781537255e-05
5.670878931781537255e-05
5.670878931781537255e-05
5.103791038603384478e-04
6.300976590868372563e-06
5.670878931781537255e-05
5.670878931781537255e-05
7.778983445516506935e-08
7.778983445516506935e-08
4.593411934743048090e-03
4.593411934743048090e-03
5.670878931781537255e-05
5.670878931781537255e-05
7.001085100964857698e-07
6.300976590868372563e-06
4.593411934743048090e-03
6.300976590868372563e-06
5.103791038603384478e-04
5.670878931781537255e-05
5.670878931781537255e-05
7.001085100964857698e-07
7.001085100964857698e-07
4.593411934743048090e-03
5.670878931781537255e-05
5.670878931781537255e-05
5.670878931781537255e-05
5.670878931781537255e-05
5.670878931781537255e-05
5.670878931781537255e-05
5.670878931781537255e-05
7.778983445516506935e-08
7.001085100964857698e-07
5.103791038603384478e-04
5.103791038603384478e-04
7.001085100964857698e-07
4.593411934743048090e-03
6.300976590868372563e-06
7.001085100964857698e-07
6.300976590868372563e-06
5.670878931781537255e-05
6.300976590868372563e-06
6.300976590868372563e-06
5.670878931781537255e-05
5.103791038603384478e-04
5.670878931781537255e-05
6.300976590868372563e-06
6.300976590868372563e-06
4.134070741268743715e-02
6.300976590868372563e-06
5.670878931781537255e-05
4.593411934743048090e-03
6.300976590868372563e-06
6.300976590868372563e-06
5.670878931781537255e-05
7.001085100964857698e-07
5.103791038603384478e-04
4.593411934743048090e-03
4.134070741268743715e-02
4.593411934743048090e-03
5.103791038603384478e-04
7.778983445516506935e-08
6.300976590868372563e-06
7.001085100964857698e-07
6.300976590868372563e-06
5.670878931781537255e-05
5.670878931781537255e-05
6.300976590868372563e-06
4.593411934743048090e-03
5.670878931781537255e-05
5.670878931781537255e-05
5.670878931781537255e-05
7.778983445516506935e-08
7.001085100964857698e-07
4.593411934743048090e-03
5.103791038603384478e-04
5.103791038603384478e-04
6.300976590868372563e-06
5.103791038603384478e-04
7.001085100964857698e-07
5.670878931781537255e-05
6.300976590868372563e-06
5.103791038603384478e-04
7.001085100964857698e-07
6.300976590868372563e-06
6.300976590868372563e-06
5.670878931781537255e-05
5.103791038603384478e-04
4.593411934743048090e-03
7.001085100964857698e-07
4.593411934743048090e-03
6.300976590868372563e-06
5.103791038603384478e-04
5.670878931781537255e-05
5.103791038603384478e-04
4.134070741268743715e-02
4.593411934743048090e-03
5.670878931781537255e-05
5.103791038603384478e-04
5.103791038603384478e-04
5.670878931781537255e-05
6.300976590868372563e-06
5.670878931781537255e-05
6.300976590868372563e-06
4.593411934743048090e-03
5.103791038603384478e-04
6.300976590868372563e-06
5.103791038603384478e-04
5.103791038603384478e-04
5.670878931781537255e-05
6.300976590868372563e-06
5.670878931781537255e-05
4.593411934743048090e-03
5.103791038603384478e-04
5.103791038603384478e-04
6.300976590868372563e-06
7.001085100964857698e-07
5.670878931781537255e-05
7.001085100964857698e-07
4.593411934743048090e-03
5.670878931781537255e-05
6.300976590868372563e-06
7.001085100964857698e-07
5.103791038603384478e-04
5.103791038603384478e-04
4.134070741268743715e-02
5.103791038603384478e-04
3.720663667141870246e-01
7.778983445516506935e-08
4.593411934743048090e-03
5.103791038603384478e-04
7.001085100964857698e-07
4.593411934743048090e-03
5.103791038603384478e-04
9.603683266069755087e-10
5.670878931781537255e-05
5.103791038603384478e-04
6.300976590868372563e-06
6.300976590868372563e-06
5.670878931781537255e-05
6.300976590868372563e-06
4.593411934743048090e-03
5.670878931781537255e-05
7.001085100964857698e-07
6.300976590868372563e-06
5.103791038603384478e-04
7.001085100964857698e-07
5.103791038603384478e-04
6.300976590868372563e-06
4.593411934743048090e-03
7.001085100964857698e-07
6.300976590868372563e-06
4.593411934743048090e-03
6.300976590868372563e-06
7.001085100964857698e-07
5.670878931781537255e-05
6.300976590868372563e-06
5.103791038603384478e-04
6.300976590868372563e-06
5.670878931781537255e-05
4.593411934743048090e-03
6.300976590868372563e-06
6.300976590868372563e-06
7.778983445516506935e-08
6.300976590868372563e-06
5.103791038603384478e-04
7.001085100964857698e-07
6.300976590868372563e-06
5.670878931781537255e-05
7.001085100964857698e-07
7.001085100964857698e-07
7.001085100964857698e-07
5.103791038603384478e-04
5.103791038603384478e-04
5.103791038603384478e-04
7.001085100964857698e-07
5.670878931781537255e-05
