2.690000530017338035e-02
4.099985566251081819e-06
3.320988308663378255e-04
3.320988308663378255e-04
4.099985566251081819e-06
3.689987009625975161e-05
4.099985566251081819e-06
3.320988308663378255e-04
4.555539518056757811e-07
3.320988308663378255e-04
4.099985566251081819e-06
4.555539518056757811e-07
5.624122861798463258e-09
4.099985566251081819e-06
3.320988308663378255e-04
4.555539518056757811e-07
3.689987009625975161e-05
2.690000530017338035e-02
3.320988308663378255e-04
4.099985566251081819e-06
4.099985566251081819e-06
4.555539518056757811e-07
3.689987009625975161e-05
3.320988308663378255e-04
4.555539518056757811e-07
3.320988308663378255e-04
2.421000477015604890e-01
3.320988308663378255e-04
5.061710575618618835e-08
3.689987009625975161e-05
3.689987009625975161e-05
2.988889477797041731e-03
3.689987009625975161e-05
3.689987009625975161e-05
3.320988308663378255e-04
3.689987009625975161e-05
2.988889477797041731e-03
3.320988308663378255e-04
3.320988308663378255e-04
2.988889477797041731e-03
3.689987009625975161e-05
2.988889477797041731e-03
3.689987009625975161e-05
3.689987009625975161e-05
4.099985566251081819e-06
3.320988308663378255e-04
2.421000477015604890e-01
4.099985566251081819e-06
4.555539518056757811e-07
3.320988308663378255e-04
4.555539518056757811e-07
3.320988308663378255e-04
3.320988308663378255e-04
3.689987009625975161e-05
3.320988308663378255e-04
2.988889477797041731e-03
2.421000477015604890e-01
4.099985566251081819e-06
3.689987009625975161e-05
2.988889477797041731e-03
3.320988308663378255e-04
3.689987009625975161e-05
2.690000530017338035e-02
2.988889477797041731e-03
2.988889477797041731e-03
2.690000530017338035e-02
3.320988308663378255e-04
5.061710575618618835e-08
4.099985566251081819e-06
3.689987009625975161e-05
3.689987009625975161e-05
4.099985566251081819e-06
3.320988308663378255e-04
4.555539518056757811e-07
2.988889477797041731e-03
3.320988308663378255e-04
2.988889477797041731e-03
2.988889477797041731e-03
5.061710575618618835e-08
4.555539518056757811e-07
3.320988308663378255e-04
3.689987009625975161e-05
3.320988308663378255e-04
3.320988308663378255e-04
4.555539518056757811e-07
3.689987009625975161e-05
2.988889477797041731e-03
3.689987009625975161e-05
4.099985566251081819e-06
3.320988308663378255e-04
4.099985566251081819e-06
2.988889477797041731e-03
4.099985566251081819e-06
3.689987009625975161e-05
4.099985566251081819e-06
4.099985566251081819e-06
4.555539518056757811e-07
4.099985566251081819e-06
4.099985566251081819e-06
3.320988308663378255e-04
4.555539518056757811e-07
3.689987009625975161e-05
3.689987009625975161e-05
2.988889477797041731e-03
3.320988308663378255e-04
3.320988308663378255e-04
3.689987009625975161e-05
5.061710575618618835e-08
3.320988308663378255e-04
4.555539518056757811e-07
3.320988308663378255e-04
4.099985566251081819e-06
3.689987009625975161e-05
4.099985566251081819e-06
3.320988308663378255e-04
3.689987009625975161e-05
5.061710575618618835e-08
3.320988308663378255e-04
2.690000530017338035e-02
3.689987009625975161e-05
4.099985566251081819e-06
3.689987009625975161e-05
4.099985566251081819e-06
4.099985566251081819e-06
3.320988308663378255e-04
2.988889477797041731e-03
5.061710575618618835e-08
4.099985566251081819e-06
4.099985566251081819e-06
4.555539518056757811e-07
3.320988308663378255e-04
3.320988308663378255e-04
3.689987009625975161e-05
3.689987009625975161e-05
4.099985566251081819e-06
3.689987009625975161e-05
2.988889477797041731e-03
4.099985566251081819e-06
4.099985566251081819e-06
4.099985566251081819e-06
4.099985566251081819e-06
4.099985566251081819e-06
3.689987009625975161e-05
3.689987009625975161e-05
3.320988308663378255e-04
2.988889477797041731e-03
3.320988308663378255e-04
2.988889477797041731e-03
2.690000530017338035e-02
3.689987009625975161e-05
2.988889477797041731e-03
2.988889477797041731e-03
3.320988308663378255e-04
4.099985566251081819e-06
4.555539518056757811e-07
2.988889477797041731e-03
4.555539518056757811e-07
3.689987009625975161e-05
3.320988308663378255e-04
4.099985566251081819e-06
4.555539518056757811e-07
4.099985566251081819e-06
3.689987009625975161e-05
3.689987009625975161e-05
4.099985566251081819e-06
4.099985566251081819e-06
4.555539518056757811e-07
3.320988308663378255e-04
3.320988308663378255e-04
4.099985566251081819e-06
2.690000530017338035e-02
3.320988308663378255e-04
4.099985566251081819e-06
4.099985566251081819e-06
4.099985566251081819e-06
2.988889477797041731e-03
4.099985566251081819e-06
4.099985566251081819e-06
3.320988308663378255e-04
3.689987009625975161e-05
3.689987009625975161e-05
3.689987009625975161e-05
4.555539518056757811e-07
4.099985566251081819e-06
3.689987009625975161e-05
4.099985566251081819e-06
3.320988308663378255e-04
4.555539518056757811e-07
3.320988308663378255e-04
2.988889477797041731e-03
4.099985566251081819e-06
3.689987009625975161e-05
