1.089837744119467055e-06
1.089837744119467055e-06
7.150425439167831625e-03
1.210930826799407868e-07
1.089837744119467055e-06
8.827685727367688478e-05
1.089837744119467055e-06
1.089837744119467055e-06
9.808539697075207726e-06
7.150425439167831625e-03
1.089837744119467055e-06
7.944917154630922341e-04
1.089837744119467055e-06
9.808539697075207726e-06
1.210930826799407868e-07
7.944917154630922341e-04
1.210930826799407868e-07
9.808539697075207726e-06
9.808539697075207726e-06
9.808539697075207726e-06
7.944917154630922341e-04
1.210930826799407868e-07
9.808539697075207726e-06
1.210930826799407868e-07
8.827685727367688478e-05
8.827685727367688478e-05
8.827685727367688478e-05
9.808539697075207726e-06
9.808539697075207726e-06
1.089837744119467055e-06
1.345478696443786299e-08
1.210930826799407868e-07
1.089837744119467055e-06
9.808539697075207726e-06
8.827685727367688478e-05
1.089837744119467055e-06
8.827685727367688478e-05
8.827685727367688478e-05
9.808539697075207726e-06
7.944917154630922341e-04
1.089837744119467055e-06
1.089837744119467055e-06
9.808539697075207726e-06
7.944917154630922341e-04
1.089837744119467055e-06
1.089837744119467055e-06
9.808539697075207726e-06
8.827685727367688478e-05
7.944917154630922341e-04
9.808539697075207726e-06
1.345478696443786299e-08
9.808539697075207726e-06
9.808539697075207726e-06
7.944917154630922341e-04
8.827685727367688478e-05
8.827685727367688478e-05
9.808539697075207726e-06
9.808539697075207726e-06
1.210930826799407868e-07
8.827685727367688478e-05
8.827685727367688478e-05
9.808539697075207726e-06
9.808539697075207726e-06
9.808539697075207726e-06
8.827685727367688478e-05
8.827685727367688478e-05
7.944917154630922341e-04
9.808539697075207726e-06
9.808539697075207726e-06
8.827685727367688478e-05
9.808539697075207726e-06
8.827685727367688478e-05
1.089837744119467055e-06
8.827685727367688478e-05
1.210930826799407868e-07
7.944917154630922341e-04
1.210930826799407868e-07
1.089837744119467055e-06
1.210930826799407868e-07
7.944917154630922341e-04
1.210930826799407868e-07
1.089837744119467055e-06
1.089837744119467055e-06
8.827685727367688478e-05
1.210930826799407868e-07
7.944917154630922341e-04
9.808539697075207726e-06
9.808539697075207726e-06
1.210930826799407868e-07
7.944917154630922341e-04
9.808539697075207726e-06
1.345478696443786299e-08
1.210930826799407868e-07
9.808539697075207726e-06
8.827685727367688478e-05
1.345478696443786299e-08
7.944917154630922341e-04
8.827685727367688478e-05
8.827685727367688478e-05
9.808539697075207726e-06
8.827685727367688478e-05
1.210930826799407868e-07
1.089837744119467055e-06
1.210930826799407868e-07
1.089837744119467055e-06
7.150425439167831625e-03
8.827685727367688478e-05
9.808539697075207726e-06
9.808539697075207726e-06
1.089837744119467055e-06
7.944917154630922341e-04
1.210930826799407868e-07
7.150425439167831625e-03
8.827685727367688478e-05
1.210930826799407868e-07
1.089837744119467055e-06
1.089837744119467055e-06
8.827685727367688478e-05
1.345478696443786299e-08
9.808539697075207726e-06
1.210930826799407868e-07
9.808539697075207726e-06
9.808539697075207726e-06
8.827685727367688478e-05
8.827685727367688478e-05
7.944917154630922341e-04
7.150425439167831625e-03
1.210930826799407868e-07
7.944917154630922341e-04
8.827685727367688478e-05
9.808539697075207726e-06
8.827685727367688478e-05
7.150425439167831625e-03
1.089837744119467055e-06
1.089837744119467055e-06
8.827685727367688478e-05
8.827685727367688478e-05
8.827685727367688478e-05
7.944917154630922341e-04
1.089837744119467055e-06
9.808539697075207726e-06
1.089837744119467055e-06
8.827685727367688478e-05
8.827685727367688478e-05
1.210930826799407868e-07
9.808539697075207726e-06
8.827685727367688478e-05
1.089837744119467055e-06
9.808539697075207726e-06
1.210930826799407868e-07
7.944917154630922341e-04
1.089837744119467055e-06
1.089837744119467055e-06
1.345478696443786299e-08
8.827685727367688478e-05
1.210930826799407868e-07
1.089837744119467055e-06
1.089837744119467055e-06
1.345478696443786299e-08
1.345478696443786299e-08
7.944917154630922341e-04
9.808539697075207726e-06
9.808539697075207726e-06
1.089837744119467055e-06
1.089837744119467055e-06
1.345478696443786299e-08
9.808539697075207726e-06
9.808539697075207726e-06
9.808539697075207726e-06
7.944917154630922341e-04
9.808539697075207726e-06
1.089837744119467055e-06
5.791844605725946504e-01
9.808539697075207726e-06
9.808539697075207726e-06
8.827685727367688478e-05
1.345478696443786299e-08
1.210930826799407868e-07
9.808539697075207726e-06
9.808539697075207726e-06
7.944917154630922341e-04
9.808539697075207726e-06
1.210930826799407868e-07
9.808539697075207726e-06
7.944917154630922341e-04
7.150425439167831625e-03
1.089837744119467055e-06
1.089837744119467055e-06
9.808539697075207726e-06
9.808539697075207726e-06
9.808539697075207726e-06
9.808539697075207726e-06
9.808539697075207726e-06
7.944917154630922341e-04
9.808539697075207726e-06
1.210930826799407868e-07
7.150425439167831625e-03
7.944917154630922341e-04
1.089837744119467055e-06
1.345478696443786299e-08
1.089837744119467055e-06
1.210930826799407868e-07
8.827685727367688478e-05
9.808539697075207726e-06
1.210930826799407868e-07
9.808539697075207726e-06
1.210930826799407868e-07
7.150425439167831625e-03
1.345478696443786299e-08
1.089837744119467055e-06
1.210930826799407868e-07
8.827685727367688478e-05
1.210930826799407868e-07
1.345478696443786299e-08
8.827685727367688478e-05
7.944917154630922341e-04
1.089837744119467055e-06
7.150425439167831625e-03
1.089837744119467055e-06
8.827685727367688478e-05
1.089837744119467055e-06
9.808539697075207726e-06
9.808539697075207726e-06
9.808539697075207726e-06
9.808539697075207726e-06
1.345478696443786299e-08
9.808539697075207726e-06
8.827685727367688478e-05
8.827685727367688478e-05
1.089837744119467055e-06
8.827685727367688478e-05
9.808539697075207726e-06
8.827685727367688478e-05
9.808539697075207726e-06
1.089837744119467055e-06
1.345478696443786299e-08
1.089837744119467055e-06
6.435382895251050284e-02
8.827685727367688478e-05
1.089837744119467055e-06
9.808539697075207726e-06
1.089837744119467055e-06
8.827685727367688478e-05
1.089837744119467055e-06
8.827685727367688478e-05
8.827685727367688478e-05
9.808539697075207726e-06
1.089837744119467055e-06
1.210930826799407868e-07
8.827685727367688478e-05
9.808539697075207726e-06
1.089837744119467055e-06
8.827685727367688478e-05
1.210930826799407868e-07
1.089837744119467055e-06
9.808539697075207726e-06
8.827685727367688478e-05
9.808539697075207726e-06
1.210930826799407868e-07
1.089837744119467055e-06
7.944917154630922341e-04
7.944917154630922341e-04
1.210930826799407868e-07
9.808539697075207726e-06
1.210930826799407868e-07
9.808539697075207726e-06
9.808539697075207726e-06
7.944917154630922341e-04
1.089837744119467055e-06
1.089837744119467055e-06
1.089837744119467055e-06
1.089837744119467055e-06
1.089837744119467055e-06
7.944917154630922341e-04
9.808539697075207726e-06
1.089837744119467055e-06
9.808539697075207726e-06
1.210930826799407868e-07
1.089837744119467055e-06
9.808539697075207726e-06
1.089837744119467055e-06
8.827685727367688478e-05
1.089837744119467055e-06
7.944917154630922341e-04
8.827685727367688478e-05
9.808539697075207726e-06
7.150425439167831625e-03
1.089837744119467055e-06
1.210930826799407868e-07
9.808539697075207726e-06
1.210930826799407868e-07
1.345478696443786299e-08
9.808539697075207726e-06
1.210930826799407868e-07
1.089837744119467055e-06
8.827685727367688478e-05
8.827685727367688478e-05
1.089837744119467055e-06
8.827685727367688478e-05
7.944917154630922341e-04
9.808539697075207726e-06
1.089837744119467055e-06
9.808539697075207726e-06
1.210930826799407868e-07
8.827685727367688478e-05
7.150425439167831625e-03
1.210930826799407868e-07
1.089837744119467055e-06
9.808539697075207726e-06
9.808539697075207726e-06
9.808539697075207726e-06
9.808539697075207726e-06
9.808539697075207726e-06
7.150425439167831625e-03
9.808539697075207726e-06
9.808539697075207726e-06
1.089837744119467055e-06
8.827685727367688478e-05
7.944917154630922341e-04
9.808539697075207726e-06
9.808539697075207726e-06
1.089837744119467055e-06
7.944917154630922341e-04
1.210930826799407868e-07
1.210930826799407868e-07
7.150425439167831625e-03
1.345478696443786299e-08
1.089837744119467055e-06
9.808539697075207726e-06
7.944917154630922341e-04
1.089837744119467055e-06
9.808539697075207726e-06
9.808539697075207726e-06
1.089837744119467055e-06
8.827685727367688478e-05
1.210930826799407868e-07
7.150425439167831625e-03
1.210930826799407868e-07
7.944917154630922341e-04
1.089837744119467055e-06
1.210930826799407868e-07
9.808539697075207726e-06
7.150425439167831625e-03
1.089837744119467055e-06
7.944917154630922341e-04
1.089837744119467055e-06
9.808539697075207726e-06
6.435382895251050284e-02
8.827685727367688478e-05
7.944917154630922341e-04
1.089837744119467055e-06
9.808539697075207726e-06
9.808539697075207726e-06
7.150425439167831625e-03
1.089837744119467055e-06
6.435382895251050284e-02
9.808539697075207726e-06
1.089837744119467055e-06
9.808539697075207726e-06
7.150425439167831625e-03
1.210930826799407868e-07
1.089837744119467055e-06
7.944917154630922341e-04
7.944917154630922341e-04
7.150425439167831625e-03
1.210930826799407868e-07
1.089837744119467055e-06
9.808539697075207726e-06
7.150425439167831625e-03
1.494976329381984134e-09
9.808539697075207726e-06
8.827685727367688478e-05
1.210930826799407868e-07
8.827685727367688478e-05
8.827685727367688478e-05
1.089837744119467055e-06
7.944917154630922341e-04
1.089837744119467055e-06
9.808539697075207726e-06
9.808539697075207726e-06
8.827685727367688478e-05
1.210930826799407868e-07
8.827685727367688478e-05
1.089837744119467055e-06
1.089837744119467055e-06
1.089837744119467055e-06
1.089837744119467055e-06
1.210930826799407868e-07
8.827685727367688478e-05
1.089837744119467055e-06
1.210930826799407868e-07
8.827685727367688478e-05
1.089837744119467055e-06
8.827685727367688478e-05
8.827685727367688478e-05
7.944917154630922341e-04
9.808539697075207726e-06
1.089837744119467055e-06
8.827685727367688478e-05
1.089837744119467055e-06
1.089837744119467055e-06
1.345478696443786299e-08
7.150425439167831625e-03
1.210930826799407868e-07
1.210930826799407868e-07
7.150425439167831625e-03
8.827685727367688478e-05
9.808539697075207726e-06
8.827685727367688478e-05
8.827685727367688478e-05
7.150425439167831625e-03
8.827685727367688478e-05
1.089837744119467055e-06
9.808539697075207726e-06
8.827685727367688478e-05
7.150425439167831625e-03
8.827685727367688478e-05
1.089837744119467055e-06
1.089837744119467055e-06
9.808539697075207726e-06
1.089837744119467055e-06
9.808539697075207726e-06
9.808539697075207726e-06
1.089837744119467055e-06
1.089837744119467055e-06
1.089837744119467055e-06
8.827685727367688478e-05
1.089837744119467055e-06
1.210930826799407868e-07
9.808539697075207726e-06
7.944917154630922341e-04
8.827685727367688478e-05
7.150425439167831625e-03
1.210930826799407868e-07
9.808539697075207726e-06
1.210930826799407868e-07
9.808539697075207726e-06
1.210930826799407868e-07
9.808539697075207726e-06
8.827685727367688478e-05
9.808539697075207726e-06
1.494976329381984134e-09
7.150425439167831625e-03
8.827685727367688478e-05
1.089837744119467055e-06
8.827685727367688478e-05
9.808539697075207726e-06
1.089837744119467055e-06
