1.777829065097900096e-07
1.600046158588110087e-06
1.049790284649660191e-02
1.166433649610733401e-03
1.600046158588110087e-06
1.440041542729299501e-05
1.440041542729299501e-05
1.600046158588110087e-06
1.600046158588110087e-06
1.975365627886555258e-08
1.166433649610733401e-03
1.440041542729299501e-05
1.296037388456369873e-04
1.600046158588110087e-06
1.166433649610733401e-03
1.440041542729299501e-05
1.975365627886555258e-08
1.440041542729299501e-05
1.777829065097900096e-07
1.166433649610733401e-03
1.600046158588110087e-06
9.448112561846944146e-02
1.166433649610733401e-03
1.296037388456369873e-04
1.440041542729299501e-05
1.440041542729299501e-05
1.440041542729299501e-05
1.296037388456369873e-04
1.440041542729299501e-05
1.166433649610733401e-03
1.166433649610733401e-03
1.166433649610733401e-03
1.296037388456369873e-04
1.600046158588110087e-06
1.777829065097900096e-07
1.600046158588110087e-06
1.440041542729299501e-05
1.777829065097900096e-07
1.166433649610733401e-03
1.600046158588110087e-06
1.600046158588110087e-06
1.296037388456369873e-04
1.777829065097900096e-07
1.600046158588110087e-06
1.296037388456369873e-04
1.440041542729299501e-05
1.440041542729299501e-05
1.777829065097900096e-07
1.296037388456369873e-04
1.296037388456369873e-04
1.440041542729299501e-05
1.600046158588110087e-06
1.440041542729299501e-05
1.440041542729299501e-05
1.777829065097900096e-07
1.296037388456369873e-04
1.296037388456369873e-04
1.166433649610733401e-03
1.600046158588110087e-06
1.600046158588110087e-06
1.296037388456369873e-04
1.600046158588110087e-06
1.440041542729299501e-05
1.296037388456369873e-04
1.600046158588110087e-06
1.440041542729299501e-05
1.166433649610733401e-03
1.600046158588110087e-06
1.600046158588110087e-06
1.600046158588110087e-06
2.194850697651727237e-09
1.600046158588110087e-06
1.600046158588110087e-06
1.296037388456369873e-04
1.049790284649660191e-02
1.296037388456369873e-04
1.600046158588110087e-06
1.296037388456369873e-04
1.049790284649660191e-02
1.975365627886555258e-08
1.440041542729299501e-05
1.600046158588110087e-06
1.296037388456369873e-04
1.296037388456369873e-04
1.975365627886555258e-08
1.777829065097900096e-07
1.049790284649660191e-02
1.296037388456369873e-04
1.166433649610733401e-03
1.296037388456369873e-04
1.975365627886555258e-08
1.975365627886555258e-08
1.166433649610733401e-03
1.296037388456369873e-04
1.440041542729299501e-05
1.166433649610733401e-03
1.600046158588110087e-06
1.296037388456369873e-04
9.448112561846944146e-02
1.440041542729299501e-05
1.975365627886555258e-08
1.166433649610733401e-03
1.296037388456369873e-04
1.777829065097900096e-07
1.166433649610733401e-03
1.166433649610733401e-03
1.049790284649660191e-02
1.777829065097900096e-07
1.600046158588110087e-06
1.296037388456369873e-04
1.166433649610733401e-03
1.600046158588110087e-06
1.777829065097900096e-07
1.440041542729299501e-05
1.296037388456369873e-04
1.166433649610733401e-03
1.296037388456369873e-04
1.600046158588110087e-06
1.296037388456369873e-04
1.600046158588110087e-06
1.296037388456369873e-04
1.440041542729299501e-05
1.777829065097900096e-07
1.440041542729299501e-05
1.440041542729299501e-05
1.975365627886555258e-08
1.975365627886555258e-08
1.296037388456369873e-04
1.600046158588110087e-06
1.440041542729299501e-05
1.975365627886555258e-08
2.194850697651727237e-09
1.600046158588110087e-06
1.166433649610733401e-03
1.049790284649660191e-02
1.777829065097900096e-07
1.600046158588110087e-06
1.777829065097900096e-07
1.440041542729299501e-05
1.440041542729299501e-05
1.440041542729299501e-05
1.440041542729299501e-05
1.600046158588110087e-06
1.049790284649660191e-02
1.600046158588110087e-06
1.600046158588110087e-06
1.975365627886555258e-08
1.600046158588110087e-06
1.440041542729299501e-05
1.440041542729299501e-05
1.049790284649660191e-02
1.296037388456369873e-04
1.296037388456369873e-04
1.440041542729299501e-05
1.296037388456369873e-04
1.777829065097900096e-07
1.440041542729299501e-05
1.049790284649660191e-02
1.296037388456369873e-04
1.600046158588110087e-06
1.440041542729299501e-05
1.296037388456369873e-04
1.777829065097900096e-07
1.296037388456369873e-04
1.777829065097900096e-07
1.049790284649660191e-02
1.600046158588110087e-06
1.296037388456369873e-04
1.440041542729299501e-05
1.440041542729299501e-05
1.777829065097900096e-07
1.440041542729299501e-05
1.296037388456369873e-04
1.440041542729299501e-05
1.440041542729299501e-05
1.440041542729299501e-05
1.600046158588110087e-06
1.296037388456369873e-04
1.296037388456369873e-04
1.600046158588110087e-06
1.600046158588110087e-06
1.440041542729299501e-05
1.600046158588110087e-06
1.440041542729299501e-05
1.440041542729299501e-05
1.440041542729299501e-05
1.777829065097900096e-07
1.600046158588110087e-06
1.296037388456369873e-04
1.166433649610733401e-03
1.296037388456369873e-04
1.296037388456369873e-04
1.440041542729299501e-05
1.166433649610733401e-03
1.049790284649660191e-02
1.600046158588110087e-06
1.049790284649660191e-02
1.296037388456369873e-04
1.600046158588110087e-06
1.440041542729299501e-05
1.777829065097900096e-07
1.166433649610733401e-03
1.440041542729299501e-05
1.440041542729299501e-05
1.975365627886555258e-08
1.777829065097900096e-07
1.296037388456369873e-04
1.440041542729299501e-05
1.440041542729299501e-05
9.448112561846944146e-02
1.166433649610733401e-03
2.194850697651727237e-09
1.440041542729299501e-05
1.296037388456369873e-04
1.440041542729299501e-05
1.777829065097900096e-07
1.600046158588110087e-06
1.777829065097900096e-07
1.600046158588110087e-06
1.296037388456369873e-04
1.777829065097900096e-07
1.440041542729299501e-05
1.600046158588110087e-06
1.600046158588110087e-06
1.440041542729299501e-05
1.296037388456369873e-04
1.296037388456369873e-04
1.975365627886555258e-08
1.296037388456369873e-04
1.296037388456369873e-04
1.296037388456369873e-04
9.448112561846944146e-02
1.600046158588110087e-06
1.440041542729299501e-05
1.166433649610733401e-03
1.296037388456369873e-04
1.440041542729299501e-05
1.600046158588110087e-06
1.440041542729299501e-05
1.296037388456369873e-04
1.296037388456369873e-04
1.440041542729299501e-05
1.600046158588110087e-06
9.448112561846944146e-02
1.600046158588110087e-06
1.166433649610733401e-03
1.296037388456369873e-04
1.296037388456369873e-04
1.296037388456369873e-04
1.440041542729299501e-05
1.166433649610733401e-03
1.296037388456369873e-04
1.440041542729299501e-05
1.049790284649660191e-02
1.440041542729299501e-05
1.296037388456369873e-04
1.440041542729299501e-05
1.440041542729299501e-05
1.049790284649660191e-02
1.975365627886555258e-08
1.166433649610733401e-03
1.600046158588110087e-06
1.049790284649660191e-02
1.049790284649660191e-02
1.600046158588110087e-06
1.975365627886555258e-08
1.975365627886555258e-08
1.600046158588110087e-06
1.975365627886555258e-08
1.440041542729299501e-05
1.440041542729299501e-05
1.440041542729299501e-05
1.296037388456369873e-04
1.296037388456369873e-04
1.600046158588110087e-06
1.777829065097900096e-07
1.296037388456369873e-04
1.166433649610733401e-03
1.975365627886555258e-08
1.296037388456369873e-04
1.975365627886555258e-08
1.296037388456369873e-04
1.777829065097900096e-07
1.777829065097900096e-07
1.166433649610733401e-03
1.600046158588110087e-06
1.777829065097900096e-07
1.049790284649660191e-02
1.600046158588110087e-06
1.440041542729299501e-05
9.448112561846944146e-02
1.296037388456369873e-04
1.049790284649660191e-02
1.296037388456369873e-04
1.777829065097900096e-07
1.296037388456369873e-04
1.296037388456369873e-04
1.440041542729299501e-05
1.296037388456369873e-04
1.777829065097900096e-07
1.777829065097900096e-07
1.600046158588110087e-06
1.440041542729299501e-05
1.440041542729299501e-05
1.440041542729299501e-05
1.777829065097900096e-07
1.049790284649660191e-02
1.296037388456369873e-04
1.440041542729299501e-05
1.296037388456369873e-04
1.600046158588110087e-06
1.440041542729299501e-05
1.440041542729299501e-05
1.440041542729299501e-05
1.600046158588110087e-06
1.049790284649660191e-02
1.166433649610733401e-03
1.440041542729299501e-05
1.600046158588110087e-06
1.777829065097900096e-07
1.440041542729299501e-05
1.440041542729299501e-05
1.600046158588110087e-06
1.600046158588110087e-06
1.600046158588110087e-06
1.600046158588110087e-06
1.440041542729299501e-05
1.296037388456369873e-04
1.600046158588110087e-06
1.777829065097900096e-07
1.600046158588110087e-06
1.296037388456369873e-04
1.440041542729299501e-05
1.166433649610733401e-03
1.440041542729299501e-05
1.440041542729299501e-05
1.777829065097900096e-07
1.777829065097900096e-07
1.600046158588110087e-06
1.296037388456369873e-04
1.600046158588110087e-06
1.296037388456369873e-04
1.166433649610733401e-03
1.777829065097900096e-07
1.440041542729299501e-05
1.440041542729299501e-05
1.777829065097900096e-07
2.194850697651727237e-09
1.296037388456369873e-04
1.600046158588110087e-06
1.296037388456369873e-04
1.600046158588110087e-06
1.777829065097900096e-07
1.296037388456369873e-04
1.600046158588110087e-06
1.777829065097900096e-07
1.296037388456369873e-04
1.600046158588110087e-06
1.440041542729299501e-05
1.975365627886555258e-08
1.296037388456369873e-04
1.296037388456369873e-04
1.600046158588110087e-06
1.049790284649660191e-02
1.777829065097900096e-07
1.296037388456369873e-04
1.296037388456369873e-04
1.296037388456369873e-04
1.600046158588110087e-06
1.296037388456369873e-04
1.777829065097900096e-07
1.296037388456369873e-04
1.166433649610733401e-03
1.600046158588110087e-06
1.440041542729299501e-05
1.777829065097900096e-07
1.296037388456369873e-04
1.600046158588110087e-06
1.600046158588110087e-06
1.296037388456369873e-04
1.600046158588110087e-06
1.975365627886555258e-08
1.600046158588110087e-06
1.440041542729299501e-05
1.600046158588110087e-06
1.600046158588110087e-06
1.440041542729299501e-05
1.440041542729299501e-05
1.600046158588110087e-06
1.296037388456369873e-04
1.166433649610733401e-03
1.296037388456369873e-04
1.600046158588110087e-06
1.600046158588110087e-06
1.600046158588110087e-06
1.600046158588110087e-06
1.296037388456369873e-04
1.166433649610733401e-03
1.600046158588110087e-06
1.166433649610733401e-03
1.777829065097900096e-07
9.448112561846944146e-02
1.600046158588110087e-06
1.440041542729299501e-05
1.049790284649660191e-02
1.296037388456369873e-04
1.600046158588110087e-06
1.440041542729299501e-05
1.296037388456369873e-04
1.777829065097900096e-07
1.440041542729299501e-05
1.296037388456369873e-04
1.440041542729299501e-05
1.296037388456369873e-04
1.049790284649660191e-02
1.777829065097900096e-07
1.166433649610733401e-03
1.166433649610733401e-03
1.440041542729299501e-05
1.166433649610733401e-03
1.777829065097900096e-07
1.975365627886555258e-08
1.600046158588110087e-06
1.600046158588110087e-06
1.975365627886555258e-08
1.777829065097900096e-07
1.296037388456369873e-04
1.296037388456369873e-04
1.166433649610733401e-03
1.777829065097900096e-07
1.049790284649660191e-02
1.600046158588110087e-06
1.296037388456369873e-04
1.600046158588110087e-06
1.166433649610733401e-03
1.975365627886555258e-08
1.049790284649660191e-02
1.440041542729299501e-05
1.049790284649660191e-02
2.194850697651727237e-09
1.600046158588110087e-06
1.166433649610733401e-03
1.166433649610733401e-03
1.777829065097900096e-07
1.777829065097900096e-07
1.296037388456369873e-04
1.600046158588110087e-06
1.296037388456369873e-04
