1.563223535904991572e-05
1.929905599882705023e-07
1.406901182314492719e-04
1.266211064083043935e-03
1.406901182314492719e-04
1.266211064083043935e-03
1.025630961907266075e-01
1.266211064083043935e-03
1.266211064083043935e-03
1.929905599882705023e-07
1.563223535904991572e-05
1.736915039894434468e-06
1.406901182314492719e-04
1.563223535904991572e-05
1.266211064083043935e-03
1.266211064083043935e-03
1.266211064083043935e-03
1.929905599882705023e-07
1.563223535904991572e-05
1.736915039894434468e-06
1.736915039894434468e-06
1.406901182314492719e-04
1.563223535904991572e-05
1.563223535904991572e-05
1.406901182314492719e-04
1.736915039894434468e-06
1.736915039894434468e-06
1.266211064083043935e-03
1.406901182314492719e-04
1.929905599882705023e-07
1.929905599882705023e-07
1.736915039894434468e-06
1.266211064083043935e-03
1.563223535904991572e-05
1.736915039894434468e-06
1.406901182314492719e-04
1.563223535904991572e-05
1.563223535904991572e-05
1.406901182314492719e-04
1.736915039894434468e-06
1.266211064083043935e-03
1.736915039894434468e-06
1.406901182314492719e-04
1.736915039894434468e-06
1.139589957674739737e-02
1.736915039894434468e-06
1.406901182314492719e-04
1.406901182314492719e-04
1.563223535904991572e-05
1.563223535904991572e-05
1.563223535904991572e-05
1.736915039894434468e-06
1.406901182314492719e-04
1.736915039894434468e-06
1.563223535904991572e-05
2.382599506028029361e-09
1.406901182314492719e-04
1.563223535904991572e-05
1.736915039894434468e-06
1.563223535904991572e-05
1.406901182314492719e-04
1.736915039894434468e-06
1.929905599882705023e-07
1.736915039894434468e-06
1.266211064083043935e-03
1.736915039894434468e-06
1.736915039894434468e-06
1.266211064083043935e-03
1.736915039894434468e-06
1.736915039894434468e-06
1.406901182314492719e-04
1.406901182314492719e-04
1.025630961907266075e-01
1.563223535904991572e-05
1.139589957674739737e-02
1.736915039894434468e-06
2.144339555425227252e-08
1.266211064083043935e-03
1.406901182314492719e-04
1.736915039894434468e-06
1.406901182314492719e-04
1.736915039894434468e-06
1.266211064083043935e-03
1.406901182314492719e-04
1.139589957674739737e-02
1.406901182314492719e-04
1.563223535904991572e-05
1.139589957674739737e-02
1.406901182314492719e-04
1.563223535904991572e-05
1.266211064083043935e-03
1.266211064083043935e-03
1.736915039894434468e-06
1.406901182314492719e-04
1.563223535904991572e-05
1.406901182314492719e-04
1.736915039894434468e-06
1.736915039894434468e-06
1.563223535904991572e-05
1.736915039894434468e-06
1.563223535904991572e-05
1.406901182314492719e-04
1.736915039894434468e-06
1.563223535904991572e-05
2.144339555425227252e-08
1.266211064083043935e-03
1.406901182314492719e-04
1.406901182314492719e-04
1.266211064083043935e-03
1.736915039894434468e-06
1.929905599882705023e-07
1.563223535904991572e-05
1.563223535904991572e-05
1.406901182314492719e-04
1.563223535904991572e-05
1.929905599882705023e-07
1.406901182314492719e-04
1.563223535904991572e-05
1.563223535904991572e-05
1.406901182314492719e-04
1.929905599882705023e-07
1.563223535904991572e-05
1.563223535904991572e-05
1.736915039894434468e-06
1.406901182314492719e-04
1.406901182314492719e-04
1.406901182314492719e-04
1.266211064083043935e-03
1.563223535904991572e-05
1.406901182314492719e-04
1.266211064083043935e-03
2.144339555425227252e-08
1.025630961907266075e-01
2.144339555425227252e-08
1.929905599882705023e-07
1.929905599882705023e-07
1.736915039894434468e-06
1.139589957674739737e-02
1.563223535904991572e-05
1.563223535904991572e-05
1.929905599882705023e-07
1.736915039894434468e-06
2.144339555425227252e-08
1.736915039894434468e-06
1.563223535904991572e-05
1.025630961907266075e-01
1.406901182314492719e-04
1.563223535904991572e-05
1.736915039894434468e-06
1.736915039894434468e-06
1.266211064083043935e-03
1.266211064083043935e-03
1.266211064083043935e-03
1.025630961907266075e-01
1.406901182314492719e-04
1.929905599882705023e-07
1.929905599882705023e-07
1.406901182314492719e-04
2.382599506028029361e-09
1.736915039894434468e-06
1.266211064083043935e-03
1.406901182314492719e-04
1.406901182314492719e-04
1.563223535904991572e-05
1.139589957674739737e-02
1.929905599882705023e-07
1.929905599882705023e-07
2.144339555425227252e-08
1.929905599882705023e-07
1.736915039894434468e-06
1.406901182314492719e-04
1.563223535904991572e-05
1.139589957674739737e-02
1.563223535904991572e-05
1.406901182314492719e-04
1.563223535904991572e-05
1.929905599882705023e-07
1.406901182314492719e-04
1.736915039894434468e-06
1.139589957674739737e-02
1.139589957674739737e-02
1.563223535904991572e-05
1.406901182314492719e-04
1.736915039894434468e-06
1.266211064083043935e-03
1.266211064083043935e-03
1.406901182314492719e-04
1.266211064083043935e-03
1.266211064083043935e-03
1.406901182314492719e-04
1.563223535904991572e-05
1.929905599882705023e-07
1.929905599882705023e-07
1.025630961907266075e-01
1.406901182314492719e-04
1.563223535904991572e-05
1.266211064083043935e-03
1.563223535904991572e-05
1.736915039894434468e-06
1.563223535904991572e-05
1.406901182314492719e-04
1.736915039894434468e-06
1.563223535904991572e-05
1.563223535904991572e-05
1.266211064083043935e-03
1.929905599882705023e-07
1.929905599882705023e-07
2.144339555425227252e-08
1.563223535904991572e-05
1.266211064083043935e-03
1.929905599882705023e-07
1.736915039894434468e-06
1.563223535904991572e-05
1.929905599882705023e-07
1.929905599882705023e-07
1.929905599882705023e-07
1.929905599882705023e-07
1.563223535904991572e-05
1.406901182314492719e-04
1.406901182314492719e-04
1.563223535904991572e-05
1.406901182314492719e-04
1.929905599882705023e-07
1.406901182314492719e-04
2.144339555425227252e-08
1.736915039894434468e-06
1.406901182314492719e-04
1.406901182314492719e-04
1.266211064083043935e-03
1.266211064083043935e-03
1.563223535904991572e-05
1.266211064083043935e-03
1.563223535904991572e-05
1.563223535904991572e-05
1.563223535904991572e-05
1.266211064083043935e-03
1.929905599882705023e-07
1.563223535904991572e-05
1.563223535904991572e-05
1.266211064083043935e-03
2.144339555425227252e-08
1.406901182314492719e-04
1.139589957674739737e-02
1.406901182314492719e-04
1.406901182314492719e-04
1.266211064083043935e-03
1.266211064083043935e-03
1.929905599882705023e-07
2.144339555425227252e-08
1.736915039894434468e-06
1.406901182314492719e-04
1.406901182314492719e-04
1.139589957674739737e-02
1.406901182314492719e-04
1.929905599882705023e-07
1.563223535904991572e-05
1.736915039894434468e-06
1.266211064083043935e-03
1.266211064083043935e-03
1.929905599882705023e-07
1.736915039894434468e-06
1.929905599882705023e-07
1.406901182314492719e-04
1.563223535904991572e-05
1.929905599882705023e-07
1.266211064083043935e-03
1.736915039894434468e-06
1.406901182314492719e-04
1.929905599882705023e-07
1.266211064083043935e-03
1.929905599882705023e-07
1.563223535904991572e-05
1.736915039894434468e-06
1.266211064083043935e-03
1.406901182314492719e-04
1.929905599882705023e-07
1.406901182314492719e-04
2.382599506028029361e-09
1.406901182314492719e-04
1.563223535904991572e-05
1.139589957674739737e-02
1.266211064083043935e-03
1.406901182314492719e-04
1.929905599882705023e-07
1.736915039894434468e-06
1.406901182314492719e-04
1.266211064083043935e-03
1.736915039894434468e-06
1.736915039894434468e-06
1.563223535904991572e-05
1.406901182314492719e-04
1.563223535904991572e-05
1.139589957674739737e-02
1.406901182314492719e-04
1.563223535904991572e-05
1.736915039894434468e-06
1.406901182314492719e-04
1.406901182314492719e-04
1.266211064083043935e-03
1.266211064083043935e-03
1.406901182314492719e-04
1.929905599882705023e-07
1.406901182314492719e-04
1.406901182314492719e-04
1.563223535904991572e-05
1.563223535904991572e-05
1.563223535904991572e-05
1.736915039894434468e-06
1.266211064083043935e-03
1.406901182314492719e-04
1.929905599882705023e-07
1.736915039894434468e-06
1.139589957674739737e-02
1.736915039894434468e-06
1.929905599882705023e-07
1.406901182314492719e-04
1.025630961907266075e-01
1.406901182314492719e-04
1.563223535904991572e-05
1.563223535904991572e-05
1.736915039894434468e-06
1.736915039894434468e-06
1.736915039894434468e-06
1.406901182314492719e-04
1.266211064083043935e-03
1.406901182314492719e-04
1.266211064083043935e-03
1.266211064083043935e-03
1.736915039894434468e-06
1.139589957674739737e-02
1.929905599882705023e-07
1.406901182314492719e-04
1.929905599882705023e-07
1.736915039894434468e-06
2.144339555425227252e-08
1.563223535904991572e-05
2.144339555425227252e-08
1.736915039894434468e-06
1.736915039894434468e-06
1.563223535904991572e-05
1.929905599882705023e-07
1.406901182314492719e-04
1.929905599882705023e-07
1.406901182314492719e-04
2.144339555425227252e-08
1.139589957674739737e-02
2.144339555425227252e-08
1.406901182314492719e-04
1.563223535904991572e-05
1.266211064083043935e-03
1.266211064083043935e-03
1.563223535904991572e-05
1.736915039894434468e-06
1.736915039894434468e-06
1.929905599882705023e-07
1.929905599882705023e-07
1.406901182314492719e-04
1.736915039894434468e-06
1.266211064083043935e-03
1.563223535904991572e-05
1.139589957674739737e-02
1.563223535904991572e-05
1.563223535904991572e-05
1.563223535904991572e-05
1.736915039894434468e-06
1.563223535904991572e-05
1.406901182314492719e-04
1.563223535904991572e-05
1.266211064083043935e-03
1.266211064083043935e-03
1.736915039894434468e-06
1.266211064083043935e-03
1.736915039894434468e-06
1.406901182314492719e-04
1.406901182314492719e-04
1.736915039894434468e-06
1.406901182314492719e-04
1.563223535904991572e-05
1.736915039894434468e-06
1.563223535904991572e-05
1.406901182314492719e-04
1.266211064083043935e-03
1.266211064083043935e-03
1.563223535904991572e-05
