4.317067921610853037e-02
5.921903870522427752e-05
7.310992432743736475e-07
6.579893189469362192e-06
5.329713483470185790e-04
5.329713483470185790e-04
5.921903870522427752e-05
5.329713483470185790e-04
6.579893189469362192e-06
5.329713483470185790e-04
7.310992432743736475e-07
6.579893189469362192e-06
6.579893189469362192e-06
7.310992432743736475e-07
5.921903870522427752e-05
7.310992432743736475e-07
5.329713483470185790e-04
6.579893189469362192e-06
4.317067921610853037e-02
5.921903870522427752e-05
5.921903870522427752e-05
5.921903870522427752e-05
4.796742135123170138e-03
7.310992432743736475e-07
4.796742135123170138e-03
5.921903870522427752e-05
4.796742135123170138e-03
5.329713483470185790e-04
6.579893189469362192e-06
8.123324925270815070e-08
6.579893189469362192e-06
5.329713483470185790e-04
5.921903870522427752e-05
5.329713483470185790e-04
6.579893189469362192e-06
5.329713483470185790e-04
3.885361129449769191e-01
4.796742135123170138e-03
7.310992432743736475e-07
5.329713483470185790e-04
5.329713483470185790e-04
5.921903870522427752e-05
7.310992432743736475e-07
3.885361129449769191e-01
5.329713483470185790e-04
4.796742135123170138e-03
6.579893189469362192e-06
4.796742135123170138e-03
4.796742135123170138e-03
9.025916583634237312e-09
4.317067921610853037e-02
7.310992432743736475e-07
6.579893189469362192e-06
6.579893189469362192e-06
4.317067921610853037e-02
6.579893189469362192e-06
8.123324925270815070e-08
7.310992432743736475e-07
4.796742135123170138e-03
4.796742135123170138e-03
7.310992432743736475e-07
8.123324925270815070e-08
5.921903870522427752e-05
9.025916583634237312e-09
