6.859593437824977218e-06
5.000643616174410902e-03
5.556270684638233131e-04
7.621770486472195145e-07
5.000643616174410902e-03
4.500579254556971720e-02
4.500579254556971720e-02
6.859593437824977218e-06
4.050521329101275381e-01
5.556270684638233131e-04
4.500579254556971720e-02
4.500579254556971720e-02
5.000643616174410902e-03
6.859593437824977218e-06
5.556270684638233131e-04
5.000643616174410902e-03
5.000643616174410902e-03
4.500579254556971720e-02
7.621770486472195145e-07
5.556270684638233131e-04
4.500579254556971720e-02
5.000643616174410902e-03
5.000643616174410902e-03
4.500579254556971720e-02
5.556270684638233131e-04
5.556270684638233131e-04
5.556270684638233131e-04
6.859593437824977218e-06
6.173634094042479751e-05
6.173634094042479751e-05
5.556270684638233131e-04
6.859593437824977218e-06
5.556270684638233131e-04
5.000643616174410902e-03
5.556270684638233131e-04
4.500579254556971720e-02
6.173634094042479751e-05
6.859593437824977218e-06
5.000643616174410902e-03
5.556270684638233131e-04
6.859593437824977218e-06
5.556270684638233131e-04
6.173634094042479751e-05
5.000643616174410902e-03
5.000643616174410902e-03
5.556270684638233131e-04
5.000643616174410902e-03
5.556270684638233131e-04
4.500579254556971720e-02
5.000643616174410902e-03
6.173634094042479751e-05
6.859593437824977218e-06
5.556270684638233131e-04
5.000643616174410902e-03
4.500579254556971720e-02
5.000643616174410902e-03
5.556270684638233131e-04
5.000643616174410902e-03
5.000643616174410902e-03
8.468633873857991076e-08
5.000643616174410902e-03
6.173634094042479751e-05
4.500579254556971720e-02
5.556270684638233131e-04
