3.848004507023194184e-03
4.750622848176780274e-05
5.864966479230590552e-07
5.278469831307532132e-06
5.278469831307532132e-06
3.848004507023194184e-03
4.750622848176780274e-05
5.278469831307532132e-06
5.278469831307532132e-06
5.278469831307532132e-06
4.275560563359102721e-04
4.750622848176780274e-05
4.275560563359102721e-04
3.848004507023194184e-03
3.848004507023194184e-03
5.278469831307532132e-06
4.275560563359102721e-04
4.750622848176780274e-05
4.750622848176780274e-05
3.848004507023194184e-03
6.516629421367321659e-08
3.848004507023194184e-03
5.864966479230590552e-07
4.275560563359102721e-04
4.275560563359102721e-04
4.275560563359102721e-04
5.864966479230590552e-07
4.750622848176780274e-05
4.750622848176780274e-05
4.750622848176780274e-05
4.275560563359102721e-04
3.116883650688788698e-01
4.750622848176780274e-05
5.278469831307532132e-06
4.750622848176780274e-05
3.463204056320875329e-02
5.864966479230590552e-07
3.848004507023194184e-03
6.516629421367321659e-08
4.275560563359102721e-04
4.750622848176780274e-05
5.278469831307532132e-06
5.278469831307532132e-06
4.750622848176780274e-05
5.278469831307532132e-06
4.750622848176780274e-05
5.278469831307532132e-06
5.864966479230590552e-07
3.463204056320875329e-02
4.275560563359102721e-04
4.275560563359102721e-04
3.848004507023194184e-03
3.848004507023194184e-03
5.278469831307532132e-06
4.750622848176780274e-05
6.516629421367321659e-08
4.750622848176780274e-05
5.278469831307532132e-06
4.275560563359102721e-04
4.750622848176780274e-05
4.750622848176780274e-05
4.750622848176780274e-05
4.275560563359102721e-04
5.278469831307532132e-06
4.275560563359102721e-04
4.275560563359102721e-04
4.275560563359102721e-04
4.275560563359102721e-04
4.750622848176780274e-05
3.848004507023194184e-03
4.275560563359102721e-04
4.275560563359102721e-04
4.750622848176780274e-05
4.275560563359102721e-04
4.750622848176780274e-05
4.275560563359102721e-04
4.275560563359102721e-04
5.864966479230590552e-07
3.848004507023194184e-03
3.848004507023194184e-03
5.864966479230590552e-07
3.848004507023194184e-03
5.864966479230590552e-07
4.750622848176780274e-05
4.750622848176780274e-05
5.278469831307532132e-06
4.275560563359102721e-04
6.516629421367321659e-08
5.278469831307532132e-06
4.750622848176780274e-05
4.275560563359102721e-04
4.275560563359102721e-04
5.864966479230590552e-07
5.278469831307532132e-06
4.750622848176780274e-05
8.045221507860885461e-10
5.864966479230590552e-07
4.750622848176780274e-05
6.516629421367321659e-08
4.750622848176780274e-05
5.278469831307532132e-06
4.750622848176780274e-05
6.516629421367321659e-08
4.750622848176780274e-05
6.516629421367321659e-08
4.275560563359102721e-04
5.864966479230590552e-07
4.750622848176780274e-05
4.750622848176780274e-05
6.516629421367321659e-08
4.275560563359102721e-04
4.275560563359102721e-04
4.275560563359102721e-04
4.275560563359102721e-04
4.750622848176780274e-05
4.275560563359102721e-04
5.278469831307532132e-06
4.750622848176780274e-05
5.278469831307532132e-06
5.278469831307532132e-06
7.240699357074799086e-09
5.278469831307532132e-06
4.750622848176780274e-05
8.045221507860885461e-10
3.848004507023194184e-03
5.278469831307532132e-06
5.278469831307532132e-06
4.275560563359102721e-04
5.278469831307532132e-06
5.278469831307532132e-06
5.278469831307532132e-06
5.864966479230590552e-07
4.750622848176780274e-05
5.278469831307532132e-06
5.278469831307532132e-06
4.750622848176780274e-05
4.750622848176780274e-05
4.750622848176780274e-05
6.516629421367321659e-08
4.750622848176780274e-05
3.848004507023194184e-03
4.275560563359102721e-04
4.750622848176780274e-05
4.275560563359102721e-04
4.750622848176780274e-05
3.116883650688788698e-01
4.275560563359102721e-04
5.278469831307532132e-06
5.278469831307532132e-06
5.278469831307532132e-06
5.278469831307532132e-06
3.848004507023194184e-03
5.278469831307532132e-06
4.750622848176780274e-05
3.848004507023194184e-03
5.278469831307532132e-06
5.278469831307532132e-06
4.750622848176780274e-05
4.750622848176780274e-05
3.848004507023194184e-03
3.848004507023194184e-03
5.278469831307532132e-06
4.275560563359102721e-04
5.864966479230590552e-07
5.864966479230590552e-07
5.278469831307532132e-06
4.750622848176780274e-05
4.750622848176780274e-05
5.278469831307532132e-06
3.848004507023194184e-03
6.516629421367321659e-08
4.275560563359102721e-04
4.750622848176780274e-05
4.275560563359102721e-04
5.278469831307532132e-06
3.848004507023194184e-03
4.750622848176780274e-05
4.750622848176780274e-05
5.864966479230590552e-07
4.275560563359102721e-04
4.275560563359102721e-04
4.750622848176780274e-05
5.278469831307532132e-06
4.750622848176780274e-05
3.463204056320875329e-02
5.278469831307532132e-06
4.275560563359102721e-04
4.750622848176780274e-05
5.278469831307532132e-06
4.750622848176780274e-05
3.848004507023194184e-03
3.848004507023194184e-03
4.750622848176780274e-05
5.278469831307532132e-06
6.516629421367321659e-08
5.864966479230590552e-07
5.278469831307532132e-06
4.750622848176780274e-05
4.750622848176780274e-05
5.278469831307532132e-06
3.848004507023194184e-03
5.864966479230590552e-07
4.750622848176780274e-05
4.750622848176780274e-05
5.278469831307532132e-06
4.750622848176780274e-05
5.278469831307532132e-06
4.275560563359102721e-04
5.864966479230590552e-07
4.275560563359102721e-04
7.240699357074799086e-09
5.278469831307532132e-06
4.275560563359102721e-04
3.848004507023194184e-03
5.278469831307532132e-06
4.750622848176780274e-05
5.864966479230590552e-07
4.275560563359102721e-04
4.750622848176780274e-05
5.864966479230590552e-07
4.750622848176780274e-05
4.750622848176780274e-05
4.750622848176780274e-05
4.275560563359102721e-04
4.275560563359102721e-04
5.278469831307532132e-06
5.278469831307532132e-06
4.750622848176780274e-05
4.750622848176780274e-05
5.278469831307532132e-06
5.278469831307532132e-06
3.463204056320875329e-02
5.278469831307532132e-06
4.750622848176780274e-05
5.278469831307532132e-06
3.848004507023194184e-03
4.275560563359102721e-04
3.848004507023194184e-03
4.275560563359102721e-04
3.848004507023194184e-03
3.463204056320875329e-02
5.278469831307532132e-06
5.864966479230590552e-07
5.278469831307532132e-06
3.848004507023194184e-03
3.848004507023194184e-03
4.750622848176780274e-05
4.750622848176780274e-05
5.278469831307532132e-06
5.278469831307532132e-06
4.275560563359102721e-04
5.278469831307532132e-06
4.750622848176780274e-05
6.516629421367321659e-08
5.864966479230590552e-07
4.750622848176780274e-05
5.278469831307532132e-06
3.848004507023194184e-03
4.750622848176780274e-05
3.848004507023194184e-03
4.750622848176780274e-05
5.864966479230590552e-07
4.750622848176780274e-05
5.278469831307532132e-06
4.750622848176780274e-05
4.750622848176780274e-05
5.864966479230590552e-07
5.278469831307532132e-06
5.864966479230590552e-07
5.278469831307532132e-06
4.275560563359102721e-04
4.275560563359102721e-04
4.275560563359102721e-04
5.278469831307532132e-06
4.750622848176780274e-05
4.750622848176780274e-05
5.864966479230590552e-07
4.275560563359102721e-04
5.278469831307532132e-06
5.278469831307532132e-06
4.275560563359102721e-04
6.516629421367321659e-08
5.278469831307532132e-06
4.750622848176780274e-05
5.864966479230590552e-07
6.516629421367321659e-08
4.275560563359102721e-04
5.278469831307532132e-06
4.750622848176780274e-05
5.278469831307532132e-06
4.750622848176780274e-05
4.750622848176780274e-05
4.750622848176780274e-05
5.278469831307532132e-06
3.848004507023194184e-03
5.278469831307532132e-06
4.275560563359102721e-04
4.275560563359102721e-04
4.750622848176780274e-05
5.864966479230590552e-07
4.750622848176780274e-05
5.278469831307532132e-06
4.750622848176780274e-05
3.848004507023194184e-03
5.278469831307532132e-06
4.275560563359102721e-04
3.848004507023194184e-03
5.864966479230590552e-07
3.848004507023194184e-03
3.463204056320875329e-02
4.275560563359102721e-04
4.750622848176780274e-05
5.864966479230590552e-07
4.275560563359102721e-04
4.750622848176780274e-05
5.864966479230590552e-07
4.750622848176780274e-05
5.278469831307532132e-06
5.864966479230590552e-07
5.864966479230590552e-07
