6.171507984695329629e-06
6.171507984695329629e-06
4.998921467603219303e-04
6.171507984695329629e-06
4.998921467603219303e-04
4.049126388758610140e-02
4.998921467603219303e-04
6.857231094105921574e-07
6.857231094105921574e-07
6.857231094105921574e-07
4.499029320842898999e-03
6.171507984695329629e-06
8.465717400130762780e-09
4.499029320842898999e-03
6.171507984695329629e-06
5.554357186225798021e-05
6.857231094105921574e-07
5.554357186225798021e-05
4.998921467603219303e-04
5.554357186225798021e-05
6.857231094105921574e-07
4.049126388758610140e-02
4.499029320842898999e-03
5.554357186225798021e-05
4.998921467603219303e-04
4.499029320842898999e-03
4.998921467603219303e-04
5.554357186225798021e-05
4.998921467603219303e-04
4.998921467603219303e-04
6.171507984695329629e-06
6.171507984695329629e-06
3.644213749882749820e-01
4.499029320842898999e-03
6.171507984695329629e-06
4.049126388758610140e-02
6.857231094105921574e-07
4.998921467603219303e-04
6.171507984695329629e-06
5.554357186225798021e-05
4.998921467603219303e-04
5.554357186225798021e-05
6.171507984695329629e-06
7.619145660117687991e-08
4.499029320842898999e-03
5.554357186225798021e-05
4.998921467603219303e-04
6.171507984695329629e-06
4.998921467603219303e-04
6.171507984695329629e-06
4.998921467603219303e-04
6.857231094105921574e-07
5.554357186225798021e-05
5.554357186225798021e-05
4.998921467603219303e-04
6.171507984695329629e-06
6.171507984695329629e-06
4.998921467603219303e-04
4.998921467603219303e-04
6.857231094105921574e-07
5.554357186225798021e-05
4.998921467603219303e-04
4.998921467603219303e-04
6.857231094105921574e-07
5.554357186225798021e-05
4.998921467603219303e-04
4.998921467603219303e-04
4.998921467603219303e-04
6.171507984695329629e-06
5.554357186225798021e-05
7.619145660117687991e-08
5.554357186225798021e-05
4.998921467603219303e-04
4.998921467603219303e-04
4.998921467603219303e-04
4.998921467603219303e-04
6.171507984695329629e-06
5.554357186225798021e-05
5.554357186225798021e-05
6.857231094105921574e-07
6.857231094105921574e-07
4.998921467603219303e-04
5.554357186225798021e-05
4.998921467603219303e-04
5.554357186225798021e-05
6.171507984695329629e-06
6.857231094105921574e-07
5.554357186225798021e-05
5.554357186225798021e-05
5.554357186225798021e-05
4.998921467603219303e-04
4.049126388758610140e-02
6.857231094105921574e-07
5.554357186225798021e-05
5.554357186225798021e-05
6.857231094105921574e-07
4.998921467603219303e-04
6.171507984695329629e-06
4.499029320842898999e-03
6.171507984695329629e-06
7.619145660117687991e-08
4.499029320842898999e-03
4.499029320842898999e-03
4.998921467603219303e-04
6.171507984695329629e-06
4.998921467603219303e-04
4.998921467603219303e-04
5.554357186225798021e-05
6.171507984695329629e-06
4.998921467603219303e-04
6.857231094105921574e-07
6.857231094105921574e-07
4.998921467603219303e-04
5.554357186225798021e-05
5.554357186225798021e-05
6.171507984695329629e-06
5.554357186225798021e-05
4.998921467603219303e-04
4.049126388758610140e-02
5.554357186225798021e-05
6.857231094105921574e-07
7.619145660117687991e-08
4.499029320842898999e-03
6.171507984695329629e-06
6.171507984695329629e-06
3.644213749882749820e-01
7.619145660117687991e-08
4.499029320842898999e-03
