8.327843210206990244e-05
7.495058889186292711e-04
9.253159122452208371e-06
8.327843210206990244e-05
8.327843210206990244e-05
1.142365323759531671e-07
1.142365323759531671e-07
8.327843210206990244e-05
7.495058889186292711e-04
9.253159122452208371e-06
9.253159122452208371e-06
9.253159122452208371e-06
6.070997700240900879e-02
1.028128791383578755e-06
6.745553000267666584e-03
5.463897930216812249e-01
8.327843210206990244e-05
7.495058889186292711e-04
8.327843210206990244e-05
8.327843210206990244e-05
1.028128791383578755e-06
1.028128791383578755e-06
9.253159122452208371e-06
7.495058889186292711e-04
9.253159122452208371e-06
9.253159122452208371e-06
6.745553000267666584e-03
1.269294804177256952e-08
7.495058889186292711e-04
8.327843210206990244e-05
1.028128791383578755e-06
8.327843210206990244e-05
7.495058889186292711e-04
9.253159122452208371e-06
6.745553000267666584e-03
7.495058889186292711e-04
8.327843210206990244e-05
6.745553000267666584e-03
6.745553000267666584e-03
1.142365323759531671e-07
9.253159122452208371e-06
6.745553000267666584e-03
6.745553000267666584e-03
1.028128791383578755e-06
7.495058889186292711e-04
9.253159122452208371e-06
8.327843210206990244e-05
9.253159122452208371e-06
9.253159122452208371e-06
7.495058889186292711e-04
7.495058889186292711e-04
9.253159122452208371e-06
1.028128791383578755e-06
9.253159122452208371e-06
6.070997700240900879e-02
1.142365323759531671e-07
9.253159122452208371e-06
1.028128791383578755e-06
7.495058889186292711e-04
8.327843210206990244e-05
8.327843210206990244e-05
8.327843210206990244e-05
8.327843210206990244e-05
6.070997700240900879e-02
7.495058889186292711e-04
6.070997700240900879e-02
8.327843210206990244e-05
8.327843210206990244e-05
9.253159122452208371e-06
8.327843210206990244e-05
7.495058889186292711e-04
8.327843210206990244e-05
8.327843210206990244e-05
7.495058889186292711e-04
8.327843210206990244e-05
1.028128791383578755e-06
9.253159122452208371e-06
9.253159122452208371e-06
7.495058889186292711e-04
8.327843210206990244e-05
9.253159122452208371e-06
8.327843210206990244e-05
6.070997700240900879e-02
8.327843210206990244e-05
8.327843210206990244e-05
8.327843210206990244e-05
9.253159122452208371e-06
7.495058889186292711e-04
8.327843210206990244e-05
7.495058889186292711e-04
8.327843210206990244e-05
8.327843210206990244e-05
8.327843210206990244e-05
9.253159122452208371e-06
1.028128791383578755e-06
7.495058889186292711e-04
6.745553000267666584e-03
8.327843210206990244e-05
1.142365323759531671e-07
6.745553000267666584e-03
7.495058889186292711e-04
1.142365323759531671e-07
8.327843210206990244e-05
8.327843210206990244e-05
8.327843210206990244e-05
7.495058889186292711e-04
6.745553000267666584e-03
1.142365323759531671e-07
7.495058889186292711e-04
8.327843210206990244e-05
8.327843210206990244e-05
8.327843210206990244e-05
8.327843210206990244e-05
7.495058889186292711e-04
8.327843210206990244e-05
9.253159122452208371e-06
1.028128791383578755e-06
9.253159122452208371e-06
8.327843210206990244e-05
6.070997700240900879e-02
9.253159122452208371e-06
9.253159122452208371e-06
8.327843210206990244e-05
8.327843210206990244e-05
7.495058889186292711e-04
7.495058889186292711e-04
8.327843210206990244e-05
8.327843210206990244e-05
