6.382166884506618247e-06
6.382166884506618247e-06
8.754687084371212277e-09
6.382166884506618247e-06
4.187339692924796353e-02
6.382166884506618247e-06
5.169555176450362508e-04
4.652599658805329184e-03
7.091296538340686941e-07
5.743950196055958116e-05
5.743950196055958116e-05
5.169555176450362508e-04
5.743950196055958116e-05
8.754687084371212277e-09
6.382166884506618247e-06
6.382166884506618247e-06
4.187339692924796353e-02
4.652599658805329184e-03
6.382166884506618247e-06
6.382166884506618247e-06
5.169555176450362508e-04
7.091296538340686941e-07
6.382166884506618247e-06
7.091296538340686941e-07
6.382166884506618247e-06
5.169555176450362508e-04
6.382166884506618247e-06
5.743950196055958116e-05
4.187339692924796353e-02
5.169555176450362508e-04
5.743950196055958116e-05
4.652599658805329184e-03
4.187339692924796353e-02
3.768605723632317828e-01
6.382166884506618247e-06
5.169555176450362508e-04
5.169555176450362508e-04
5.743950196055958116e-05
4.187339692924796353e-02
5.169555176450362508e-04
4.652599658805329184e-03
5.169555176450362508e-04
7.091296538340686941e-07
7.879218375934094689e-08
5.743950196055958116e-05
3.768605723632317828e-01
5.743950196055958116e-05
5.169555176450362508e-04
4.652599658805329184e-03
6.382166884506618247e-06
6.382166884506618247e-06
5.169555176450362508e-04
5.169555176450362508e-04
5.743950196055958116e-05
7.091296538340686941e-07
5.169555176450362508e-04
7.879218375934094689e-08
7.879218375934094689e-08
4.652599658805329184e-03
5.169555176450362508e-04
5.743950196055958116e-05
5.743950196055958116e-05
5.169555176450362508e-04
5.169555176450362508e-04
