4.091055195300484290e-08
3.313754708193392831e-06
3.313754708193392831e-06
2.415727182272985659e-03
4.091055195300484290e-08
2.982379237374054734e-05
3.313754708193392831e-06
2.982379237374054734e-05
2.684141313636649769e-04
2.982379237374054734e-05
4.091055195300484290e-08
2.684141313636649769e-04
3.681949675770436655e-07
3.313754708193392831e-06
3.313754708193392831e-06
2.684141313636649769e-04
2.684141313636649769e-04
3.681949675770436655e-07
2.982379237374054734e-05
2.982379237374054734e-05
3.681949675770436655e-07
2.982379237374054734e-05
2.684141313636649769e-04
2.415727182272985659e-03
3.313754708193392831e-06
2.982379237374054734e-05
2.684141313636649769e-04
2.982379237374054734e-05
2.982379237374054734e-05
2.982379237374054734e-05
2.684141313636649769e-04
2.982379237374054734e-05
2.684141313636649769e-04
3.313754708193392831e-06
2.415727182272985659e-03
3.313754708193392831e-06
4.545616883667203113e-09
2.684141313636649769e-04
2.982379237374054734e-05
2.684141313636649769e-04
2.415727182272985659e-03
2.174154464045687310e-02
2.684141313636649769e-04
3.313754708193392831e-06
4.091055195300484290e-08
2.684141313636649769e-04
4.091055195300484290e-08
2.684141313636649769e-04
2.174154464045687310e-02
2.684141313636649769e-04
3.313754708193392831e-06
2.982379237374054734e-05
2.415727182272985659e-03
2.684141313636649769e-04
2.415727182272985659e-03
2.982379237374054734e-05
3.313754708193392831e-06
3.681949675770436655e-07
2.982379237374054734e-05
2.684141313636649769e-04
2.415727182272985659e-03
3.313754708193392831e-06
2.415727182272985659e-03
2.982379237374054734e-05
2.982379237374054734e-05
4.545616883667203113e-09
2.982379237374054734e-05
3.313754708193392831e-06
3.313754708193392831e-06
2.684141313636649769e-04
2.684141313636649769e-04
2.982379237374054734e-05
2.982379237374054734e-05
2.982379237374054734e-05
3.681949675770436655e-07
3.313754708193392831e-06
2.982379237374054734e-05
2.415727182272985659e-03
2.684141313636649769e-04
2.982379237374054734e-05
2.684141313636649769e-04
2.684141313636649769e-04
2.415727182272985659e-03
3.313754708193392831e-06
2.982379237374054734e-05
2.982379237374054734e-05
3.313754708193392831e-06
2.415727182272985659e-03
2.415727182272985659e-03
2.415727182272985659e-03
3.313754708193392831e-06
2.684141313636649769e-04
3.313754708193392831e-06
2.982379237374054734e-05
2.174154464045687310e-02
2.415727182272985659e-03
2.684141313636649769e-04
3.313754708193392831e-06
2.982379237374054734e-05
3.313754708193392831e-06
2.415727182272985659e-03
3.313754708193392831e-06
3.681949675770436655e-07
2.684141313636649769e-04
3.313754708193392831e-06
2.982379237374054734e-05
2.684141313636649769e-04
2.684141313636649769e-04
3.681949675770436655e-07
2.684141313636649769e-04
1.956739017641119238e-01
2.982379237374054734e-05
2.982379237374054734e-05
2.982379237374054734e-05
2.982379237374054734e-05
2.684141313636649769e-04
2.174154464045687310e-02
4.091055195300484290e-08
2.174154464045687310e-02
2.684141313636649769e-04
2.684141313636649769e-04
2.982379237374054734e-05
2.684141313636649769e-04
2.415727182272985659e-03
2.415727182272985659e-03
2.982379237374054734e-05
3.313754708193392831e-06
2.684141313636649769e-04
3.681949675770436655e-07
2.684141313636649769e-04
2.684141313636649769e-04
2.684141313636649769e-04
2.415727182272985659e-03
3.681949675770436655e-07
3.313754708193392831e-06
2.684141313636649769e-04
2.982379237374054734e-05
4.091055195300484290e-08
2.415727182272985659e-03
4.091055195300484290e-08
3.681949675770436655e-07
2.982379237374054734e-05
2.684141313636649769e-04
2.684141313636649769e-04
2.684141313636649769e-04
2.684141313636649769e-04
2.684141313636649769e-04
2.415727182272985659e-03
3.313754708193392831e-06
2.982379237374054734e-05
2.415727182272985659e-03
2.684141313636649769e-04
4.091055195300484290e-08
4.091055195300484290e-08
3.313754708193392831e-06
3.313754708193392831e-06
2.684141313636649769e-04
3.313754708193392831e-06
3.681949675770436655e-07
2.684141313636649769e-04
2.982379237374054734e-05
2.415727182272985659e-03
2.415727182272985659e-03
2.684141313636649769e-04
2.684141313636649769e-04
2.415727182272985659e-03
4.091055195300484290e-08
3.313754708193392831e-06
2.684141313636649769e-04
2.982379237374054734e-05
2.684141313636649769e-04
2.684141313636649769e-04
3.313754708193392831e-06
2.415727182272985659e-03
3.681949675770436655e-07
3.681949675770436655e-07
3.681949675770436655e-07
4.091055195300484290e-08
3.313754708193392831e-06
2.982379237374054734e-05
3.681949675770436655e-07
2.982379237374054734e-05
3.313754708193392831e-06
2.982379237374054734e-05
3.681949675770436655e-07
4.091055195300484290e-08
2.684141313636649769e-04
3.681949675770436655e-07
2.684141313636649769e-04
2.684141313636649769e-04
3.313754708193392831e-06
3.681949675770436655e-07
2.415727182272985659e-03
2.415727182272985659e-03
2.174154464045687310e-02
2.982379237374054734e-05
3.313754708193392831e-06
3.313754708193392831e-06
2.684141313636649769e-04
2.415727182272985659e-03
2.415727182272985659e-03
2.415727182272985659e-03
2.415727182272985659e-03
2.982379237374054734e-05
2.415727182272985659e-03
3.313754708193392831e-06
3.313754708193392831e-06
3.313754708193392831e-06
2.982379237374054734e-05
2.982379237374054734e-05
2.415727182272985659e-03
2.982379237374054734e-05
2.415727182272985659e-03
3.313754708193392831e-06
2.415727182272985659e-03
3.313754708193392831e-06
2.982379237374054734e-05
2.415727182272985659e-03
4.091055195300484290e-08
2.684141313636649769e-04
2.684141313636649769e-04
3.313754708193392831e-06
2.684141313636649769e-04
4.091055195300484290e-08
4.091055195300484290e-08
3.313754708193392831e-06
3.313754708193392831e-06
2.174154464045687310e-02
3.313754708193392831e-06
3.681949675770436655e-07
2.982379237374054734e-05
3.313754708193392831e-06
2.982379237374054734e-05
3.313754708193392831e-06
2.174154464045687310e-02
3.313754708193392831e-06
2.982379237374054734e-05
2.982379237374054734e-05
3.313754708193392831e-06
2.982379237374054734e-05
3.313754708193392831e-06
1.956739017641119238e-01
2.684141313636649769e-04
3.313754708193392831e-06
2.415727182272985659e-03
2.982379237374054734e-05
3.681949675770436655e-07
2.415727182272985659e-03
2.982379237374054734e-05
3.313754708193392831e-06
4.091055195300484290e-08
2.684141313636649769e-04
2.415727182272985659e-03
2.982379237374054734e-05
2.982379237374054734e-05
3.313754708193392831e-06
2.982379237374054734e-05
3.681949675770436655e-07
2.982379237374054734e-05
2.982379237374054734e-05
2.982379237374054734e-05
3.313754708193392831e-06
2.982379237374054734e-05
2.415727182272985659e-03
2.415727182272985659e-03
2.415727182272985659e-03
2.684141313636649769e-04
2.982379237374054734e-05
2.684141313636649769e-04
3.313754708193392831e-06
3.313754708193392831e-06
2.415727182272985659e-03
4.091055195300484290e-08
2.982379237374054734e-05
2.684141313636649769e-04
3.313754708193392831e-06
2.982379237374054734e-05
5.050685426296890624e-10
2.982379237374054734e-05
2.684141313636649769e-04
2.982379237374054734e-05
2.982379237374054734e-05
3.313754708193392831e-06
4.545616883667203113e-09
2.684141313636649769e-04
4.091055195300484290e-08
3.681949675770436655e-07
2.982379237374054734e-05
3.313754708193392831e-06
2.982379237374054734e-05
2.982379237374054734e-05
3.313754708193392831e-06
2.684141313636649769e-04
2.684141313636649769e-04
3.313754708193392831e-06
2.684141313636649769e-04
2.684141313636649769e-04
3.313754708193392831e-06
3.313754708193392831e-06
2.982379237374054734e-05
3.313754708193392831e-06
3.313754708193392831e-06
3.681949675770436655e-07
2.982379237374054734e-05
2.982379237374054734e-05
2.982379237374054734e-05
2.684141313636649769e-04
3.681949675770436655e-07
2.982379237374054734e-05
2.684141313636649769e-04
2.415727182272985659e-03
4.545616883667203113e-09
3.681949675770436655e-07
2.415727182272985659e-03
3.681949675770436655e-07
2.174154464045687310e-02
1.956739017641119238e-01
2.982379237374054734e-05
2.982379237374054734e-05
2.174154464045687310e-02
2.684141313636649769e-04
2.684141313636649769e-04
2.982379237374054734e-05
3.313754708193392831e-06
2.982379237374054734e-05
2.684141313636649769e-04
2.684141313636649769e-04
2.982379237374054734e-05
2.982379237374054734e-05
2.415727182272985659e-03
2.982379237374054734e-05
2.982379237374054734e-05
2.684141313636649769e-04
2.415727182272985659e-03
3.313754708193392831e-06
2.982379237374054734e-05
4.091055195300484290e-08
2.684141313636649769e-04
2.982379237374054734e-05
2.684141313636649769e-04
2.415727182272985659e-03
2.684141313636649769e-04
3.313754708193392831e-06
3.681949675770436655e-07
2.415727182272985659e-03
3.313754708193392831e-06
2.415727182272985659e-03
2.982379237374054734e-05
3.313754708193392831e-06
3.313754708193392831e-06
2.684141313636649769e-04
2.982379237374054734e-05
3.313754708193392831e-06
3.313754708193392831e-06
2.684141313636649769e-04
2.684141313636649769e-04
2.174154464045687310e-02
2.684141313636649769e-04
3.313754708193392831e-06
2.684141313636649769e-04
2.982379237374054734e-05
2.982379237374054734e-05
3.313754708193392831e-06
3.313754708193392831e-06
2.982379237374054734e-05
2.684141313636649769e-04
3.681949675770436655e-07
2.982379237374054734e-05
3.313754708193392831e-06
2.174154464045687310e-02
3.313754708193392831e-06
3.313754708193392831e-06
2.684141313636649769e-04
2.415727182272985659e-03
2.684141313636649769e-04
2.684141313636649769e-04
3.681949675770436655e-07
2.982379237374054734e-05
2.684141313636649769e-04
4.091055195300484290e-08
3.313754708193392831e-06
2.982379237374054734e-05
2.982379237374054734e-05
2.415727182272985659e-03
