2.709531288106264999e-06
2.194720343366075475e-04
2.194720343366075475e-04
1.777723478126522205e-02
3.010590320118072221e-07
3.010590320118072221e-07
3.010590320118072221e-07
1.975248309029468876e-03
2.709531288106264999e-06
2.709531288106264999e-06
2.194720343366075475e-04
2.438578159295639303e-05
2.194720343366075475e-04
1.975248309029468876e-03
3.010590320118072221e-07
2.438578159295639303e-05
2.438578159295639303e-05
2.194720343366075475e-04
2.709531288106264999e-06
2.194720343366075475e-04
3.010590320118072221e-07
2.194720343366075475e-04
2.709531288106264999e-06
2.438578159295639303e-05
3.010590320118072221e-07
1.777723478126522205e-02
1.777723478126522205e-02
2.194720343366075475e-04
2.709531288106264999e-06
2.438578159295639303e-05
2.194720343366075475e-04
2.709531288106264999e-06
2.709531288106264999e-06
3.010590320118072221e-07
1.975248309029468876e-03
2.438578159295639303e-05
2.709531288106264999e-06
2.709531288106264999e-06
3.345100355686746177e-08
2.194720343366075475e-04
2.438578159295639303e-05
3.010590320118072221e-07
2.194720343366075475e-04
3.010590320118072221e-07
3.010590320118072221e-07
3.345100355686746177e-08
3.345100355686746177e-08
2.438578159295639303e-05
2.438578159295639303e-05
3.010590320118072221e-07
3.010590320118072221e-07
2.709531288106264999e-06
2.709531288106264999e-06
2.709531288106264999e-06
1.975248309029468876e-03
2.438578159295639303e-05
2.709531288106264999e-06
2.709531288106264999e-06
2.438578159295639303e-05
2.438578159295639303e-05
2.194720343366075475e-04
2.438578159295639303e-05
2.709531288106264999e-06
2.438578159295639303e-05
2.194720343366075475e-04
3.716778172985272059e-09
2.194720343366075475e-04
3.010590320118072221e-07
2.194720343366075475e-04
2.438578159295639303e-05
2.194720343366075475e-04
3.010590320118072221e-07
2.194720343366075475e-04
3.010590320118072221e-07
2.438578159295639303e-05
2.194720343366075475e-04
2.194720343366075475e-04
1.777723478126522205e-02
2.438578159295639303e-05
2.709531288106264999e-06
2.194720343366075475e-04
2.709531288106264999e-06
2.438578159295639303e-05
2.438578159295639303e-05
2.194720343366075475e-04
2.194720343366075475e-04
2.194720343366075475e-04
2.438578159295639303e-05
2.709531288106264999e-06
2.438578159295639303e-05
2.194720343366075475e-04
1.599951130313870540e-01
2.709531288106264999e-06
2.709531288106264999e-06
2.194720343366075475e-04
2.709531288106264999e-06
2.709531288106264999e-06
3.010590320118072221e-07
2.709531288106264999e-06
2.194720343366075475e-04
2.438578159295639303e-05
2.709531288106264999e-06
2.194720343366075475e-04
2.709531288106264999e-06
3.010590320118072221e-07
2.438578159295639303e-05
2.194720343366075475e-04
2.438578159295639303e-05
3.010590320118072221e-07
1.975248309029468876e-03
2.438578159295639303e-05
2.709531288106264999e-06
2.438578159295639303e-05
2.194720343366075475e-04
2.709531288106264999e-06
2.709531288106264999e-06
1.777723478126522205e-02
1.975248309029468876e-03
2.438578159295639303e-05
2.438578159295639303e-05
3.345100355686746177e-08
1.975248309029468876e-03
2.194720343366075475e-04
3.345100355686746177e-08
3.010590320118072221e-07
2.438578159295639303e-05
1.777723478126522205e-02
3.010590320118072221e-07
1.975248309029468876e-03
2.709531288106264999e-06
1.975248309029468876e-03
2.438578159295639303e-05
3.010590320118072221e-07
2.709531288106264999e-06
2.709531288106264999e-06
2.709531288106264999e-06
2.709531288106264999e-06
2.709531288106264999e-06
2.438578159295639303e-05
2.438578159295639303e-05
2.709531288106264999e-06
2.709531288106264999e-06
2.709531288106264999e-06
1.975248309029468876e-03
3.345100355686746177e-08
3.010590320118072221e-07
3.010590320118072221e-07
2.438578159295639303e-05
2.194720343366075475e-04
2.438578159295639303e-05
2.709531288106264999e-06
2.709531288106264999e-06
3.010590320118072221e-07
2.438578159295639303e-05
2.709531288106264999e-06
2.194720343366075475e-04
2.438578159295639303e-05
2.709531288106264999e-06
2.194720343366075475e-04
3.345100355686746177e-08
2.438578159295639303e-05
3.010590320118072221e-07
2.438578159295639303e-05
2.438578159295639303e-05
3.010590320118072221e-07
2.438578159295639303e-05
2.438578159295639303e-05
2.709531288106264999e-06
1.975248309029468876e-03
1.975248309029468876e-03
2.194720343366075475e-04
2.438578159295639303e-05
2.709531288106264999e-06
2.194720343366075475e-04
2.709531288106264999e-06
2.438578159295639303e-05
3.010590320118072221e-07
2.194720343366075475e-04
2.194720343366075475e-04
1.975248309029468876e-03
2.438578159295639303e-05
3.345100355686746177e-08
2.709531288106264999e-06
2.709531288106264999e-06
2.438578159295639303e-05
1.975248309029468876e-03
1.975248309029468876e-03
2.709531288106264999e-06
2.438578159295639303e-05
2.438578159295639303e-05
2.709531288106264999e-06
2.709531288106264999e-06
2.709531288106264999e-06
2.709531288106264999e-06
2.438578159295639303e-05
3.345100355686746177e-08
2.438578159295639303e-05
2.709531288106264999e-06
3.345100355686746177e-08
2.194720343366075475e-04
1.599951130313870540e-01
2.709531288106264999e-06
2.194720343366075475e-04
1.975248309029468876e-03
2.194720343366075475e-04
3.010590320118072221e-07
2.438578159295639303e-05
2.194720343366075475e-04
3.010590320118072221e-07
2.194720343366075475e-04
2.194720343366075475e-04
2.709531288106264999e-06
2.194720343366075475e-04
2.194720343366075475e-04
2.194720343366075475e-04
1.975248309029468876e-03
3.716778172985272059e-09
2.194720343366075475e-04
2.438578159295639303e-05
2.709531288106264999e-06
2.194720343366075475e-04
2.709531288106264999e-06
2.438578159295639303e-05
2.194720343366075475e-04
2.438578159295639303e-05
2.709531288106264999e-06
2.709531288106264999e-06
2.438578159295639303e-05
3.010590320118072221e-07
3.010590320118072221e-07
1.975248309029468876e-03
2.194720343366075475e-04
2.438578159295639303e-05
2.438578159295639303e-05
2.709531288106264999e-06
1.975248309029468876e-03
2.438578159295639303e-05
3.010590320118072221e-07
1.975248309029468876e-03
2.194720343366075475e-04
3.010590320118072221e-07
2.194720343366075475e-04
3.010590320118072221e-07
1.975248309029468876e-03
2.194720343366075475e-04
2.194720343366075475e-04
2.438578159295639303e-05
2.709531288106264999e-06
1.975248309029468876e-03
2.709531288106264999e-06
1.975248309029468876e-03
2.194720343366075475e-04
2.709531288106264999e-06
2.438578159295639303e-05
2.194720343366075475e-04
3.010590320118072221e-07
2.194720343366075475e-04
1.975248309029468876e-03
1.975248309029468876e-03
2.438578159295639303e-05
2.438578159295639303e-05
2.194720343366075475e-04
3.010590320118072221e-07
1.975248309029468876e-03
2.709531288106264999e-06
2.194720343366075475e-04
1.975248309029468876e-03
3.010590320118072221e-07
2.194720343366075475e-04
2.709531288106264999e-06
1.777723478126522205e-02
2.709531288106264999e-06
2.438578159295639303e-05
2.194720343366075475e-04
3.345100355686746177e-08
2.709531288106264999e-06
1.975248309029468876e-03
2.709531288106264999e-06
2.709531288106264999e-06
2.438578159295639303e-05
2.194720343366075475e-04
1.777723478126522205e-02
2.194720343366075475e-04
1.975248309029468876e-03
1.777723478126522205e-02
2.194720343366075475e-04
2.438578159295639303e-05
2.709531288106264999e-06
2.194720343366075475e-04
3.010590320118072221e-07
2.194720343366075475e-04
2.194720343366075475e-04
3.010590320118072221e-07
1.975248309029468876e-03
2.438578159295639303e-05
2.438578159295639303e-05
2.438578159295639303e-05
1.777723478126522205e-02
2.709531288106264999e-06
3.345100355686746177e-08
2.709531288106264999e-06
2.709531288106264999e-06
3.010590320118072221e-07
2.709531288106264999e-06
1.975248309029468876e-03
2.194720343366075475e-04
1.599951130313870540e-01
2.709531288106264999e-06
1.975248309029468876e-03
2.438578159295639303e-05
2.438578159295639303e-05
3.716778172985272059e-09
2.194720343366075475e-04
2.438578159295639303e-05
3.345100355686746177e-08
3.010590320118072221e-07
2.194720343366075475e-04
2.709531288106264999e-06
2.194720343366075475e-04
2.194720343366075475e-04
2.709531288106264999e-06
2.438578159295639303e-05
3.345100355686746177e-08
3.345100355686746177e-08
2.709531288106264999e-06
3.010590320118072221e-07
1.777723478126522205e-02
2.438578159295639303e-05
2.709531288106264999e-06
2.709531288106264999e-06
2.438578159295639303e-05
1.975248309029468876e-03
2.709531288106264999e-06
1.975248309029468876e-03
2.438578159295639303e-05
2.438578159295639303e-05
2.709531288106264999e-06
3.010590320118072221e-07
2.194720343366075475e-04
2.438578159295639303e-05
2.438578159295639303e-05
2.709531288106264999e-06
1.777723478126522205e-02
2.709531288106264999e-06
2.438578159295639303e-05
2.438578159295639303e-05
2.438578159295639303e-05
1.975248309029468876e-03
2.194720343366075475e-04
2.194720343366075475e-04
1.599951130313870540e-01
2.438578159295639303e-05
1.975248309029468876e-03
2.438578159295639303e-05
2.438578159295639303e-05
2.194720343366075475e-04
2.194720343366075475e-04
2.438578159295639303e-05
1.975248309029468876e-03
2.438578159295639303e-05
1.777723478126522205e-02
2.194720343366075475e-04
2.709531288106264999e-06
2.438578159295639303e-05
2.709531288106264999e-06
2.709531288106264999e-06
2.194720343366075475e-04
1.777723478126522205e-02
2.438578159295639303e-05
3.010590320118072221e-07
2.709531288106264999e-06
2.438578159295639303e-05
3.010590320118072221e-07
2.438578159295639303e-05
2.438578159295639303e-05
2.438578159295639303e-05
2.194720343366075475e-04
3.010590320118072221e-07
2.709531288106264999e-06
1.777723478126522205e-02
3.010590320118072221e-07
2.194720343366075475e-04
2.438578159295639303e-05
3.010590320118072221e-07
