3.274045183542363766e-04
3.637827981713737292e-05
2.946640665188128907e-03
3.637827981713737292e-05
3.274045183542363766e-04
4.042031090793040024e-06
4.491145656436711020e-07
2.946640665188128907e-03
4.491145656436711020e-07
3.274045183542363766e-04
4.042031090793040024e-06
4.042031090793040024e-06
3.274045183542363766e-04
2.946640665188128907e-03
4.491145656436711020e-07
3.637827981713737292e-05
4.042031090793040024e-06
3.274045183542363766e-04
3.637827981713737292e-05
3.637827981713737292e-05
2.651976598669316537e-02
3.274045183542363766e-04
4.491145656436711020e-07
3.274045183542363766e-04
2.651976598669316537e-02
2.946640665188128907e-03
4.042031090793040024e-06
4.491145656436711020e-07
3.637827981713737292e-05
2.946640665188128907e-03
3.274045183542363766e-04
4.491145656436711020e-07
2.651976598669316537e-02
4.042031090793040024e-06
2.946640665188128907e-03
2.651976598669316537e-02
3.274045183542363766e-04
4.990161840485233070e-08
3.637827981713737292e-05
4.042031090793040024e-06
2.946640665188128907e-03
3.637827981713737292e-05
4.042031090793040024e-06
3.274045183542363766e-04
2.651976598669316537e-02
4.990161840485233070e-08
4.491145656436711020e-07
3.274045183542363766e-04
4.042031090793040024e-06
2.946640665188128907e-03
2.651976598669316537e-02
4.042031090793040024e-06
3.637827981713737292e-05
4.042031090793040024e-06
4.491145656436711020e-07
2.946640665188128907e-03
3.637827981713737292e-05
3.274045183542363766e-04
4.491145656436711020e-07
4.042031090793040024e-06
3.637827981713737292e-05
3.637827981713737292e-05
4.042031090793040024e-06
4.491145656436711020e-07
4.491145656436711020e-07
2.946640665188128907e-03
3.274045183542363766e-04
3.637827981713737292e-05
3.274045183542363766e-04
3.274045183542363766e-04
3.274045183542363766e-04
3.274045183542363766e-04
2.946640665188128907e-03
3.637827981713737292e-05
4.491145656436711020e-07
4.042031090793040024e-06
3.274045183542363766e-04
4.491145656436711020e-07
2.946640665188128907e-03
3.274045183542363766e-04
4.042031090793040024e-06
4.491145656436711020e-07
2.946640665188128907e-03
4.042031090793040024e-06
4.990161840485233070e-08
4.042031090793040024e-06
3.637827981713737292e-05
3.274045183542363766e-04
3.637827981713737292e-05
3.274045183542363766e-04
4.491145656436711020e-07
3.274045183542363766e-04
3.637827981713737292e-05
3.637827981713737292e-05
4.042031090793040024e-06
2.946640665188128907e-03
2.651976598669316537e-02
2.946640665188128907e-03
4.491145656436711020e-07
4.491145656436711020e-07
4.042031090793040024e-06
3.637827981713737292e-05
3.274045183542363766e-04
3.637827981713737292e-05
4.491145656436711020e-07
3.274045183542363766e-04
4.491145656436711020e-07
3.637827981713737292e-05
4.042031090793040024e-06
4.042031090793040024e-06
3.637827981713737292e-05
3.274045183542363766e-04
3.274045183542363766e-04
4.491145656436711020e-07
3.637827981713737292e-05
4.491145656436711020e-07
2.651976598669316537e-02
3.274045183542363766e-04
3.274045183542363766e-04
2.946640665188128907e-03
4.042031090793040024e-06
3.637827981713737292e-05
4.042031090793040024e-06
4.042031090793040024e-06
4.042031090793040024e-06
2.946640665188128907e-03
2.946640665188128907e-03
2.946640665188128907e-03
3.274045183542363766e-04
2.946640665188128907e-03
3.274045183542363766e-04
3.274045183542363766e-04
2.946640665188128907e-03
4.042031090793040024e-06
3.274045183542363766e-04
4.491145656436711020e-07
2.651976598669316537e-02
4.990161840485233070e-08
4.491145656436711020e-07
3.637827981713737292e-05
3.637827981713737292e-05
4.042031090793040024e-06
2.651976598669316537e-02
3.637827981713737292e-05
3.637827981713737292e-05
4.042031090793040024e-06
3.637827981713737292e-05
3.274045183542363766e-04
4.042031090793040024e-06
2.946640665188128907e-03
4.042031090793040024e-06
3.274045183542363766e-04
3.637827981713737292e-05
2.946640665188128907e-03
4.042031090793040024e-06
4.491145656436711020e-07
3.274045183542363766e-04
3.274045183542363766e-04
3.637827981713737292e-05
4.491145656436711020e-07
3.637827981713737292e-05
4.491145656436711020e-07
3.274045183542363766e-04
4.042031090793040024e-06
3.274045183542363766e-04
3.637827981713737292e-05
4.042031090793040024e-06
4.042031090793040024e-06
2.651976598669316537e-02
4.990161840485233070e-08
4.042031090793040024e-06
3.637827981713737292e-05
3.637827981713737292e-05
4.042031090793040024e-06
4.990161840485233070e-08
3.637827981713737292e-05
3.637827981713737292e-05
3.637827981713737292e-05
3.274045183542363766e-04
3.274045183542363766e-04
3.274045183542363766e-04
3.274045183542363766e-04
3.637827981713737292e-05
4.042031090793040024e-06
4.491145656436711020e-07
4.042031090793040024e-06
4.042031090793040024e-06
4.491145656436711020e-07
2.946640665188128907e-03
2.946640665188128907e-03
4.491145656436711020e-07
3.274045183542363766e-04
4.491145656436711020e-07
4.042031090793040024e-06
2.651976598669316537e-02
4.042031090793040024e-06
2.651976598669316537e-02
3.274045183542363766e-04
3.637827981713737292e-05
4.042031090793040024e-06
3.274045183542363766e-04
2.946640665188128907e-03
3.274045183542363766e-04
3.274045183542363766e-04
4.491145656436711020e-07
4.042031090793040024e-06
3.637827981713737292e-05
4.491145656436711020e-07
4.491145656436711020e-07
3.274045183542363766e-04
3.637827981713737292e-05
4.990161840485233070e-08
4.042031090793040024e-06
4.990161840485233070e-08
3.274045183542363766e-04
3.637827981713737292e-05
2.946640665188128907e-03
4.042031090793040024e-06
2.946640665188128907e-03
3.637827981713737292e-05
3.274045183542363766e-04
4.042031090793040024e-06
4.491145656436711020e-07
2.946640665188128907e-03
4.042031090793040024e-06
4.042031090793040024e-06
4.042031090793040024e-06
4.491145656436711020e-07
3.637827981713737292e-05
4.042031090793040024e-06
2.946640665188128907e-03
3.274045183542363766e-04
3.637827981713737292e-05
3.637827981713737292e-05
3.637827981713737292e-05
3.637827981713737292e-05
2.946640665188128907e-03
3.274045183542363766e-04
3.637827981713737292e-05
3.637827981713737292e-05
4.491145656436711020e-07
3.637827981713737292e-05
4.491145656436711020e-07
5.544624267205812868e-09
4.491145656436711020e-07
3.274045183542363766e-04
4.990161840485233070e-08
3.637827981713737292e-05
3.637827981713737292e-05
4.042031090793040024e-06
4.491145656436711020e-07
2.946640665188128907e-03
4.990161840485233070e-08
2.946640665188128907e-03
5.544624267205812868e-09
2.946640665188128907e-03
3.637827981713737292e-05
4.990161840485233070e-08
3.274045183542363766e-04
2.386778938802385508e-01
4.042031090793040024e-06
4.042031090793040024e-06
4.042031090793040024e-06
3.274045183542363766e-04
3.637827981713737292e-05
2.946640665188128907e-03
4.042031090793040024e-06
2.946640665188128907e-03
4.491145656436711020e-07
2.386778938802385508e-01
3.637827981713737292e-05
3.274045183542363766e-04
3.637827981713737292e-05
3.274045183542363766e-04
4.491145656436711020e-07
2.946640665188128907e-03
3.637827981713737292e-05
3.637827981713737292e-05
3.274045183542363766e-04
2.651976598669316537e-02
4.042031090793040024e-06
3.274045183542363766e-04
4.042031090793040024e-06
4.042031090793040024e-06
4.042031090793040024e-06
4.491145656436711020e-07
4.042031090793040024e-06
3.637827981713737292e-05
4.990161840485233070e-08
4.491145656436711020e-07
4.042031090793040024e-06
4.042031090793040024e-06
3.637827981713737292e-05
3.637827981713737292e-05
3.274045183542363766e-04
2.946640665188128907e-03
3.274045183542363766e-04
3.274045183542363766e-04
4.491145656436711020e-07
4.042031090793040024e-06
4.491145656436711020e-07
2.946640665188128907e-03
3.637827981713737292e-05
2.946640665188128907e-03
3.274045183542363766e-04
3.637827981713737292e-05
4.491145656436711020e-07
3.637827981713737292e-05
3.274045183542363766e-04
3.274045183542363766e-04
2.946640665188128907e-03
2.946640665188128907e-03
4.042031090793040024e-06
3.637827981713737292e-05
4.042031090793040024e-06
4.042031090793040024e-06
3.274045183542363766e-04
4.491145656436711020e-07
3.274045183542363766e-04
2.946640665188128907e-03
