2.397947001238365317e-06
2.397947001238365317e-06
1.573293027512493239e-02
2.158152301114529633e-05
2.397947001238365317e-06
2.397947001238365317e-06
2.397947001238365317e-06
2.960428396590573551e-08
1.942337071003076771e-04
1.942337071003076771e-04
1.942337071003076771e-04
2.158152301114529633e-05
1.942337071003076771e-04
2.397947001238365317e-06
1.942337071003076771e-04
2.397947001238365317e-06
2.664385556931517255e-07
2.158152301114529633e-05
1.415963724761244158e-01
2.397947001238365317e-06
2.397947001238365317e-06
2.158152301114529633e-05
2.158152301114529633e-05
2.158152301114529633e-05
2.397947001238365317e-06
1.748103363902769880e-03
2.158152301114529633e-05
2.960428396590573551e-08
2.158152301114529633e-05
2.158152301114529633e-05
1.942337071003076771e-04
2.158152301114529633e-05
2.664385556931517255e-07
2.960428396590573551e-08
1.748103363902769880e-03
1.942337071003076771e-04
2.158152301114529633e-05
2.664385556931517255e-07
1.942337071003076771e-04
2.664385556931517255e-07
2.158152301114529633e-05
2.397947001238365317e-06
2.158152301114529633e-05
2.158152301114529633e-05
2.158152301114529633e-05
2.397947001238365317e-06
2.158152301114529633e-05
2.397947001238365317e-06
1.942337071003076771e-04
1.748103363902769880e-03
2.664385556931517255e-07
2.397947001238365317e-06
2.158152301114529633e-05
1.573293027512493239e-02
1.573293027512493239e-02
2.664385556931517255e-07
2.664385556931517255e-07
2.158152301114529633e-05
2.158152301114529633e-05
2.158152301114529633e-05
1.415963724761244158e-01
2.158152301114529633e-05
1.748103363902769880e-03
1.573293027512493239e-02
2.397947001238365317e-06
1.942337071003076771e-04
2.397947001238365317e-06
2.664385556931517255e-07
2.158152301114529633e-05
2.960428396590573551e-08
1.942337071003076771e-04
1.942337071003076771e-04
2.664385556931517255e-07
2.397947001238365317e-06
2.664385556931517255e-07
2.158152301114529633e-05
1.748103363902769880e-03
1.942337071003076771e-04
2.397947001238365317e-06
2.397947001238365317e-06
2.158152301114529633e-05
2.664385556931517255e-07
1.415963724761244158e-01
2.397947001238365317e-06
2.664385556931517255e-07
1.573293027512493239e-02
1.942337071003076771e-04
1.942337071003076771e-04
1.942337071003076771e-04
1.748103363902769880e-03
2.158152301114529633e-05
2.664385556931517255e-07
2.397947001238365317e-06
2.158152301114529633e-05
1.748103363902769880e-03
2.158152301114529633e-05
2.158152301114529633e-05
1.942337071003076771e-04
1.942337071003076771e-04
2.397947001238365317e-06
1.748103363902769880e-03
1.942337071003076771e-04
2.397947001238365317e-06
2.158152301114529633e-05
2.397947001238365317e-06
1.942337071003076771e-04
2.397947001238365317e-06
2.397947001238365317e-06
2.158152301114529633e-05
1.748103363902769880e-03
2.664385556931517255e-07
1.748103363902769880e-03
1.942337071003076771e-04
1.942337071003076771e-04
1.942337071003076771e-04
2.664385556931517255e-07
2.158152301114529633e-05
2.397947001238365317e-06
2.664385556931517255e-07
2.158152301114529633e-05
1.942337071003076771e-04
2.397947001238365317e-06
2.397947001238365317e-06
1.942337071003076771e-04
2.664385556931517255e-07
2.397947001238365317e-06
2.397947001238365317e-06
2.158152301114529633e-05
2.397947001238365317e-06
1.942337071003076771e-04
1.942337071003076771e-04
2.397947001238365317e-06
1.942337071003076771e-04
2.158152301114529633e-05
1.573293027512493239e-02
2.397947001238365317e-06
1.942337071003076771e-04
2.664385556931517255e-07
1.415963724761244158e-01
1.942337071003076771e-04
2.158152301114529633e-05
2.960428396590573551e-08
1.748103363902769880e-03
1.942337071003076771e-04
1.748103363902769880e-03
1.573293027512493239e-02
1.942337071003076771e-04
2.158152301114529633e-05
1.748103363902769880e-03
1.942337071003076771e-04
2.158152301114529633e-05
2.664385556931517255e-07
2.158152301114529633e-05
2.397947001238365317e-06
1.748103363902769880e-03
2.397947001238365317e-06
2.960428396590573551e-08
1.942337071003076771e-04
1.573293027512493239e-02
2.960428396590573551e-08
2.397947001238365317e-06
2.960428396590573551e-08
2.397947001238365317e-06
2.158152301114529633e-05
2.960428396590573551e-08
2.397947001238365317e-06
2.158152301114529633e-05
2.158152301114529633e-05
2.158152301114529633e-05
2.397947001238365317e-06
2.664385556931517255e-07
2.397947001238365317e-06
1.748103363902769880e-03
1.748103363902769880e-03
2.397947001238365317e-06
2.158152301114529633e-05
2.158152301114529633e-05
2.664385556931517255e-07
1.942337071003076771e-04
2.158152301114529633e-05
2.397947001238365317e-06
2.158152301114529633e-05
1.942337071003076771e-04
1.942337071003076771e-04
2.397947001238365317e-06
1.748103363902769880e-03
1.942337071003076771e-04
1.748103363902769880e-03
2.158152301114529633e-05
1.748103363902769880e-03
2.158152301114529633e-05
1.748103363902769880e-03
1.942337071003076771e-04
2.158152301114529633e-05
1.942337071003076771e-04
2.158152301114529633e-05
1.942337071003076771e-04
1.748103363902769880e-03
1.942337071003076771e-04
2.664385556931517255e-07
3.654849872334039289e-10
1.942337071003076771e-04
1.573293027512493239e-02
2.664385556931517255e-07
1.748103363902769880e-03
2.158152301114529633e-05
1.942337071003076771e-04
1.942337071003076771e-04
1.573293027512493239e-02
2.158152301114529633e-05
2.158152301114529633e-05
2.664385556931517255e-07
2.158152301114529633e-05
2.664385556931517255e-07
2.397947001238365317e-06
2.960428396590573551e-08
2.664385556931517255e-07
1.573293027512493239e-02
2.158152301114529633e-05
2.158152301114529633e-05
2.664385556931517255e-07
2.664385556931517255e-07
2.397947001238365317e-06
2.664385556931517255e-07
2.397947001238365317e-06
1.942337071003076771e-04
1.573293027512493239e-02
1.942337071003076771e-04
2.397947001238365317e-06
1.942337071003076771e-04
2.158152301114529633e-05
2.397947001238365317e-06
2.664385556931517255e-07
2.960428396590573551e-08
2.397947001238365317e-06
2.158152301114529633e-05
2.158152301114529633e-05
2.397947001238365317e-06
1.942337071003076771e-04
2.158152301114529633e-05
2.397947001238365317e-06
2.397947001238365317e-06
2.397947001238365317e-06
1.748103363902769880e-03
1.942337071003076771e-04
2.158152301114529633e-05
1.748103363902769880e-03
2.158152301114529633e-05
2.158152301114529633e-05
2.158152301114529633e-05
2.960428396590573551e-08
1.942337071003076771e-04
1.748103363902769880e-03
2.397947001238365317e-06
1.942337071003076771e-04
1.748103363902769880e-03
2.397947001238365317e-06
1.573293027512493239e-02
2.960428396590573551e-08
1.748103363902769880e-03
1.942337071003076771e-04
2.664385556931517255e-07
1.573293027512493239e-02
2.158152301114529633e-05
1.748103363902769880e-03
1.942337071003076771e-04
2.664385556931517255e-07
2.664385556931517255e-07
1.748103363902769880e-03
1.942337071003076771e-04
2.397947001238365317e-06
2.158152301114529633e-05
2.397947001238365317e-06
2.158152301114529633e-05
2.158152301114529633e-05
1.942337071003076771e-04
1.942337071003076771e-04
2.158152301114529633e-05
1.748103363902769880e-03
2.397947001238365317e-06
2.397947001238365317e-06
2.158152301114529633e-05
2.397947001238365317e-06
2.158152301114529633e-05
2.397947001238365317e-06
2.158152301114529633e-05
1.942337071003076771e-04
2.158152301114529633e-05
2.158152301114529633e-05
2.664385556931517255e-07
2.158152301114529633e-05
2.158152301114529633e-05
1.748103363902769880e-03
2.664385556931517255e-07
1.942337071003076771e-04
2.158152301114529633e-05
1.942337071003076771e-04
2.664385556931517255e-07
2.397947001238365317e-06
1.942337071003076771e-04
2.158152301114529633e-05
2.158152301114529633e-05
2.397947001238365317e-06
1.415963724761244158e-01
2.158152301114529633e-05
2.960428396590573551e-08
2.397947001238365317e-06
1.748103363902769880e-03
2.158152301114529633e-05
2.397947001238365317e-06
2.158152301114529633e-05
2.158152301114529633e-05
2.158152301114529633e-05
1.748103363902769880e-03
2.664385556931517255e-07
2.158152301114529633e-05
2.158152301114529633e-05
1.942337071003076771e-04
2.664385556931517255e-07
2.397947001238365317e-06
