6.255140689850244545e-05
8.580439903772620893e-08
6.255140689850244545e-05
5.066663958778701293e-03
5.629626620865220768e-04
7.722395913395360525e-07
5.066663958778701293e-03
5.629626620865220768e-04
5.629626620865220768e-04
7.722395913395360525e-07
5.629626620865220768e-04
7.722395913395360525e-07
7.722395913395360525e-07
6.950156322055825107e-06
6.255140689850244545e-05
5.066663958778701293e-03
7.722395913395360525e-07
4.559997562900831858e-02
5.629626620865220768e-04
8.580439903772620893e-08
6.255140689850244545e-05
7.722395913395360525e-07
6.255140689850244545e-05
6.950156322055825107e-06
7.722395913395360525e-07
5.629626620865220768e-04
6.950156322055825107e-06
6.255140689850244545e-05
7.722395913395360525e-07
6.950156322055825107e-06
6.950156322055825107e-06
5.629626620865220768e-04
6.255140689850244545e-05
6.950156322055825107e-06
6.255140689850244545e-05
6.255140689850244545e-05
4.559997562900831858e-02
5.629626620865220768e-04
5.629626620865220768e-04
8.580439903772620893e-08
6.255140689850244545e-05
7.722395913395360525e-07
6.950156322055825107e-06
5.629626620865220768e-04
6.255140689850244545e-05
6.255140689850244545e-05
6.255140689850244545e-05
6.950156322055825107e-06
8.580439903772620893e-08
7.722395913395360525e-07
5.066663958778701293e-03
5.629626620865220768e-04
7.722395913395360525e-07
7.722395913395360525e-07
4.559997562900831858e-02
6.255140689850244545e-05
5.629626620865220768e-04
7.722395913395360525e-07
6.255140689850244545e-05
7.722395913395360525e-07
5.629626620865220768e-04
5.066663958778701293e-03
5.629626620865220768e-04
6.950156322055825107e-06
7.722395913395360525e-07
5.629626620865220768e-04
5.629626620865220768e-04
5.629626620865220768e-04
6.255140689850244545e-05
6.255140689850244545e-05
6.255140689850244545e-05
4.103997806610749643e-01
7.722395913395360525e-07
5.629626620865220768e-04
6.255140689850244545e-05
6.255140689850244545e-05
6.255140689850244545e-05
6.255140689850244545e-05
5.066663958778701293e-03
5.629626620865220768e-04
5.629626620865220768e-04
6.950156322055825107e-06
5.629626620865220768e-04
6.950156322055825107e-06
5.629626620865220768e-04
6.950156322055825107e-06
6.950156322055825107e-06
4.559997562900831858e-02
5.629626620865220768e-04
8.580439903772620893e-08
5.066663958778701293e-03
5.629626620865220768e-04
8.580439903772620893e-08
5.066663958778701293e-03
6.255140689850244545e-05
5.629626620865220768e-04
6.255140689850244545e-05
6.255140689850244545e-05
6.950156322055825107e-06
7.722395913395360525e-07
6.950156322055825107e-06
6.950156322055825107e-06
6.255140689850244545e-05
5.629626620865220768e-04
7.722395913395360525e-07
5.629626620865220768e-04
4.559997562900831858e-02
5.629626620865220768e-04
5.629626620865220768e-04
6.950156322055825107e-06
5.629626620865220768e-04
7.722395913395360525e-07
5.066663958778701293e-03
5.066663958778701293e-03
6.255140689850244545e-05
6.255140689850244545e-05
6.255140689850244545e-05
7.722395913395360525e-07
7.722395913395360525e-07
6.255140689850244545e-05
7.722395913395360525e-07
6.950156322055825107e-06
6.255140689850244545e-05
5.066663958778701293e-03
6.950156322055825107e-06
6.950156322055825107e-06
6.950156322055825107e-06
5.629626620865220768e-04
7.722395913395360525e-07
5.066663958778701293e-03
7.722395913395360525e-07
6.255140689850244545e-05
5.066663958778701293e-03
9.533822115302909898e-09
5.629626620865220768e-04
5.629626620865220768e-04
6.950156322055825107e-06
6.255140689850244545e-05
5.629626620865220768e-04
5.629626620865220768e-04
7.722395913395360525e-07
5.629626620865220768e-04
7.722395913395360525e-07
7.722395913395360525e-07
4.559997562900831858e-02
5.066663958778701293e-03
4.559997562900831858e-02
6.255140689850244545e-05
4.559997562900831858e-02
6.255140689850244545e-05
7.722395913395360525e-07
6.950156322055825107e-06
5.066663958778701293e-03
6.255140689850244545e-05
1.059313568366989667e-09
7.722395913395360525e-07
6.255140689850244545e-05
5.629626620865220768e-04
5.066663958778701293e-03
5.629626620865220768e-04
6.950156322055825107e-06
7.722395913395360525e-07
6.255140689850244545e-05
6.950156322055825107e-06
8.580439903772620893e-08
4.559997562900831858e-02
5.066663958778701293e-03
6.950156322055825107e-06
6.255140689850244545e-05
5.066663958778701293e-03
6.255140689850244545e-05
5.629626620865220768e-04
7.722395913395360525e-07
5.629626620865220768e-04
6.950156322055825107e-06
6.950156322055825107e-06
6.255140689850244545e-05
6.255140689850244545e-05
4.559997562900831858e-02
6.950156322055825107e-06
6.950156322055825107e-06
5.629626620865220768e-04
5.629626620865220768e-04
5.629626620865220768e-04
5.066663958778701293e-03
5.066663958778701293e-03
6.255140689850244545e-05
5.066663958778701293e-03
7.722395913395360525e-07
6.950156322055825107e-06
6.255140689850244545e-05
8.580439903772620893e-08
