5.060692316230927447e-05
4.554623084607836736e-04
4.554623084607836736e-04
5.060692316230927447e-05
5.622991462478807334e-06
5.060692316230927447e-05
6.247768291643117377e-07
5.622991462478807334e-06
4.554623084607836736e-04
5.060692316230927447e-05
5.622991462478807334e-06
5.622991462478807334e-06
5.060692316230927447e-05
5.060692316230927447e-05
5.622991462478807334e-06
4.554623084607836736e-04
4.554623084607836736e-04
5.060692316230927447e-05
6.247768291643117377e-07
5.060692316230927447e-05
6.247768291643117377e-07
5.622991462478807334e-06
4.099160776147053875e-03
6.941964768492351906e-08
6.941964768492351906e-08
5.060692316230927447e-05
4.554623084607836736e-04
5.622991462478807334e-06
5.622991462478807334e-06
9.522585416313232241e-11
5.622991462478807334e-06
5.060692316230927447e-05
8.570326874681910955e-10
3.689244698532349181e-02
5.622991462478807334e-06
4.099160776147053875e-03
5.622991462478807334e-06
6.247768291643117377e-07
6.247768291643117377e-07
6.941964768492351906e-08
6.247768291643117377e-07
5.060692316230927447e-05
5.060692316230927447e-05
4.554623084607836736e-04
5.622991462478807334e-06
5.060692316230927447e-05
6.247768291643117377e-07
6.247768291643117377e-07
6.941964768492351906e-08
4.099160776147053875e-03
5.060692316230927447e-05
4.554623084607836736e-04
5.622991462478807334e-06
5.060692316230927447e-05
6.247768291643117377e-07
5.060692316230927447e-05
4.554623084607836736e-04
6.941964768492351906e-08
4.554623084607836736e-04
6.941964768492351906e-08
6.247768291643117377e-07
6.941964768492351906e-08
6.247768291643117377e-07
4.554623084607836736e-04
5.622991462478807334e-06
6.247768291643117377e-07
6.247768291643117377e-07
6.941964768492351906e-08
5.060692316230927447e-05
6.247768291643117377e-07
5.060692316230927447e-05
6.247768291643117377e-07
7.713294187213722134e-09
5.060692316230927447e-05
5.060692316230927447e-05
6.941964768492351906e-08
5.622991462478807334e-06
6.941964768492351906e-08
6.941964768492351906e-08
5.060692316230927447e-05
5.060692316230927447e-05
5.622991462478807334e-06
5.060692316230927447e-05
4.554623084607836736e-04
6.941964768492351906e-08
5.060692316230927447e-05
3.689244698532349181e-02
4.099160776147053875e-03
5.060692316230927447e-05
7.713294187213722134e-09
4.554623084607836736e-04
5.622991462478807334e-06
5.622991462478807334e-06
4.554623084607836736e-04
5.622991462478807334e-06
7.713294187213722134e-09
6.247768291643117377e-07
5.060692316230927447e-05
6.247768291643117377e-07
6.247768291643117377e-07
4.554623084607836736e-04
4.099160776147053875e-03
4.554623084607836736e-04
6.941964768492351906e-08
5.622991462478807334e-06
5.622991462478807334e-06
5.060692316230927447e-05
6.247768291643117377e-07
5.622991462478807334e-06
4.099160776147053875e-03
5.622991462478807334e-06
5.622991462478807334e-06
4.554623084607836736e-04
6.247768291643117377e-07
4.099160776147053875e-03
5.622991462478807334e-06
5.060692316230927447e-05
5.622991462478807334e-06
6.941964768492351906e-08
4.099160776147053875e-03
6.941964768492351906e-08
5.060692316230927447e-05
6.247768291643117377e-07
5.622991462478807334e-06
5.060692316230927447e-05
4.554623084607836736e-04
6.247768291643117377e-07
5.060692316230927447e-05
8.570326874681910955e-10
5.622991462478807334e-06
5.622991462478807334e-06
6.247768291643117377e-07
6.941964768492351906e-08
4.554623084607836736e-04
5.060692316230927447e-05
6.941964768492351906e-08
5.622991462478807334e-06
5.622991462478807334e-06
6.247768291643117377e-07
6.247768291643117377e-07
4.554623084607836736e-04
4.554623084607836736e-04
3.320320228679115027e-01
5.060692316230927447e-05
6.247768291643117377e-07
5.060692316230927447e-05
4.554623084607836736e-04
6.247768291643117377e-07
4.554623084607836736e-04
7.713294187213722134e-09
6.247768291643117377e-07
6.247768291643117377e-07
5.060692316230927447e-05
3.689244698532349181e-02
6.247768291643117377e-07
5.622991462478807334e-06
5.622991462478807334e-06
5.622991462478807334e-06
5.622991462478807334e-06
6.247768291643117377e-07
5.622991462478807334e-06
6.247768291643117377e-07
6.247768291643117377e-07
5.622991462478807334e-06
5.060692316230927447e-05
5.060692316230927447e-05
5.622991462478807334e-06
5.060692316230927447e-05
6.941964768492351906e-08
6.247768291643117377e-07
5.060692316230927447e-05
5.622991462478807334e-06
4.554623084607836736e-04
6.941964768492351906e-08
6.941964768492351906e-08
6.941964768492351906e-08
5.622991462478807334e-06
4.099160776147053875e-03
6.247768291643117377e-07
6.941964768492351906e-08
5.622991462478807334e-06
5.622991462478807334e-06
6.247768291643117377e-07
7.713294187213722134e-09
6.247768291643117377e-07
5.060692316230927447e-05
6.941964768492351906e-08
5.622991462478807334e-06
5.060692316230927447e-05
5.060692316230927447e-05
4.554623084607836736e-04
5.060692316230927447e-05
5.622991462478807334e-06
6.247768291643117377e-07
4.554623084607836736e-04
5.622991462478807334e-06
5.622991462478807334e-06
6.941964768492351906e-08
6.941964768492351906e-08
6.247768291643117377e-07
5.060692316230927447e-05
4.554623084607836736e-04
6.941964768492351906e-08
6.941964768492351906e-08
4.554623084607836736e-04
4.554623084607836736e-04
6.247768291643117377e-07
6.941964768492351906e-08
5.622991462478807334e-06
5.622991462478807334e-06
6.941964768492351906e-08
5.622991462478807334e-06
5.622991462478807334e-06
5.622991462478807334e-06
5.060692316230927447e-05
6.247768291643117377e-07
6.247768291643117377e-07
6.941964768492351906e-08
5.060692316230927447e-05
4.554623084607836736e-04
5.622991462478807334e-06
6.941964768492351906e-08
4.554623084607836736e-04
4.099160776147053875e-03
5.060692316230927447e-05
5.622991462478807334e-06
6.247768291643117377e-07
5.622991462478807334e-06
5.622991462478807334e-06
5.622991462478807334e-06
6.247768291643117377e-07
6.941964768492351906e-08
6.247768291643117377e-07
6.941964768492351906e-08
5.060692316230927447e-05
5.060692316230927447e-05
5.060692316230927447e-05
4.099160776147053875e-03
5.622991462478807334e-06
6.247768291643117377e-07
5.622991462478807334e-06
5.622991462478807334e-06
5.622991462478807334e-06
5.060692316230927447e-05
5.060692316230927447e-05
6.941964768492351906e-08
5.060692316230927447e-05
4.554623084607836736e-04
5.060692316230927447e-05
6.247768291643117377e-07
5.622991462478807334e-06
5.060692316230927447e-05
3.689244698532349181e-02
6.941964768492351906e-08
6.941964768492351906e-08
5.060692316230927447e-05
6.247768291643117377e-07
5.060692316230927447e-05
5.622991462478807334e-06
4.554623084607836736e-04
5.622991462478807334e-06
6.247768291643117377e-07
7.713294187213722134e-09
6.941964768492351906e-08
5.060692316230927447e-05
4.554623084607836736e-04
4.554623084607836736e-04
5.622991462478807334e-06
6.247768291643117377e-07
3.689244698532349181e-02
5.622991462478807334e-06
5.622991462478807334e-06
6.941964768492351906e-08
5.622991462478807334e-06
7.713294187213722134e-09
4.099160776147053875e-03
5.622991462478807334e-06
6.247768291643117377e-07
5.060692316230927447e-05
6.247768291643117377e-07
5.622991462478807334e-06
4.554623084607836736e-04
5.060692316230927447e-05
6.941964768492351906e-08
4.554623084607836736e-04
6.247768291643117377e-07
5.060692316230927447e-05
5.622991462478807334e-06
5.060692316230927447e-05
6.247768291643117377e-07
4.099160776147053875e-03
5.060692316230927447e-05
6.941964768492351906e-08
5.622991462478807334e-06
5.060692316230927447e-05
5.622991462478807334e-06
4.554623084607836736e-04
6.247768291643117377e-07
5.622991462478807334e-06
5.622991462478807334e-06
5.060692316230927447e-05
5.622991462478807334e-06
6.941964768492351906e-08
5.622991462478807334e-06
7.713294187213722134e-09
5.060692316230927447e-05
6.247768291643117377e-07
5.622991462478807334e-06
6.247768291643117377e-07
6.941964768492351906e-08
5.622991462478807334e-06
4.554623084607836736e-04
5.060692316230927447e-05
5.622991462478807334e-06
5.622991462478807334e-06
6.941964768492351906e-08
6.247768291643117377e-07
6.941964768492351906e-08
4.099160776147053875e-03
5.060692316230927447e-05
6.941964768492351906e-08
4.099160776147053875e-03
5.622991462478807334e-06
5.060692316230927447e-05
4.099160776147053875e-03
5.622991462478807334e-06
6.941964768492351906e-08
6.247768291643117377e-07
6.247768291643117377e-07
6.247768291643117377e-07
5.622991462478807334e-06
5.060692316230927447e-05
5.060692316230927447e-05
4.099160776147053875e-03
6.941964768492351906e-08
5.060692316230927447e-05
6.247768291643117377e-07
6.941964768492351906e-08
4.099160776147053875e-03
5.060692316230927447e-05
5.622991462478807334e-06
6.941964768492351906e-08
6.247768291643117377e-07
4.099160776147053875e-03
4.554623084607836736e-04
6.247768291643117377e-07
5.622991462478807334e-06
6.247768291643117377e-07
4.554623084607836736e-04
5.060692316230927447e-05
5.060692316230927447e-05
6.247768291643117377e-07
5.060692316230927447e-05
6.247768291643117377e-07
4.554623084607836736e-04
5.622991462478807334e-06
5.060692316230927447e-05
5.060692316230927447e-05
3.320320228679115027e-01
6.247768291643117377e-07
7.713294187213722134e-09
6.941964768492351906e-08
4.554623084607836736e-04
5.060692316230927447e-05
4.554623084607836736e-04
5.622991462478807334e-06
5.622991462478807334e-06
6.247768291643117377e-07
4.554623084607836736e-04
5.622991462478807334e-06
6.247768291643117377e-07
5.060692316230927447e-05
6.247768291643117377e-07
5.060692316230927447e-05
4.554623084607836736e-04
5.622991462478807334e-06
4.554623084607836736e-04
4.554623084607836736e-04
4.554623084607836736e-04
6.247768291643117377e-07
6.941964768492351906e-08
6.247768291643117377e-07
5.060692316230927447e-05
6.247768291643117377e-07
5.060692316230927447e-05
6.247768291643117377e-07
5.622991462478807334e-06
7.713294187213722134e-09
4.554623084607836736e-04
6.247768291643117377e-07
6.941964768492351906e-08
5.622991462478807334e-06
7.713294187213722134e-09
6.247768291643117377e-07
4.554623084607836736e-04
7.713294187213722134e-09
5.622991462478807334e-06
6.941964768492351906e-08
4.554623084607836736e-04
4.554623084607836736e-04
5.060692316230927447e-05
5.622991462478807334e-06
6.247768291643117377e-07
5.622991462478807334e-06
6.941964768492351906e-08
5.622991462478807334e-06
5.060692316230927447e-05
4.554623084607836736e-04
5.622991462478807334e-06
5.060692316230927447e-05
5.622991462478807334e-06
5.622991462478807334e-06
4.099160776147053875e-03
6.941964768492351906e-08
7.713294187213722134e-09
6.247768291643117377e-07
6.247768291643117377e-07
4.554623084607836736e-04
6.247768291643117377e-07
7.713294187213722134e-09
6.247768291643117377e-07
5.622991462478807334e-06
5.060692316230927447e-05
5.622991462478807334e-06
5.622991462478807334e-06
5.060692316230927447e-05
7.713294187213722134e-09
5.060692316230927447e-05
4.554623084607836736e-04
4.554623084607836736e-04
4.554623084607836736e-04
6.247768291643117377e-07
6.247768291643117377e-07
5.622991462478807334e-06
4.554623084607836736e-04
3.689244698532349181e-02
6.941964768492351906e-08
6.247768291643117377e-07
6.941964768492351906e-08
5.622991462478807334e-06
5.060692316230927447e-05
6.247768291643117377e-07
5.622991462478807334e-06
5.622991462478807334e-06
5.622991462478807334e-06
5.622991462478807334e-06
5.060692316230927447e-05
4.554623084607836736e-04
