2.703618670586438021e-03
4.120741762820355722e-07
2.433256803527794263e-02
2.433256803527794263e-02
3.708667586538320044e-06
3.337800827884489268e-05
2.433256803527794263e-02
4.120741762820355722e-07
3.004020745096040680e-04
3.004020745096040680e-04
3.337800827884489268e-05
3.708667586538320044e-06
2.433256803527794263e-02
3.337800827884489268e-05
3.708667586538320044e-06
3.337800827884489268e-05
2.433256803527794263e-02
3.337800827884489268e-05
3.004020745096040680e-04
3.708667586538320044e-06
3.337800827884489268e-05
2.433256803527794263e-02
3.004020745096040680e-04
3.337800827884489268e-05
3.708667586538320044e-06
2.703618670586438021e-03
3.708667586538320044e-06
3.004020745096040680e-04
3.337800827884489268e-05
2.703618670586438021e-03
3.708667586538320044e-06
3.708667586538320044e-06
4.120741762820355722e-07
3.004020745096040680e-04
2.703618670586438021e-03
4.120741762820355722e-07
4.120741762820355722e-07
3.337800827884489268e-05
3.337800827884489268e-05
3.004020745096040680e-04
4.120741762820355722e-07
3.708667586538320044e-06
3.004020745096040680e-04
4.578601958689283033e-08
3.004020745096040680e-04
3.337800827884489268e-05
2.703618670586438021e-03
3.004020745096040680e-04
2.703618670586438021e-03
3.337800827884489268e-05
3.337800827884489268e-05
3.337800827884489268e-05
3.708667586538320044e-06
4.578601958689283033e-08
4.120741762820355722e-07
4.120741762820355722e-07
3.708667586538320044e-06
3.708667586538320044e-06
2.703618670586438021e-03
2.703618670586438021e-03
2.433256803527794263e-02
3.708667586538320044e-06
3.337800827884489268e-05
4.120741762820355722e-07
3.004020745096040680e-04
3.337800827884489268e-05
3.708667586538320044e-06
4.120741762820355722e-07
2.703618670586438021e-03
3.708667586538320044e-06
2.433256803527794263e-02
3.337800827884489268e-05
3.337800827884489268e-05
3.337800827884489268e-05
2.703618670586438021e-03
3.708667586538320044e-06
2.433256803527794263e-02
3.004020745096040680e-04
2.703618670586438021e-03
2.189931123175015704e-01
4.120741762820355722e-07
4.578601958689283033e-08
3.004020745096040680e-04
3.337800827884489268e-05
4.120741762820355722e-07
3.004020745096040680e-04
3.004020745096040680e-04
3.708667586538320044e-06
2.189931123175015704e-01
4.578601958689283033e-08
3.708667586538320044e-06
3.708667586538320044e-06
4.120741762820355722e-07
3.337800827884489268e-05
3.708667586538320044e-06
3.337800827884489268e-05
3.708667586538320044e-06
3.337800827884489268e-05
3.337800827884489268e-05
3.337800827884489268e-05
3.004020745096040680e-04
4.120741762820355722e-07
3.337800827884489268e-05
2.433256803527794263e-02
3.004020745096040680e-04
2.703618670586438021e-03
3.708667586538320044e-06
3.004020745096040680e-04
2.703618670586438021e-03
3.337800827884489268e-05
3.337800827884489268e-05
3.708667586538320044e-06
3.337800827884489268e-05
3.337800827884489268e-05
3.004020745096040680e-04
4.578601958689283033e-08
2.433256803527794263e-02
3.004020745096040680e-04
2.703618670586438021e-03
2.703618670586438021e-03
2.189931123175015704e-01
3.004020745096040680e-04
3.337800827884489268e-05
2.433256803527794263e-02
3.708667586538320044e-06
3.004020745096040680e-04
2.703618670586438021e-03
3.337800827884489268e-05
