2.621053438969123128e-03
2.621053438969123128e-03
2.621053438969123128e-03
2.358948095072211856e-02
2.912281598854581013e-04
2.912281598854581013e-04
3.595409381301950686e-06
3.235868443171755702e-05
3.595409381301950686e-06
2.123053285564991122e-01
2.912281598854581013e-04
2.912281598854581013e-04
2.621053438969123128e-03
3.235868443171755702e-05
3.235868443171755702e-05
2.912281598854581013e-04
2.912281598854581013e-04
2.912281598854581013e-04
3.994899312557721867e-07
3.994899312557721867e-07
2.912281598854581013e-04
3.235868443171755702e-05
2.912281598854581013e-04
2.912281598854581013e-04
3.235868443171755702e-05
3.994899312557721867e-07
2.123053285564991122e-01
2.621053438969123128e-03
3.235868443171755702e-05
2.912281598854581013e-04
3.235868443171755702e-05
3.235868443171755702e-05
2.912281598854581013e-04
2.358948095072211856e-02
2.123053285564991122e-01
3.595409381301950686e-06
2.912281598854581013e-04
3.235868443171755702e-05
2.621053438969123128e-03
2.912281598854581013e-04
3.235868443171755702e-05
2.358948095072211856e-02
3.595409381301950686e-06
2.358948095072211856e-02
2.123053285564991122e-01
2.621053438969123128e-03
2.358948095072211856e-02
3.595409381301950686e-06
2.912281598854581013e-04
2.621053438969123128e-03
2.912281598854581013e-04
2.912281598854581013e-04
2.621053438969123128e-03
2.912281598854581013e-04
2.912281598854581013e-04
2.621053438969123128e-03
3.235868443171755702e-05
3.235868443171755702e-05
3.235868443171755702e-05
3.235868443171755702e-05
2.912281598854581013e-04
2.912281598854581013e-04
3.994899312557721867e-07
3.235868443171755702e-05
