2.917008325508995952e-05
2.362776743662288025e-03
1.913849162366454137e-01
2.917008325508995952e-05
2.917008325508995952e-05
3.241120361676660992e-06
2.917008325508995952e-05
2.917008325508995952e-05
3.241120361676660992e-06
2.917008325508995952e-05
2.917008325508995952e-05
2.625307492958096661e-04
2.362776743662288025e-03
2.362776743662288025e-03
2.362776743662288025e-03
3.241120361676660992e-06
4.001383162563777761e-08
2.625307492958096661e-04
3.601244846307401043e-07
2.625307492958096661e-04
2.625307492958096661e-04
2.625307492958096661e-04
3.601244846307401043e-07
3.601244846307401043e-07
2.362776743662288025e-03
2.126499069296059613e-02
2.362776743662288025e-03
3.241120361676660992e-06
2.625307492958096661e-04
2.625307492958096661e-04
2.362776743662288025e-03
2.362776743662288025e-03
2.625307492958096661e-04
2.917008325508995952e-05
1.913849162366454137e-01
4.001383162563777761e-08
3.601244846307401043e-07
2.362776743662288025e-03
2.625307492958096661e-04
3.241120361676660992e-06
2.362776743662288025e-03
1.913849162366454137e-01
2.917008325508995952e-05
2.126499069296059613e-02
2.917008325508995952e-05
3.241120361676660992e-06
4.445981291737529834e-09
2.625307492958096661e-04
3.241120361676660992e-06
2.362776743662288025e-03
4.001383162563777761e-08
2.917008325508995952e-05
3.601244846307401043e-07
2.917008325508995952e-05
2.917008325508995952e-05
3.241120361676660992e-06
3.601244846307401043e-07
2.625307492958096661e-04
2.362776743662288025e-03
3.241120361676660992e-06
3.241120361676660992e-06
3.601244846307401043e-07
3.241120361676660992e-06
3.601244846307401043e-07
3.601244846307401043e-07
3.241120361676660992e-06
2.917008325508995952e-05
2.625307492958096661e-04
2.625307492958096661e-04
2.917008325508995952e-05
2.362776743662288025e-03
2.362776743662288025e-03
3.601244846307401043e-07
2.362776743662288025e-03
2.625307492958096661e-04
2.362776743662288025e-03
3.241120361676660992e-06
2.362776743662288025e-03
2.362776743662288025e-03
2.917008325508995952e-05
2.917008325508995952e-05
3.241120361676660992e-06
2.625307492958096661e-04
2.625307492958096661e-04
2.126499069296059613e-02
2.625307492958096661e-04
3.601244846307401043e-07
2.362776743662288025e-03
3.241120361676660992e-06
2.917008325508995952e-05
2.917008325508995952e-05
2.917008325508995952e-05
3.241120361676660992e-06
2.625307492958096661e-04
4.445981291737529834e-09
2.917008325508995952e-05
2.625307492958096661e-04
2.625307492958096661e-04
3.601244846307401043e-07
2.917008325508995952e-05
2.917008325508995952e-05
3.241120361676660992e-06
2.362776743662288025e-03
3.241120361676660992e-06
3.601244846307401043e-07
2.625307492958096661e-04
2.917008325508995952e-05
2.917008325508995952e-05
3.241120361676660992e-06
3.601244846307401043e-07
2.917008325508995952e-05
2.362776743662288025e-03
3.241120361676660992e-06
2.917008325508995952e-05
2.625307492958096661e-04
1.913849162366454137e-01
2.625307492958096661e-04
2.917008325508995952e-05
2.362776743662288025e-03
2.625307492958096661e-04
3.241120361676660992e-06
3.241120361676660992e-06
2.917008325508995952e-05
2.917008325508995952e-05
2.917008325508995952e-05
2.917008325508995952e-05
2.362776743662288025e-03
2.625307492958096661e-04
3.241120361676660992e-06
2.917008325508995952e-05
3.241120361676660992e-06
4.001383162563777761e-08
2.917008325508995952e-05
3.241120361676660992e-06
3.601244846307401043e-07
3.241120361676660992e-06
3.241120361676660992e-06
2.625307492958096661e-04
4.001383162563777761e-08
2.625307492958096661e-04
3.241120361676660992e-06
3.241120361676660992e-06
2.126499069296059613e-02
3.241120361676660992e-06
2.126499069296059613e-02
2.362776743662288025e-03
2.917008325508995952e-05
2.625307492958096661e-04
2.917008325508995952e-05
3.601244846307401043e-07
2.625307492958096661e-04
3.241120361676660992e-06
3.241120361676660992e-06
2.625307492958096661e-04
2.362776743662288025e-03
2.625307492958096661e-04
2.917008325508995952e-05
3.241120361676660992e-06
2.126499069296059613e-02
2.917008325508995952e-05
3.241120361676660992e-06
2.362776743662288025e-03
2.625307492958096661e-04
2.362776743662288025e-03
2.126499069296059613e-02
2.917008325508995952e-05
3.601244846307401043e-07
2.362776743662288025e-03
3.601244846307401043e-07
3.241120361676660992e-06
3.601244846307401043e-07
2.362776743662288025e-03
2.917008325508995952e-05
3.241120361676660992e-06
2.362776743662288025e-03
3.241120361676660992e-06
3.241120361676660992e-06
2.625307492958096661e-04
2.625307492958096661e-04
2.625307492958096661e-04
3.601244846307401043e-07
2.625307492958096661e-04
3.241120361676660992e-06
2.625307492958096661e-04
3.241120361676660992e-06
2.625307492958096661e-04
2.625307492958096661e-04
2.917008325508995952e-05
2.625307492958096661e-04
2.362776743662288025e-03
2.625307492958096661e-04
2.625307492958096661e-04
