3.155176745165097496e-02
3.505751939072330407e-03
4.808987570743932571e-06
4.808987570743932571e-06
4.328088813669540499e-05
3.895279932302587534e-04
5.343319523048814438e-07
3.895279932302587534e-04
3.895279932302587534e-04
5.343319523048814438e-07
3.505751939072330407e-03
4.328088813669540499e-05
3.505751939072330407e-03
4.808987570743932571e-06
4.808987570743932571e-06
4.808987570743932571e-06
5.343319523048814438e-07
4.808987570743932571e-06
4.808987570743932571e-06
4.328088813669540499e-05
4.808987570743932571e-06
5.937021692276458575e-08
3.895279932302587534e-04
3.895279932302587534e-04
4.808987570743932571e-06
5.937021692276458575e-08
4.328088813669540499e-05
5.937021692276458575e-08
3.155176745165097496e-02
4.808987570743932571e-06
3.505751939072330407e-03
5.343319523048814438e-07
4.808987570743932571e-06
4.808987570743932571e-06
3.895279932302587534e-04
3.895279932302587534e-04
4.328088813669540499e-05
4.808987570743932571e-06
3.505751939072330407e-03
3.505751939072330407e-03
3.895279932302587534e-04
4.808987570743932571e-06
3.895279932302587534e-04
4.808987570743932571e-06
4.808987570743932571e-06
4.328088813669540499e-05
4.808987570743932571e-06
3.895279932302587534e-04
4.328088813669540499e-05
4.808987570743932571e-06
5.343319523048814438e-07
4.328088813669540499e-05
4.328088813669540499e-05
4.808987570743932571e-06
4.808987570743932571e-06
4.328088813669540499e-05
5.937021692276458575e-08
4.328088813669540499e-05
4.808987570743932571e-06
4.328088813669540499e-05
4.328088813669540499e-05
3.895279932302587534e-04
5.343319523048814438e-07
7.329656410217845905e-10
4.328088813669540499e-05
5.343319523048814438e-07
4.328088813669540499e-05
4.808987570743932571e-06
4.808987570743932571e-06
3.895279932302587534e-04
3.155176745165097496e-02
2.839659070648588579e-01
3.895279932302587534e-04
3.155176745165097496e-02
4.328088813669540499e-05
3.895279932302587534e-04
4.328088813669540499e-05
3.895279932302587534e-04
4.808987570743932571e-06
4.808987570743932571e-06
3.895279932302587534e-04
5.343319523048814438e-07
3.895279932302587534e-04
2.839659070648588579e-01
3.895279932302587534e-04
4.328088813669540499e-05
4.328088813669540499e-05
3.895279932302587534e-04
3.895279932302587534e-04
5.343319523048814438e-07
5.937021692276458575e-08
4.328088813669540499e-05
3.895279932302587534e-04
3.505751939072330407e-03
3.895279932302587534e-04
3.895279932302587534e-04
5.343319523048814438e-07
3.505751939072330407e-03
4.808987570743932571e-06
5.937021692276458575e-08
4.808987570743932571e-06
4.328088813669540499e-05
3.895279932302587534e-04
3.895279932302587534e-04
3.895279932302587534e-04
4.328088813669540499e-05
3.895279932302587534e-04
4.328088813669540499e-05
3.505751939072330407e-03
3.895279932302587534e-04
4.328088813669540499e-05
4.808987570743932571e-06
3.155176745165097496e-02
4.808987570743932571e-06
4.328088813669540499e-05
4.328088813669540499e-05
3.895279932302587534e-04
4.808987570743932571e-06
4.328088813669540499e-05
5.343319523048814438e-07
5.343319523048814438e-07
4.328088813669540499e-05
4.808987570743932571e-06
3.155176745165097496e-02
4.328088813669540499e-05
3.895279932302587534e-04
3.895279932302587534e-04
4.328088813669540499e-05
4.328088813669540499e-05
4.328088813669540499e-05
3.505751939072330407e-03
4.328088813669540499e-05
3.505751939072330407e-03
3.895279932302587534e-04
3.895279932302587534e-04
4.328088813669540499e-05
3.895279932302587534e-04
4.328088813669540499e-05
3.505751939072330407e-03
4.808987570743932571e-06
4.328088813669540499e-05
4.328088813669540499e-05
3.505751939072330407e-03
4.328088813669540499e-05
4.328088813669540499e-05
4.328088813669540499e-05
4.328088813669540499e-05
3.505751939072330407e-03
5.937021692276458575e-08
3.155176745165097496e-02
4.808987570743932571e-06
4.808987570743932571e-06
6.596690769196062969e-09
3.895279932302587534e-04
4.328088813669540499e-05
3.895279932302587534e-04
4.328088813669540499e-05
3.505751939072330407e-03
4.808987570743932571e-06
5.343319523048814438e-07
4.808987570743932571e-06
4.328088813669540499e-05
3.895279932302587534e-04
3.895279932302587534e-04
5.343319523048814438e-07
3.505751939072330407e-03
3.895279932302587534e-04
5.343319523048814438e-07
3.895279932302587534e-04
3.155176745165097496e-02
3.895279932302587534e-04
4.808987570743932571e-06
4.808987570743932571e-06
4.808987570743932571e-06
4.328088813669540499e-05
3.505751939072330407e-03
4.328088813669540499e-05
3.505751939072330407e-03
3.505751939072330407e-03
5.343319523048814438e-07
4.808987570743932571e-06
4.808987570743932571e-06
5.343319523048814438e-07
3.155176745165097496e-02
4.328088813669540499e-05
4.328088813669540499e-05
4.808987570743932571e-06
4.328088813669540499e-05
4.328088813669540499e-05
3.155176745165097496e-02
3.155176745165097496e-02
4.328088813669540499e-05
