1.069952164641896088e-05
1.069952164641896088e-05
9.629569481777065982e-05
1.188835738490995348e-06
1.188835738490995348e-06
9.629569481777065982e-05
9.629569481777065982e-05
1.188835738490995348e-06
1.069952164641896088e-05
1.320928598323328047e-07
1.188835738490995348e-06
7.799951280239428297e-03
1.069952164641896088e-05
1.069952164641896088e-05
1.188835738490995348e-06
1.188835738490995348e-06
8.666612533599363450e-04
1.069952164641896088e-05
1.069952164641896088e-05
1.069952164641896088e-05
1.467698442581475313e-08
1.188835738490995348e-06
1.188835738490995348e-06
1.320928598323328047e-07
9.629569481777065982e-05
9.629569481777065982e-05
1.188835738490995348e-06
1.188835738490995348e-06
1.467698442581475313e-08
9.629569481777065982e-05
9.629569481777065982e-05
1.320928598323328047e-07
1.069952164641896088e-05
1.188835738490995348e-06
1.188835738490995348e-06
1.069952164641896088e-05
1.188835738490995348e-06
1.069952164641896088e-05
1.188835738490995348e-06
1.188835738490995348e-06
1.320928598323328047e-07
1.069952164641896088e-05
9.629569481777065982e-05
8.666612533599363450e-04
1.069952164641896088e-05
9.629569481777065982e-05
1.467698442581475313e-08
1.467698442581475313e-08
1.320928598323328047e-07
1.188835738490995348e-06
9.629569481777065982e-05
7.799951280239428297e-03
7.019956152215486855e-02
9.629569481777065982e-05
9.629569481777065982e-05
1.069952164641896088e-05
7.799951280239428297e-03
8.666612533599363450e-04
9.629569481777065982e-05
1.320928598323328047e-07
1.188835738490995348e-06
9.629569481777065982e-05
9.629569481777065982e-05
1.320928598323328047e-07
1.320928598323328047e-07
1.188835738490995348e-06
1.069952164641896088e-05
1.069952164641896088e-05
1.069952164641896088e-05
1.069952164641896088e-05
1.320928598323328047e-07
7.799951280239428297e-03
1.320928598323328047e-07
1.320928598323328047e-07
1.188835738490995348e-06
9.629569481777065982e-05
1.069952164641896088e-05
9.629569481777065982e-05
1.188835738490995348e-06
1.188835738490995348e-06
1.467698442581475313e-08
8.666612533599363450e-04
1.320928598323328047e-07
1.069952164641896088e-05
1.320928598323328047e-07
1.320928598323328047e-07
7.799951280239428297e-03
9.629569481777065982e-05
1.188835738490995348e-06
1.069952164641896088e-05
1.188835738490995348e-06
1.069952164641896088e-05
6.317960536993940668e-01
1.188835738490995348e-06
1.188835738490995348e-06
1.320928598323328047e-07
8.666612533599363450e-04
9.629569481777065982e-05
1.188835738490995348e-06
9.629569481777065982e-05
9.629569481777065982e-05
9.629569481777065982e-05
1.467698442581475313e-08
1.320928598323328047e-07
1.467698442581475313e-08
9.629569481777065982e-05
1.188835738490995348e-06
1.069952164641896088e-05
1.320928598323328047e-07
8.666612533599363450e-04
1.069952164641896088e-05
1.069952164641896088e-05
1.320928598323328047e-07
1.188835738490995348e-06
1.188835738490995348e-06
1.069952164641896088e-05
1.069952164641896088e-05
7.799951280239428297e-03
9.629569481777065982e-05
8.666612533599363450e-04
7.019956152215486855e-02
1.069952164641896088e-05
1.188835738490995348e-06
1.069952164641896088e-05
1.188835738490995348e-06
1.188835738490995348e-06
1.069952164641896088e-05
9.629569481777065982e-05
1.069952164641896088e-05
9.629569481777065982e-05
9.629569481777065982e-05
1.320928598323328047e-07
1.069952164641896088e-05
1.188835738490995348e-06
1.069952164641896088e-05
1.069952164641896088e-05
1.188835738490995348e-06
8.666612533599363450e-04
1.188835738490995348e-06
9.629569481777065982e-05
1.320928598323328047e-07
7.799951280239428297e-03
1.069952164641896088e-05
8.666612533599363450e-04
9.629569481777065982e-05
1.188835738490995348e-06
1.069952164641896088e-05
1.320928598323328047e-07
8.666612533599363450e-04
1.320928598323328047e-07
7.019956152215486855e-02
1.069952164641896088e-05
1.188835738490995348e-06
1.069952164641896088e-05
1.320928598323328047e-07
9.629569481777065982e-05
8.666612533599363450e-04
1.069952164641896088e-05
1.188835738490995348e-06
1.320928598323328047e-07
1.188835738490995348e-06
1.069952164641896088e-05
1.188835738490995348e-06
1.069952164641896088e-05
1.069952164641896088e-05
9.629569481777065982e-05
8.666612533599363450e-04
8.666612533599363450e-04
9.629569481777065982e-05
9.629569481777065982e-05
1.188835738490995348e-06
7.019956152215486855e-02
9.629569481777065982e-05
1.320928598323328047e-07
9.629569481777065982e-05
1.069952164641896088e-05
7.799951280239428297e-03
7.799951280239428297e-03
9.629569481777065982e-05
1.069952164641896088e-05
1.320928598323328047e-07
1.069952164641896088e-05
1.188835738490995348e-06
9.629569481777065982e-05
8.666612533599363450e-04
9.629569481777065982e-05
1.320928598323328047e-07
1.188835738490995348e-06
8.666612533599363450e-04
1.630776047312749728e-09
1.069952164641896088e-05
1.467698442581475313e-08
