9.843240489264158252e-09
5.231101568855041350e-03
5.231101568855041350e-03
7.175722316673575660e-06
6.458150085006219958e-05
5.231101568855041350e-03
6.458150085006219958e-05
7.973024796303972485e-07
5.812335076505599453e-04
7.175722316673575660e-06
4.707991411969537909e-02
5.812335076505599453e-04
7.175722316673575660e-06
6.458150085006219958e-05
7.175722316673575660e-06
5.812335076505599453e-04
7.175722316673575660e-06
6.458150085006219958e-05
5.812335076505599453e-04
6.458150085006219958e-05
7.175722316673575660e-06
7.175722316673575660e-06
8.858916440337745735e-08
7.175722316673575660e-06
6.458150085006219958e-05
5.812335076505599453e-04
6.458150085006219958e-05
7.175722316673575660e-06
7.175722316673575660e-06
7.973024796303972485e-07
6.458150085006219958e-05
5.812335076505599453e-04
7.175722316673575660e-06
7.175722316673575660e-06
7.973024796303972485e-07
6.458150085006219958e-05
8.858916440337745735e-08
5.231101568855041350e-03
7.175722316673575660e-06
7.175722316673575660e-06
7.175722316673575660e-06
7.175722316673575660e-06
5.231101568855041350e-03
7.175722316673575660e-06
8.858916440337745735e-08
5.812335076505599453e-04
6.458150085006219958e-05
7.175722316673575660e-06
7.175722316673575660e-06
7.175722316673575660e-06
5.812335076505599453e-04
7.973024796303972485e-07
7.175722316673575660e-06
6.458150085006219958e-05
6.458150085006219958e-05
6.458150085006219958e-05
5.812335076505599453e-04
6.458150085006219958e-05
6.458150085006219958e-05
6.458150085006219958e-05
6.458150085006219958e-05
5.812335076505599453e-04
4.707991411969537909e-02
7.175722316673575660e-06
7.175722316673575660e-06
5.231101568855041350e-03
5.231101568855041350e-03
6.458150085006219958e-05
8.858916440337745735e-08
6.458150085006219958e-05
5.812335076505599453e-04
6.458150085006219958e-05
6.458150085006219958e-05
8.858916440337745735e-08
7.175722316673575660e-06
7.175722316673575660e-06
7.973024796303972485e-07
6.458150085006219958e-05
6.458150085006219958e-05
6.458150085006219958e-05
6.458150085006219958e-05
5.812335076505599453e-04
5.231101568855041350e-03
7.175722316673575660e-06
7.973024796303972485e-07
5.231101568855041350e-03
7.175722316673575660e-06
6.458150085006219958e-05
7.973024796303972485e-07
5.812335076505599453e-04
6.458150085006219958e-05
7.973024796303972485e-07
9.843240489264158252e-09
4.707991411969537909e-02
7.973024796303972485e-07
6.458150085006219958e-05
5.812335076505599453e-04
4.707991411969537909e-02
6.458150085006219958e-05
6.458150085006219958e-05
6.458150085006219958e-05
6.458150085006219958e-05
7.973024796303972485e-07
8.858916440337745735e-08
5.812335076505599453e-04
7.175722316673575660e-06
7.175722316673575660e-06
7.175722316673575660e-06
5.812335076505599453e-04
4.237192270772585645e-01
7.175722316673575660e-06
7.973024796303972485e-07
5.812335076505599453e-04
5.812335076505599453e-04
5.231101568855041350e-03
7.973024796303972485e-07
7.973024796303972485e-07
5.812335076505599453e-04
6.458150085006219958e-05
5.231101568855041350e-03
6.458150085006219958e-05
6.458150085006219958e-05
6.458150085006219958e-05
5.812335076505599453e-04
8.858916440337745735e-08
4.707991411969537909e-02
5.231101568855041350e-03
7.175722316673575660e-06
5.812335076505599453e-04
7.175722316673575660e-06
7.175722316673575660e-06
7.973024796303972485e-07
6.458150085006219958e-05
7.175722316673575660e-06
8.858916440337745735e-08
7.973024796303972485e-07
6.458150085006219958e-05
5.231101568855041350e-03
5.812335076505599453e-04
5.812335076505599453e-04
6.458150085006219958e-05
7.175722316673575660e-06
8.858916440337745735e-08
5.812335076505599453e-04
6.458150085006219958e-05
5.812335076505599453e-04
4.707991411969537909e-02
7.973024796303972485e-07
4.707991411969537909e-02
5.231101568855041350e-03
5.812335076505599453e-04
6.458150085006219958e-05
7.175722316673575660e-06
7.973024796303972485e-07
7.973024796303972485e-07
5.812335076505599453e-04
7.175722316673575660e-06
7.175722316673575660e-06
4.707991411969537909e-02
7.175722316673575660e-06
7.973024796303972485e-07
7.175722316673575660e-06
7.175722316673575660e-06
6.458150085006219958e-05
5.231101568855041350e-03
6.458150085006219958e-05
7.175722316673575660e-06
7.973024796303972485e-07
8.858916440337745735e-08
7.175722316673575660e-06
4.707991411969537909e-02
4.707991411969537909e-02
7.973024796303972485e-07
5.812335076505599453e-04
5.812335076505599453e-04
7.973024796303972485e-07
6.458150085006219958e-05
7.973024796303972485e-07
6.458150085006219958e-05
6.458150085006219958e-05
6.458150085006219958e-05
7.175722316673575660e-06
6.458150085006219958e-05
6.458150085006219958e-05
7.973024796303972485e-07
5.231101568855041350e-03
6.458150085006219958e-05
6.458150085006219958e-05
6.458150085006219958e-05
6.458150085006219958e-05
5.812335076505599453e-04
5.812335076505599453e-04
