3.835828011036704315e-06
3.107020688939732028e-04
2.516686758041184607e-02
3.452245209933034985e-05
3.452245209933034985e-05
4.262031123374116082e-07
3.835828011036704315e-06
3.835828011036704315e-06
3.452245209933034985e-05
3.835828011036704315e-06
4.735590137082350247e-08
3.835828011036704315e-06
3.835828011036704315e-06
4.262031123374116082e-07
3.835828011036704315e-06
3.835828011036704315e-06
3.107020688939732028e-04
3.835828011036704315e-06
3.107020688939732028e-04
3.107020688939732028e-04
5.261766818980387417e-09
3.835828011036704315e-06
3.452245209933034985e-05
4.735590137082350247e-08
3.452245209933034985e-05
3.452245209933034985e-05
4.262031123374116082e-07
3.107020688939732028e-04
3.452245209933034985e-05
3.452245209933034985e-05
3.452245209933034985e-05
4.735590137082350247e-08
3.452245209933034985e-05
2.796318620045760289e-03
3.107020688939732028e-04
3.835828011036704315e-06
3.835828011036704315e-06
2.796318620045760289e-03
3.835828011036704315e-06
4.735590137082350247e-08
4.735590137082350247e-08
2.796318620045760289e-03
2.516686758041184607e-02
3.452245209933034985e-05
3.107020688939732028e-04
4.735590137082350247e-08
3.107020688939732028e-04
3.452245209933034985e-05
4.262031123374116082e-07
3.452245209933034985e-05
3.835828011036704315e-06
3.107020688939732028e-04
4.735590137082350247e-08
4.262031123374116082e-07
2.265018082237066632e-01
4.262031123374116082e-07
3.107020688939732028e-04
3.452245209933034985e-05
3.835828011036704315e-06
3.452245209933034985e-05
3.452245209933034985e-05
3.452245209933034985e-05
3.835828011036704315e-06
3.835828011036704315e-06
3.835828011036704315e-06
2.796318620045760289e-03
3.835828011036704315e-06
2.796318620045760289e-03
3.452245209933034985e-05
4.735590137082350247e-08
2.516686758041184607e-02
3.835828011036704315e-06
3.835828011036704315e-06
3.107020688939732028e-04
4.262031123374116082e-07
3.835828011036704315e-06
4.262031123374116082e-07
3.452245209933034985e-05
3.835828011036704315e-06
3.452245209933034985e-05
2.516686758041184607e-02
3.107020688939732028e-04
4.262031123374116082e-07
4.735590137082350247e-08
4.262031123374116082e-07
3.835828011036704315e-06
3.835828011036704315e-06
3.452245209933034985e-05
3.452245209933034985e-05
4.262031123374116082e-07
3.452245209933034985e-05
3.107020688939732028e-04
4.262031123374116082e-07
3.835828011036704315e-06
3.835828011036704315e-06
2.265018082237066632e-01
2.796318620045760289e-03
3.835828011036704315e-06
4.262031123374116082e-07
3.452245209933034985e-05
3.452245209933034985e-05
3.107020688939732028e-04
4.262031123374116082e-07
3.452245209933034985e-05
3.452245209933034985e-05
3.835828011036704315e-06
3.107020688939732028e-04
3.835828011036704315e-06
3.452245209933034985e-05
4.262031123374116082e-07
2.796318620045760289e-03
3.452245209933034985e-05
3.452245209933034985e-05
3.452245209933034985e-05
4.735590137082350247e-08
3.835828011036704315e-06
4.262031123374116082e-07
2.516686758041184607e-02
3.107020688939732028e-04
2.796318620045760289e-03
4.262031123374116082e-07
3.452245209933034985e-05
3.107020688939732028e-04
3.452245209933034985e-05
4.735590137082350247e-08
3.452245209933034985e-05
3.835828011036704315e-06
3.835828011036704315e-06
2.796318620045760289e-03
3.452245209933034985e-05
3.107020688939732028e-04
4.262031123374116082e-07
2.516686758041184607e-02
3.107020688939732028e-04
4.735590137082350247e-08
3.107020688939732028e-04
2.796318620045760289e-03
3.452245209933034985e-05
3.835828011036704315e-06
3.835828011036704315e-06
4.735590137082350247e-08
2.796318620045760289e-03
3.452245209933034985e-05
5.846407576644873184e-10
3.107020688939732028e-04
3.452245209933034985e-05
3.452245209933034985e-05
2.516686758041184607e-02
4.735590137082350247e-08
3.452245209933034985e-05
3.107020688939732028e-04
2.796318620045760289e-03
2.796318620045760289e-03
4.262031123374116082e-07
3.452245209933034985e-05
2.796318620045760289e-03
3.452245209933034985e-05
3.835828011036704315e-06
4.262031123374116082e-07
4.262031123374116082e-07
2.796318620045760289e-03
3.835828011036704315e-06
3.835828011036704315e-06
2.796318620045760289e-03
2.796318620045760289e-03
2.516686758041184607e-02
3.107020688939732028e-04
2.516686758041184607e-02
2.796318620045760289e-03
2.796318620045760289e-03
4.735590137082350247e-08
3.835828011036704315e-06
3.107020688939732028e-04
3.452245209933034985e-05
3.452245209933034985e-05
3.107020688939732028e-04
3.835828011036704315e-06
3.107020688939732028e-04
2.516686758041184607e-02
3.107020688939732028e-04
4.262031123374116082e-07
2.796318620045760289e-03
4.735590137082350247e-08
3.452245209933034985e-05
3.107020688939732028e-04
4.262031123374116082e-07
3.107020688939732028e-04
3.107020688939732028e-04
4.262031123374116082e-07
4.735590137082350247e-08
3.107020688939732028e-04
3.452245209933034985e-05
4.262031123374116082e-07
3.107020688939732028e-04
2.516686758041184607e-02
3.835828011036704315e-06
3.452245209933034985e-05
3.452245209933034985e-05
3.452245209933034985e-05
3.452245209933034985e-05
3.107020688939732028e-04
3.835828011036704315e-06
3.107020688939732028e-04
3.107020688939732028e-04
4.262031123374116082e-07
3.835828011036704315e-06
4.262031123374116082e-07
2.796318620045760289e-03
3.452245209933034985e-05
3.835828011036704315e-06
2.516686758041184607e-02
3.835828011036704315e-06
3.835828011036704315e-06
2.796318620045760289e-03
3.452245209933034985e-05
3.107020688939732028e-04
3.452245209933034985e-05
3.452245209933034985e-05
4.735590137082350247e-08
3.452245209933034985e-05
3.835828011036704315e-06
3.107020688939732028e-04
4.262031123374116082e-07
3.107020688939732028e-04
3.452245209933034985e-05
3.107020688939732028e-04
3.835828011036704315e-06
3.107020688939732028e-04
2.796318620045760289e-03
2.796318620045760289e-03
3.452245209933034985e-05
2.796318620045760289e-03
3.107020688939732028e-04
3.107020688939732028e-04
4.262031123374116082e-07
3.452245209933034985e-05
3.452245209933034985e-05
3.452245209933034985e-05
3.452245209933034985e-05
2.796318620045760289e-03
2.796318620045760289e-03
2.516686758041184607e-02
2.516686758041184607e-02
3.452245209933034985e-05
3.452245209933034985e-05
4.262031123374116082e-07
3.452245209933034985e-05
3.835828011036704315e-06
2.516686758041184607e-02
3.835828011036704315e-06
4.262031123374116082e-07
3.107020688939732028e-04
3.835828011036704315e-06
3.107020688939732028e-04
3.452245209933034985e-05
3.452245209933034985e-05
3.835828011036704315e-06
3.107020688939732028e-04
3.107020688939732028e-04
4.262031123374116082e-07
2.516686758041184607e-02
3.835828011036704315e-06
3.452245209933034985e-05
4.262031123374116082e-07
3.835828011036704315e-06
4.735590137082350247e-08
3.107020688939732028e-04
3.835828011036704315e-06
3.107020688939732028e-04
3.107020688939732028e-04
3.107020688939732028e-04
2.796318620045760289e-03
2.516686758041184607e-02
3.835828011036704315e-06
4.262031123374116082e-07
3.107020688939732028e-04
3.835828011036704315e-06
3.452245209933034985e-05
4.262031123374116082e-07
3.835828011036704315e-06
3.452245209933034985e-05
3.107020688939732028e-04
2.796318620045760289e-03
3.452245209933034985e-05
3.452245209933034985e-05
3.107020688939732028e-04
5.261766818980387417e-09
4.262031123374116082e-07
4.262031123374116082e-07
3.835828011036704315e-06
3.107020688939732028e-04
3.452245209933034985e-05
4.262031123374116082e-07
3.835828011036704315e-06
3.452245209933034985e-05
2.796318620045760289e-03
3.107020688939732028e-04
3.835828011036704315e-06
3.107020688939732028e-04
4.262031123374116082e-07
3.452245209933034985e-05
3.835828011036704315e-06
2.796318620045760289e-03
3.107020688939732028e-04
3.452245209933034985e-05
2.796318620045760289e-03
4.262031123374116082e-07
4.262031123374116082e-07
5.261766818980387417e-09
2.796318620045760289e-03
3.835828011036704315e-06
3.107020688939732028e-04
2.796318620045760289e-03
3.452245209933034985e-05
3.835828011036704315e-06
2.796318620045760289e-03
3.452245209933034985e-05
4.262031123374116082e-07
3.452245209933034985e-05
3.107020688939732028e-04
