1.946193781666804667e-04
2.162437535185338406e-05
2.669675969364614441e-07
2.402708372428152891e-06
2.669675969364614441e-07
2.162437535185338406e-05
2.162437535185338406e-05
2.162437535185338406e-05
2.402708372428152891e-06
2.402708372428152891e-06
2.669675969364614441e-07
2.966306632627348496e-08
2.402708372428152891e-06
1.946193781666804667e-04
2.162437535185338406e-05
2.402708372428152891e-06
2.162437535185338406e-05
1.946193781666804667e-04
1.946193781666804667e-04
2.162437535185338406e-05
2.402708372428152891e-06
2.402708372428152891e-06
1.946193781666804667e-04
2.162437535185338406e-05
1.946193781666804667e-04
2.402708372428152891e-06
1.751574403500125122e-03
1.946193781666804667e-04
2.402708372428152891e-06
2.402708372428152891e-06
1.946193781666804667e-04
2.669675969364614441e-07
2.162437535185338406e-05
2.402708372428152891e-06
2.402708372428152891e-06
1.751574403500125122e-03
1.576416963150112718e-02
2.669675969364614441e-07
2.966306632627348496e-08
2.966306632627348496e-08
1.946193781666804667e-04
2.402708372428152891e-06
2.402708372428152891e-06
2.402708372428152891e-06
2.402708372428152891e-06
1.751574403500125122e-03
2.162437535185338406e-05
2.162437535185338406e-05
1.946193781666804667e-04
2.162437535185338406e-05
1.751574403500125122e-03
2.162437535185338406e-05
2.162437535185338406e-05
2.402708372428152891e-06
2.162437535185338406e-05
1.946193781666804667e-04
2.669675969364614441e-07
2.162437535185338406e-05
2.669675969364614441e-07
2.162437535185338406e-05
2.402708372428152891e-06
1.946193781666804667e-04
2.402708372428152891e-06
2.669675969364614441e-07
1.751574403500125122e-03
1.946193781666804667e-04
2.402708372428152891e-06
2.402708372428152891e-06
2.966306632627348496e-08
2.402708372428152891e-06
2.162437535185338406e-05
1.946193781666804667e-04
1.418775266835101967e-01
2.966306632627348496e-08
1.946193781666804667e-04
2.162437535185338406e-05
2.402708372428152891e-06
2.402708372428152891e-06
2.402708372428152891e-06
2.162437535185338406e-05
1.418775266835101967e-01
2.162437535185338406e-05
1.946193781666804667e-04
2.162437535185338406e-05
2.162437535185338406e-05
1.946193781666804667e-04
2.402708372428152891e-06
2.402708372428152891e-06
1.946193781666804667e-04
1.751574403500125122e-03
1.946193781666804667e-04
2.162437535185338406e-05
2.402708372428152891e-06
2.402708372428152891e-06
2.669675969364614441e-07
1.946193781666804667e-04
1.576416963150112718e-02
2.162437535185338406e-05
1.946193781666804667e-04
1.576416963150112718e-02
1.751574403500125122e-03
2.162437535185338406e-05
1.751574403500125122e-03
1.751574403500125122e-03
2.162437535185338406e-05
2.669675969364614441e-07
2.162437535185338406e-05
1.946193781666804667e-04
2.402708372428152891e-06
3.295896258474830789e-09
2.402708372428152891e-06
2.966306632627348496e-08
1.751574403500125122e-03
1.946193781666804667e-04
2.402708372428152891e-06
2.402708372428152891e-06
2.669675969364614441e-07
2.669675969364614441e-07
2.162437535185338406e-05
2.669675969364614441e-07
2.402708372428152891e-06
2.402708372428152891e-06
1.751574403500125122e-03
2.162437535185338406e-05
2.669675969364614441e-07
2.162437535185338406e-05
1.751574403500125122e-03
1.946193781666804667e-04
2.162437535185338406e-05
1.751574403500125122e-03
1.751574403500125122e-03
1.946193781666804667e-04
2.162437535185338406e-05
1.946193781666804667e-04
1.576416963150112718e-02
2.162437535185338406e-05
2.966306632627348496e-08
1.946193781666804667e-04
1.751574403500125122e-03
2.402708372428152891e-06
2.162437535185338406e-05
1.946193781666804667e-04
2.402708372428152891e-06
1.751574403500125122e-03
2.402708372428152891e-06
1.946193781666804667e-04
2.162437535185338406e-05
2.162437535185338406e-05
1.946193781666804667e-04
2.162437535185338406e-05
2.402708372428152891e-06
2.162437535185338406e-05
1.946193781666804667e-04
2.162437535185338406e-05
2.669675969364614441e-07
1.946193781666804667e-04
2.162437535185338406e-05
1.946193781666804667e-04
1.946193781666804667e-04
2.402708372428152891e-06
2.402708372428152891e-06
2.162437535185338406e-05
2.162437535185338406e-05
1.946193781666804667e-04
2.162437535185338406e-05
2.402708372428152891e-06
1.751574403500125122e-03
2.402708372428152891e-06
1.751574403500125122e-03
1.946193781666804667e-04
2.966306632627348496e-08
2.402708372428152891e-06
2.162437535185338406e-05
2.402708372428152891e-06
2.162437535185338406e-05
2.162437535185338406e-05
2.402708372428152891e-06
1.418775266835101967e-01
1.751574403500125122e-03
2.966306632627348496e-08
2.162437535185338406e-05
1.576416963150112718e-02
2.669675969364614441e-07
1.946193781666804667e-04
2.402708372428152891e-06
2.162437535185338406e-05
2.966306632627348496e-08
2.162437535185338406e-05
2.402708372428152891e-06
2.162437535185338406e-05
1.751574403500125122e-03
1.751574403500125122e-03
2.402708372428152891e-06
2.669675969364614441e-07
1.946193781666804667e-04
2.162437535185338406e-05
1.946193781666804667e-04
2.669675969364614441e-07
2.162437535185338406e-05
2.402708372428152891e-06
2.402708372428152891e-06
2.162437535185338406e-05
2.162437535185338406e-05
1.946193781666804667e-04
2.402708372428152891e-06
2.966306632627348496e-08
1.946193781666804667e-04
2.402708372428152891e-06
2.402708372428152891e-06
2.402708372428152891e-06
3.295896258474830789e-09
2.162437535185338406e-05
1.751574403500125122e-03
2.162437535185338406e-05
2.162437535185338406e-05
1.751574403500125122e-03
2.669675969364614441e-07
1.946193781666804667e-04
1.946193781666804667e-04
1.751574403500125122e-03
2.966306632627348496e-08
1.946193781666804667e-04
1.946193781666804667e-04
2.162437535185338406e-05
2.402708372428152891e-06
2.402708372428152891e-06
1.576416963150112718e-02
2.162437535185338406e-05
2.669675969364614441e-07
2.162437535185338406e-05
2.162437535185338406e-05
1.576416963150112718e-02
2.966306632627348496e-08
1.576416963150112718e-02
2.402708372428152891e-06
1.946193781666804667e-04
2.402708372428152891e-06
2.402708372428152891e-06
2.402708372428152891e-06
2.162437535185338406e-05
2.669675969364614441e-07
2.162437535185338406e-05
1.751574403500125122e-03
2.162437535185338406e-05
1.946193781666804667e-04
1.418775266835101967e-01
1.418775266835101967e-01
2.162437535185338406e-05
1.946193781666804667e-04
1.946193781666804667e-04
2.162437535185338406e-05
2.162437535185338406e-05
2.669675969364614441e-07
2.162437535185338406e-05
1.946193781666804667e-04
1.946193781666804667e-04
2.402708372428152891e-06
2.162437535185338406e-05
2.162437535185338406e-05
1.946193781666804667e-04
2.162437535185338406e-05
1.946193781666804667e-04
2.162437535185338406e-05
2.402708372428152891e-06
1.946193781666804667e-04
1.576416963150112718e-02
2.402708372428152891e-06
2.162437535185338406e-05
1.946193781666804667e-04
2.162437535185338406e-05
1.946193781666804667e-04
2.669675969364614441e-07
2.669675969364614441e-07
1.751574403500125122e-03
2.402708372428152891e-06
1.751574403500125122e-03
1.751574403500125122e-03
2.162437535185338406e-05
2.402708372428152891e-06
2.669675969364614441e-07
2.402708372428152891e-06
2.402708372428152891e-06
2.669675969364614441e-07
2.162437535185338406e-05
1.751574403500125122e-03
1.576416963150112718e-02
2.162437535185338406e-05
2.162437535185338406e-05
2.402708372428152891e-06
1.576416963150112718e-02
2.402708372428152891e-06
2.402708372428152891e-06
2.402708372428152891e-06
3.295896258474830789e-09
1.946193781666804667e-04
1.751574403500125122e-03
1.751574403500125122e-03
2.162437535185338406e-05
2.162437535185338406e-05
2.402708372428152891e-06
1.946193781666804667e-04
2.162437535185338406e-05
1.946193781666804667e-04
1.946193781666804667e-04
2.402708372428152891e-06
1.946193781666804667e-04
2.162437535185338406e-05
2.402708372428152891e-06
2.402708372428152891e-06
2.402708372428152891e-06
3.295896258474830789e-09
2.162437535185338406e-05
1.946193781666804667e-04
1.751574403500125122e-03
2.402708372428152891e-06
2.402708372428152891e-06
1.946193781666804667e-04
1.946193781666804667e-04
1.946193781666804667e-04
1.751574403500125122e-03
2.669675969364614441e-07
1.946193781666804667e-04
2.402708372428152891e-06
2.162437535185338406e-05
2.669675969364614441e-07
2.162437535185338406e-05
1.751574403500125122e-03
2.162437535185338406e-05
2.402708372428152891e-06
2.669675969364614441e-07
2.402708372428152891e-06
2.402708372428152891e-06
1.946193781666804667e-04
2.162437535185338406e-05
2.669675969364614441e-07
2.402708372428152891e-06
1.751574403500125122e-03
2.669675969364614441e-07
1.946193781666804667e-04
2.402708372428152891e-06
1.946193781666804667e-04
2.966306632627348496e-08
2.402708372428152891e-06
2.402708372428152891e-06
2.402708372428152891e-06
2.162437535185338406e-05
2.162437535185338406e-05
2.162437535185338406e-05
2.402708372428152891e-06
2.966306632627348496e-08
2.162437535185338406e-05
2.402708372428152891e-06
1.576416963150112718e-02
2.669675969364614441e-07
1.946193781666804667e-04
2.966306632627348496e-08
1.751574403500125122e-03
1.576416963150112718e-02
2.162437535185338406e-05
2.402708372428152891e-06
2.162437535185338406e-05
2.669675969364614441e-07
1.946193781666804667e-04
1.946193781666804667e-04
1.751574403500125122e-03
2.162437535185338406e-05
1.751574403500125122e-03
2.162437535185338406e-05
1.946193781666804667e-04
2.402708372428152891e-06
2.162437535185338406e-05
1.946193781666804667e-04
2.162437535185338406e-05
2.402708372428152891e-06
1.946193781666804667e-04
1.946193781666804667e-04
2.162437535185338406e-05
1.751574403500125122e-03
2.402708372428152891e-06
2.402708372428152891e-06
2.402708372428152891e-06
2.669675969364614441e-07
2.966306632627348496e-08
1.946193781666804667e-04
