4.192494138828010922e-06
3.395920252450690532e-04
3.395920252450690532e-04
3.773244724945211100e-05
5.175918689911123296e-08
3.773244724945211100e-05
3.056328227205622888e-03
3.395920252450690532e-04
3.056328227205622888e-03
3.395920252450690532e-04
3.395920252450690532e-04
3.773244724945211100e-05
2.750695404485060946e-02
4.192494138828010922e-06
4.192494138828010922e-06
4.192494138828010922e-06
5.751020766567912843e-09
3.056328227205622888e-03
3.395920252450690532e-04
4.658326820920011959e-07
3.056328227205622888e-03
3.773244724945211100e-05
3.395920252450690532e-04
2.750695404485060946e-02
3.773244724945211100e-05
3.773244724945211100e-05
4.192494138828010922e-06
3.773244724945211100e-05
4.192494138828010922e-06
4.192494138828010922e-06
3.056328227205622888e-03
3.395920252450690532e-04
3.773244724945211100e-05
4.192494138828010922e-06
3.056328227205622888e-03
3.773244724945211100e-05
4.192494138828010922e-06
4.192494138828010922e-06
3.773244724945211100e-05
4.192494138828010922e-06
4.192494138828010922e-06
4.192494138828010922e-06
3.395920252450690532e-04
3.056328227205622888e-03
3.395920252450690532e-04
4.658326820920011959e-07
3.773244724945211100e-05
3.773244724945211100e-05
3.773244724945211100e-05
3.773244724945211100e-05
3.773244724945211100e-05
3.056328227205622888e-03
4.192494138828010922e-06
3.773244724945211100e-05
4.192494138828010922e-06
3.773244724945211100e-05
4.658326820920011959e-07
4.658326820920011959e-07
3.056328227205622888e-03
3.773244724945211100e-05
3.773244724945211100e-05
3.773244724945211100e-05
4.192494138828010922e-06
2.750695404485060946e-02
4.658326820920011959e-07
3.395920252450690532e-04
3.773244724945211100e-05
3.395920252450690532e-04
4.192494138828010922e-06
3.395920252450690532e-04
2.750695404485060946e-02
4.192494138828010922e-06
2.475625864036555546e-01
4.192494138828010922e-06
3.395920252450690532e-04
3.395920252450690532e-04
4.192494138828010922e-06
3.395920252450690532e-04
4.192494138828010922e-06
3.395920252450690532e-04
4.658326820920011959e-07
4.658326820920011959e-07
2.750695404485060946e-02
3.773244724945211100e-05
3.395920252450690532e-04
4.658326820920011959e-07
3.773244724945211100e-05
4.192494138828010922e-06
4.192494138828010922e-06
4.192494138828010922e-06
5.751020766567912843e-09
3.056328227205622888e-03
3.056328227205622888e-03
3.773244724945211100e-05
4.192494138828010922e-06
4.192494138828010922e-06
4.192494138828010922e-06
4.658326820920011959e-07
3.395920252450690532e-04
4.192494138828010922e-06
3.056328227205622888e-03
5.175918689911123296e-08
5.175918689911123296e-08
3.056328227205622888e-03
3.773244724945211100e-05
3.395920252450690532e-04
4.192494138828010922e-06
3.056328227205622888e-03
4.192494138828010922e-06
3.395920252450690532e-04
3.773244724945211100e-05
3.395920252450690532e-04
4.658326820920011959e-07
3.056328227205622888e-03
3.056328227205622888e-03
4.192494138828010922e-06
4.658326820920011959e-07
3.773244724945211100e-05
3.395920252450690532e-04
3.395920252450690532e-04
4.192494138828010922e-06
3.056328227205622888e-03
3.773244724945211100e-05
4.192494138828010922e-06
4.658326820920011959e-07
3.395920252450690532e-04
3.395920252450690532e-04
5.175918689911123296e-08
4.192494138828010922e-06
3.773244724945211100e-05
3.773244724945211100e-05
4.192494138828010922e-06
3.056328227205622888e-03
3.395920252450690532e-04
4.192494138828010922e-06
3.773244724945211100e-05
3.773244724945211100e-05
3.395920252450690532e-04
3.395920252450690532e-04
5.751020766567912843e-09
3.395920252450690532e-04
4.192494138828010922e-06
2.750695404485060946e-02
5.175918689911123296e-08
3.773244724945211100e-05
3.056328227205622888e-03
3.773244724945211100e-05
4.192494138828010922e-06
4.658326820920011959e-07
3.056328227205622888e-03
3.395920252450690532e-04
3.395920252450690532e-04
4.192494138828010922e-06
5.175918689911123296e-08
4.192494138828010922e-06
4.192494138828010922e-06
3.773244724945211100e-05
3.056328227205622888e-03
3.395920252450690532e-04
3.395920252450690532e-04
4.192494138828010922e-06
3.773244724945211100e-05
4.658326820920011959e-07
4.192494138828010922e-06
3.773244724945211100e-05
4.192494138828010922e-06
4.192494138828010922e-06
3.773244724945211100e-05
4.192494138828010922e-06
3.056328227205622888e-03
5.751020766567912843e-09
4.658326820920011959e-07
3.773244724945211100e-05
3.773244724945211100e-05
5.175918689911123296e-08
3.056328227205622888e-03
4.192494138828010922e-06
3.773244724945211100e-05
3.395920252450690532e-04
4.658326820920011959e-07
3.773244724945211100e-05
2.750695404485060946e-02
4.192494138828010922e-06
3.773244724945211100e-05
4.192494138828010922e-06
4.192494138828010922e-06
3.056328227205622888e-03
4.658326820920011959e-07
2.750695404485060946e-02
3.056328227205622888e-03
4.192494138828010922e-06
4.192494138828010922e-06
4.658326820920011959e-07
3.773244724945211100e-05
3.395920252450690532e-04
3.773244724945211100e-05
4.192494138828010922e-06
4.658326820920011959e-07
3.773244724945211100e-05
4.192494138828010922e-06
3.056328227205622888e-03
3.773244724945211100e-05
3.395920252450690532e-04
3.056328227205622888e-03
4.658326820920011959e-07
4.192494138828010922e-06
2.750695404485060946e-02
4.658326820920011959e-07
3.395920252450690532e-04
3.395920252450690532e-04
4.192494138828010922e-06
4.658326820920011959e-07
4.192494138828010922e-06
3.773244724945211100e-05
3.056328227205622888e-03
3.773244724945211100e-05
4.192494138828010922e-06
4.658326820920011959e-07
3.773244724945211100e-05
4.658326820920011959e-07
3.395920252450690532e-04
3.395920252450690532e-04
4.192494138828010922e-06
4.192494138828010922e-06
4.192494138828010922e-06
3.773244724945211100e-05
4.658326820920011959e-07
3.773244724945211100e-05
3.056328227205622888e-03
3.395920252450690532e-04
3.395920252450690532e-04
4.192494138828010922e-06
4.658326820920011959e-07
3.395920252450690532e-04
5.175918689911123296e-08
3.395920252450690532e-04
3.773244724945211100e-05
3.395920252450690532e-04
3.056328227205622888e-03
3.773244724945211100e-05
3.395920252450690532e-04
3.395920252450690532e-04
5.751020766567912843e-09
4.192494138828010922e-06
4.192494138828010922e-06
6.390023073964345650e-10
3.773244724945211100e-05
3.773244724945211100e-05
4.192494138828010922e-06
3.773244724945211100e-05
4.658326820920011959e-07
4.658326820920011959e-07
3.056328227205622888e-03
4.658326820920011959e-07
3.773244724945211100e-05
3.773244724945211100e-05
4.192494138828010922e-06
3.773244724945211100e-05
3.056328227205622888e-03
3.395920252450690532e-04
3.773244724945211100e-05
3.773244724945211100e-05
3.773244724945211100e-05
4.658326820920011959e-07
3.395920252450690532e-04
3.773244724945211100e-05
3.773244724945211100e-05
3.395920252450690532e-04
3.773244724945211100e-05
3.395920252450690532e-04
3.773244724945211100e-05
4.192494138828010922e-06
2.750695404485060946e-02
3.056328227205622888e-03
5.175918689911123296e-08
3.773244724945211100e-05
3.773244724945211100e-05
3.395920252450690532e-04
4.192494138828010922e-06
4.658326820920011959e-07
3.395920252450690532e-04
4.658326820920011959e-07
3.773244724945211100e-05
4.192494138828010922e-06
4.658326820920011959e-07
3.395920252450690532e-04
5.175918689911123296e-08
3.773244724945211100e-05
3.395920252450690532e-04
4.658326820920011959e-07
3.395920252450690532e-04
3.395920252450690532e-04
4.192494138828010922e-06
4.192494138828010922e-06
3.395920252450690532e-04
3.056328227205622888e-03
3.395920252450690532e-04
4.192494138828010922e-06
4.192494138828010922e-06
2.750695404485060946e-02
3.395920252450690532e-04
4.658326820920011959e-07
4.658326820920011959e-07
3.395920252450690532e-04
4.192494138828010922e-06
3.395920252450690532e-04
4.192494138828010922e-06
3.056328227205622888e-03
3.773244724945211100e-05
3.773244724945211100e-05
4.658326820920011959e-07
4.658326820920011959e-07
3.395920252450690532e-04
5.751020766567912843e-09
4.658326820920011959e-07
3.395920252450690532e-04
3.395920252450690532e-04
2.750695404485060946e-02
3.395920252450690532e-04
4.192494138828010922e-06
3.395920252450690532e-04
4.658326820920011959e-07
3.773244724945211100e-05
3.773244724945211100e-05
3.773244724945211100e-05
4.658326820920011959e-07
4.192494138828010922e-06
3.773244724945211100e-05
3.395920252450690532e-04
3.056328227205622888e-03
3.056328227205622888e-03
3.773244724945211100e-05
3.395920252450690532e-04
4.658326820920011959e-07
3.395920252450690532e-04
3.773244724945211100e-05
4.658326820920011959e-07
4.192494138828010922e-06
3.056328227205622888e-03
3.773244724945211100e-05
3.773244724945211100e-05
2.750695404485060946e-02
3.395920252450690532e-04
4.658326820920011959e-07
2.475625864036555546e-01
4.192494138828010922e-06
3.395920252450690532e-04
4.658326820920011959e-07
4.192494138828010922e-06
5.175918689911123296e-08
3.395920252450690532e-04
3.773244724945211100e-05
4.658326820920011959e-07
4.192494138828010922e-06
4.658326820920011959e-07
3.395920252450690532e-04
4.192494138828010922e-06
3.395920252450690532e-04
4.192494138828010922e-06
3.395920252450690532e-04
4.192494138828010922e-06
5.175918689911123296e-08
3.395920252450690532e-04
5.175918689911123296e-08
3.773244724945211100e-05
4.658326820920011959e-07
3.773244724945211100e-05
4.192494138828010922e-06
3.395920252450690532e-04
3.773244724945211100e-05
4.192494138828010922e-06
3.773244724945211100e-05
4.192494138828010922e-06
4.192494138828010922e-06
3.773244724945211100e-05
3.395920252450690532e-04
3.773244724945211100e-05
3.773244724945211100e-05
3.773244724945211100e-05
3.773244724945211100e-05
3.773244724945211100e-05
3.773244724945211100e-05
3.773244724945211100e-05
3.773244724945211100e-05
