1.215862192197729618e-06
9.848483756801615135e-05
1.094275972977957143e-05
1.501064434812011576e-08
1.350957991330810716e-07
9.848483756801615135e-05
1.094275972977957143e-05
9.848483756801615135e-05
1.350957991330810716e-07
9.848483756801615135e-05
1.350957991330810716e-07
1.215862192197729618e-06
8.863635381121458094e-04
1.094275972977957143e-05
1.094275972977957143e-05
1.350957991330810716e-07
1.350957991330810716e-07
1.215862192197729618e-06
9.848483756801615135e-05
1.215862192197729618e-06
1.215862192197729618e-06
1.350957991330810716e-07
7.977271843009312718e-03
1.501064434812011576e-08
9.848483756801615135e-05
7.977271843009312718e-03
1.094275972977957143e-05
9.848483756801615135e-05
1.350957991330810716e-07
1.215862192197729618e-06
1.215862192197729618e-06
8.863635381121458094e-04
1.215862192197729618e-06
1.350957991330810716e-07
9.848483756801615135e-05
1.094275972977957143e-05
1.094275972977957143e-05
9.848483756801615135e-05
1.215862192197729618e-06
8.863635381121458094e-04
9.848483756801615135e-05
1.215862192197729618e-06
9.848483756801615135e-05
1.215862192197729618e-06
8.863635381121458094e-04
1.215862192197729618e-06
1.094275972977957143e-05
1.215862192197729618e-06
1.094275972977957143e-05
1.094275972977957143e-05
9.848483756801615135e-05
1.215862192197729618e-06
1.215862192197729618e-06
1.094275972977957143e-05
1.094275972977957143e-05
8.863635381121458094e-04
1.215862192197729618e-06
1.350957991330810716e-07
7.977271843009312718e-03
1.094275972977957143e-05
8.863635381121458094e-04
8.863635381121458094e-04
1.350957991330810716e-07
1.215862192197729618e-06
1.501064434812011576e-08
1.215862192197729618e-06
1.094275972977957143e-05
1.094275972977957143e-05
9.848483756801615135e-05
9.848483756801615135e-05
1.094275972977957143e-05
1.350957991330810716e-07
7.179544658708383875e-02
9.848483756801615135e-05
8.863635381121458094e-04
1.350957991330810716e-07
1.215862192197729618e-06
1.215862192197729618e-06
1.094275972977957143e-05
1.215862192197729618e-06
9.848483756801615135e-05
1.215862192197729618e-06
1.094275972977957143e-05
9.848483756801615135e-05
1.215862192197729618e-06
7.977271843009312718e-03
8.863635381121458094e-04
1.094275972977957143e-05
9.848483756801615135e-05
1.215862192197729618e-06
7.977271843009312718e-03
1.350957991330810716e-07
1.215862192197729618e-06
1.350957991330810716e-07
1.094275972977957143e-05
8.863635381121458094e-04
1.094275972977957143e-05
1.094275972977957143e-05
1.215862192197729618e-06
1.094275972977957143e-05
1.094275972977957143e-05
8.863635381121458094e-04
1.350957991330810716e-07
8.863635381121458094e-04
1.094275972977957143e-05
7.977271843009312718e-03
1.094275972977957143e-05
8.863635381121458094e-04
1.215862192197729618e-06
8.863635381121458094e-04
1.215862192197729618e-06
9.848483756801615135e-05
1.350957991330810716e-07
9.848483756801615135e-05
1.215862192197729618e-06
9.848483756801615135e-05
1.215862192197729618e-06
9.848483756801615135e-05
1.094275972977957143e-05
1.215862192197729618e-06
1.215862192197729618e-06
1.094275972977957143e-05
9.848483756801615135e-05
1.094275972977957143e-05
1.094275972977957143e-05
1.094275972977957143e-05
1.350957991330810716e-07
1.094275972977957143e-05
1.215862192197729618e-06
9.848483756801615135e-05
1.215862192197729618e-06
1.501064434812011576e-08
8.863635381121458094e-04
1.215862192197729618e-06
1.215862192197729618e-06
8.863635381121458094e-04
9.848483756801615135e-05
1.350957991330810716e-07
9.848483756801615135e-05
8.863635381121458094e-04
9.848483756801615135e-05
1.094275972977957143e-05
1.215862192197729618e-06
1.094275972977957143e-05
1.094275972977957143e-05
1.094275972977957143e-05
1.094275972977957143e-05
1.215862192197729618e-06
1.094275972977957143e-05
1.094275972977957143e-05
1.094275972977957143e-05
1.094275972977957143e-05
1.094275972977957143e-05
1.215862192197729618e-06
1.094275972977957143e-05
1.094275972977957143e-05
9.848483756801615135e-05
9.848483756801615135e-05
1.215862192197729618e-06
1.094275972977957143e-05
1.215862192197729618e-06
8.863635381121458094e-04
1.094275972977957143e-05
1.215862192197729618e-06
9.848483756801615135e-05
7.977271843009312718e-03
1.094275972977957143e-05
1.215862192197729618e-06
1.350957991330810716e-07
1.350957991330810716e-07
9.848483756801615135e-05
1.350957991330810716e-07
1.350957991330810716e-07
9.848483756801615135e-05
1.215862192197729618e-06
1.215862192197729618e-06
9.848483756801615135e-05
9.848483756801615135e-05
1.501064434812011576e-08
1.501064434812011576e-08
9.848483756801615135e-05
7.977271843009312718e-03
1.350957991330810716e-07
1.215862192197729618e-06
1.350957991330810716e-07
9.848483756801615135e-05
9.848483756801615135e-05
1.094275972977957143e-05
1.094275972977957143e-05
1.350957991330810716e-07
1.094275972977957143e-05
7.977271843009312718e-03
9.848483756801615135e-05
9.848483756801615135e-05
1.215862192197729618e-06
1.094275972977957143e-05
8.863635381121458094e-04
1.094275972977957143e-05
8.863635381121458094e-04
1.094275972977957143e-05
1.350957991330810716e-07
8.863635381121458094e-04
7.977271843009312718e-03
1.350957991330810716e-07
8.863635381121458094e-04
9.848483756801615135e-05
1.215862192197729618e-06
1.350957991330810716e-07
9.848483756801615135e-05
9.848483756801615135e-05
9.848483756801615135e-05
8.863635381121458094e-04
8.863635381121458094e-04
9.848483756801615135e-05
1.350957991330810716e-07
1.094275972977957143e-05
1.215862192197729618e-06
1.094275972977957143e-05
7.977271843009312718e-03
9.848483756801615135e-05
9.848483756801615135e-05
1.094275972977957143e-05
7.977271843009312718e-03
1.350957991330810716e-07
1.501064434812011576e-08
8.863635381121458094e-04
1.094275972977957143e-05
1.350957991330810716e-07
1.350957991330810716e-07
1.350957991330810716e-07
1.215862192197729618e-06
1.094275972977957143e-05
9.848483756801615135e-05
9.848483756801615135e-05
1.350957991330810716e-07
1.094275972977957143e-05
1.215862192197729618e-06
1.215862192197729618e-06
1.094275972977957143e-05
9.848483756801615135e-05
1.094275972977957143e-05
9.848483756801615135e-05
8.863635381121458094e-04
1.094275972977957143e-05
1.215862192197729618e-06
1.350957991330810716e-07
1.215862192197729618e-06
1.350957991330810716e-07
9.848483756801615135e-05
1.350957991330810716e-07
1.094275972977957143e-05
1.094275972977957143e-05
1.094275972977957143e-05
1.215862192197729618e-06
1.094275972977957143e-05
1.350957991330810716e-07
1.094275972977957143e-05
9.848483756801615135e-05
1.350957991330810716e-07
1.215862192197729618e-06
1.350957991330810716e-07
1.215862192197729618e-06
1.501064434812011576e-08
1.094275972977957143e-05
7.977271843009312718e-03
9.848483756801615135e-05
6.461590192837547431e-01
1.094275972977957143e-05
1.215862192197729618e-06
1.094275972977957143e-05
1.215862192197729618e-06
1.215862192197729618e-06
1.215862192197729618e-06
1.094275972977957143e-05
9.848483756801615135e-05
1.094275972977957143e-05
1.215862192197729618e-06
9.848483756801615135e-05
9.848483756801615135e-05
1.094275972977957143e-05
1.215862192197729618e-06
1.094275972977957143e-05
1.215862192197729618e-06
1.215862192197729618e-06
1.350957991330810716e-07
9.848483756801615135e-05
1.215862192197729618e-06
1.094275972977957143e-05
9.848483756801615135e-05
1.215862192197729618e-06
1.350957991330810716e-07
1.094275972977957143e-05
1.215862192197729618e-06
1.215862192197729618e-06
1.094275972977957143e-05
1.094275972977957143e-05
1.094275972977957143e-05
9.848483756801615135e-05
9.848483756801615135e-05
1.215862192197729618e-06
1.215862192197729618e-06
1.350957991330810716e-07
1.215862192197729618e-06
1.094275972977957143e-05
9.848483756801615135e-05
1.094275972977957143e-05
1.501064434812011576e-08
9.848483756801615135e-05
1.350957991330810716e-07
9.848483756801615135e-05
1.501064434812011576e-08
9.848483756801615135e-05
1.215862192197729618e-06
8.863635381121458094e-04
1.350957991330810716e-07
1.094275972977957143e-05
9.848483756801615135e-05
9.848483756801615135e-05
1.501064434812011576e-08
9.848483756801615135e-05
7.977271843009312718e-03
8.863635381121458094e-04
1.350957991330810716e-07
1.215862192197729618e-06
1.094275972977957143e-05
7.977271843009312718e-03
9.848483756801615135e-05
1.094275972977957143e-05
1.094275972977957143e-05
1.215862192197729618e-06
1.094275972977957143e-05
1.215862192197729618e-06
1.094275972977957143e-05
9.848483756801615135e-05
7.977271843009312718e-03
1.094275972977957143e-05
1.215862192197729618e-06
9.848483756801615135e-05
1.215862192197729618e-06
9.848483756801615135e-05
1.094275972977957143e-05
1.350957991330810716e-07
1.094275972977957143e-05
8.863635381121458094e-04
1.094275972977957143e-05
1.094275972977957143e-05
9.848483756801615135e-05
1.094275972977957143e-05
1.215862192197729618e-06
1.094275972977957143e-05
7.977271843009312718e-03
1.094275972977957143e-05
7.977271843009312718e-03
9.848483756801615135e-05
9.848483756801615135e-05
1.215862192197729618e-06
9.848483756801615135e-05
1.215862192197729618e-06
1.094275972977957143e-05
1.094275972977957143e-05
1.094275972977957143e-05
9.848483756801615135e-05
1.215862192197729618e-06
1.215862192197729618e-06
1.501064434812011576e-08
1.350957991330810716e-07
1.350957991330810716e-07
9.848483756801615135e-05
9.848483756801615135e-05
8.863635381121458094e-04
1.094275972977957143e-05
1.094275972977957143e-05
1.094275972977957143e-05
9.848483756801615135e-05
7.977271843009312718e-03
1.215862192197729618e-06
9.848483756801615135e-05
1.215862192197729618e-06
1.094275972977957143e-05
8.863635381121458094e-04
1.215862192197729618e-06
1.094275972977957143e-05
1.215862192197729618e-06
1.350957991330810716e-07
1.350957991330810716e-07
1.094275972977957143e-05
1.215862192197729618e-06
9.848483756801615135e-05
1.215862192197729618e-06
8.863635381121458094e-04
1.350957991330810716e-07
8.863635381121458094e-04
9.848483756801615135e-05
9.848483756801615135e-05
9.848483756801615135e-05
1.094275972977957143e-05
1.501064434812011576e-08
1.094275972977957143e-05
1.094275972977957143e-05
1.094275972977957143e-05
9.848483756801615135e-05
1.094275972977957143e-05
1.350957991330810716e-07
1.094275972977957143e-05
1.501064434812011576e-08
1.094275972977957143e-05
1.094275972977957143e-05
8.863635381121458094e-04
9.848483756801615135e-05
1.094275972977957143e-05
1.215862192197729618e-06
1.094275972977957143e-05
1.215862192197729618e-06
9.848483756801615135e-05
1.215862192197729618e-06
9.848483756801615135e-05
1.094275972977957143e-05
9.848483756801615135e-05
9.848483756801615135e-05
1.094275972977957143e-05
1.094275972977957143e-05
1.094275972977957143e-05
8.863635381121458094e-04
1.094275972977957143e-05
1.094275972977957143e-05
7.179544658708383875e-02
1.350957991330810716e-07
1.215862192197729618e-06
1.350957991330810716e-07
1.215862192197729618e-06
1.215862192197729618e-06
1.094275972977957143e-05
9.848483756801615135e-05
1.350957991330810716e-07
1.501064434812011576e-08
1.215862192197729618e-06
1.094275972977957143e-05
1.350957991330810716e-07
9.848483756801615135e-05
1.215862192197729618e-06
9.848483756801615135e-05
1.215862192197729618e-06
8.863635381121458094e-04
9.848483756801615135e-05
9.848483756801615135e-05
1.350957991330810716e-07
7.977271843009312718e-03
7.977271843009312718e-03
