5.724342469271068016e-05
8.724801812636889561e-09
5.151908222343962434e-04
7.067089468235884465e-07
6.360380521412295913e-06
7.067089468235884465e-07
4.636717400109568142e-03
5.151908222343962434e-04
5.724342469271068016e-05
5.724342469271068016e-05
6.360380521412295913e-06
5.724342469271068016e-05
5.724342469271068016e-05
5.724342469271068016e-05
5.724342469271068016e-05
6.360380521412295913e-06
5.724342469271068016e-05
5.151908222343962434e-04
5.724342469271068016e-05
6.360380521412295913e-06
5.151908222343962434e-04
5.151908222343962434e-04
5.151908222343962434e-04
5.724342469271068016e-05
7.067089468235884465e-07
4.173045660098612109e-02
4.173045660098612109e-02
6.360380521412295913e-06
4.636717400109568142e-03
7.852321631373202756e-08
5.151908222343962434e-04
5.151908222343962434e-04
5.724342469271068016e-05
5.724342469271068016e-05
4.636717400109568142e-03
5.724342469271068016e-05
4.636717400109568142e-03
5.724342469271068016e-05
5.724342469271068016e-05
5.724342469271068016e-05
6.360380521412295913e-06
5.724342469271068016e-05
5.724342469271068016e-05
5.724342469271068016e-05
5.151908222343962434e-04
5.724342469271068016e-05
5.151908222343962434e-04
6.360380521412295913e-06
7.852321631373202756e-08
6.360380521412295913e-06
5.151908222343962434e-04
5.151908222343962434e-04
6.360380521412295913e-06
5.151908222343962434e-04
5.151908222343962434e-04
7.067089468235884465e-07
5.724342469271068016e-05
4.636717400109568142e-03
5.724342469271068016e-05
7.067089468235884465e-07
6.360380521412295913e-06
5.724342469271068016e-05
5.151908222343962434e-04
7.067089468235884465e-07
5.724342469271068016e-05
7.852321631373202756e-08
5.724342469271068016e-05
4.636717400109568142e-03
5.724342469271068016e-05
5.151908222343962434e-04
5.151908222343962434e-04
4.636717400109568142e-03
4.636717400109568142e-03
6.360380521412295913e-06
4.173045660098612109e-02
7.852321631373202756e-08
6.360380521412295913e-06
5.724342469271068016e-05
5.724342469271068016e-05
5.151908222343962434e-04
5.724342469271068016e-05
5.151908222343962434e-04
4.636717400109568142e-03
7.067089468235884465e-07
5.724342469271068016e-05
5.724342469271068016e-05
7.067089468235884465e-07
5.151908222343962434e-04
7.852321631373202756e-08
4.636717400109568142e-03
4.636717400109568142e-03
5.724342469271068016e-05
5.724342469271068016e-05
6.360380521412295913e-06
6.360380521412295913e-06
4.173045660098612109e-02
5.151908222343962434e-04
5.151908222343962434e-04
5.724342469271068016e-05
5.151908222343962434e-04
5.724342469271068016e-05
3.755741094088752008e-01
5.151908222343962434e-04
7.852321631373202756e-08
5.724342469271068016e-05
5.724342469271068016e-05
7.067089468235884465e-07
4.636717400109568142e-03
6.360380521412295913e-06
7.067089468235884465e-07
5.151908222343962434e-04
5.724342469271068016e-05
5.724342469271068016e-05
6.360380521412295913e-06
5.151908222343962434e-04
6.360380521412295913e-06
6.360380521412295913e-06
5.151908222343962434e-04
6.360380521412295913e-06
5.724342469271068016e-05
7.067089468235884465e-07
4.636717400109568142e-03
5.724342469271068016e-05
5.151908222343962434e-04
5.724342469271068016e-05
5.724342469271068016e-05
4.636717400109568142e-03
3.755741094088752008e-01
