2.874395471591652956e-03
2.874395471591652956e-03
3.193772746212945922e-04
3.193772746212945922e-04
3.193772746212945922e-04
3.193772746212945922e-04
3.942929316312277348e-06
3.548636384681050799e-05
3.193772746212945922e-04
2.586955924432488008e-02
3.548636384681050799e-05
2.874395471591652956e-03
3.193772746212945922e-04
3.548636384681050799e-05
2.586955924432488008e-02
2.874395471591652956e-03
2.586955924432488008e-02
3.193772746212945922e-04
3.942929316312277348e-06
3.193772746212945922e-04
3.942929316312277348e-06
4.381032573680307811e-07
4.381032573680307811e-07
4.381032573680307811e-07
3.548636384681050799e-05
4.381032573680307811e-07
3.942929316312277348e-06
4.381032573680307811e-07
4.381032573680307811e-07
3.942929316312277348e-06
4.867813970755896906e-08
3.548636384681050799e-05
3.548636384681050799e-05
2.874395471591652956e-03
2.586955924432488008e-02
4.867813970755896906e-08
3.942929316312277348e-06
2.586955924432488008e-02
3.193772746212945922e-04
3.548636384681050799e-05
3.942929316312277348e-06
2.874395471591652956e-03
3.193772746212945922e-04
3.193772746212945922e-04
2.874395471591652956e-03
3.942929316312277348e-06
3.548636384681050799e-05
3.548636384681050799e-05
3.548636384681050799e-05
3.548636384681050799e-05
2.874395471591652956e-03
4.381032573680307811e-07
4.381032573680307811e-07
3.942929316312277348e-06
2.586955924432488008e-02
2.586955924432488008e-02
3.548636384681050799e-05
3.193772746212945922e-04
3.193772746212945922e-04
5.408682189728772043e-09
2.586955924432488008e-02
3.548636384681050799e-05
2.328260331989239762e-01
4.381032573680307811e-07
3.548636384681050799e-05
3.193772746212945922e-04
3.942929316312277348e-06
3.193772746212945922e-04
2.586955924432488008e-02
3.942929316312277348e-06
3.548636384681050799e-05
3.193772746212945922e-04
3.548636384681050799e-05
4.381032573680307811e-07
4.381032573680307811e-07
3.942929316312277348e-06
3.548636384681050799e-05
2.874395471591652956e-03
3.942929316312277348e-06
2.586955924432488008e-02
3.548636384681050799e-05
3.193772746212945922e-04
3.548636384681050799e-05
3.193772746212945922e-04
2.586955924432488008e-02
3.548636384681050799e-05
3.548636384681050799e-05
4.381032573680307811e-07
3.193772746212945922e-04
2.586955924432488008e-02
3.193772746212945922e-04
3.548636384681050799e-05
3.193772746212945922e-04
3.548636384681050799e-05
4.867813970755896906e-08
3.548636384681050799e-05
3.942929316312277348e-06
3.942929316312277348e-06
3.548636384681050799e-05
3.942929316312277348e-06
4.867813970755896906e-08
3.193772746212945922e-04
4.381032573680307811e-07
3.193772746212945922e-04
3.548636384681050799e-05
3.942929316312277348e-06
3.548636384681050799e-05
4.381032573680307811e-07
3.548636384681050799e-05
2.874395471591652956e-03
3.193772746212945922e-04
3.548636384681050799e-05
3.942929316312277348e-06
2.874395471591652956e-03
3.548636384681050799e-05
3.548636384681050799e-05
2.328260331989239762e-01
2.874395471591652956e-03
3.193772746212945922e-04
3.942929316312277348e-06
4.867813970755896906e-08
2.874395471591652956e-03
4.381032573680307811e-07
2.874395471591652956e-03
3.942929316312277348e-06
3.193772746212945922e-04
3.942929316312277348e-06
3.193772746212945922e-04
3.548636384681050799e-05
2.874395471591652956e-03
2.586955924432488008e-02
3.193772746212945922e-04
3.942929316312277348e-06
3.548636384681050799e-05
3.193772746212945922e-04
3.942929316312277348e-06
3.193772746212945922e-04
3.942929316312277348e-06
2.874395471591652956e-03
3.942929316312277348e-06
4.381032573680307811e-07
3.193772746212945922e-04
2.874395471591652956e-03
4.381032573680307811e-07
3.548636384681050799e-05
3.942929316312277348e-06
3.548636384681050799e-05
3.548636384681050799e-05
3.548636384681050799e-05
3.548636384681050799e-05
3.193772746212945922e-04
3.548636384681050799e-05
4.867813970755896906e-08
3.548636384681050799e-05
3.942929316312277348e-06
4.381032573680307811e-07
3.548636384681050799e-05
3.942929316312277348e-06
3.942929316312277348e-06
3.193772746212945922e-04
3.548636384681050799e-05
3.548636384681050799e-05
2.874395471591652956e-03
3.942929316312277348e-06
3.548636384681050799e-05
2.874395471591652956e-03
3.942929316312277348e-06
3.548636384681050799e-05
3.193772746212945922e-04
3.193772746212945922e-04
3.942929316312277348e-06
3.548636384681050799e-05
2.586955924432488008e-02
3.942929316312277348e-06
3.942929316312277348e-06
2.874395471591652956e-03
3.193772746212945922e-04
3.193772746212945922e-04
3.548636384681050799e-05
3.548636384681050799e-05
3.548636384681050799e-05
4.381032573680307811e-07
2.874395471591652956e-03
3.942929316312277348e-06
3.942929316312277348e-06
3.193772746212945922e-04
5.408682189728772043e-09
3.548636384681050799e-05
3.548636384681050799e-05
3.193772746212945922e-04
3.548636384681050799e-05
3.942929316312277348e-06
4.381032573680307811e-07
3.942929316312277348e-06
3.548636384681050799e-05
3.942929316312277348e-06
4.381032573680307811e-07
4.381032573680307811e-07
3.193772746212945922e-04
3.548636384681050799e-05
4.381032573680307811e-07
3.942929316312277348e-06
3.548636384681050799e-05
3.193772746212945922e-04
3.942929316312277348e-06
3.193772746212945922e-04
4.381032573680307811e-07
3.548636384681050799e-05
3.193772746212945922e-04
3.193772746212945922e-04
2.874395471591652956e-03
3.193772746212945922e-04
4.867813970755896906e-08
2.874395471591652956e-03
4.381032573680307811e-07
3.942929316312277348e-06
3.193772746212945922e-04
4.381032573680307811e-07
3.942929316312277348e-06
3.193772746212945922e-04
3.193772746212945922e-04
4.381032573680307811e-07
4.381032573680307811e-07
3.193772746212945922e-04
3.548636384681050799e-05
3.193772746212945922e-04
3.942929316312277348e-06
4.381032573680307811e-07
4.381032573680307811e-07
3.548636384681050799e-05
3.548636384681050799e-05
3.548636384681050799e-05
2.874395471591652956e-03
2.586955924432488008e-02
3.942929316312277348e-06
2.874395471591652956e-03
3.942929316312277348e-06
3.193772746212945922e-04
3.548636384681050799e-05
3.942929316312277348e-06
3.548636384681050799e-05
2.586955924432488008e-02
4.867813970755896906e-08
3.548636384681050799e-05
3.942929316312277348e-06
3.548636384681050799e-05
4.381032573680307811e-07
3.193772746212945922e-04
2.874395471591652956e-03
3.193772746212945922e-04
3.548636384681050799e-05
3.942929316312277348e-06
3.193772746212945922e-04
3.548636384681050799e-05
3.548636384681050799e-05
2.586955924432488008e-02
