3.577256998420572792e-04
4.416366664716755007e-06
4.907074071907505446e-07
3.974729998245080353e-05
3.219531298578517248e-03
4.907074071907505446e-07
5.452304524341671100e-08
3.974729998245080353e-05
4.416366664716755007e-06
3.577256998420572792e-04
3.974729998245080353e-05
3.219531298578517248e-03
4.416366664716755007e-06
3.577256998420572792e-04
3.974729998245080353e-05
3.974729998245080353e-05
4.907074071907505446e-07
3.219531298578517248e-03
3.974729998245080353e-05
3.974729998245080353e-05
3.974729998245080353e-05
3.974729998245080353e-05
4.416366664716755007e-06
3.974729998245080353e-05
4.416366664716755007e-06
3.577256998420572792e-04
4.416366664716755007e-06
3.577256998420572792e-04
3.974729998245080353e-05
2.897578168720665870e-02
3.219531298578517248e-03
2.897578168720665870e-02
3.974729998245080353e-05
4.416366664716755007e-06
3.577256998420572792e-04
3.219531298578517248e-03
3.577256998420572792e-04
4.416366664716755007e-06
3.974729998245080353e-05
3.974729998245080353e-05
3.577256998420572792e-04
3.974729998245080353e-05
3.577256998420572792e-04
4.907074071907505446e-07
3.219531298578517248e-03
4.416366664716755007e-06
3.974729998245080353e-05
4.416366664716755007e-06
3.577256998420572792e-04
3.577256998420572792e-04
3.974729998245080353e-05
4.416366664716755007e-06
3.219531298578517248e-03
3.577256998420572792e-04
3.577256998420572792e-04
3.577256998420572792e-04
4.907074071907505446e-07
3.577256998420572792e-04
3.974729998245080353e-05
4.416366664716755007e-06
3.974729998245080353e-05
4.416366664716755007e-06
4.416366664716755007e-06
4.416366664716755007e-06
3.219531298578517248e-03
3.974729998245080353e-05
4.907074071907505446e-07
3.577256998420572792e-04
3.577256998420572792e-04
3.219531298578517248e-03
3.577256998420572792e-04
3.577256998420572792e-04
2.897578168720665870e-02
3.577256998420572792e-04
3.219531298578517248e-03
3.974729998245080353e-05
4.907074071907505446e-07
4.416366664716755007e-06
3.219531298578517248e-03
3.577256998420572792e-04
4.416366664716755007e-06
3.974729998245080353e-05
3.577256998420572792e-04
3.974729998245080353e-05
5.452304524341671100e-08
4.416366664716755007e-06
3.577256998420572792e-04
3.974729998245080353e-05
3.974729998245080353e-05
4.416366664716755007e-06
3.577256998420572792e-04
3.974729998245080353e-05
5.452304524341671100e-08
4.416366664716755007e-06
4.416366664716755007e-06
3.577256998420572792e-04
3.577256998420572792e-04
3.974729998245080353e-05
3.219531298578517248e-03
3.974729998245080353e-05
3.577256998420572792e-04
3.219531298578517248e-03
3.974729998245080353e-05
3.577256998420572792e-04
2.897578168720665870e-02
3.219531298578517248e-03
4.416366664716755007e-06
3.219531298578517248e-03
3.577256998420572792e-04
3.974729998245080353e-05
3.974729998245080353e-05
4.416366664716755007e-06
3.577256998420572792e-04
3.974729998245080353e-05
5.452304524341671100e-08
3.577256998420572792e-04
4.416366664716755007e-06
5.452304524341671100e-08
4.907074071907505446e-07
3.974729998245080353e-05
5.452304524341671100e-08
3.577256998420572792e-04
5.452304524341671100e-08
3.219531298578517248e-03
4.907074071907505446e-07
4.416366664716755007e-06
3.577256998420572792e-04
3.974729998245080353e-05
4.907074071907505446e-07
3.974729998245080353e-05
4.416366664716755007e-06
3.219531298578517248e-03
4.416366664716755007e-06
4.416366664716755007e-06
3.974729998245080353e-05
6.058116138157410035e-09
3.974729998245080353e-05
4.416366664716755007e-06
3.577256998420572792e-04
3.974729998245080353e-05
4.907074071907505446e-07
3.974729998245080353e-05
2.897578168720665870e-02
3.577256998420572792e-04
4.416366664716755007e-06
3.577256998420572792e-04
3.577256998420572792e-04
4.416366664716755007e-06
3.577256998420572792e-04
3.974729998245080353e-05
4.416366664716755007e-06
4.416366664716755007e-06
5.452304524341671100e-08
4.416366664716755007e-06
3.219531298578517248e-03
3.974729998245080353e-05
3.577256998420572792e-04
4.416366664716755007e-06
3.974729998245080353e-05
2.607820351848599838e-01
3.219531298578517248e-03
4.907074071907505446e-07
3.219531298578517248e-03
3.577256998420572792e-04
3.219531298578517248e-03
3.974729998245080353e-05
4.416366664716755007e-06
4.907074071907505446e-07
4.416366664716755007e-06
4.907074071907505446e-07
3.577256998420572792e-04
3.577256998420572792e-04
3.577256998420572792e-04
3.974729998245080353e-05
3.577256998420572792e-04
5.452304524341671100e-08
4.907074071907505446e-07
3.577256998420572792e-04
3.219531298578517248e-03
5.452304524341671100e-08
3.577256998420572792e-04
4.416366664716755007e-06
4.416366664716755007e-06
4.416366664716755007e-06
4.416366664716755007e-06
4.416366664716755007e-06
3.577256998420572792e-04
3.974729998245080353e-05
3.219531298578517248e-03
4.907074071907505446e-07
3.974729998245080353e-05
4.416366664716755007e-06
4.416366664716755007e-06
4.416366664716755007e-06
5.452304524341671100e-08
3.974729998245080353e-05
3.974729998245080353e-05
3.974729998245080353e-05
4.416366664716755007e-06
4.416366664716755007e-06
3.577256998420572792e-04
4.416366664716755007e-06
4.907074071907505446e-07
4.416366664716755007e-06
4.907074071907505446e-07
3.577256998420572792e-04
3.577256998420572792e-04
4.416366664716755007e-06
4.907074071907505446e-07
3.974729998245080353e-05
4.907074071907505446e-07
3.577256998420572792e-04
4.416366664716755007e-06
3.577256998420572792e-04
3.974729998245080353e-05
4.416366664716755007e-06
4.907074071907505446e-07
4.416366664716755007e-06
3.974729998245080353e-05
3.974729998245080353e-05
4.416366664716755007e-06
3.974729998245080353e-05
3.974729998245080353e-05
3.974729998245080353e-05
3.577256998420572792e-04
3.577256998420572792e-04
3.974729998245080353e-05
3.974729998245080353e-05
4.416366664716755007e-06
4.416366664716755007e-06
3.974729998245080353e-05
3.974729998245080353e-05
3.577256998420572792e-04
3.577256998420572792e-04
3.974729998245080353e-05
4.416366664716755007e-06
4.416366664716755007e-06
3.974729998245080353e-05
3.974729998245080353e-05
4.416366664716755007e-06
6.058116138157410035e-09
4.416366664716755007e-06
4.416366664716755007e-06
3.577256998420572792e-04
3.219531298578517248e-03
3.577256998420572792e-04
2.897578168720665870e-02
3.219531298578517248e-03
4.907074071907505446e-07
3.577256998420572792e-04
3.974729998245080353e-05
3.219531298578517248e-03
3.974729998245080353e-05
2.607820351848599838e-01
3.577256998420572792e-04
3.577256998420572792e-04
3.219531298578517248e-03
3.974729998245080353e-05
4.416366664716755007e-06
4.416366664716755007e-06
4.907074071907505446e-07
3.577256998420572792e-04
4.416366664716755007e-06
4.907074071907505446e-07
4.416366664716755007e-06
3.974729998245080353e-05
4.907074071907505446e-07
4.907074071907505446e-07
4.416366664716755007e-06
3.577256998420572792e-04
6.058116138157410035e-09
4.907074071907505446e-07
5.452304524341671100e-08
3.577256998420572792e-04
4.907074071907505446e-07
3.974729998245080353e-05
2.897578168720665870e-02
4.907074071907505446e-07
3.219531298578517248e-03
3.577256998420572792e-04
3.974729998245080353e-05
4.416366664716755007e-06
4.416366664716755007e-06
3.974729998245080353e-05
3.219531298578517248e-03
4.416366664716755007e-06
3.577256998420572792e-04
3.219531298578517248e-03
4.416366664716755007e-06
3.219531298578517248e-03
3.974729998245080353e-05
3.974729998245080353e-05
2.897578168720665870e-02
4.416366664716755007e-06
3.577256998420572792e-04
4.416366664716755007e-06
4.416366664716755007e-06
3.577256998420572792e-04
3.577256998420572792e-04
5.452304524341671100e-08
3.974729998245080353e-05
4.416366664716755007e-06
4.416366664716755007e-06
3.974729998245080353e-05
3.219531298578517248e-03
4.416366664716755007e-06
4.416366664716755007e-06
4.416366664716755007e-06
3.577256998420572792e-04
3.974729998245080353e-05
4.907074071907505446e-07
3.577256998420572792e-04
3.974729998245080353e-05
3.219531298578517248e-03
4.416366664716755007e-06
5.452304524341671100e-08
4.416366664716755007e-06
4.416366664716755007e-06
3.219531298578517248e-03
3.577256998420572792e-04
3.974729998245080353e-05
3.577256998420572792e-04
5.452304524341671100e-08
3.974729998245080353e-05
4.907074071907505446e-07
3.577256998420572792e-04
3.974729998245080353e-05
3.974729998245080353e-05
4.416366664716755007e-06
3.974729998245080353e-05
3.577256998420572792e-04
3.974729998245080353e-05
3.974729998245080353e-05
4.416366664716755007e-06
3.577256998420572792e-04
3.577256998420572792e-04
4.416366664716755007e-06
3.577256998420572792e-04
5.452304524341671100e-08
3.219531298578517248e-03
3.974729998245080353e-05
5.452304524341671100e-08
3.577256998420572792e-04
4.416366664716755007e-06
3.974729998245080353e-05
6.058116138157410035e-09
4.416366664716755007e-06
4.416366664716755007e-06
3.974729998245080353e-05
4.416366664716755007e-06
5.452304524341671100e-08
4.416366664716755007e-06
4.907074071907505446e-07
3.219531298578517248e-03
4.416366664716755007e-06
4.907074071907505446e-07
3.974729998245080353e-05
4.907074071907505446e-07
4.416366664716755007e-06
3.219531298578517248e-03
5.452304524341671100e-08
4.907074071907505446e-07
2.897578168720665870e-02
3.974729998245080353e-05
3.219531298578517248e-03
4.416366664716755007e-06
2.897578168720665870e-02
3.974729998245080353e-05
3.219531298578517248e-03
3.577256998420572792e-04
3.577256998420572792e-04
3.577256998420572792e-04
3.974729998245080353e-05
4.416366664716755007e-06
4.907074071907505446e-07
2.897578168720665870e-02
4.416366664716755007e-06
4.907074071907505446e-07
3.974729998245080353e-05
3.577256998420572792e-04
4.907074071907505446e-07
3.974729998245080353e-05
5.452304524341671100e-08
3.577256998420572792e-04
