2.691584180544424570e-05
2.990649089493803995e-06
2.180183186240985341e-03
2.180183186240985341e-03
2.990649089493803995e-06
2.180183186240985341e-03
2.691584180544424570e-05
2.180183186240985341e-03
3.322943432770893563e-07
2.422425762489982418e-04
2.990649089493803995e-06
2.691584180544424570e-05
3.692159369745436410e-08
3.322943432770893563e-07
3.692159369745436410e-08
3.322943432770893563e-07
2.990649089493803995e-06
4.102399299717149729e-09
2.691584180544424570e-05
2.691584180544424570e-05
3.322943432770893563e-07
1.765948380855198729e-01
1.765948380855198729e-01
2.691584180544424570e-05
2.990649089493803995e-06
2.422425762489982418e-04
2.422425762489982418e-04
2.422425762489982418e-04
2.990649089493803995e-06
2.990649089493803995e-06
2.691584180544424570e-05
2.422425762489982418e-04
2.422425762489982418e-04
2.691584180544424570e-05
1.962164867616886937e-02
2.180183186240985341e-03
2.691584180544424570e-05
2.180183186240985341e-03
3.322943432770893563e-07
2.180183186240985341e-03
2.990649089493803995e-06
2.422425762489982418e-04
3.322943432770893563e-07
2.691584180544424570e-05
3.322943432770893563e-07
2.990649089493803995e-06
3.322943432770893563e-07
1.962164867616886937e-02
2.422425762489982418e-04
2.691584180544424570e-05
3.322943432770893563e-07
3.322943432770893563e-07
2.422425762489982418e-04
2.990649089493803995e-06
2.990649089493803995e-06
1.962164867616886937e-02
1.962164867616886937e-02
2.691584180544424570e-05
2.691584180544424570e-05
1.962164867616886937e-02
2.990649089493803995e-06
2.422425762489982418e-04
2.990649089493803995e-06
2.691584180544424570e-05
2.691584180544424570e-05
2.180183186240985341e-03
2.180183186240985341e-03
2.990649089493803995e-06
1.962164867616886937e-02
3.322943432770893563e-07
3.322943432770893563e-07
2.990649089493803995e-06
3.322943432770893563e-07
2.422425762489982418e-04
2.990649089493803995e-06
2.990649089493803995e-06
2.691584180544424570e-05
2.990649089493803995e-06
2.180183186240985341e-03
3.692159369745436410e-08
3.322943432770893563e-07
2.422425762489982418e-04
2.691584180544424570e-05
2.180183186240985341e-03
2.180183186240985341e-03
3.322943432770893563e-07
2.422425762489982418e-04
2.691584180544424570e-05
2.990649089493803995e-06
3.322943432770893563e-07
2.691584180544424570e-05
2.422425762489982418e-04
2.691584180544424570e-05
2.422425762489982418e-04
2.990649089493803995e-06
1.962164867616886937e-02
3.322943432770893563e-07
2.691584180544424570e-05
2.422425762489982418e-04
2.180183186240985341e-03
1.962164867616886937e-02
2.691584180544424570e-05
3.322943432770893563e-07
2.422425762489982418e-04
2.422425762489982418e-04
2.180183186240985341e-03
2.422425762489982418e-04
2.422425762489982418e-04
2.422425762489982418e-04
2.990649089493803995e-06
2.422425762489982418e-04
3.322943432770893563e-07
2.691584180544424570e-05
2.691584180544424570e-05
2.180183186240985341e-03
2.990649089493803995e-06
2.990649089493803995e-06
2.422425762489982418e-04
3.692159369745436410e-08
2.691584180544424570e-05
2.990649089493803995e-06
2.691584180544424570e-05
2.691584180544424570e-05
2.990649089493803995e-06
2.990649089493803995e-06
3.322943432770893563e-07
2.180183186240985341e-03
2.422425762489982418e-04
2.180183186240985341e-03
2.691584180544424570e-05
3.322943432770893563e-07
2.990649089493803995e-06
2.990649089493803995e-06
3.322943432770893563e-07
3.692159369745436410e-08
2.990649089493803995e-06
2.691584180544424570e-05
1.962164867616886937e-02
3.692159369745436410e-08
3.692159369745436410e-08
2.691584180544424570e-05
2.691584180544424570e-05
3.692159369745436410e-08
2.180183186240985341e-03
2.180183186240985341e-03
2.990649089493803995e-06
2.691584180544424570e-05
2.990649089493803995e-06
2.180183186240985341e-03
2.422425762489982418e-04
2.691584180544424570e-05
2.691584180544424570e-05
2.422425762489982418e-04
2.990649089493803995e-06
3.322943432770893563e-07
3.322943432770893563e-07
3.322943432770893563e-07
2.691584180544424570e-05
2.422425762489982418e-04
2.422425762489982418e-04
2.180183186240985341e-03
2.990649089493803995e-06
2.691584180544424570e-05
2.691584180544424570e-05
2.990649089493803995e-06
2.691584180544424570e-05
2.180183186240985341e-03
2.422425762489982418e-04
2.422425762489982418e-04
2.422425762489982418e-04
4.102399299717149729e-09
2.422425762489982418e-04
4.102399299717149729e-09
2.422425762489982418e-04
2.180183186240985341e-03
2.990649089493803995e-06
2.691584180544424570e-05
3.322943432770893563e-07
2.691584180544424570e-05
2.691584180544424570e-05
2.691584180544424570e-05
2.180183186240985341e-03
1.962164867616886937e-02
2.990649089493803995e-06
3.692159369745436410e-08
2.180183186240985341e-03
2.990649089493803995e-06
2.422425762489982418e-04
2.422425762489982418e-04
3.322943432770893563e-07
3.322943432770893563e-07
2.422425762489982418e-04
2.990649089493803995e-06
2.422425762489982418e-04
1.962164867616886937e-02
2.180183186240985341e-03
2.990649089493803995e-06
2.180183186240985341e-03
2.422425762489982418e-04
2.180183186240985341e-03
2.422425762489982418e-04
2.422425762489982418e-04
2.990649089493803995e-06
2.990649089493803995e-06
2.990649089493803995e-06
2.990649089493803995e-06
2.422425762489982418e-04
2.990649089493803995e-06
2.180183186240985341e-03
2.691584180544424570e-05
2.180183186240985341e-03
2.691584180544424570e-05
2.990649089493803995e-06
2.990649089493803995e-06
2.990649089493803995e-06
2.990649089493803995e-06
2.691584180544424570e-05
2.422425762489982418e-04
2.691584180544424570e-05
3.322943432770893563e-07
3.322943432770893563e-07
3.692159369745436410e-08
2.422425762489982418e-04
2.691584180544424570e-05
2.180183186240985341e-03
2.691584180544424570e-05
2.691584180544424570e-05
2.691584180544424570e-05
2.691584180544424570e-05
3.692159369745436410e-08
3.692159369745436410e-08
2.180183186240985341e-03
2.422425762489982418e-04
2.422425762489982418e-04
2.691584180544424570e-05
2.990649089493803995e-06
2.691584180544424570e-05
2.422425762489982418e-04
2.180183186240985341e-03
2.422425762489982418e-04
2.990649089493803995e-06
2.691584180544424570e-05
2.691584180544424570e-05
3.692159369745436410e-08
2.691584180544424570e-05
2.422425762489982418e-04
3.322943432770893563e-07
2.990649089493803995e-06
2.422425762489982418e-04
2.691584180544424570e-05
2.990649089493803995e-06
2.422425762489982418e-04
2.180183186240985341e-03
2.691584180544424570e-05
2.691584180544424570e-05
2.691584180544424570e-05
2.990649089493803995e-06
2.691584180544424570e-05
3.692159369745436410e-08
2.691584180544424570e-05
1.962164867616886937e-02
2.422425762489982418e-04
2.691584180544424570e-05
2.990649089493803995e-06
2.990649089493803995e-06
2.990649089493803995e-06
2.691584180544424570e-05
3.322943432770893563e-07
2.691584180544424570e-05
2.422425762489982418e-04
2.691584180544424570e-05
2.691584180544424570e-05
2.691584180544424570e-05
2.180183186240985341e-03
2.422425762489982418e-04
3.322943432770893563e-07
2.422425762489982418e-04
3.322943432770893563e-07
2.691584180544424570e-05
2.422425762489982418e-04
2.691584180544424570e-05
2.422425762489982418e-04
2.990649089493803995e-06
2.691584180544424570e-05
2.990649089493803995e-06
2.180183186240985341e-03
3.322943432770893563e-07
2.422425762489982418e-04
2.990649089493803995e-06
3.322943432770893563e-07
2.422425762489982418e-04
2.422425762489982418e-04
2.422425762489982418e-04
2.180183186240985341e-03
2.691584180544424570e-05
3.322943432770893563e-07
2.990649089493803995e-06
2.422425762489982418e-04
2.422425762489982418e-04
3.322943432770893563e-07
2.691584180544424570e-05
2.180183186240985341e-03
2.990649089493803995e-06
3.322943432770893563e-07
2.691584180544424570e-05
2.990649089493803995e-06
3.692159369745436410e-08
2.990649089493803995e-06
2.422425762489982418e-04
2.990649089493803995e-06
3.322943432770893563e-07
2.691584180544424570e-05
2.422425762489982418e-04
2.691584180544424570e-05
2.691584180544424570e-05
2.180183186240985341e-03
2.691584180544424570e-05
1.765948380855198729e-01
2.422425762489982418e-04
2.691584180544424570e-05
2.990649089493803995e-06
3.322943432770893563e-07
1.962164867616886937e-02
3.322943432770893563e-07
1.962164867616886937e-02
2.422425762489982418e-04
2.990649089493803995e-06
2.990649089493803995e-06
1.962164867616886937e-02
3.322943432770893563e-07
2.990649089493803995e-06
2.990649089493803995e-06
2.422425762489982418e-04
2.691584180544424570e-05
2.691584180544424570e-05
2.422425762489982418e-04
2.422425762489982418e-04
2.990649089493803995e-06
2.422425762489982418e-04
2.990649089493803995e-06
2.691584180544424570e-05
1.962164867616886937e-02
2.422425762489982418e-04
2.422425762489982418e-04
2.180183186240985341e-03
3.692159369745436410e-08
2.990649089493803995e-06
2.691584180544424570e-05
3.322943432770893563e-07
2.990649089493803995e-06
2.422425762489982418e-04
2.990649089493803995e-06
2.422425762489982418e-04
2.691584180544424570e-05
2.180183186240985341e-03
2.422425762489982418e-04
2.990649089493803995e-06
2.990649089493803995e-06
2.990649089493803995e-06
2.180183186240985341e-03
3.322943432770893563e-07
2.691584180544424570e-05
2.990649089493803995e-06
2.691584180544424570e-05
2.990649089493803995e-06
2.990649089493803995e-06
2.691584180544424570e-05
1.962164867616886937e-02
2.990649089493803995e-06
3.692159369745436410e-08
2.180183186240985341e-03
2.691584180544424570e-05
2.691584180544424570e-05
3.692159369745436410e-08
2.422425762489982418e-04
3.322943432770893563e-07
3.692159369745436410e-08
3.322943432770893563e-07
3.322943432770893563e-07
2.180183186240985341e-03
2.691584180544424570e-05
1.962164867616886937e-02
2.990649089493803995e-06
2.990649089493803995e-06
