4.842625889447205699e-03
5.380695432719114673e-04
5.380695432719114673e-04
4.358363300502485910e-02
4.842625889447205699e-03
5.380695432719114673e-04
7.380926519504955816e-07
6.642833867554459599e-06
5.978550480799015926e-05
5.978550480799015926e-05
4.842625889447205699e-03
6.642833867554459599e-06
8.201029466116615074e-08
5.978550480799015926e-05
7.380926519504955816e-07
4.842625889447205699e-03
5.978550480799015926e-05
4.358363300502485910e-02
6.642833867554459599e-06
5.380695432719114673e-04
4.842625889447205699e-03
7.380926519504955816e-07
7.380926519504955816e-07
3.922526970452238637e-01
5.978550480799015926e-05
4.842625889447205699e-03
4.842625889447205699e-03
4.842625889447205699e-03
5.380695432719114673e-04
6.642833867554459599e-06
5.978550480799015926e-05
4.842625889447205699e-03
5.380695432719114673e-04
6.642833867554459599e-06
7.380926519504955816e-07
5.380695432719114673e-04
5.380695432719114673e-04
7.380926519504955816e-07
4.842625889447205699e-03
5.380695432719114673e-04
5.380695432719114673e-04
6.642833867554459599e-06
4.842625889447205699e-03
4.358363300502485910e-02
5.380695432719114673e-04
4.842625889447205699e-03
5.978550480799015926e-05
6.642833867554459599e-06
6.642833867554459599e-06
5.380695432719114673e-04
4.358363300502485910e-02
5.380695432719114673e-04
4.842625889447205699e-03
5.978550480799015926e-05
6.642833867554459599e-06
6.642833867554459599e-06
5.978550480799015926e-05
6.642833867554459599e-06
5.380695432719114673e-04
6.642833867554459599e-06
7.380926519504955816e-07
5.978550480799015926e-05
5.978550480799015926e-05
5.978550480799015926e-05
6.642833867554459599e-06
4.842625889447205699e-03
5.380695432719114673e-04
6.642833867554459599e-06
4.358363300502485910e-02
5.380695432719114673e-04
4.358363300502485910e-02
6.642833867554459599e-06
6.642833867554459599e-06
4.842625889447205699e-03
4.842625889447205699e-03
6.642833867554459599e-06
5.380695432719114673e-04
5.380695432719114673e-04
5.978550480799015926e-05
5.978550480799015926e-05
5.978550480799015926e-05
5.978550480799015926e-05
8.201029466116615074e-08
5.380695432719114673e-04
5.978550480799015926e-05
4.842625889447205699e-03
4.358363300502485910e-02
8.201029466116615074e-08
4.842625889447205699e-03
5.380695432719114673e-04
5.380695432719114673e-04
6.642833867554459599e-06
5.978550480799015926e-05
5.380695432719114673e-04
5.978550480799015926e-05
5.380695432719114673e-04
6.642833867554459599e-06
5.978550480799015926e-05
5.380695432719114673e-04
8.201029466116615074e-08
4.358363300502485910e-02
7.380926519504955816e-07
4.842625889447205699e-03
6.642833867554459599e-06
7.380926519504955816e-07
4.842625889447205699e-03
5.978550480799015926e-05
5.380695432719114673e-04
5.978550480799015926e-05
5.978550480799015926e-05
5.380695432719114673e-04
4.842625889447205699e-03
4.358363300502485910e-02
5.978550480799015926e-05
4.358363300502485910e-02
5.978550480799015926e-05
5.978550480799015926e-05
4.842625889447205699e-03
5.978550480799015926e-05
4.358363300502485910e-02
5.380695432719114673e-04
5.978550480799015926e-05
5.978550480799015926e-05
7.380926519504955816e-07
5.380695432719114673e-04
6.642833867554459599e-06
4.842625889447205699e-03
9.112254962351791953e-09
