23729225.0
76808701.19
77291126.06
21628804.85
46053431.8
23816316.31
46320819.47
25604252.83
77506787.05
44512614.36
25843762.32
46261453.27
77402610.17
12668749.96
44512614.36
77284260.0
77305623.1
25432314.96
77320460.98
77291126.06
21608066.65
25532350.92
23612158.21
23805119.56
21488170.92
77114742.1
46184665.04
76808701.19
23816316.31
46296813.22
77284260.0
77284260.0
25628257.11
23917556.73
46129261.06
23820343.36
46249849.99
77220044.61
77402610.17
12659044.01
46103283.67
77284260.0
77604686.27
25408397.91
77291126.06
23121482.89
44598307.7
46045458.41
77180445.09
41243520.11
77180445.09
46116741.58
12662248.25
77291126.06
46371249.01
23947164.08
46224908.78
25432314.96
41363662.11
21846957.83
46206951.17
77319834.73
46433216.5
46100618.61
77432499.05
77299916.36
41420123.46
46311143.99
23793358.21
23615052.26
41666623.42
46204076.76
77604686.27
77220044.61
46318823.48
46376839.34
77432499.05
23394846.13
77351163.03
46461186.58
77305623.1
25205555.84
46298620.8
77351163.03
23693705.17
23712086.15
77305623.1
23624407.69
23722002.78
12668422.96
77073400.18
41248913.65
77109533.79
44394872.26
77114742.1
77073400.18
23815068.74
23121482.89
46134807.33
24031155.51
77299916.36
46233352.63
46461186.58
44525093.85
46123636.9
46235125.23
77114742.1
77284260.0
21632752.44
77381906.53
77432499.05
22813726.18
46219656.91
76808701.19
12649322.95
25584253.66
46450618.54
77319834.73
77319834.73
46458469.53
23696640.26
77284260.0
77402610.17
23637167.91
22838900.96
77180445.09
77305623.1
77604686.27
12660904.09
76808701.19
41357881.58
46355203.69
44331374.76
25436180.0
12659400.37
77320460.98
77114742.1
46376701.7
41567602.29
46103283.67
77604686.27
46138565.47
25745737.38
77116791.37
46318823.48
46026693.02
23893379.49
77351163.03
46038962.43
45796780.82
46061488.23
77402610.17
46614810.46
46028729.7
21632752.44
77073400.18
25604252.83
46035654.18
21632547.54
46046124.34
23522336.29
77320460.98
25518958.58
25599022.76
46353166.91
46207983.88
77284260.0
25504751.99
44795966.09
46215946.67
77116791.37
45781404.43
23706951.78
77359705.09
46044089.28
46054096.42
12671270.44
22922697.98
23699521.49
46222826.6
12668210.91
77506787.05
77284260.0
77109196.14
77180445.09
25388062.93
12668749.96
77320460.98
77319834.73
21466157.74
23950079.2
46224878.86
46301520.63
46213023.8
46100618.61
77604686.27
77319834.73
22922697.98
46056099.98
77503708.11
23612158.21
77432499.05
21734559.33
77109533.79
23883467.75
77351163.03
46234447.67
46358045.72
23702088.37
77432499.05
77305623.1
77370042.67
77114067.64
21737522.58
23674021.9
77299916.36
44331374.76
46547241.02
46323255.19
77320460.98
25432314.96
46223572.27
77180445.09
46220368.62
77305623.1
46291905.11
46300991.47
12663887.7
46215269.21
23923085.62
21426899.36
46463252.95
46119444.13
46179713.95
77116791.37
41304121.03
46585735.14
46039566.87
41666623.42
77506787.05
46113012.76
24034136.46
23917556.73
23796311.86
46247791.07
25436180.0
76808701.19
41616830.23
44394872.26
46434579.96
46040353.87
77381906.53
41564352.97
21543945.33
23808113.97
21705383.17
23947164.08
23817992.89
77359705.09
77432499.05
12674089.79
25535755.6
77291126.06
45776011.61
46050857.99
46152192.22
23817433.1
77116791.37
77381906.53
76808701.19
77402610.17
76808701.19
77506787.05
77319834.73
41226671.56
77320460.98
23915911.78
46303725.54
25584253.66
77402610.17
46035654.18
46204924.47
44599243.42
25205555.84
46114453.63
46112045.4
76808701.19
77402610.17
23703302.63
77299916.36
41437322.87
77305623.1
77432499.05
46460493.62
77351163.03
21632547.54
77370042.67
77320460.98
77305623.1
12674089.79
44500820.16
21635988.3
77402610.17
77370042.67
40984100.05
46223961.94
25694855.08
46044082.58
25734288.34
41258637.96
23793358.21
44482347.62
46247791.07
41248913.65
77114742.1
77220044.61
25352393.35
12668001.58
22838900.96
22895213.51
77359705.09
23893379.49
46240914.31
23614047.6
77319834.73
44579013.06
46045458.41
77109533.79
46050857.99
46296813.22
46223365.02
46462559.99
77114742.1
41357881.58
77370042.67
77370042.67
46218599.86
25757945.88
41304121.03
46291628.41
46248816.31
44501437.95
40984100.05
46101291.51
46039566.87
23886430.95
23775688.02
22822839.38
77359705.09
46247791.07
77227599.12
12664044.55
77370042.67
46204924.47
46358882.26
25604252.83
46107506.17
77109533.79
23397709.55
46040980.61
46098685.82
44056592.55
44501056.33
12662049.82
46052622.03
77432499.05
40984100.05
46107506.17
46204249.22
46506797.03
77109196.14
77299916.36
77381906.53
77432499.05
21608066.65
46205943.44
77220044.61
46097798.8
46114989.51
44565583.39
46358045.72
41621194.85
23124371.99
46099364.37
41098407.25
77114742.1
46369343.2
46206951.17
46100618.61
77114742.1
23607315.6
46100747.09
77319834.73
23819225.76
77114067.64
46244621.04
77116791.37
77432499.05
46023527.9
46050857.99
23821257.39
25599022.76
46222300.7
46335529.13
44795966.09
23793358.21
23890487.99
77284260.0
77284260.0
46035830.68
77320460.98
77370042.67
77506787.05
21684691.17
41502081.16
23755294.37
23015639.13
21628804.85
46450419.54
77320460.98
77506787.05
25529813.22
12662049.82
77402610.17
23805480.15
77220044.61
12668001.58
46131107.25
77073400.18
23676912.68
44579013.06
44406840.12
46474361.14
44722163.28
77402610.17
77180445.09
12660904.09
46220731.28
77109196.14
44586885.66
44717413.44
77359705.09
77220044.61
76808701.19
77503708.11
46019121.93
41418946.46
77305623.1
25757945.88
25701932.17
77370042.67
77319834.73
46297496.68
40984100.05
46360810.14
44462190.43
46299578.7
46206951.17
77116791.37
25518958.58
41226671.56
46203055.07
77359705.09
77180445.09
22895213.51
46376701.7
23693705.17
46332785.34
25625716.88
77109533.79
25423792.85
23815068.74
77359705.09
41407824.19
46254419.97
25628257.11
41679104.21
77073400.18
23703302.63
46117411.13
77227599.12
77220044.61
23232634.36
77370042.67
77359705.09
24034136.46
23022820.37
77319834.73
23614047.6
41343615.96
46299578.7
41679104.21
77299916.36
77604686.27
23808350.81
77432499.05
22930826.06
44599243.42
12664044.55
77116791.37
21705383.17
44574820.46
46118623.5
46202036.62
77114742.1
46218008.76
25662047.92
44565583.39
46046124.34
21635988.3
21705383.17
77180445.09
44331374.76
41428559.58
23923085.62
23624407.69
46040980.61
46254419.97
46204757.36
41558629.13
77116791.37
12672624.47
25628257.11
46247112.2
77109533.79
44385064.3
23558994.87
23019684.29
41542981.47
46585735.14
44389572.61
46024189.5
46220368.62
77381906.53
46123636.9
46107506.17
77227599.12
76808701.19
23497612.24
77227599.12
46131107.25
44416646.93
46249849.99
21209870.67
44610383.2
23022820.37
46103283.67
46309453.75
77180445.09
21632752.44
46240932.94
46369343.2
77604686.27
46119444.13
77291126.06
41558629.13
77503708.11
46100747.09
46098685.82
23085509.46
77351163.03
46320819.47
46101425.64
46028056.5
23768553.12
77116791.37
41410674.44
41373212.35
21508356.0
23092238.65
23817992.89
77604686.27
23651230.41
77114742.1
12678180.19
21737522.58
44463291.89
41305979.31
77432499.05
46057777.96
77073400.18
23706951.78
77506787.05
41410674.44
46224878.86
77299916.36
77320460.98
77604686.27
41098407.25
46244621.04
46229600.85
77227599.12
21488170.92
46114989.51
77109533.79
45780747.34
46301656.27
77503708.11
25507942.92
46038962.43
23755294.37
77604686.27
41536149.33
77220044.61
23890487.99
41782010.14
21535896.89
77109533.79
44710575.85
46204757.36
41258637.96
46237185.57
77227599.12
46223365.02
77359705.09
46371249.01
77180445.09
46265183.3
77114742.1
77114742.1
23822244.42
77370042.67
21734559.33
77220044.61
77320460.98
77291126.06
22914408.18
25627164.78
23621497.63
46207321.89
77116791.37
25335838.0
41524720.1
23722002.78
77109196.14
77180445.09
77305623.1
77116791.37
46222901.75
77291126.06
77604686.27
46220093.57
77220044.61
46237276.31
77284260.0
23596712.01
23578553.95
44416646.93
41305979.31
23793358.21
44636759.49
77227599.12
46129261.06
77402610.17
77109196.14
77432499.05
76808701.19
41258637.96
23805119.56
77114742.1
77116791.37
77073400.18
46252510.35
77114067.64
77299916.36
46474361.14
23279533.13
23873501.96
21737522.58
77291126.06
77291126.06
23817433.1
41637414.81
77291126.06
77284260.0
77320460.98
77291126.06
77227599.12
46024189.5
23232634.36
77073400.18
45863952.58
77320460.98
77114067.64
25745737.38
23596712.01
12663887.7
46382716.24
41428351.64
77299916.36
46506797.03
77291126.06
46056360.07
23831784.49
23522336.29
41567602.29
44660222.63
23279533.13
77109533.79
77299916.36
44525093.85
46446910.71
41526050.01
46129261.06
77284260.0
23233824.52
46219656.91
25842174.87
44684702.9
23920167.31
46207983.88
23232634.36
77114067.64
23947164.08
44480076.91
77506787.05
77604686.27
25734288.34
12660904.09
77604686.27
44500820.16
77305623.1
22596580.2
46026019.82
77305623.1
23768553.12
46100618.61
46223498.4
23818315.72
77180445.09
41437322.87
23712086.15
41231418.83
77227599.12
46432553.89
46067797.33
21535896.89
25625716.88
46308557.8
46191898.72
77109196.14
46026019.82
23917556.73
77432499.05
44501437.95
23805119.56
23674021.9
21426899.36
77319834.73
77506787.05
44824592.26
77381906.53
46054096.42
46205943.44
46358045.72
77109533.79
21436026.87
46225550.66
44401259.66
46237185.57
46353166.91
46222901.75
23706951.78
46463252.95
46229600.85
77359705.09
44610383.2
46139004.51
46376839.34
23805480.15
77604686.27
25533388.76
77180445.09
46450419.54
77114742.1
46224878.86
77359705.09
77604686.27
23535779.15
77506787.05
23233824.52
25448530.37
77381906.53
46199693.1
12674089.79
23637167.91
46053431.8
46270567.72
21608066.65
41453004.8
77116791.37
23873501.96
46450618.54
77351163.03
41373212.35
21698562.62
44376731.43
41373212.35
25504751.99
25427176.77
77305623.1
46296813.22
41420123.46
77180445.09
76808701.19
12678180.19
46309453.75
23822244.42
12649322.95
46355203.69
45776011.61
46155931.29
77109196.14
46355872.7
25842174.87
46218008.76
46220093.57
77227599.12
46351140.1
41243520.11
77432499.05
46332785.34
46101425.64
46222300.7
25637623.69
46116741.58
46376767.66
77299916.36
23578553.95
46265183.3
23768553.12
23006070.55
41407824.19
77319834.73
77381906.53
23890487.99
77284260.0
46204757.36
44579063.11
46320819.47
25327500.63
46203055.07
77370042.67
23558994.87
77320460.98
41421119.62
21630054.82
46096325.37
25205555.84
77180445.09
23724898.86
41437322.87
77305623.1
76808701.19
77180445.09
22895213.51
46356336.13
23920167.31
12659400.37
77305623.1
41640876.09
77506787.05
77503708.11
25599022.76
77351163.03
21630054.82
77402610.17
21628804.85
77381906.53
77284260.0
46223572.27
44480076.91
46298895.25
23690056.57
46360810.14
23923245.97
23870601.24
77319834.73
77227599.12
77284260.0
77284260.0
77305623.1
46152192.22
44406840.12
46386954.38
77109533.79
77291126.06
46054096.42
46137869.47
23015639.13
41674105.86
77291126.06
21426899.36
46301656.27
46197229.42
77381906.53
24031155.51
46137869.47
77381906.53
23558994.87
23819225.76
77114067.64
77359705.09
44599243.42
77284260.0
77351163.03
46138565.47
77109196.14
46335529.13
46439980.83
77291126.06
23279533.13
44480475.98
25485020.73
41418946.46
46184665.04
77381906.53
46213023.8
46040342.07
77114067.64
46478573.76
12649322.95
23651230.41
23397709.55
46044082.58
77109533.79
77402610.17
46044089.28
46023661.72
77359705.09
21488170.92
77220044.61
21488170.92
46434579.96
77299916.36
44501437.95
12663887.7
12673452.43
46028729.7
77381906.53
46303060.75
77359705.09
77604686.27
23019684.29
12677914.34
25461801.24
46218599.86
12671172.33
23775688.02
21543945.33
12659400.37
41506377.34
46506797.03
46135568.12
46261453.27
41674105.86
23702088.37
23915911.78
46054096.42
24035306.23
77503708.11
46174963.15
77359705.09
46358825.4
25605830.16
23873501.96
44664516.22
46139004.51
21698562.62
46022137.57
77320460.98
46288081.83
77299916.36
46360810.14
23016857.81
25335838.0
76808701.19
77604686.27
41322302.99
23808350.81
77503708.11
24031155.51
23071471.51
25522819.57
25627164.78
46291905.11
46439980.83
44378339.93
46474846.92
46044089.28
77284260.0
46444618.72
41421119.62
77402610.17
44321438.41
44569159.22
46474846.92
77370042.67
44482347.62
46023661.72
21466157.74
46432553.89
46220731.28
46216391.7
44636759.49
46040980.61
12671172.33
44389572.61
23149128.66
46299578.7
23535779.15
46055435.37
77116791.37
41363662.11
46101291.51
41542981.47
77320460.98
77299916.36
23732201.44
46311143.99
46446910.71
77370042.67
46225550.66
23394846.13
77109196.14
25629552.53
12672624.47
46191898.72
46261453.27
12668070.8
46185614.34
41458511.79
41506377.34
77114742.1
77351163.03
41258637.96
46131107.25
77116791.37
46035654.18
23596712.01
77305623.1
77432499.05
44717413.44
77370042.67
46478573.76
77319834.73
77284260.0
77320460.98
77116791.37
46096325.37
23729225.0
46201921.82
41305979.31
46179713.95
46298620.8
77220044.61
12662049.82
77299916.36
12673452.43
77109196.14
46223498.4
23015639.13
44586885.66
77402610.17
21635988.3
25518958.58
46112045.4
46225579.31
77109533.79
46232237.57
44636759.49
12662248.25
25423792.85
23821257.39
46107506.17
44304071.03
77506787.05
23796311.86
23124371.99
77351163.03
25423792.85
46071466.46
12659044.01
77402610.17
23820343.36
46401336.98
46131107.25
77351163.03
77359705.09
77305623.1
23712086.15
77114067.64
77116791.37
23654146.71
46353835.92
46240932.94
45796780.82
44636759.49
46237276.31
77299916.36
46512687.64
25599022.76
23149128.66
46026693.02
25747382.17
25757945.88
77506787.05
77116791.37
46139932.64
46102610.77
77506787.05
77227599.12
77319834.73
77109196.14
41542981.47
77116791.37
46300991.47
23678014.86
77114067.64
46022137.57
23149128.66
77284260.0
23522336.29
77359705.09
46376701.7
23870601.24
46050857.99
46547241.02
46056099.98
77073400.18
77351163.03
23883467.75
77305623.1
25634978.87
46206951.17
77351163.03
25461801.24
46137869.47
23506125.24
25842174.87
46174963.15
12668422.96
46139004.51
23651230.41
25443910.57
45779393.05
77114067.64
77291126.06
21845667.61
24034136.46
77116791.37
77114067.64
77370042.67
41420123.46
77506787.05
77291126.06
25327500.63
77073400.18
41346301.47
77220044.61
46236482.53
77503708.11
77402610.17
77073400.18
23923245.97
77109533.79
41506377.34
23522336.29
23816316.31
77351163.03
76808701.19
46114989.51
46191898.72
77284260.0
46454669.87
44321438.41
77359705.09
46113012.76
46035830.68
46252510.35
44579063.11
22994945.34
77370042.67
46202717.22
77359705.09
25432314.96
23715007.33
77381906.53
45781404.43
23950079.2
41555292.99
77291126.06
23676912.68
77299916.36
46046124.34
23808113.97
46614810.46
77114742.1
46235125.23
77370042.67
23019684.29
25731447.89
76808701.19
23535779.15
25485020.73
46430090.15
77291126.06
46112045.4
46024189.5
46356117.27
77381906.53
77227599.12
77370042.67
77227599.12
25436180.0
23818315.72
77604686.27
46249171.12
23651230.41
46028056.5
23820343.36
46204076.76
46478573.76
44660222.63
41616830.23
46043423.35
44389572.61
46339288.39
77381906.53
77220044.61
46174963.15
46155931.29
77109533.79
46053431.8
77180445.09
46547241.02
23926139.49
46386954.38
46361478.28
46026019.82
12658721.42
46197229.42
77359705.09
46474361.14
77220044.61
77506787.05
46056360.07
46206275.93
46434579.96
46118623.5
77227599.12
46321863.87
77503708.11
46371249.01
77506787.05
77109196.14
77227599.12
77114067.64
77180445.09
77220044.61
25731447.89
77320460.98
77109196.14
46351140.1
77299916.36
77305623.1
46401336.98
77503708.11
44141665.86
41346301.47
46129261.06
46315333.98
46223572.27
41637414.81
77114742.1
21698562.62
46388401.97
77503708.11
41410674.44
77073400.18
41458511.79
77284260.0
46206956.1
25352393.35
77220044.61
23729225.0
46247112.2
77506787.05
77114067.64
44579063.11
77109533.79
44598307.7
77227599.12
44299562.18
23640073.96
77503708.11
77402610.17
77359705.09
44501056.33
25443910.57
77299916.36
23006070.55
77109196.14
44574820.46
46356336.13
77503708.11
46547241.02
44299562.18
46252510.35
77432499.05
46206956.1
77359705.09
77402610.17
77506787.05
77227599.12
46252415.72
46038288.13
77227599.12
24034136.46
77351163.03
77351163.03
77180445.09
77319834.73
77604686.27
46458469.53
44567900.11
77319834.73
25625716.88
77291126.06
44056592.55
77359705.09
46123636.9
44631469.71
23831784.49
41341554.92
23715007.33
46435242.57
77291126.06
23923085.62
25388062.93
41782010.14
77109196.14
22852969.92
46222826.6
46382716.24
21845667.61
77305623.1
46118623.5
77299916.36
23022820.37
46205943.44
77180445.09
46355203.69
24035306.23
77351163.03
23015639.13
46355872.7
46240914.31
46052622.03
21452088.57
25529813.22
77381906.53
46297496.68
77109196.14
77291126.06
77073400.18
23817433.1
77291126.06
23699521.49
76808701.19
44598307.7
12667883.5
46388401.97
46206275.93
77116791.37
46461186.58
41502081.16
46097798.8
77227599.12
46234447.67
77319834.73
44565583.39
77305623.1
77320460.98
46040353.87
77227599.12
24031155.51
44824592.26
41409769.05
46386954.38
77073400.18
77299916.36
46355872.7
45779393.05
46432553.89
44512614.36
77319834.73
77604686.27
77432499.05
77320460.98
41752147.85
25637623.69
77284260.0
44141665.86
46220093.57
41440152.7
44483474.16
25701932.17
22930826.06
25681365.58
23233824.52
77370042.67
46512687.64
46222901.75
22994945.34
46319094.2
77381906.53
25365634.77
46232237.57
77506787.05
46213023.8
77299916.36
77220044.61
77109196.14
23820343.36
46254419.97
45796780.82
23615052.26
12663887.7
41525803.61
21608066.65
21466157.74
77370042.67
44480076.91
77291126.06
12671270.44
77370042.67
23825165.14
77227599.12
23233824.52
77109196.14
46369343.2
77604686.27
46215946.67
25533388.76
46401336.98
23612158.21
77073400.18
77114067.64
77220044.61
44710575.85
77227599.12
77402610.17
77381906.53
44512614.36
46360810.14
77109533.79
46035654.18
77109196.14
46096325.37
41564352.97
46323923.39
77116791.37
23923245.97
25540238.92
23016857.81
77370042.67
77227599.12
76808701.19
46222826.6
44586133.59
25662047.92
25109379.27
23893379.49
23815068.74
25627164.78
77299916.36
46462559.99
77506787.05
46071466.46
23607315.6
24035306.23
25731447.89
44385064.3
77109196.14
77604686.27
46096325.37
77291126.06
77402610.17
23607315.6
46300991.47
77073400.18
77114742.1
46288081.83
77220044.61
46071466.46
41536149.33
46235125.23
77114742.1
23915911.78
46199693.1
77109196.14
23920167.31
22914408.18
76808701.19
77432499.05
77220044.61
46098685.82
77370042.67
44501056.33
77359705.09
46303060.75
25507942.92
25533388.76
46382716.24
23808350.81
77180445.09
25681365.58
77114742.1
44824592.26
77319834.73
46152192.22
41428559.58
41555292.99
46249171.12
46318823.48
46460493.62
77402610.17
77381906.53
46197229.42
41666623.42
25540238.92
46139932.64
46297496.68
25522819.57
76808701.19
45932510.76
77320460.98
23506125.24
21527590.95
77604686.27
22596580.2
77359705.09
77604686.27
77073400.18
41341554.92
77381906.53
46184665.04
77114067.64
21619255.88
77402610.17
22596580.2
25634978.87
46355203.69
44056592.55
77319834.73
46463252.95
77402610.17
77291126.06
77180445.09
46308557.8
76808701.19
12662248.25
77305623.1
25532350.92
77370042.67
46039566.87
46038288.13
23019381.26
77320460.98
41621194.85
46116741.58
46216391.7
77109196.14
77506787.05
77305623.1
46118774.58
25485020.73
77114067.64
41453004.8
46270567.72
21452088.57
46401336.98
44376731.43
23607315.6
77299916.36
77432499.05
46202942.89
23818315.72
25427176.77
46217331.29
12668070.8
46207321.89
77305623.1
44480475.98
23232634.36
46035830.68
23926139.49
46038962.43
46119444.13
41343615.96
12668001.58
45779393.05
46332785.34
77114742.1
46202717.22
77114067.64
46321863.87
44463291.89
46233352.63
46140628.65
25584253.66
77506787.05
12666961.12
12667883.5
41524720.1
44480475.98
44483474.16
46205943.44
41543882.58
23755294.37
77319834.73
46460493.62
12672624.47
21845667.61
41674105.86
46055435.37
77305623.1
46023527.9
46202942.89
77305623.1
21632752.44
77220044.61
77381906.53
46203055.07
77503708.11
77506787.05
41363662.11
46321195.67
46294435.32
23817992.89
46407163.65
77073400.18
77109533.79
25605830.16
77299916.36
46026019.82
23621497.63
12671172.33
44525093.85
77351163.03
77180445.09
46353835.92
12659044.01
24032417.32
46235125.23
46234447.67
44574820.46
77351163.03
25529813.22
77320460.98
21508356.0
23640073.96
46067797.33
77116791.37
46373198.94
41418946.46
23732201.44
12668070.8
77114742.1
46224908.78
77116791.37
77305623.1
77381906.53
44598307.7
77370042.67
25747382.17
77359705.09
77180445.09
12673452.43
46311143.99
12662049.82
44415926.55
25335838.0
77220044.61
77109196.14
77291126.06
46135568.12
23817433.1
77180445.09
25734288.34
12659400.37
41357881.58
77114742.1
44483474.16
77506787.05
23808113.97
44500820.16
77109533.79
77299916.36
23923245.97
46097798.8
46102610.77
77351163.03
77319834.73
46041016.37
46290358.12
77109533.79
44331374.76
77109196.14
46220731.28
41543882.58
22813726.18
44722163.28
46249171.12
41567602.29
77299916.36
77351163.03
77291126.06
46237276.31
46057777.96
23016857.81
46035830.68
77604686.27
22596580.2
46291628.41
77370042.67
77351163.03
77114067.64
44483474.16
46114453.63
77180445.09
77381906.53
41098407.25
77114742.1
77503708.11
46323255.19
46043423.35
77109196.14
23092238.65
46044089.28
46098685.82
46224908.78
77503708.11
23019684.29
46288081.83
44586133.59
77503708.11
44141665.86
77503708.11
77220044.61
46223498.4
21762228.97
23724898.86
77305623.1
77220044.61
41558629.13
46450419.54
46113012.76
44569159.22
76808701.19
24032417.32
46376767.66
44710575.85
46407163.65
46435242.57
46323255.19
77299916.36
23805480.15
23715007.33
23825165.14
77359705.09
23637167.91
25662047.92
77227599.12
77506787.05
46244621.04
77381906.53
23822244.42
25616159.59
23699521.49
77114742.1
44415926.55
12664044.55
77319834.73
21846957.83
77227599.12
21762228.97
77180445.09
77284260.0
23821257.39
46439980.83
46057777.96
44482347.62
46218599.86
46356117.27
46179713.95
77305623.1
77432499.05
23915911.78
77114742.1
77402610.17
46518358.74
46376839.34
46117411.13
77220044.61
77180445.09
23926139.49
46204924.47
46386954.38
76808701.19
41522713.41
46039566.87
77073400.18
77284260.0
77284260.0
77503708.11
77402610.17
46335529.13
22838900.96
21846957.83
21762228.97
25528467.5
76808701.19
25616159.59
46454669.87
46367537.6
44304071.03
77114067.64
46135568.12
46222300.7
77370042.67
77604686.27
46233352.63
46434579.96
21452088.57
46202036.62
23815068.74
25535755.6
77180445.09
25388062.93
46138565.47
77381906.53
46056099.98
46270567.72
41341554.92
77291126.06
77114742.1
45776011.61
77506787.05
77432499.05
77114067.64
44824592.26
77319834.73
46202036.62
23712086.15
41440152.7
23121482.89
44586133.59
21535896.89
46045458.41
77305623.1
44480475.98
12671172.33
23890487.99
46518358.74
77114742.1
77432499.05
77299916.36
46290358.12
77220044.61
23621497.63
23654146.71
21619255.88
77299916.36
41243520.11
23394846.13
25518958.58
23831784.49
25461801.24
41428351.64
77381906.53
23703302.63
46021475.97
21737522.58
46254419.97
46021475.97
46237160.09
46206275.93
23614047.6
77503708.11
41346301.47
46041016.37
46019121.93
22874948.76
46461186.58
25637623.69
77503708.11
46339288.39
23071471.51
46223961.94
77506787.05
25605830.16
77109533.79
77359705.09
77604686.27
23702088.37
41407824.19
23678014.86
23397709.55
77351163.03
25335838.0
77114067.64
25365634.77
41525803.61
23506125.24
46303725.54
46376701.7
23722002.78
25408397.91
21630054.82
77291126.06
41564352.97
44401259.66
21466157.74
23923085.62
46321195.67
25485020.73
46351140.1
46203055.07
46206275.93
23706951.78
77432499.05
23796311.86
45793108.46
41407824.19
44462190.43
46240932.94
77320460.98
44586885.66
44586885.66
25443910.57
12662248.25
23722002.78
44722163.28
77503708.11
46118774.58
12660904.09
77402610.17
77114067.64
46061488.23
46055435.37
46358825.4
46223961.94
41640876.09
46314907.31
46023527.9
44299562.18
46103283.67
44416646.93
46099364.37
25352393.35
44684702.9
45779393.05
77432499.05
46248816.31
22852969.92
77109533.79
77114742.1
77109196.14
77227599.12
21705383.17
41536149.33
76808701.19
44738715.53
44406840.12
77284260.0
46376839.34
23808350.81
46205281.46
41248913.65
77114067.64
77114067.64
46225579.31
77506787.05
25633054.89
77319834.73
77319834.73
46261453.27
46023527.9
25681365.58
46249849.99
46314907.31
23696640.26
44316145.97
22838900.96
46099364.37
77220044.61
41782010.14
46041016.37
46237160.09
77503708.11
45778735.96
77503708.11
46294435.32
41341554.92
44631469.71
77109533.79
46303060.75
77402610.17
46373198.94
46179713.95
46323923.39
46038962.43
44610383.2
77116791.37
77109533.79
46117411.13
23092238.65
77299916.36
12668001.58
76808701.19
25747382.17
22930826.06
77114742.1
44664516.22
44385064.3
77503708.11
77506787.05
77109533.79
46373198.94
77114067.64
21543945.33
44299562.18
46155931.29
23701072.27
77299916.36
41555292.99
76808701.19
77351163.03
77109533.79
44610383.2
24032417.32
23819225.76
46614810.46
46359493.54
46361478.28
46112045.4
77109533.79
45778735.96
23676912.68
77506787.05
25532350.92
77116791.37
46301520.63
77220044.61
77284260.0
41752147.85
41322302.99
46435242.57
23071471.51
77109196.14
23926139.49
77220044.61
46204249.22
77432499.05
77381906.53
22813726.18
25388062.93
77381906.53
77073400.18
23637167.91
77370042.67
44710575.85
25757945.88
23693705.17
77320460.98
46229600.85
21630054.82
46248816.31
46224908.78
46356117.27
21632547.54
46222826.6
25629552.52
46223572.27
46237276.31
41226671.56
46367537.6
45932510.76
77432499.05
41428351.64
77109196.14
46202942.89
46265183.3
77180445.09
46388401.97
77299916.36
25504751.99
77109196.14
77319834.73
46444618.72
45778735.96
46315333.98
77506787.05
46234447.67
77291126.06
23614047.6
77109533.79
46247112.2
25633054.89
77320460.98
46478573.76
46518358.74
46315333.98
77402610.17
77319834.73
46358882.26
77432499.05
46323255.19
46614810.46
46174963.15
12664229.1
77109533.79
46113012.76
46430090.15
41410674.44
46237185.57
23732201.44
77604686.27
21209870.67
46152192.22
77227599.12
77227599.12
46435242.57
46225579.31
23796311.86
23397709.55
46217331.29
77299916.36
46249849.99
12664229.1
77220044.61
44376731.43
41226671.56
46045458.41
25694855.08
77402610.17
25533388.76
24035306.23
77291126.06
77305623.1
77109196.14
22822839.38
77227599.12
41526050.01
25507942.92
46217331.29
77319834.73
77227599.12
12677914.34
44574820.46
41621194.85
46247112.2
77381906.53
25352393.35
46134807.33
77351163.03
41525803.61
77320460.98
44631469.71
77284260.0
77351163.03
46301520.63
12659044.01
77305623.1
25427176.77
44567900.11
46294435.32
77227599.12
23578553.95
77220044.61
41616830.23
76808701.19
44684702.9
25533036.51
21508356.0
45932510.76
12674089.79
46444618.72
77503708.11
46358882.26
41437322.87
23870601.24
77073400.18
12668422.96
46028729.7
12672624.47
77220044.61
46314907.31
12668749.96
46454669.87
77227599.12
46038288.13
77370042.67
46024189.5
46204757.36
76808701.19
46023661.72
46462559.99
77305623.1
46056099.98
46207321.89
77320460.98
77359705.09
44463291.89
77114067.64
44664516.22
77319834.73
46301656.27
77284260.0
77359705.09
46248816.31
77351163.03
46240914.31
46055435.37
77604686.27
77320460.98
77299916.36
46056360.07
12658721.42
25436180.0
77305623.1
21684691.17
46215946.67
41679104.21
44795966.09
77227599.12
45780747.34
46240914.31
46506797.03
77284260.0
23640073.96
77114742.1
77073400.18
23768553.12
44493402.02
77370042.67
77604686.27
77114067.64
77114067.64
41453004.8
25540238.92
77220044.61
46229600.85
77319834.73
22852969.92
77114742.1
21619255.88
41640876.09
25701932.17
77432499.05
46236482.53
41458511.79
46237160.09
44415926.55
46206956.1
41752147.85
45781404.43
12671204.57
77284260.0
46219656.91
23019381.26
46474846.92
77320460.98
21698562.62
46433216.5
77299916.36
21436026.87
46244621.04
46219656.91
45781404.43
41428351.64
77284260.0
46220368.62
46373198.94
77291126.06
77359705.09
25427176.77
46102610.77
46207321.89
46199693.1
46252415.72
25843762.32
46474846.92
25662047.92
46232237.57
46439980.83
41502081.16
46291905.11
77227599.12
77109533.79
46040353.87
77381906.53
77351163.03
77109196.14
46204249.22
25694855.08
77381906.53
46356336.13
44406840.12
46291628.41
23702088.37
46376767.66
46022137.57
23701072.27
77284260.0
23831784.49
12664044.55
46450618.54
77370042.67
45793108.46
76808701.19
77402610.17
77402610.17
46116762.14
77370042.67
44717413.44
77359705.09
77114067.64
46026693.02
77284260.0
46332785.34
22994945.34
41346301.47
77073400.18
12668210.91
46321195.67
23016857.81
21762228.97
76808701.19
25448530.37
23678014.86
77114067.64
23870601.24
77109533.79
23615052.26
77370042.67
41679104.21
77604686.27
77370042.67
76808701.19
77320460.98
44316145.97
77402610.17
77116791.37
77604686.27
77503708.11
77114067.64
44394872.26
46216391.7
46460493.62
77351163.03
77114742.1
25634978.87
46367537.6
77073400.18
77319834.73
46358825.4
77180445.09
77299916.36
77381906.53
46388401.97
46101291.51
23825165.14
22895213.51
23883467.75
77604686.27
46019121.93
25533036.51
21436026.87
46204924.47
44599243.42
46432553.89
46355872.7
41409769.05
77351163.03
46046124.34
41243520.11
77506787.05
44056592.55
76808701.19
77116791.37
46236482.53
22874948.76
46067797.33
77291126.06
46116741.58
25109379.27
23703302.63
44462190.43
77359705.09
12667883.5
41640876.09
77305623.1
77073400.18
77109196.14
41524720.1
25745737.38
46057777.96
46353166.91
41428559.58
23612158.21
23071471.51
23696640.26
41440152.7
46323923.39
77220044.61
77359705.09
25701932.17
46298895.25
46114453.63
46361478.28
77180445.09
77073400.18
22874948.76
46023661.72
46359493.54
77506787.05
46215269.21
77503708.11
46320819.47
44579063.11
77604686.27
46044082.58
23085509.46
41428559.58
41231418.83
25625716.88
46043423.35
25843762.32
77116791.37
77351163.03
23701072.27
77359705.09
77284260.0
77432499.05
23724898.86
41304121.03
46309453.75
77506787.05
46067797.33
77381906.53
77319834.73
77073400.18
41616830.23
45863952.58
77381906.53
46119444.13
46512687.64
77114742.1
77291126.06
12671270.44
77604686.27
46351140.1
23535779.15
12664229.1
77359705.09
41343615.96
77073400.18
46301520.63
44378339.93
77180445.09
46218008.76
23640073.96
25423792.85
22874948.76
77402610.17
25616159.59
77227599.12
77402610.17
25634978.87
77381906.53
46041016.37
23149128.66
46118774.58
23886430.95
77073400.18
46116762.14
46019121.93
44378339.93
22822839.38
21543945.33
77432499.05
41248913.65
77073400.18
77109533.79
23775688.02
77109196.14
23621497.63
21684691.17
77370042.67
77320460.98
46321195.67
45780747.34
77503708.11
77227599.12
23755294.37
25694855.08
46288081.83
77114067.64
46247791.07
77109533.79
21436026.87
77506787.05
25731447.89
23816316.31
25109379.27
25633054.89
46118774.58
41098407.25
77299916.36
46040342.07
77319834.73
25533036.51
44664516.22
21209870.67
25605830.16
77503708.11
12671204.57
77220044.61
44569159.22
46216391.7
46444618.72
77114067.64
41421119.62
77114067.64
77227599.12
77116791.37
23578553.95
76808701.19
21527590.95
46298620.8
41231418.83
46061488.23
77220044.61
25443910.57
77114067.64
46319094.2
23873501.96
77351163.03
25448530.37
46204076.76
41674105.86
22813726.18
77299916.36
44376731.43
23818315.72
46116762.14
21452088.57
77180445.09
46321863.87
21628804.85
77109533.79
46028729.7
23124371.99
41522713.41
44415926.55
77116791.37
12658721.42
77114742.1
23821257.39
23596712.01
25528467.5
77402610.17
44501056.33
46185614.34
76808701.19
77109196.14
41621194.85
77604686.27
77320460.98
77305623.1
77604686.27
12668422.96
46215269.21
25532350.92
46309453.75
77604686.27
77320460.98
77604686.27
41526050.01
77351163.03
21845667.61
46040980.61
45863952.58
23950079.2
25507942.92
77299916.36
46135568.12
46097798.8
77109533.79
77381906.53
77503708.11
46315333.98
46321863.87
41564352.97
77370042.67
46236482.53
41637414.81
23696640.26
46232237.57
46474361.14
44401259.66
46458469.53
77073400.18
44660222.63
41357881.58
77291126.06
21619255.88
77109196.14
46134807.33
46191898.72
46218008.76
77109196.14
23624407.69
46223961.94
44378339.93
46205281.46
46052622.03
46358045.72
46220368.62
77073400.18
77109533.79
46296813.22
44463291.89
22822839.38
77284260.0
46026693.02
46117411.13
22914408.18
25205555.84
77291126.06
44722163.28
12668749.96
41502081.16
46022137.57
77109533.79
46298620.8
25629552.52
44586133.59
77116791.37
46225550.66
77381906.53
44525093.85
77073400.18
46252510.35
77291126.06
46430090.15
46100747.09
23674021.9
41555292.99
24032417.32
76808701.19
46298895.25
77320460.98
77319834.73
25408397.91
46518358.74
46206956.1
46223498.4
46356117.27
77305623.1
77073400.18
46155931.29
46270567.72
77116791.37
41526050.01
21734559.33
77432499.05
44493402.02
77359705.09
77073400.18
77109533.79
21535896.89
21635988.3
77320460.98
46202036.62
45932510.76
46102610.77
46446910.71
77506787.05
44304071.03
77359705.09
12658721.42
44579013.06
46139932.64
12678180.19
46407163.65
46204076.76
77604686.27
76808701.19
22914408.18
41420123.46
46308557.8
21527590.95
77109533.79
77359705.09
46207983.88
46450419.54
46376767.66
77114742.1
77180445.09
77220044.61
77109196.14
22922697.98
44501437.95
77220044.61
41522713.41
44684702.9
44385064.3
25535755.6
46223365.02
44738715.53
46237160.09
77503708.11
46297496.68
46371249.01
41782010.14
77351163.03
25745737.38
46201921.82
41409769.05
77291126.06
46044082.58
77351163.03
77381906.53
44565583.39
44579013.06
77432499.05
77320460.98
41525803.61
46252415.72
23920167.31
23497612.24
77503708.11
41322302.99
41637414.81
77503708.11
23654146.71
21426899.36
23085509.46
46512687.64
77305623.1
77114067.64
25747382.17
46299578.7
77319834.73
25408397.91
76808701.19
46301656.27
44141665.86
77227599.12
77305623.1
44567900.11
77220044.61
77114742.1
23883467.75
46319094.2
45776011.61
77351163.03
77180445.09
44416646.93
77109196.14
41752147.85
77370042.67
77381906.53
77506787.05
77604686.27
44321438.41
77506787.05
77114742.1
77299916.36
25633054.89
46358825.4
25528467.5
77432499.05
25522819.57
46184665.04
46213023.8
46303725.54
12666961.12
77299916.36
77503708.11
23822244.42
23497612.24
77319834.73
77381906.53
23819225.76
77351163.03
46028056.5
44462190.43
46040342.07
46199693.1
46319094.2
46290358.12
23678014.86
12673452.43
44316145.97
23729225.0
77109196.14
12664229.1
77116791.37
77370042.67
25327500.63
77284260.0
77220044.61
23497612.24
12671204.57
44500820.16
46585735.14
23506125.24
77109533.79
44493402.02
44660222.63
23085509.46
23893379.49
46433216.5
77227599.12
41440152.7
77227599.12
23121482.89
76808701.19
21684691.17
46185614.34
77604686.27
44321438.41
77351163.03
41343615.96
23817992.89
46215946.67
23394846.13
77109196.14
23690056.57
46114989.51
77116791.37
77116791.37
23805119.56
23279533.13
46134807.33
77432499.05
77319834.73
46201921.82
77180445.09
77114067.64
77320460.98
21508356.0
41418946.46
46205281.46
46207983.88
77109196.14
77109196.14
77180445.09
77284260.0
46454669.87
41304121.03
77073400.18
46458469.53
21846957.83
46218599.86
12668210.91
77180445.09
41524720.1
25734288.34
41231418.83
23674021.9
46021475.97
77073400.18
77114742.1
77114742.1
77359705.09
77116791.37
77370042.67
23676912.68
46140628.65
21632547.54
77370042.67
77604686.27
46300991.47
77359705.09
77284260.0
41458511.79
25616159.59
23808113.97
23917556.73
12666961.12
46359493.54
25504751.99
12649322.95
77114742.1
22930826.06
77432499.05
23701072.27
44304071.03
46205281.46
21734559.33
25365634.77
23825165.14
77402610.17
46223365.02
46291905.11
46202717.22
77116791.37
77114742.1
46339288.39
46202942.89
77351163.03
46056360.07
44569159.22
46137869.47
77073400.18
77284260.0
77402610.17
77291126.06
77291126.06
46308557.8
12667883.5
23950079.2
46197229.42
46359493.54
77073400.18
77351163.03
77503708.11
41522713.41
25629552.53
77116791.37
23724898.86
76808701.19
46224878.86
46100747.09
23624407.69
41543882.58
25842174.87
41305979.31
25529813.22
77180445.09
77359705.09
44316145.97
22922697.98
77503708.11
46222300.7
44738715.53
77114067.64
25535755.6
46116762.14
12666961.12
77381906.53
77320460.98
46303725.54
41373212.35
25681365.58
77180445.09
77503708.11
46123636.9
44631469.71
23092238.65
46294435.32
23558994.87
77299916.36
77370042.67
46053431.8
12678180.19
41453004.8
46407163.65
46043423.35
76808701.19
77402610.17
23690056.57
12677914.34
77305623.1
46240932.94
77116791.37
23690056.57
46114453.63
77402610.17
41421119.62
46140628.65
41543882.58
23019381.26
25533036.51
77402610.17
46382716.24
77220044.61
41536149.33
77319834.73
77284260.0
77506787.05
77305623.1
77305623.1
46339288.39
77116791.37
46101425.64
77180445.09
77319834.73
77227599.12
46463252.95
23886430.95
46140628.65
45793108.46
77220044.61
46040353.87
46040342.07
46101291.51
23006070.55
23732201.44
22994945.34
46585735.14
77073400.18
41409769.05
25327500.63
77503708.11
46217331.29
77506787.05
23775688.02
77116791.37
77305623.1
44482347.62
77227599.12
46028056.5
22852969.92
76808701.19
77320460.98
77073400.18
77370042.67
77381906.53
41363662.11
21527590.95
46237185.57
25637623.69
77180445.09
77291126.06
76808701.19
77503708.11
77114742.1
41666623.42
77402610.17
12671270.44
25604252.83
46249171.12
77114067.64
44480076.91
46433216.5
46356336.13
46185614.34
46252415.72
46202717.22
46318823.48
46071466.46
46311143.99
76808701.19
77114067.64
46052622.03
77073400.18
77503708.11
77073400.18
25540238.92
77351163.03
44717413.44
77506787.05
77604686.27
12668210.91
77109533.79
46201921.82
77109196.14
77432499.05
46204249.22
46446910.71
77402610.17
46225550.66
77359705.09
41506377.34
46323923.39
77381906.53
46139932.64
77370042.67
23699521.49
44567900.11
46101425.64
23947164.08
46450618.54
46353835.92
77351163.03
77114742.1
77109533.79
45793108.46
77359705.09
41567602.29
25628257.11
77116791.37
12677914.34
46233352.63
23019381.26
44389572.61
46215269.21
25528467.5
77109533.79
25843762.32
77351163.03
25627164.78
23124371.99
46303060.75
77319834.73
44394872.26
46358882.26
77432499.05
77114067.64
44493402.02
25584253.66
12671204.57
41542981.47
46220731.28
46361478.28
77073400.18
77432499.05
41322302.99
46430090.15
46353166.91
46462559.99
44401259.66
77320460.98
23805480.15
46021475.97
77432499.05
46038288.13
46367537.6
46099364.37
45780747.34
44795966.09
44738715.53
46314907.31
77432499.05
77370042.67
77299916.36
46222901.75
46139004.51
77319834.73
23715007.33
77320460.98
77116791.37
23615052.26
25461801.24
77109533.79
25365634.77
41558629.13
25522819.57
46138565.47
46369343.2
77320460.98
77503708.11
77506787.05
77432499.05
77227599.12
46225579.31
45796780.82
46335529.13
77503708.11
77284260.0
46291628.41
77402610.17
77319834.73
46298895.25
77432499.05
25448530.37
46220093.57
77220044.61
25109379.27
77114067.64
77114067.64
77320460.98
23693705.17
77432499.05
23654146.71
21209870.67
23886430.95
45863952.58
77506787.05
77114067.64
77109196.14
12668070.8
23022820.37
77291126.06
46118623.5
46265183.3
46290358.12
77180445.09
46353835.92
46061488.23
23006070.55
77503708.11
45778735.96
