27782625.66
47636240.4
48655584.58
18597697.78
18922717.31
29702557.19
52390819.47
31674252.83
48807890.9
50548520.17
31913762.32
18857315.75
48178493.28
18519465.4
50548520.17
83354260.0
48762899.14
31502314.96
48659031.58
48657572.58
27606529.21
18518818.97
19039455.22
18987063.59
18591305.71
47957999.96
29569517.29
82878701.19
19055615.88
18935775.93
83354260.0
48080630.4
29692095.22
29987556.73
29513119.16
29230552.74
29553573.26
83290044.61
83472610.17
18511251.48
52138169.32
83354260.0
83674686.27
31413048.82
83361126.06
18603069.33
50668307.7
28641384.09
48554030.05
47283216.87
48552725.22
28831118.53
18514001.18
83361126.06
28938316.33
19062439.64
28821658.14
18968691.74
47433662.11
27845512.08
29498730.92
83389834.73
18865444.53
18925159.19
51249232.36
83369916.36
29767749.73
28902562.73
29863358.21
29488062.8
25899252.82
28797196.05
83674686.27
48571099.05
29593782.84
28966055.55
48216572.38
29464846.13
83421163.03
29243202.43
48105197.47
31275555.84
52339170.63
83421163.03
29580098.07
29782086.15
83375623.1
19043029.55
19048304.9
18669352.06
83143400.18
47288798.44
83179533.79
28006633.93
83184742.1
83143400.18
29701223.54
29118313.91
50430748.6
19068584.51
48659777.41
50529280.77
29243202.43
28155256.13
52193636.9
29030515.47
48553914.3
83354260.0
18597151.08
48756300.01
83502499.05
18588477.91
29018721.09
82878701.19
18502986.22
31589090.04
29051069.38
48669727.23
48671054.34
29701942.22
19047606.27
48678121.78
48774893.86
19041133.97
28835788.71
48623992.6
83375623.1
48914639.66
18512690.16
50668648.12
47427881.58
28923512.83
50367142.1
31440978.64
18660181.75
51096302.18
48098726.3
47468178.79
26049870.48
29396017.09
48930993.52
18844421.69
31750327.57
83186791.37
29593782.84
28628989.73
29963379.49
48690228.58
28864293.57
50092294.52
50357248.34
48776175.04
25975684.2
52064228.89
18597151.08
48550402.88
18979109.7
29322225.21
27630979.31
52081512.05
19103688.36
83390460.98
31523737.89
31603579.38
29028722.11
29487698.85
83354260.0
31574751.99
28550070.63
29034201.29
83186791.37
29078357.63
29776951.78
83429705.09
28645191.3
28886530.37
18671927.05
28919805.81
18981252.79
28922996.54
18668850.16
83576787.05
48692087.54
83179196.14
83250445.09
31392871.66
18519465.4
83390460.98
83389834.73
18590191.4
29360235.29
31540577.21
52371520.63
52253630.13
28716801.06
83674686.27
48669017.64
18594434.97
52091343.07
83573708.11
29498677.27
48884103.79
27732978.17
52597423.26
27936747.68
83421163.03
18931078.09
28993022.18
29692095.22
83502499.05
83375623.1
83440042.67
48542055.32
18603087.08
19044996.77
52780288.27
50367142.1
29906946.16
28926806.93
48659031.58
29496136.22
29030355.29
47956518.32
29488727.09
48105197.47
47383572.35
18792202.0
18515190.09
18788817.32
19063089.51
27425427.71
29713699.04
29404685.42
28798894.2
48706048.51
47344043.22
47677292.11
50335405.13
25899252.82
48879293.39
18843971.2
29906946.16
29907024.66
29669145.54
28878181.34
31440978.64
48303605.23
26054246.38
50430748.6
18801462.94
28639978.95
83451906.53
47604239.11
18593354.05
29878113.97
18600536.12
30017164.08
19057083.47
48677534.85
83502499.05
18674703.78
18519476.42
48201224.04
29065914.67
29344376.68
27586284.61
19054002.06
83186791.37
48158772.75
82878701.19
83472610.17
82878701.19
83576787.05
51106136.57
25500838.5
83390460.98
19131013.38
29573765.78
31589090.04
48830725.26
52076082.56
29028355.19
28207924.23
31275555.84
29392423.63
52182045.4
82878701.19
48178493.28
29693063.11
48203241.87
47507322.87
52822647.3
48874620.92
18800425.85
83421163.03
27630979.31
48806216.97
48063079.9
83375623.1
18523870.62
28102872.09
18598100.65
48846490.56
51187291.28
25299060.07
29605075.09
31764855.08
50339913.8
29797833.28
25565920.09
19052437.59
28100523.04
18855288.64
25526075.94
83184742.1
83290044.61
31357013.94
18518742.68
28835788.71
18592748.21
48080991.54
29303562.12
28832678.25
18975170.71
48878573.2
28340059.62
31364379.04
47879049.96
29344376.68
28887780.6
28120935.4
18800425.85
52675388.87
29707124.4
48295560.46
83440042.67
28834328.94
18988147.2
25579867.45
29681069.85
28836664.22
28246976.79
47023770.44
28720618.27
50335405.13
19060090.56
18984655.33
18589625.45
48222322.92
29083100.57
47996030.26
18515431.27
83440042.67
29028355.19
47450744.21
31674252.83
29488062.8
83179533.79
19027363.46
52081512.05
18922951.8
50092294.52
50537006.85
18663059.53
28865644.93
48814148.6
47023770.44
52177506.17
28924863.88
29096580.5
83179196.14
48658498.82
48770356.77
48828111.6
27606529.21
28812289.64
48572398.23
29383662.58
28731598.46
28311083.99
47449752.28
26061863.51
18604267.93
28906272.25
29450386.26
83184742.1
47461141.07
29498730.92
18782198.72
83184742.1
29677315.6
31420438.54
48073543.88
29229462.11
83184067.64
52285112.27
83186791.37
48868328.0
18775049.88
52091343.07
19056002.29
18521394.34
28131948.87
28941620.41
50865966.09
29679716.7
19058494.57
83354260.0
48221606.01
18837838.34
48063079.9
83440042.67
48809186.19
18600995.38
25759117.93
29745281.93
18598858.62
27627406.93
25835745.31
83390460.98
48211136.21
18519465.4
18513666.6
83472610.17
29691713.86
83290044.61
18518742.68
27578552.69
48491792.82
29087144.44
50649013.06
28155100.74
29100146.56
29833539.2
83472610.17
83250445.09
18661784.89
52261415.72
83179196.14
50656885.66
28438064.39
83429705.09
48115841.89
48231571.21
48289800.85
52059689.29
25875353.7
83375623.1
29821855.69
18984655.33
48812668.9
83389834.73
18854711.71
25299060.07
28951253.81
50532190.43
29567037.75
52242507.2
48556085.4
18518664.88
47266621.9
29475503.25
83429705.09
48097594.32
28892141.71
28995180.48
29763705.17
52402785.34
18981252.79
48683962.6
18967690.91
19055019.89
48692917.3
47447777.38
47345570.48
18980346.11
47749104.21
83143400.18
29773302.63
28934000.31
83297599.12
48642409.25
29229470.49
83440042.67
48692917.3
29444283.94
29019954.6
83389834.73
29684047.6
25613274.06
52334966.92
30002961.51
48717201.0
48916644.57
19056246.21
48814148.6
28927740.72
50635072.34
18664787.35
48498789.76
18600536.12
50610630.55
50414002.01
28797196.05
83184742.1
29504795.85
18523870.62
50635583.39
29320601.57
27634697.32
27703836.9
83250445.09
27958620.29
47468723.53
29333225.28
29497220.4
29308476.81
47345570.48
52240262.01
47598867.77
47901237.07
18522693.67
31698257.11
28979547.35
48475484.73
50455064.3
18972368.03
29016577.26
29873278.9
47677292.11
28139195.39
29295343.03
52260868.46
83451906.53
52193636.9
29488062.8
48663285.97
82878701.19
18967690.91
48800920.56
28740294.68
50486646.93
52285112.27
27208416.31
29756972.94
18599216.26
52138169.32
52379453.75
48614682.87
27631245.1
50536601.07
47461141.07
83674686.27
52155057.34
48656297.46
25789112.9
48886230.69
31420438.54
28697577.85
18601579.21
48233750.46
29694163.92
29376812.42
18775880.21
29838553.12
83186791.37
47450744.21
47443212.35
18591639.04
29089098.69
29228186.92
83674686.27
29721230.41
50990242.27
18678850.06
18603087.08
50533291.89
25601050.44
48216572.38
28851256.92
83143400.18
19117710.42
83576787.05
25686575.53
31540577.21
83369916.36
48661027.18
48915365.48
25594153.9
29541024.52
28840373.45
83297599.12
18591305.71
27570172.94
83179533.79
31121784.71
29103119.9
83573708.11
31512577.22
18839645.51
19121341.97
53037255.18
26000767.25
48629741.07
27943808.37
30087554.98
27534591.15
48490678.5
50746382.01
52240262.01
47298438.17
29028130.72
48592086.44
50519377.24
83429705.09
50667457.83
47956518.32
50560866.84
48762423.12
83184742.1
19055379.57
48809309.72
18601963.87
83290044.61
83390460.98
83361126.06
18594246.81
29690873.72
29691497.63
31531214.79
47901237.07
18511251.48
29872042.73
29792002.78
83179196.14
83250445.09
83375623.1
83186791.37
18788067.79
48714873.61
83674686.27
50515921.29
48586386.92
29031718.28
83354260.0
19109180.7
29568424.15
28191599.52
47345570.48
27846725.4
50672570.11
83297599.12
52199261.06
48833698.91
83179196.14
83502499.05
82878701.19
25565920.09
19123486.41
48569128.75
48497459.82
48563045.43
28836664.22
48479340.21
83369916.36
47565972.52
18954639.46
19061109.42
27736125.07
48671747.79
48060115.3
29703784.64
47677292.11
83361126.06
48748075.27
48204311.8
83361126.06
83297599.12
52059689.29
18608439.18
83143400.18
29270449.36
83390460.98
83184067.64
31750327.57
29666712.01
18664634.72
52452716.24
25698082.83
83369916.36
25865510.59
83361126.06
27967802.35
29821855.69
18969129.46
29926425.35
50730222.63
19088178.53
83179533.79
83369916.36
28155256.13
27889464.72
25799590.5
29513119.16
83354260.0
29230788.19
18851941.62
31912174.87
50754702.9
29806725.11
52243687.89
29229470.49
47883848.94
29833539.2
28078424.82
48807190.16
83674686.27
18987797.42
18512690.16
48460388.78
50536601.07
48702492.63
28593570.6
28625173.44
83375623.1
29758316.04
28822066.68
29026775.87
29704736.31
83250445.09
25903920.13
19046641.77
25511183.79
83297599.12
18946455.24
28692481.65
27534591.15
31695716.88
29693175.69
47283216.87
48522369.08
18918351.51
19131473.91
48216572.38
50571437.95
29875119.56
27727472.34
18587446.62
48740839.54
83576787.05
28548816.66
48754972.63
28886530.37
18849809.54
25776080.06
83179533.79
18588517.44
52261415.72
50471259.66
18852590.05
18937676.79
28821658.14
18981977.22
52499170.93
27678722.01
83429705.09
50680383.2
29549595.57
50672570.11
29875480.15
83674686.27
31603388.76
47956518.32
47541966.25
83184742.1
18787741.19
48678856.74
83674686.27
29605779.15
83576787.05
18608937.77
31518530.37
48158772.75
29464329.46
18523870.62
29707167.91
28677664.42
28898553.33
18596411.88
47492816.24
83186791.37
29943501.96
50746382.01
48750822.31
47443212.35
27696995.41
50412560.2
25861635.34
29568424.15
31431783.07
83375623.1
18791930.01
25895735.49
83250445.09
82878701.19
18527111.41
29690627.23
27875633.72
18650221.44
18793744.82
51816425.54
50451772.54
48507128.78
29602753.32
31912174.87
29504795.85
50515921.29
48650680.89
52391865.47
47283216.87
83502499.05
29746366.59
29376812.42
28834328.94
31642338.93
18925528.86
47468723.53
48673775.69
19107999.62
28889182.78
19120554.59
29003155.01
25674143.05
83389834.73
48754276.31
29776958.02
83354260.0
29476432.93
50614889.94
29694163.92
18510943.78
52243687.89
83440042.67
29628994.87
83390460.98
25704599.06
27628768.99
52136877.3
29269389.1
48568107.69
29135093.35
29777644.01
48105197.47
82878701.19
48611252.09
28892141.71
29618478.14
29990167.31
18511630.0
48716632.74
29978801.89
48809186.19
83573708.11
18521394.34
83421163.03
27628768.99
48319569.62
18597697.78
52876858.77
83354260.0
29030355.29
28078424.82
31610831.41
29760056.57
18795895.06
19062229.3
29940601.24
83389834.73
83297599.12
83354260.0
51113178.93
48702492.63
28747843.19
50476840.12
29766341.65
83179533.79
83361126.06
18841252.02
18925469.73
29012679.66
47744105.86
48711710.48
27425427.71
18854986.1
47288798.44
83451906.53
30101155.51
18782470.32
83451906.53
29548520.63
29691962.61
48024954.31
83429705.09
28207924.23
83354260.0
83421163.03
28941804.78
83179196.14
18860482.89
29796126.91
83361126.06
29349533.13
28239892.79
18972368.03
29749665.21
52254665.04
83451906.53
52253630.13
18778137.64
47883848.94
29049202.24
18502986.22
27704652.93
28807946.46
27937589.02
48475484.73
48774193.98
28849890.32
29292198.2
83429705.09
27486900.31
48115841.89
27486900.31
29036248.38
48062101.39
29615607.76
18664634.72
18523246.82
29304389.12
48963589.28
28894542.73
83429705.09
48970725.31
18598316.78
18678496.89
31531801.24
27672900.4
18521394.34
19121053.33
27542439.0
18511630.0
47546295.68
47598867.77
52176138.8
28889182.78
26085017.63
29772088.37
29985911.78
28681471.29
19071059.6
83573708.11
47266621.9
83429705.09
29056403.84
31610434.32
29283739.15
50734516.22
52209004.51
18600419.66
18835626.46
83390460.98
29669145.54
83369916.36
31673893.11
18599438.43
31340508.54
82878701.19
48319024.7
47362319.66
29878350.81
83573708.11
28084402.62
18602193.55
31592819.57
31697164.78
25689918.39
52509980.83
50414002.01
29049202.24
18837660.13
83354260.0
29822937.38
25704599.06
48790083.09
50357248.34
50639159.22
29244507.31
48750028.48
50518207.12
52064228.89
27464760.77
18801462.94
29484950.4
18850846.22
50672570.11
29308476.81
18671788.9
50459572.61
29145974.78
29567037.75
19105247.94
31400678.6
50933908.64
25821385.25
28925624.91
25993190.91
83390460.98
83369916.36
29605075.09
18856789.74
18867453.35
52872607.43
29497093.74
19025448.03
83179196.14
31699552.53
18673242.92
28829204.14
27727671.04
18518675.84
52255614.34
47528511.79
47546295.68
83184742.1
83421163.03
47298438.17
28935380.62
48042273.57
29322225.21
29586689.54
83375623.1
48357610.31
50787413.44
83440042.67
50774681.63
83389834.73
83354260.0
83390460.98
83186791.37
29364681.83
19048064.16
52242507.2
25601050.44
25587862.61
52339170.63
83290044.61
18513666.6
48729831.7
18674205.97
83179196.14
18850522.41
18598858.62
28332592.7
83472610.17
27634697.32
31523737.89
29497220.4
29500876.24
48476796.19
29489150.51
28232574.36
18663048.61
29486986.97
29891257.39
52177506.17
50339913.8
48869906.67
29206497.57
29121382.76
48760254.88
31493792.85
27990108.0
18659831.9
48774193.98
19056095.2
47492816.24
18846166.42
48092512.86
48676831.19
83375623.1
27765528.36
83184067.64
47901237.07
19044850.05
29132025.87
28134075.94
28414002.16
28232574.36
27674882.75
48203241.87
47604239.11
31603579.38
29145974.78
28833948.14
18527111.41
31827945.88
52930012.35
48559345.9
18782470.32
18782198.72
48211136.21
51028535.29
48073543.88
47910949.43
47612981.47
83186791.37
18936102.49
29748014.86
48495476.99
28824649.37
18604701.25
48080630.4
29592336.29
83429705.09
25774778.32
19058975.94
52091343.07
52617241.02
29356864.62
83143400.18
48704315.09
29769982.76
48909965.4
31639564.08
52242507.2
52810786.11
31531801.24
28733073.46
19103518.25
29905825.56
28789302.72
18519476.42
29549595.57
29537406.13
18515431.27
28607967.34
47883848.94
83361126.06
27844108.57
19070732.16
83186791.37
83184067.64
83440042.67
47490123.46
83576787.05
48201224.04
31332134.85
48491792.82
25806774.14
48570397.75
18787640.76
83573708.11
48983272.63
48493058.12
29993245.97
47879049.96
25766535.54
29512039.58
27869742.7
48704315.09
82878701.19
18846057.53
47283216.87
48735437.86
29068037.37
27922627.75
51114066.51
28907611.03
27469194.58
50548520.17
28175842.86
28991849.45
48752006.65
29005918.41
83429705.09
31502314.96
29587779.48
48826316.65
51816425.54
30020079.2
25991852.28
83361126.06
29746912.68
83369916.36
52081512.05
29797833.28
47706818.33
83184742.1
18849950.4
48821982.59
18598316.78
29795041.25
48231571.21
29525726.36
31555020.73
29703260.92
83361126.06
52182045.4
29295343.03
47447777.38
83451906.53
83297599.12
83440042.67
48593337.5
18515916.2
29888315.72
83674686.27
28874368.12
19042751.9
31347897.97
29693175.69
18786467.12
50774681.63
29769982.76
47686830.23
18918818.54
50459572.61
50635072.34
83451906.53
48779746.96
47266621.9
28747843.19
83179533.79
18779786.71
83250445.09
52617241.02
29336332.99
52456954.38
29630486.89
28730326.9
18510943.78
28814795.98
48677534.85
47565972.52
83290044.61
51244624.35
50351861.21
31542316.23
31759522.13
28731598.46
83297599.12
29135611.29
48901327.77
28235905.54
83576787.05
47910949.43
83297599.12
83184067.64
83250445.09
48586386.92
18987063.59
48204311.8
47910949.43
52391865.47
48867137.05
83375623.1
25830972.38
83573708.11
27912493.64
29677478.93
52199261.06
28909359.34
18850828.2
25903538.74
48098726.3
18600419.66
28995335.99
83573708.11
47450744.21
48036671.62
25908781.9
83354260.0
28851278.55
31357013.94
83290044.61
29799225.0
18936243.61
48823165.9
52601962.35
50614889.94
83179533.79
50668307.7
48593337.5
50335405.13
29710073.96
48957827.84
48178493.28
83429705.09
28099100.33
31448545.89
83369916.36
18598424.72
83179196.14
28169071.82
29618478.14
83573708.11
29906946.16
27897463.62
50548520.17
83502499.05
25642829.17
48676831.19
83472610.17
83576787.05
52713881.44
47344043.22
18778137.64
83297599.12
30104136.46
83421163.03
83421163.03
83250445.09
83389834.73
48986502.54
52499170.93
50637900.11
48728195.74
29689541.03
48727482.32
27680194.64
83429705.09
29526815.61
28205055.63
19124714.08
47411554.92
19048687.56
52470617.48
83361126.06
29993085.62
18513666.6
47852010.14
48508448.92
28849980.34
18931489.02
29759421.26
18607172.36
83375623.1
28029215.6
48714057.47
29019954.6
29017310.85
83250445.09
31646500.5
29445481.59
83421163.03
29012679.66
29602753.32
50537006.85
27508848.42
27450551.1
31534647.23
48810551.4
29096324.96
83179196.14
52778000.05
83143400.18
29887433.1
48865120.22
29689541.03
48290966.39
28336078.19
18668816.37
25772664.03
18788885.81
47901237.07
29038274.92
47541966.25
29383662.58
83297599.12
28927247.25
83389834.73
29679716.7
48700484.64
48659724.95
18839267.57
83297599.12
29917477.8
50894592.26
25699277.3
52456954.38
83143400.18
48062101.39
52391865.47
28402968.59
29036248.38
28103199.74
48671054.34
83674686.27
83502499.05
48659724.95
30087848.58
18523246.82
83354260.0
50211665.86
28811987.24
25696099.61
28089693.61
29765265.89
18594543.13
18985204.73
29230788.19
83440042.67
47604239.11
28926838.83
18597552.91
50614889.94
48817011.7
31370316.15
52272873.35
83576787.05
29492493.06
83369916.36
47974666.09
48569139.32
29890343.36
28890274.39
27711624.33
29025230.95
18515190.09
47595803.61
18596411.88
18590191.4
48154523.65
50515921.29
51092679.43
18521416.48
83440042.67
19057420.22
48591357.43
18608937.77
83179196.14
25781353.96
83674686.27
28829391.55
31603388.76
29047851.64
27665511.48
47895833.74
83184067.64
83290044.61
50746382.01
48137142.39
52897069.69
48756300.01
28103199.74
31673893.11
83179533.79
52076082.56
48506432.65
52136877.3
25820358.82
29606028.43
83186791.37
27976593.24
29603953.84
18599438.43
83440042.67
48137142.39
48287835.58
18787741.19
50656133.59
31666619.59
18502986.22
29766341.65
29885068.74
31697164.78
48657791.56
29034434.09
83576787.05
50367142.1
19111084.26
30105306.23
31801447.89
28130040.78
52628862.02
48460388.78
29364681.83
83361126.06
48774893.86
18975855.73
29000078.37
83143400.18
83184742.1
52358081.83
52692886.31
28692481.65
47606149.33
28825697.92
83184742.1
18993523.78
52240262.01
83179196.14
27973405.08
18594246.81
82878701.19
83502499.05
83290044.61
18780280.96
83440042.67
50537006.85
83429705.09
18792202.0
18517894.91
18975855.73
29759421.26
29681069.85
83250445.09
29745281.93
83184742.1
29917477.8
48214724.73
28943100.25
47468723.53
47625292.99
31596935.58
52359375.59
29034434.09
51211786.61
83451906.53
25602753.95
47706818.33
18975170.71
31455872.13
29096324.96
31592819.57
82878701.19
47023770.44
48721675.99
29496136.22
27526059.74
48319024.7
18579319.27
83429705.09
49124484.67
83143400.18
29667856.04
83451906.53
52254665.04
83184067.64
27617939.57
83472610.17
28593570.6
31639564.08
31646500.5
50092294.52
83389834.73
52499170.93
83472610.17
48656297.46
48554030.05
52378557.8
82878701.19
18663048.61
83375623.1
31536941.31
48295560.46
28630945.19
18920818.19
18598857.42
83390460.98
29946451.57
18782806.06
28811987.24
50943681.42
83576787.05
48105197.47
31448538.76
29548520.63
48535628.6
25754045.13
47362319.66
18588606.99
47492816.24
27978780.58
29596825.87
83369916.36
83502499.05
29597906.97
27871576.84
18515190.09
31548157.22
18668888.4
31531214.79
48772272.93
50550475.98
18608439.18
28630945.19
29798907.28
28659203.73
29404685.42
47383572.35
18668729.71
28607967.34
52402785.34
83184742.1
18848764.56
48481352.97
28930614.07
28229750.31
50529280.77
29412322.54
18521826.13
48211136.21
18517894.91
18518664.88
47594720.1
29608518.99
28089693.61
29017310.85
47613882.58
29825294.37
48685271.36
18945343.56
18522693.67
27844108.57
47744105.86
28677664.42
83375623.1
31339454.46
52272942.89
48716632.74
27631245.1
48572398.23
83451906.53
29475503.25
83573708.11
49016592.34
47433662.11
18795077.49
52334966.92
29887992.89
52477163.65
48507109.45
83179533.79
31610434.32
83369916.36
18775880.21
29507818.5
18521394.34
50560866.84
48688229.1
48552014.5
18856696.53
18511251.48
19068935.54
29030515.47
28821872.6
50610630.55
83421163.03
31534647.23
83390460.98
27506857.99
29513119.16
28887905.62
48042273.57
18861139.51
47488946.46
19050176.3
18518675.84
48612656.3
18788067.79
83186791.37
48700484.64
83451906.53
29704736.31
48750028.48
31752052.13
83429705.09
48097594.32
18674205.97
29097638.6
18663059.53
50451772.54
31340508.54
47974666.09
48508448.92
83361126.06
29400229.27
27870821.13
48761343.0
31804288.34
18660181.75
25838650.51
48553209.49
50519377.24
48211136.21
18987797.42
28102872.09
83179533.79
83369916.36
29809523.74
52138169.32
31439420.98
83421163.03
52791465.94
29334599.98
29691962.61
83179533.79
27958620.29
83179196.14
29484950.4
47613882.58
18588477.91
50792163.28
31596935.58
47637602.29
48720425.12
48092512.86
83361126.06
28836467.82
18839758.11
29014005.01
28826031.91
83674686.27
18579319.27
29681069.85
48752006.65
83421163.03
83184067.64
50519377.24
52155057.34
48552014.5
83451906.53
47168407.25
48569128.75
83573708.11
18795077.49
28746826.36
83179196.14
18601679.65
28849890.32
28802863.02
31544309.57
83573708.11
29016577.26
29669145.54
28335152.89
48885536.66
50211665.86
48289800.85
83290044.61
29026775.87
18603485.78
29794898.86
83375623.1
83290044.61
47598867.77
47541966.25
27550777.61
50639159.22
82878701.19
29918720.01
47468723.53
28317393.25
29798907.28
52470617.48
31649843.31
48062101.39
27858806.45
29785007.33
29698102.0
48748767.18
27690577.08
18523870.62
48653936.86
83576787.05
52285112.27
48299844.69
29708691.77
31686159.59
19117414.73
83184742.1
28014325.55
18664787.35
48073543.88
18607701.53
48607667.22
27760677.7
52674570.96
48080630.4
29231407.93
52509980.83
27494455.94
50518207.12
18853501.06
47447777.38
47271368.82
83375623.1
83502499.05
29905825.56
83184742.1
83472610.17
29908095.68
50672570.11
18843950.11
83290044.61
83250445.09
19064302.0
18851376.95
29766341.65
82878701.19
47592713.41
27928564.69
83143400.18
83354260.0
52798426.0
83573708.11
83472610.17
29136992.0
18589720.06
27845512.08
27760677.7
18518675.84
47636240.4
29680008.68
47546295.68
28938316.33
27906381.35
83184067.64
29400229.27
50518207.12
48154523.65
83674686.27
28840373.45
31759522.13
18588606.99
18786467.12
27868442.7
18519476.42
83250445.09
18513666.6
28941804.78
48813580.02
52091343.07
47362319.66
47411554.92
83361126.06
83184742.1
51816425.54
48807890.9
52934510.34
83184067.64
50894592.26
83389834.73
28902290.64
29598364.05
25696099.61
29118313.91
29703784.64
18593404.53
18776598.7
83375623.1
50550475.98
18671788.9
29960487.99
52588358.74
48553914.3
48812864.31
83369916.36
29691962.61
47974666.09
19040977.39
29724146.71
18597335.09
48659777.41
25543532.93
29281094.17
18518664.88
18988147.2
29525726.36
47468178.79
83451906.53
18980613.56
28721884.05
27736125.07
25677925.06
18775049.88
29501123.06
28819520.6
19110583.83
48430829.44
47416301.47
52076082.56
52059689.29
28872105.16
18864460.45
18523246.82
83573708.11
50635072.34
18602193.55
52293961.94
48807190.16
18521416.48
83179533.79
83429705.09
83674686.27
18980346.11
47447777.38
29668043.54
29270449.36
48688938.79
18511251.48
48538694.41
31370316.15
47595803.61
29576125.24
52339170.63
47468178.79
29608518.99
18514001.18
18598330.24
83361126.06
25820358.82
50471259.66
27464760.77
29796126.91
18939463.61
31555020.73
29591011.01
52243687.89
31542316.23
29697012.37
48812164.49
19054502.68
27252613.03
25674143.05
28211458.29
28836467.82
48731073.15
29701223.54
50656885.66
18515431.27
18514001.18
27775380.28
28464884.58
83573708.11
31448538.76
18661784.89
48319569.62
83184067.64
50357248.34
18779786.71
18939953.05
29605075.09
47710876.09
50610630.55
31339454.46
50335405.13
29396017.09
29560210.46
28701406.5
18511630.0
29809523.74
18822263.65
48871514.83
27674949.42
18591351.09
83179533.79
48625237.56
83179196.14
48591357.43
27703836.9
29878558.67
82878701.19
28315944.7
50476840.12
48676118.15
28263652.32
29218529.79
28913780.74
47288798.44
83184067.64
83184067.64
52260868.46
83576787.05
18981977.22
48669727.23
83389834.73
29084469.64
28616128.82
31751365.58
52285112.27
50610630.55
29569517.29
50351861.21
18589720.06
18841889.31
83290044.61
47852010.14
52076082.56
52272873.35
83573708.11
28399170.69
53008246.84
29555035.56
25796311.67
28205055.63
48531117.54
31617733.09
48790083.09
28966055.55
47271368.82
52359375.59
28864293.57
28388363.14
48568732.55
47879049.96
28934000.31
18601679.65
83369916.36
18668729.71
82878701.19
18527111.41
28927740.72
83184742.1
28408312.63
29498677.27
49094532.01
83576787.05
83179533.79
27804423.25
48479340.21
18593354.05
27897463.62
28045456.07
29690873.72
83369916.36
29874268.9
82878701.19
51125452.84
48020155.7
50680383.2
30102417.32
19057632.24
47706818.33
29159954.26
29630486.89
29497220.4
48490678.5
28504528.06
19047000.97
83576787.05
18518818.97
83186791.37
29698102.0
48626636.13
48678121.78
47822147.85
47362319.66
29715467.61
29068625.35
48562800.37
29996139.49
48571099.05
18932594.14
83502499.05
48299844.69
28810648.07
31392871.66
83451906.53
83143400.18
29523723.95
83440042.67
28317393.25
31827945.88
27747073.07
48868241.13
29035553.91
18598330.24
18852008.41
31544309.57
25750789.29
18597678.4
28817872.22
29693063.11
28825469.13
18852862.08
25500838.5
18858825.13
28572550.01
83502499.05
47468178.79
48507128.78
52272942.89
28186806.85
47956518.32
47480227.88
83369916.36
31574751.99
48051896.59
83389834.73
52514618.72
18903806.22
27747630.02
48352546.49
18787640.76
83361126.06
29603953.84
48474791.75
28874368.12
29697012.37
83390460.98
28346803.69
29908095.68
29104503.89
83472610.17
83389834.73
25763266.15
49021492.64
31649843.31
29208377.51
25577478.27
18515916.2
83179533.79
28712370.81
52470617.48
25686575.53
28832678.25
29142408.86
48915365.48
27208416.31
18846441.47
47996030.26
83297599.12
29715467.61
52260868.46
29866311.86
29467709.55
28825573.13
48062101.39
29553573.26
18665194.11
83290044.61
50412560.2
47266621.9
31364379.04
31764855.08
83472610.17
29596825.87
29908095.68
48671747.79
83375623.1
48051896.59
18589625.45
83297599.12
47565972.52
18517894.91
18788817.32
48725071.46
83297599.12
18526771.66
28169071.82
47691194.85
18792681.05
83451906.53
18511630.0
50430748.6
48688229.1
29860991.54
48718410.88
50667457.83
48885353.15
48092512.86
52371520.63
18659831.9
48759696.09
18515190.09
50637900.11
29555035.56
47996030.26
29648553.95
83290044.61
47686830.23
48233584.29
50754702.9
31537676.73
18591639.04
25375950.76
18674703.78
29822937.38
83573708.11
47450744.21
47507322.87
29756972.94
83143400.18
18669352.06
52064228.89
18673242.92
83290044.61
28200153.38
18669659.7
47546295.68
83297599.12
28760691.18
83440042.67
52059689.29
29476432.93
47636240.4
29292198.2
31757320.29
83375623.1
29356864.62
18787468.31
48063079.9
48678856.74
29598364.05
83184067.64
50734516.22
48685271.36
29103119.9
83354260.0
83429705.09
29031856.75
83421163.03
50537006.85
31400678.6
83674686.27
48715296.16
83369916.36
28670182.76
18510943.78
18515916.2
48246156.48
27683398.86
29034201.29
47749104.21
50865966.09
48592086.44
28399170.69
28130285.47
47598867.77
48080630.4
29050273.27
48615737.66
83143400.18
18984213.69
50529280.77
48766061.4
48914639.66
83184067.64
50916667.37
47492816.24
31610238.92
48633003.56
18853187.88
83389834.73
18591351.09
83184742.1
18597335.09
26095265.69
31771932.17
83502499.05
28821872.6
29785498.6
52272873.35
50451772.54
47298438.17
26198992.53
51816425.54
18521826.13
48676820.46
28823325.25
29016242.01
27887589.12
83390460.98
27696995.41
29244964.07
48658498.82
27434556.78
29541024.52
27661853.1
29078357.63
25698082.83
48676118.15
29488727.09
29161316.23
83361126.06
48080991.54
31431783.07
28716801.06
28808495.64
29464329.46
25656552.04
18993921.54
18866433.74
31666619.59
52272873.35
29796126.91
25759117.93
28906945.35
48607667.22
83179533.79
28835302.72
83451906.53
83421163.03
83179196.14
18788885.81
29758316.04
83451906.53
52396868.31
29523723.95
52361628.41
19116316.05
28991728.19
28824649.37
18981988.84
83354260.0
29901784.49
18515431.27
28348670.84
83440042.67
18824500.58
48247479.42
48178493.28
83472610.17
50412560.2
48959219.83
50787413.44
48886348.58
83184067.64
28833948.14
48738611.05
29746366.59
28991849.45
47416301.47
48493058.12
18518818.97
29032301.9
29014005.01
18603485.78
47777050.42
31518530.37
19114856.3
83184067.64
27924046.68
83179533.79
19041382.49
48154523.65
26115526.51
83674686.27
83440042.67
47636240.4
48063079.9
27936448.08
83472610.17
83186791.37
51351785.58
83573708.11
48024954.31
28006633.93
29007239.7
29139647.76
48233750.46
48553209.49
18522693.67
29133387.96
47895833.74
48073543.88
18795895.06
83250445.09
48657791.56
83451906.53
47480227.88
18843965.92
29895165.14
18592748.21
29953467.75
83674686.27
29283287.06
31537676.73
18588517.44
28823334.67
50635072.34
29141962.05
52391865.47
47449752.28
48690228.58
29320601.57
25543532.93
83576787.05
27680194.64
82878701.19
52619152.13
31544888.2
18592367.29
18843403.32
83361126.06
28725474.97
31114072.07
19116517.41
50532190.43
48080991.54
18518664.88
47710876.09
83375623.1
83143400.18
48522369.08
25995436.3
18526771.66
28656194.11
28923512.83
25694512.49
29682158.21
29068625.35
29106826.48
47480227.88
29606028.43
47974666.09
48736099.69
31771932.17
31610831.41
52155057.34
52396868.31
83250445.09
48491086.55
18592367.29
52064228.89
18859137.84
83576787.05
18932098.2
83573708.11
52390819.47
28175842.86
48930993.52
50339913.8
18601579.21
25694512.49
47271368.82
31695716.88
18776598.7
31913762.32
83186791.37
48744475.35
29771072.27
52799455.63
83354260.0
48357610.31
29597906.97
25579867.45
29690627.23
83576787.05
27531118.5
83451906.53
48731517.92
83143400.18
29939416.07
51933952.58
83451906.53
52155057.34
25896995.13
83184742.1
48657572.58
18671927.05
83674686.27
29591011.01
18970166.93
18515916.2
48222322.92
25613274.06
83143400.18
29698102.0
50414002.01
83250445.09
52253630.13
19043169.91
31493792.85
28872105.16
48776175.04
18980709.28
83297599.12
83472610.17
18522693.67
83451906.53
29334599.98
18604701.25
28725474.97
29296590.68
47895833.74
50412560.2
29283287.06
27997834.85
28819802.63
27542439.0
83502499.05
25526075.94
48491086.55
47879049.96
29845688.02
83179196.14
27674933.72
18600995.38
83440042.67
83390460.98
28926806.93
18762555.84
48289800.85
47996030.26
18985204.73
18984213.69
52358081.83
83184067.64
29083100.57
48534167.24
27434556.78
83576787.05
31801447.89
29886316.31
31114072.07
31703054.89
18782806.06
47168407.25
48673775.69
31377984.97
83389834.73
18518742.68
29776958.02
18578343.54
18521416.48
48430829.44
18672123.57
83290044.61
28323074.89
27650397.66
52514618.72
83184067.64
47461141.07
83184067.64
83297599.12
48552962.84
18972939.85
48440730.1
27526059.74
29561715.82
47271368.82
28656194.11
51007597.57
31448545.89
47883848.94
50614889.94
29746366.59
83421163.03
29512039.58
31519900.94
29975855.82
28810648.07
83369916.36
27978780.58
19053939.21
28712370.81
27450551.1
83250445.09
18858427.82
27627406.93
83179533.79
29304389.12
29121382.76
47592713.41
28014325.55
48496762.32
18659531.19
48609470.51
29694163.92
18973766.02
31533229.32
83472610.17
28099100.33
29587779.48
52353758.57
83179196.14
47691194.85
83674686.27
83390460.98
48246156.48
83674686.27
18519476.42
28825573.13
31536941.31
52379453.75
48319024.7
83390460.98
48916644.57
47565972.52
83421163.03
18607172.36
52081512.05
29270449.36
29822937.38
31512577.22
83369916.36
52176138.8
52138169.32
83179533.79
48754276.31
48885536.66
18857057.15
29135611.29
47604239.11
83440042.67
31544888.2
47677292.11
29766640.26
29489150.51
25876332.12
29537406.13
29701942.22
52613453.35
50730222.63
47427881.58
48655584.58
27617939.57
83179196.14
28037918.04
25620397.43
52253630.13
48578567.55
29694407.69
52293961.94
27997834.85
18930985.2
18841690.79
47449752.28
52260868.46
83143400.18
83179533.79
28993121.68
50533291.89
28819802.63
48732304.6
18837175.48
28729280.53
28911311.67
18954639.46
83361126.06
50792163.28
18669659.7
47541966.25
28619926.22
50912159.21
29561715.82
18980613.56
50656133.59
83186791.37
29497093.74
48754972.63
50560866.84
83143400.18
28134266.99
48060115.3
52470617.48
28697577.85
29560210.46
47625292.99
28085723.12
82878701.19
18791930.01
83390460.98
83389834.73
18514001.18
52588358.74
47298438.17
28821692.6
28970888.33
48756506.13
48036671.62
50451772.54
25684556.05
48512774.4
25799590.5
18601963.87
83502499.05
28106667.05
48739398.83
83143400.18
83179533.79
18593404.53
18598100.65
48661027.18
18929769.56
47023770.44
31439420.98
29051069.38
83576787.05
50339913.8
83429705.09
18659531.19
29708691.77
31455872.13
18527111.41
29798907.28
31519900.94
48319024.7
48294159.77
28911311.67
47490123.46
29693175.69
18593122.42
48546887.77
83429705.09
52243687.89
29061161.0
25771122.13
48555181.7
83250445.09
83290044.61
48565853.92
28919805.81
50571437.95
48570397.75
25969637.0
28440877.01
50455064.3
31540568.59
50519377.24
28315944.7
29501123.06
48945084.09
28891611.21
50667457.83
26195089.75
83421163.03
18526771.66
52242507.2
25699277.3
83361126.06
28639978.95
83421163.03
48158772.75
50635583.39
50649013.06
48812164.49
83390460.98
25982736.8
28871147.55
19061107.33
29486986.97
48886230.69
25607815.05
25903538.74
83573708.11
29526815.61
18587446.62
29082343.63
29124684.81
83375623.1
48480045.34
31752052.13
52334966.92
83389834.73
31413048.82
48232259.46
28898350.87
29281094.17
48647520.42
51137422.21
29702557.19
83290044.61
47957999.96
19058035.31
28909359.34
29065914.67
83421163.03
48608233.09
50486646.93
83179196.14
47822147.85
83440042.67
48770356.77
48823165.9
83674686.27
50357248.34
83576787.05
83184742.1
83369916.36
31703054.89
28951253.81
31533229.32
83502499.05
18973766.02
29569517.29
29492493.06
29573765.78
18517894.91
83369916.36
48901327.77
29892244.42
29567612.24
83389834.73
83451906.53
29889225.76
48897734.96
28625173.44
29580098.07
28655382.74
52240262.01
28206962.1
52360358.12
18979109.7
18523246.82
50351861.21
29615607.76
48715570.48
18665194.11
48497459.82
83440042.67
31332134.85
48692087.54
83290044.61
19102311.28
18672123.57
50536601.07
25980274.5
18968691.74
48537538.11
50529280.77
28401318.76
29082343.63
19060547.87
29244964.07
83297599.12
47480227.88
83297599.12
18603069.33
48232259.46
27683398.86
29587779.48
83674686.27
27922627.75
48092512.86
47383572.35
29690627.23
18851088.24
27448333.2
47910949.43
19116671.05
28926968.79
48496762.32
83186791.37
29795041.25
29269389.1
28740294.68
83502499.05
83389834.73
29486326.16
48552725.22
48495476.99
83390460.98
27506857.99
47488946.46
18787468.31
29487698.85
83179196.14
48506432.65
83250445.09
48221606.01
25843178.69
47344043.22
83143400.18
52499170.93
18607701.53
29029715.99
18668850.16
83250445.09
47594720.1
31804288.34
25511183.79
29744021.9
28616128.82
48553709.54
47957999.96
83184742.1
48080991.54
83186791.37
83440042.67
29549595.57
52176138.8
18597678.4
48766061.4
48977102.68
28894542.73
83429705.09
48676820.46
47528511.79
31686159.59
19124693.99
18993921.54
18667665.85
29159954.26
18972939.85
18650221.44
83184742.1
18594543.13
83502499.05
19118174.01
27906381.35
28808495.64
27732978.17
18512690.16
29235376.75
83472610.17
28823325.25
47383572.35
29005918.41
83186791.37
47957999.96
28239225.89
29597906.97
83421163.03
50351861.21
29691713.86
28838284.05
48700210.66
83354260.0
48837194.96
83361126.06
48060115.3
52378557.8
18668816.37
19064554.24
47288798.44
28955067.59
48507109.45
83421163.03
48887510.41
29849443.06
31699552.53
83186791.37
19050248.6
48247479.42
28817872.22
18780280.96
29034642.94
29871100.55
18993523.78
47345570.48
18519465.4
83250445.09
48732992.37
27936448.08
18594434.97
51323031.6
50518207.12
50774681.63
48480045.34
31540568.59
28009973.45
18667665.85
48158772.75
83390460.98
52339170.63
29729737.02
31751365.58
83250445.09
48289800.85
29526815.61
50667457.83
29089098.69
52334966.92
19107741.54
83369916.36
48154523.65
28783378.53
18678850.06
25754045.13
52477163.65
28641384.09
82878701.19
83472610.17
29680008.68
18678496.89
48701195.71
50536601.07
48512774.4
18980709.28
29392423.63
83472610.17
47461141.07
52176138.8
25990809.3
29016242.01
18518742.68
83472610.17
52452716.24
83290044.61
47606149.33
83389834.73
83354260.0
48352546.49
83375623.1
48701195.71
28941620.41
83186791.37
52136877.3
50989274.01
48214724.73
83297599.12
29713699.04
29759421.26
29412322.54
28414002.16
83290044.61
27478494.66
31377984.97
28925624.91
18598424.72
29802201.44
18597552.91
29209398.47
48547280.44
47449752.28
18510943.78
48887510.41
31548157.22
48863514.51
29765265.89
83186791.37
83375623.1
28100523.04
83297599.12
31347897.97
28849980.34
48233584.29
48674874.62
47895833.74
48750744.34
51191598.25
29693100.51
18593122.42
27671291.49
31642338.93
48568107.69
48718069.13
47777050.42
83573708.11
83184742.1
47706818.33
83472610.17
18521416.48
29668043.54
18792681.05
83184067.64
50515921.29
29040048.91
52396868.31
52255614.34
47344043.22
28801026.19
52359375.59
50367142.1
27740735.94
82878701.19
83184067.64
28670182.76
50928252.53
48942057.78
83143400.18
31610238.92
83421163.03
29806725.11
48866562.99
48973930.08
18518818.97
48020155.7
29486326.16
83179196.14
83502499.05
28819520.6
29246349.46
83472610.17
52261415.72
83429705.09
25766535.54
52359375.59
83451906.53
28733073.46
83440042.67
29769521.49
28333936.92
52136877.3
28000446.32
50746382.01
29132025.87
48688938.79
48555181.7
83179533.79
28609368.77
83429705.09
47637602.29
31698257.11
48498789.76
18526771.66
28137985.66
18598857.42
29507818.5
28930661.23
18518675.84
48474791.75
29907024.66
48747620.24
18981988.84
18604267.93
31617733.09
83389834.73
50430748.6
28981803.07
48828111.6
48481352.97
28106667.05
18521826.13
18521826.13
47612981.47
52261415.72
52396868.31
83143400.18
48216572.38
25607815.05
29703260.92
18793744.82
31757320.29
28168784.51
83390460.98
19054224.5
18917268.08
83502499.05
28655382.74
27776464.59
28906272.25
31121784.71
29918720.01
50774681.63
28902562.73
48812864.31
48750744.34
51095008.24
18931645.32
52209004.51
48669017.64
29125237.18
83390460.98
83186791.37
29685052.26
18970166.93
48476796.19
18512690.16
25789112.9
29586689.54
28736917.01
28999470.09
52781592.91
83573708.11
83576787.05
83502499.05
83297599.12
29500876.24
50092294.52
27780131.66
48948454.58
83354260.0
52361628.41
83472610.17
83389834.73
28887780.6
83502499.05
18969129.46
28109591.76
83290044.61
18502986.22
48688706.07
83184067.64
48674874.62
19045547.87
83502499.05
29064358.0
18578343.54
29956430.95
51933952.58
83576787.05
48551396.74
83179196.14
18668888.4
18599216.26
48060115.3
50414002.01
50560866.84
52360358.12
83250445.09
28927324.31
27953811.19
29003155.01
83573708.11
18762555.84
