43007285.97
77222701.19
43062069.13
22015291.49
13266717.31
77713916.36
77765163.03
43062069.13
43210562.99
44892520.17
77917708.11
22071671.04
77816610.17
13276594.14
44892520.17
77698260.0
43106899.14
77528067.64
43065675.99
43071482.32
23351239.7
25888309.57
42890887.77
43207514.51
23231905.62
77528742.1
47018570.96
77222701.19
43073831.7
13279775.93
77698260.0
77698260.0
77698260.0
77917708.11
46963152.13
43079437.86
46629112.27
77634044.61
77816610.17
23074326.9
46482169.32
77698260.0
78018686.27
25764438.54
77705126.06
23476025.87
77765163.03
25708379.04
45333274.01
41627216.87
42955252.09
23175118.53
13266951.8
77705126.06
45011457.83
43228103.79
25888309.57
42886055.32
77530791.37
23590349.46
46586507.2
77733834.73
23588964.07
13269159.19
45593232.36
77713916.36
77528742.1
23441638.6
77705126.06
77523533.79
42050818.33
25863900.94
78018686.27
47036886.31
46703375.59
45016570.11
77846499.05
77222701.19
77765163.03
23587202.43
77719623.1
77222701.19
46683170.63
77765163.03
77594445.09
77528742.1
77719623.1
42882694.41
42986409.25
23274661.23
77487400.18
41632798.44
77523533.79
44774748.6
77528742.1
77487400.18
77773705.09
23476025.87
44774748.6
43330502.54
45439008.24
44873280.77
23587202.43
44904866.84
77487400.18
23374515.47
47019388.87
77698260.0
22018949.42
43170316.65
77846499.05
23168649.37
23362721.09
77222701.19
22848528.06
25940935.58
45090382.01
47135465.94
43084839.54
46843170.93
42955252.09
43092075.27
43177698.91
42912732.55
23193890.32
42967992.6
77719623.1
43321102.68
13264818.19
45012648.12
43044210.66
25990500.5
44711142.1
25792538.76
23090826.36
45440302.18
77528742.1
41812178.79
43253965.4
46482169.32
43468484.67
23285804.78
26101320.29
77530791.37
46703375.59
23177948.14
77795906.53
43104254.88
23208293.57
44436294.52
44701248.34
43190490.56
42050818.33
46408228.89
23375856.75
42894402.88
43062069.13
46420082.56
22018882.75
46425512.05
42896962.84
77734460.98
25875214.79
25954831.41
23372722.11
46587687.89
77698260.0
42958682.87
45667031.6
23378201.29
77530791.37
46160425.54
77733834.73
77773705.09
23193890.32
23230530.37
13280102.49
23278000.31
43076992.37
23266996.54
23270838.83
77920787.05
77698260.0
77523196.14
77594445.09
25744678.6
23268863.88
77734460.98
77733834.73
21852848.42
43215514.83
25884577.21
47135465.94
46597630.13
23166066.68
78018686.27
43069071.46
23278000.31
46435343.07
77917708.11
77523533.79
43228103.79
23477387.96
46941423.26
43165982.59
77765163.03
13275078.09
41793752.28
77698260.0
77846499.05
77719623.1
77784042.67
42886055.32
22124131.66
42922567.55
47124288.27
44711142.1
47381255.18
25993843.31
43059296.16
77528067.64
23374355.29
77594445.09
46604868.46
77719623.1
41727572.35
13280102.49
13269159.19
13276098.2
43210562.99
23170031.91
46843170.93
46499057.34
41615368.82
43050048.51
41688043.22
42021292.11
44679405.13
42050818.33
43223293.39
21894777.61
78018686.27
77917708.11
77705126.06
23427100.57
25792538.76
42647605.23
43303219.83
44774748.6
26103522.13
23179302.72
77795906.53
41948239.11
21930284.61
77816610.17
23448503.89
77846499.05
43080099.69
47143455.63
77846499.05
23400403.84
25892157.22
77705126.06
46160425.54
46435343.07
21930284.61
43092075.27
77530791.37
77795906.53
77222701.19
77816610.17
77222701.19
77920787.05
45450136.57
41610621.9
77734460.98
43314725.31
46683170.63
25940935.58
43174725.26
46420082.56
23372355.19
44979072.34
42638159.77
46499057.34
77528067.64
77222701.19
77816610.17
77765163.03
77713916.36
43123746.96
47166647.3
43218620.92
13289343.56
77765163.03
23375718.28
43150216.97
77734460.98
77719623.1
13283953.05
44880601.07
22022722.01
43190490.56
45531291.28
41367770.44
47057881.44
77784042.67
44683913.8
77816610.17
41642438.17
43071482.32
44862207.12
23427100.57
41632798.44
77528742.1
77634044.61
25708379.04
23271247.25
23193890.32
23250272.25
77773705.09
43157580.02
44881006.85
42991520.42
43222573.2
45450136.57
25708379.04
77523533.79
46435343.07
23337121.68
44863377.24
26101320.29
47019388.87
77487400.18
77784042.67
77784042.67
23373715.99
43218620.92
41688043.22
47125592.91
23375856.75
45372535.29
41367770.44
23269624.91
44679405.13
43153309.72
43154551.4
23177948.14
77773705.09
23427100.57
77641599.12
13269469.73
77784042.67
23372355.19
41794744.21
77705126.06
77523533.79
77523533.79
42634966.39
46425512.05
13266951.8
44436294.52
44881006.85
23127378.53
23209644.93
45593232.36
41367770.44
77523533.79
23268863.88
41942867.77
77523196.14
47124288.27
77795906.53
77846499.05
21994397.66
23361310.85
45351597.57
46482169.32
23270968.79
45436679.43
41793752.28
43307589.28
23479611.29
23250272.25
77222701.19
77528742.1
41805141.07
46586507.2
13269159.19
77528742.1
77634044.61
25764438.54
77733834.73
43061201.0
77528067.64
46629112.27
77530791.37
43212328.0
25683454.46
46435343.07
43091620.24
25954831.41
44862207.12
23480992.0
77917708.11
77705126.06
43170316.65
77698260.0
77698260.0
21813194.58
77734460.98
77784042.67
43223293.39
23428469.64
41885966.25
77719623.1
23370775.87
22015291.49
41885966.25
77734460.98
77920787.05
25886316.23
13266717.31
77816610.17
77734460.98
77634044.61
13275078.09
21922552.69
42894402.88
42909853.92
77733834.73
45277908.64
41909972.52
77846499.05
77816610.17
77594445.09
23104691.18
46605415.72
77523196.14
77773705.09
45588624.35
77773705.09
77634044.61
42631835.58
77917708.11
46403689.29
43105343.0
77719623.1
77846499.05
43161011.7
43156668.9
77733834.73
23440324.96
41367770.44
26017893.11
77594445.09
46678966.92
46586507.2
42900085.4
25875214.79
41610621.9
46587687.89
77773705.09
77594445.09
23250272.25
41812178.79
77594445.09
77719623.1
43083398.83
43027962.6
42881538.11
43092767.18
43230348.58
41791777.38
41689570.48
43082611.05
43365492.64
77487400.18
77765163.03
23278000.31
77641599.12
42986409.25
23587202.43
77784042.67
77773705.09
43317930.08
23378201.29
77733834.73
77641599.12
41727572.35
46678966.92
77846499.05
43061201.0
45695785.58
43062410.88
43228103.79
23285804.78
44979072.34
23182284.05
45277908.64
22091630.02
44954630.55
44758002.01
23246290.64
77528742.1
46597630.13
26017893.11
77705126.06
46425512.05
22022722.01
23448503.89
77594445.09
44711142.1
41812723.53
43210562.99
77528067.64
46425512.05
41689570.48
46584262.01
41942867.77
77530791.37
23372722.11
43082611.05
23323547.35
42878167.24
77523533.79
42906800.37
23374515.47
77698260.0
42021292.11
45260667.37
46403689.29
46604868.46
77795906.53
46957453.35
46941423.26
43007285.97
77222701.19
42875117.54
43144920.56
23279380.62
77523196.14
46629112.27
21596613.03
77719623.1
23378201.29
46482169.32
77773705.09
42958682.87
23375856.75
44880601.07
41805141.07
78018686.27
46499057.34
47122000.05
41942867.77
47352246.84
25764438.54
23146863.02
23440324.96
77765163.03
47154786.11
46480877.3
25691897.97
77784042.67
77530791.37
41794744.21
77523196.14
21894777.61
23447119.9
43080099.69
78018686.27
77487400.18
45334242.27
23485962.05
23480992.0
45334242.27
41689570.48
77846499.05
23195256.92
77487400.18
43069071.46
77920787.05
41794744.21
25884577.21
77713916.36
43075073.15
47381255.18
42784730.1
46629112.27
23379553.91
77641599.12
21875118.5
21914172.94
77523533.79
25465784.71
23447119.9
77917708.11
25863900.94
23208293.57
43100506.13
47381255.18
43222573.2
42973741.07
43170316.65
78018686.27
23279380.62
43027962.6
45090382.01
46584262.01
41642438.17
23372130.72
47057881.44
44863377.24
77773705.09
45011457.83
77594445.09
44904866.84
43106423.12
77528742.1
43084839.54
43153309.72
22120464.59
77634044.61
77734460.98
77705126.06
23269624.91
77713916.36
77528067.64
25875214.79
77530791.37
25691897.97
77713916.36
77634044.61
77523196.14
77594445.09
77719623.1
77530791.37
13275645.32
43058873.61
78018686.27
44859921.29
43123746.96
23375718.28
77698260.0
42953470.51
77594445.09
45287681.42
41689570.48
43071482.32
45016570.11
77641599.12
46963152.13
43177698.91
77523196.14
77846499.05
77222701.19
41642438.17
43207514.51
77528742.1
46963152.13
42907045.43
44892520.17
42886055.32
77713916.36
41909972.52
42631835.58
43103696.09
23480992.0
43209120.22
77705126.06
77698260.0
42021292.11
77705126.06
43092075.27
77734460.98
77705126.06
77641599.12
46403689.29
23587202.43
77487400.18
46697758.57
77734460.98
77528067.64
26101320.29
77528742.1
23166066.68
47216607.43
41812178.79
77713916.36
41942867.77
77705126.06
44695861.21
77846499.05
42896962.84
77719623.1
77784042.67
42631835.58
77523533.79
77713916.36
44904866.84
22233464.72
41909972.52
77530791.37
77698260.0
23588964.07
22005853.1
43321102.68
45555786.61
77920787.05
46587687.89
23587202.43
77528067.64
77846499.05
44859921.29
43207514.51
78018686.27
43181194.96
23104691.18
78018686.27
44880601.07
45481422.21
22951967.34
23074326.9
77719623.1
77784042.67
23166066.68
23370775.87
77765163.03
77594445.09
43123746.96
42969237.56
41615368.82
77641599.12
13290455.24
23231905.62
21922552.69
43083398.83
47142426.0
41627216.87
77523196.14
13262351.51
43286057.78
77846499.05
77641599.12
77920787.05
42922567.55
23170031.91
43084839.54
77920787.05
45695785.58
47220858.77
23230530.37
23361310.85
41793752.28
77523533.79
23179302.72
46605415.72
45272252.53
22015291.49
13281676.79
23270838.83
43069071.46
46843170.93
22022722.01
77773705.09
77719623.1
77523196.14
45016570.11
77734460.98
78018686.27
77634044.61
77594445.09
41885966.25
77528742.1
25884577.21
43092767.18
78018686.27
77487400.18
77920787.05
23588964.07
77530791.37
77795906.53
46584262.01
23400403.84
77530791.37
23127378.53
41706319.66
21994397.66
41836816.24
77530791.37
77719623.1
45090382.01
43094822.31
43059570.48
23441638.6
44756560.2
43059570.48
77594445.09
25783420.98
77719623.1
13279775.93
43106423.12
77594445.09
77222701.19
13290455.24
47143455.63
43084839.54
22848528.06
25990500.5
46160425.54
44795772.54
42909853.92
46735865.47
78018686.27
46597630.13
44859921.29
42994680.89
46735865.47
41627216.87
77846499.05
77719623.1
46480877.3
44862207.12
25993843.31
13269528.86
41812723.53
43211137.05
42952233.09
44904866.84
43150216.97
23361310.85
41791777.38
77733834.73
43161011.7
77795906.53
77698260.0
46584262.01
44958889.94
77765163.03
25683454.46
46587687.89
77784042.67
77523196.14
77734460.98
41805141.07
22016900.4
46480877.3
77222701.19
77594445.09
42973741.07
77634044.61
77719623.1
77222701.19
42955252.09
23250272.25
46740868.31
77920787.05
23090826.36
77719623.1
77816610.17
45588624.35
77917708.11
25954831.41
77765163.03
23373715.99
77816610.17
23372130.72
47220858.77
77698260.0
23374355.29
44859921.29
25954831.41
77734460.98
26017893.11
43190490.56
77719623.1
77733834.73
77641599.12
77698260.0
45457178.93
43116272.93
23287100.25
45277908.64
77795906.53
77523533.79
77705126.06
23230530.37
13269469.73
23370775.87
77920787.05
43055710.48
21813194.58
23447119.9
41632798.44
77795906.53
78018686.27
13269469.73
77795906.53
77523196.14
77713916.36
77528067.64
77773705.09
44979072.34
77698260.0
77765163.03
23285804.78
77523196.14
22124131.66
47274012.35
77705126.06
77222701.19
45351597.57
42913139.32
77594445.09
77594445.09
77795906.53
46597630.13
25721984.97
77528067.64
45118681.63
13247806.22
42907045.43
42634966.39
44683913.8
46941423.26
43174725.26
23193890.32
46408228.89
77773705.09
23231905.62
77634044.61
21875118.5
26103522.13
77713916.36
77641599.12
13269159.19
23376301.9
46408228.89
43307589.28
25961733.09
77773705.09
43314725.31
23374515.47
13289343.56
77487400.18
22016900.4
13279775.93
43154551.4
21930284.61
13262818.54
41890295.68
41942867.77
46520138.8
23428469.64
43360592.34
77698260.0
78018686.27
23230530.37
43289084.09
77917708.11
41610621.9
77773705.09
23400403.84
25961733.09
43103696.09
77795906.53
46972862.02
22084735.94
23168649.37
77734460.98
77705126.06
77713916.36
26017893.11
23372355.19
25691897.97
77222701.19
78018686.27
41706319.66
77734460.98
77917708.11
43330502.54
23427100.57
77528742.1
43064425.12
41727572.35
47274012.35
44758002.01
23588507.31
23193890.32
77698260.0
47278510.34
41805141.07
43327272.63
44701248.34
45440302.18
23588507.31
43150216.97
44862207.12
46408228.89
21852848.42
13290455.24
46605415.72
21994397.66
45016570.11
46425512.05
13279775.93
45260667.37
23503954.26
46678966.92
42891280.44
25744678.6
45277908.64
43050048.51
23269624.91
43229353.15
77734460.98
77713916.36
77641599.12
22084735.94
22233464.72
47216607.43
46605415.72
42647605.23
77523196.14
43094822.31
23372722.11
41627216.87
22071671.04
23266996.54
77528742.1
43144920.56
41890295.68
77528742.1
77765163.03
41642438.17
23279380.62
77530791.37
46420082.56
77528742.1
77719623.1
77846499.05
77920787.05
77784042.67
45118681.63
77733834.73
77698260.0
77734460.98
77530791.37
46480877.3
43007285.97
46586507.2
41689570.48
41615368.82
46683170.63
77634044.61
23127378.53
43073831.7
23376301.9
77523196.14
23370775.87
23370775.87
45458066.51
77816610.17
23379553.91
25875214.79
77528067.64
46604868.46
42890887.77
46616873.35
45016570.11
13266951.8
77523533.79
77765163.03
46941423.26
44683913.8
43213906.67
43058873.61
23479611.29
43104254.88
42881538.11
44711142.1
13262351.51
43181194.96
43079437.86
41836816.24
21922552.69
77765163.03
43083398.83
77719623.1
42969237.56
77528067.64
77530791.37
42894402.88
23476025.87
44880601.07
44436294.52
45016570.11
22018882.75
77713916.36
41948239.11
25954831.41
23503954.26
23177948.14
26103522.13
77846499.05
47274012.35
42903345.9
25799872.13
25783420.98
77920787.05
45372535.29
77733834.73
77523196.14
43229353.15
77530791.37
13280102.49
77705126.06
77528067.64
23168649.37
23503954.26
77698260.0
77530791.37
77773705.09
41812178.79
43116272.93
46435343.07
78018686.27
46435343.07
77487400.18
43241734.96
77784042.67
43253965.4
25990500.5
46586507.2
47154786.11
42897709.54
23182284.05
42879628.6
78018686.27
41610621.9
23274661.23
46972862.02
77487400.18
25799872.13
22951967.34
77528067.64
77705126.06
22231589.12
43317930.08
77530791.37
77528067.64
77784042.67
77528742.1
77920787.05
77705126.06
25683454.46
46957453.35
43032706.07
42977003.56
25888888.2
77917708.11
43327272.63
45272252.53
77816610.17
77523533.79
41890295.68
77530791.37
43073831.7
77765163.03
77222701.19
21914172.94
41627216.87
43079437.86
41890295.68
44701248.34
45458066.51
23251611.03
21813194.58
44892520.17
44958889.94
23349918.41
43165982.59
23349918.41
77773705.09
42886055.32
77528742.1
43170316.65
46160425.54
77846499.05
43241734.96
77705126.06
77523196.14
77713916.36
46425512.05
77816610.17
42050818.33
77528742.1
23374515.47
43165982.59
23374515.47
77920787.05
42638159.77
77487400.18
77523196.14
46814617.48
77705126.06
46945962.35
46403689.29
41791777.38
77795906.53
77641599.12
77784042.67
45372535.29
25792538.76
77765163.03
78018686.27
25940935.58
42907045.43
25691897.97
77698260.0
25863900.94
45118681.63
77784042.67
43303219.83
13262818.54
77528067.64
44979072.34
77795906.53
43123746.96
41610621.9
44795772.54
77523533.79
13266717.31
77594445.09
47381255.18
43177698.91
77795906.53
46740868.31
23074326.9
13261268.08
41632798.44
43080099.69
41909972.52
77634044.61
45588624.35
44695861.21
25886316.23
26103522.13
44758002.01
77641599.12
23479611.29
77917708.11
45011457.83
77920787.05
77523196.14
77641599.12
77528067.64
77594445.09
77634044.61
43213906.67
77734460.98
77523196.14
46735865.47
43211137.05
77719623.1
41836816.24
77917708.11
45012648.12
77528067.64
77530791.37
23448503.89
23374355.29
42021292.11
77528742.1
23441638.6
41824227.88
77917708.11
41794744.21
77487400.18
43144920.56
77698260.0
41642438.17
25708379.04
77634044.61
77641599.12
13280243.61
77920787.05
46945962.35
44958889.94
77523533.79
45469452.84
43007285.97
44679405.13
77530791.37
43301827.84
77816610.17
77773705.09
44881006.85
25799872.13
77713916.36
23361310.85
77523196.14
44954630.55
46740868.31
77917708.11
78018686.27
44679405.13
44892520.17
77846499.05
41642438.17
43076992.37
77816610.17
77920787.05
47057881.44
41688043.22
13264818.19
77641599.12
78018686.27
77765163.03
77765163.03
77594445.09
77733834.73
43330502.54
46843170.93
77713916.36
43072195.74
77773705.09
43071482.32
44436294.52
77773705.09
77487400.18
45011457.83
43212328.0
77523533.79
42956656.3
46814617.48
77705126.06
77920787.05
25744678.6
43468484.67
45287681.42
23208293.57
13275489.02
47216607.43
23588507.31
77719623.1
44758002.01
43058057.47
23378201.29
23361310.85
77594445.09
25990500.5
43289084.09
77765163.03
23370775.87
46735865.47
44881006.85
21852848.42
23195256.92
25886316.23
43154551.4
23440324.96
77523196.14
47122000.05
77487400.18
77698260.0
43209120.22
77773705.09
42634966.39
45469452.84
23257780.74
41824227.88
25886316.23
77530791.37
23587202.43
41885966.25
46482169.32
77641599.12
23271247.25
77733834.73
77705126.06
43100506.13
47125592.91
21822494.66
77641599.12
78018686.27
45695785.58
41793752.28
47220858.77
77487400.18
77713916.36
46735865.47
22951967.34
23485962.05
44892520.17
45450136.57
78018686.27
77846499.05
43062410.88
77917708.11
25993843.31
77698260.0
77222701.19
44859921.29
41824227.88
44863377.24
77795906.53
23285804.78
43106899.14
23588964.07
77784042.67
41948239.11
23270838.83
23349918.41
44958889.94
43161011.7
25721984.97
46616873.35
77920787.05
46597630.13
77713916.36
77634044.61
42913139.32
77698260.0
41689570.48
44436294.52
42878167.24
23166066.68
43212241.13
23351239.7
23209644.93
77784042.67
44859921.29
45436679.43
23344078.37
77784042.67
43072195.74
42991520.42
23588964.07
77523196.14
41805141.07
78018686.27
23378201.29
42977003.56
41836816.24
42890887.77
77487400.18
77528067.64
77634044.61
45090382.01
77641599.12
47241069.69
45535598.25
44892520.17
26017893.11
77523533.79
46420082.56
42913139.32
46480877.3
41948239.11
46703375.59
77530791.37
43190490.56
77641599.12
23372355.19
77784042.67
77641599.12
42631835.58
13275489.02
77698260.0
26017893.11
25465784.71
77795906.53
77773705.09
77713916.36
43064425.12
26101320.29
77920787.05
44711142.1
42970636.13
77917708.11
43213906.67
45256159.21
46972862.02
78018686.27
46480877.3
77705126.06
47241069.69
42970636.13
23344078.37
77487400.18
77528742.1
47122000.05
47036886.31
44711142.1
77733834.73
23374515.47
77528742.1
43314725.31
46584262.01
77523196.14
43223293.39
23269624.91
77222701.19
77846499.05
77634044.61
13266951.8
77784042.67
44881006.85
77773705.09
25961733.09
25863900.94
42977003.56
77784042.67
77734460.98
77594445.09
77719623.1
77528742.1
78018686.27
77733834.73
23287100.25
41812723.53
77765163.03
25940935.58
46703375.59
23483647.76
45555786.61
77795906.53
41632798.44
42050818.33
42997936.86
25799872.13
23440324.96
42959737.66
77222701.19
41367770.44
43065675.99
77528067.64
23270968.79
78018686.27
22951967.34
77773705.09
43468484.67
77487400.18
77523533.79
77795906.53
47018570.96
77528067.64
23362721.09
77816610.17
22951967.34
25990500.5
25990500.5
44436294.52
77733834.73
46843170.93
77816610.17
43058873.61
42967992.6
77698260.0
77222701.19
23146863.02
77719623.1
25888309.57
77784042.67
44679405.13
13264818.19
23374355.29
77734460.98
77795906.53
13269528.86
23351239.7
45287681.42
77920787.05
77719623.1
25792538.76
77523196.14
42879628.6
41836816.24
41706319.66
21838455.94
41836816.24
44756560.2
77634044.61
77713916.36
77846499.05
47036886.31
43104254.88
25783420.98
25892157.22
23266996.54
25875214.79
43116272.93
45351597.57
23587202.43
23170031.91
77816610.17
23208293.57
46499057.34
41727572.35
13275078.09
22951967.34
47166647.3
77528742.1
23349918.41
45260667.37
23479611.29
45334242.27
44873280.77
46520138.8
25940935.58
77920787.05
23246290.64
23257780.74
77713916.36
77634044.61
44863377.24
23361310.85
43230348.58
77719623.1
77733834.73
13289343.56
13281676.79
23588507.31
43360592.34
25744678.6
77719623.1
25683454.46
47036886.31
43253965.4
22018949.42
42986409.25
77795906.53
46587687.89
77917708.11
43360592.34
43050048.51
13283463.61
46678966.92
77773705.09
47241069.69
77487400.18
77523533.79
25961733.09
77713916.36
13262351.51
77528067.64
23337121.68
44904866.84
43094822.31
42952233.09
23476025.87
13262351.51
43301827.84
23374515.47
23271247.25
44954630.55
77765163.03
25886316.23
77734460.98
21894777.61
77530791.37
23231905.62
77530791.37
22148423.25
77594445.09
42994680.89
13275489.02
42956656.3
25888309.57
77530791.37
43106899.14
77795906.53
77765163.03
43156668.9
26103522.13
77773705.09
77594445.09
13283463.61
23441638.6
13266717.31
44795772.54
25691897.97
77634044.61
42922567.55
77705126.06
46520138.8
43092075.27
43105343.0
43181194.96
13262818.54
43044210.66
42953470.51
44863377.24
77920787.05
43174725.26
44880601.07
77523533.79
77713916.36
77816610.17
46482169.32
25783420.98
77765163.03
47135465.94
46420082.56
77713916.36
77523533.79
44711142.1
77523196.14
46605415.72
77773705.09
23168649.37
45593232.36
25940935.58
43253965.4
43064425.12
77765163.03
77705126.06
23375718.28
21838455.94
23372355.19
23170031.91
78018686.27
22951967.34
77734460.98
45531291.28
77765163.03
77528067.64
44863377.24
46499057.34
42958682.87
77795906.53
42784730.1
43106423.12
77917708.11
25993843.31
23090826.36
77523196.14
23447119.9
23193890.32
23146863.02
25888309.57
77917708.11
23374515.47
47122000.05
45457178.93
43286057.78
45012648.12
77917708.11
77634044.61
23370775.87
23505316.23
77634044.61
77719623.1
77634044.61
41942867.77
41885966.25
21894777.61
77734460.98
77222701.19
77917708.11
41812723.53
45090382.01
47241069.69
46814617.48
25993843.31
77713916.36
43075073.15
77528742.1
77733834.73
43092767.18
42912732.55
26017893.11
42997936.86
77920787.05
46629112.27
77795906.53
77733834.73
77734460.98
43076992.37
77528742.1
44795772.54
13269469.73
77733834.73
22233464.72
77641599.12
22148423.25
47018570.96
77698260.0
43091620.24
77920787.05
21838455.94
44862207.12
22016900.4
41791777.38
41615368.82
77719623.1
77846499.05
78018686.27
77528742.1
77816610.17
47352246.84
45016570.11
23278000.31
77634044.61
77594445.09
43177698.91
23372355.19
47220858.77
77222701.19
43209120.22
44679405.13
77487400.18
77698260.0
47142426.0
77917708.11
77816610.17
23480992.0
23193890.32
22233464.72
23505316.23
25884577.21
77222701.19
77734460.98
41890295.68
23477387.96
44683913.8
77528067.64
46520138.8
44862207.12
77784042.67
78018686.27
44873280.77
26103522.13
23195256.92
13273769.56
43092767.18
25892157.22
77594445.09
25744678.6
23285804.78
43157580.02
46435343.07
41706319.66
43027962.6
77705126.06
77528742.1
46160425.54
47274012.35
47278510.34
77528067.64
78018686.27
77733834.73
23246290.64
77528742.1
41824227.88
23476025.87
77698260.0
21922552.69
25708379.04
77719623.1
77634044.61
23337121.68
77795906.53
47352246.84
42956656.3
43215514.83
77713916.36
47124288.27
77634044.61
42895396.74
77487400.18
23362721.09
43073831.7
41627216.87
77222701.19
25875214.79
43212328.0
77487400.18
41812178.79
77795906.53
43088475.35
23065884.05
22124131.66
41689570.48
13261268.08
46616873.35
25886316.23
42991520.42
77917708.11
77528067.64
46420082.56
46403689.29
23230530.37
23587202.43
25993843.31
77917708.11
44979072.34
23427100.57
47057881.44
43213906.67
25961733.09
77523533.79
77773705.09
78018686.27
43076304.6
41791777.38
77705126.06
77222701.19
47154786.11
25691897.97
42882694.41
25721984.97
77734460.98
77528067.64
46683170.63
41812178.79
77634044.61
25764438.54
22016900.4
77705126.06
41948239.11
77487400.18
23209644.93
77920787.05
13283463.61
42913139.32
46735865.47
46587687.89
25886316.23
77733834.73
43212328.0
43058873.61
21596613.03
41791777.38
45333274.01
44880601.07
43075073.15
77773705.09
45458066.51
25799872.13
23146863.02
42986409.25
45593232.36
77917708.11
25792538.76
13264818.19
77816610.17
77528067.64
44701248.34
25744678.6
13283953.05
77641599.12
43327272.63
44954630.55
25683454.46
44679405.13
46482169.32
77523196.14
23250272.25
25708379.04
77816610.17
22951967.34
43215514.83
22018949.42
23208293.57
77523533.79
42969237.56
77523196.14
42997936.86
22091630.02
77733834.73
77222701.19
45118681.63
77530791.37
43076304.6
45016570.11
43062410.88
23257780.74
41632798.44
77528067.64
77528067.64
46604868.46
77920787.05
43075517.92
43072195.74
77733834.73
23428469.64
25683454.46
77719623.1
46629112.27
44954630.55
77594445.09
44695861.21
23193890.32
23250272.25
77634044.61
78018686.27
46420082.56
46616873.35
77917708.11
22848528.06
47352246.84
46678966.92
43027962.6
45011457.83
42875117.54
25961733.09
77816610.17
23505316.23
41615368.82
46703375.59
23208293.57
45481422.21
42912732.55
77523533.79
23278000.31
23447119.9
77713916.36
23271247.25
77222701.19
26103522.13
23285804.78
77528742.1
45535598.25
77523533.79
43438532.01
77920787.05
77523533.79
22148423.25
42879628.6
23287100.25
44679405.13
44795772.54
77713916.36
77713916.36
77765163.03
77222701.19
45469452.84
77523533.79
45481422.21
77917708.11
43061201.0
42050818.33
23503954.26
46740868.31
46945962.35
77523533.79
22848528.06
42909853.92
77920787.05
25888309.57
77530791.37
77733834.73
42970636.13
45457178.93
43438532.01
41706319.66
46814617.48
23427100.57
42906800.37
77816610.17
42973741.07
13276594.14
77846499.05
77795906.53
23168649.37
25744678.6
77795906.53
77487400.18
77530791.37
77784042.67
45090382.01
43218620.92
42967992.6
43212241.13
23379553.91
23373715.99
22018949.42
25888309.57
41791777.38
23375718.28
23266996.54
77765163.03
23374355.29
22018882.75
41610621.9
22120464.59
41367770.44
77846499.05
41812178.79
46972862.02
77634044.61
44904866.84
77594445.09
41824227.88
77713916.36
77594445.09
77523196.14
77733834.73
47278510.34
13247806.22
22091630.02
77920787.05
13275078.09
77705126.06
77641599.12
42881538.11
23323547.35
77733834.73
77734460.98
45118681.63
77917708.11
23448503.89
77816610.17
77733834.73
41794744.21
43365492.64
25993843.31
42050818.33
41610621.9
13269528.86
77523533.79
23251611.03
46814617.48
41794744.21
23372130.72
42994680.89
43317930.08
22953368.77
21930284.61
77641599.12
77641599.12
46814617.48
46604868.46
77705126.06
77222701.19
25892157.22
77713916.36
46629112.27
23175118.53
77634044.61
44756560.2
41610621.9
25708379.04
43156668.9
77816610.17
77634044.61
77917708.11
77705126.06
77719623.1
77523196.14
23177948.14
77641599.12
41909972.52
25863900.94
25892157.22
43069071.46
77641599.12
13289343.56
44954630.55
43307589.28
13280243.61
77795906.53
25708379.04
44774748.6
43088475.35
77734460.98
43062410.88
45011457.83
43229353.15
77765163.03
77733834.73
23074326.9
43103696.09
25783420.98
45439008.24
46678966.92
77641599.12
77594445.09
77634044.61
77784042.67
45012648.12
77816610.17
25888888.2
23251611.03
41367770.44
13283953.05
77846499.05
77917708.11
41794744.21
77634044.61
77719623.1
77487400.18
13276098.2
46408228.89
13281676.79
77634044.61
44954630.55
13276594.14
41890295.68
77641599.12
23104691.18
77784042.67
46403689.29
46584262.01
77222701.19
46408228.89
26101320.29
77719623.1
46435343.07
25875214.79
77734460.98
45458066.51
77528742.1
77528067.64
45535598.25
43222573.2
23447119.9
77698260.0
77773705.09
23375856.75
77765163.03
44881006.85
25744678.6
78018686.27
43059296.16
77713916.36
44695861.21
23065884.05
25792538.76
77719623.1
22071671.04
23378201.29
77846499.05
45667031.6
42994680.89
25465784.71
44881006.85
41942867.77
77698260.0
42900085.4
42959737.66
77487400.18
43150216.97
44873280.77
43303219.83
43314725.31
77528067.64
45260667.37
41836816.24
77641599.12
42977003.56
22022722.01
77733834.73
23208293.57
77528742.1
22005853.1
43327272.63
77795906.53
77846499.05
25888888.2
77641599.12
46616873.35
44795772.54
41642438.17
43438532.01
46160425.54
13280243.61
43079437.86
23362721.09
23374355.29
22231589.12
77734460.98
22084735.94
23588964.07
43061201.0
21822494.66
46629112.27
22005853.1
46160425.54
41812178.79
43082611.05
46604868.46
23505316.23
77705126.06
77773705.09
25783420.98
25783420.98
25875214.79
46584262.01
41688043.22
43292454.58
22231589.12
26017893.11
46616873.35
77920787.05
41885966.25
41727572.35
43144920.56
77523533.79
23179302.72
77795906.53
77765163.03
77523196.14
13276594.14
77784042.67
77795906.53
46740868.31
77530791.37
77734460.98
43076304.6
41812723.53
23168649.37
43058057.47
77698260.0
77846499.05
23182284.05
45090382.01
77784042.67
21596613.03
77222701.19
77816610.17
77816610.17
44756560.2
43303219.83
45588624.35
43230348.58
77528067.64
23177948.14
43082611.05
47166647.3
23349918.41
43032706.07
42907045.43
23270838.83
23376301.9
23372355.19
22148423.25
77222701.19
42903345.9
43055710.48
77528067.64
43116272.93
77523533.79
42878167.24
77784042.67
43365492.64
78018686.27
77784042.67
77222701.19
77734460.98
44695861.21
77816610.17
77530791.37
45695785.58
77917708.11
77528067.64
44774748.6
23351239.7
23483647.76
77765163.03
42959737.66
25990500.5
23477387.96
77487400.18
77733834.73
13283953.05
77594445.09
43058057.47
77795906.53
41824227.88
23269624.91
77733834.73
23250272.25
77784042.67
78018686.27
46403689.29
25888888.2
21822494.66
23372355.19
44979072.34
23485962.05
46735865.47
41793752.28
45469452.84
46425512.05
41627216.87
77920787.05
44436294.52
77222701.19
46963152.13
25888888.2
23230530.37
21875118.5
77705126.06
23175118.53
25465784.71
43088475.35
45333274.01
77773705.09
13274985.2
77816610.17
77719623.1
77487400.18
43059570.48
43211137.05
26101320.29
23195256.92
23372722.11
41812723.53
77523533.79
23427100.57
42955252.09
41824227.88
46703375.59
77634044.61
43080099.69
43161011.7
25954831.41
46499057.34
46740868.31
77594445.09
42891280.44
23230530.37
46408228.89
23503954.26
77920787.05
13276098.2
77917708.11
47154786.11
44958889.94
78018686.27
44683913.8
23440324.96
41812723.53
41615368.82
77773705.09
13262818.54
43292454.58
77530791.37
43088475.35
77713916.36
47143455.63
77698260.0
77846499.05
77634044.61
41688043.22
77773705.09
77920787.05
21875118.5
77795906.53
43075517.92
77487400.18
77784042.67
46697758.57
77795906.53
46499057.34
41948239.11
77528742.1
45436679.43
23344078.37
78018686.27
46735865.47
42891280.44
23175118.53
77773705.09
41727572.35
77487400.18
47135465.94
44758002.01
77594445.09
46597630.13
42900085.4
77523533.79
23230530.37
45555786.61
43065675.99
77641599.12
77816610.17
25990500.5
77795906.53
46420082.56
23503954.26
25792538.76
43153309.72
77487400.18
44756560.2
46403689.29
44758002.01
23177948.14
23287100.25
77846499.05
41632798.44
42897709.54
77523533.79
77795906.53
77523196.14
42895396.74
22071671.04
77784042.67
77734460.98
23376301.9
25465784.71
77917708.11
77641599.12
43100506.13
43156668.9
77705126.06
77528067.64
23427100.57
42878167.24
23179302.72
77920787.05
77920787.05
77713916.36
25465784.71
43075517.92
25792538.76
77222701.19
77713916.36
25721984.97
77733834.73
25888888.2
77795906.53
21596613.03
25961733.09
77917708.11
23323547.35
77634044.61
45440302.18
21994397.66
77846499.05
77528067.64
41805141.07
77528067.64
77641599.12
42896962.84
42952233.09
42784730.1
21914172.94
46683170.63
41615368.82
44701248.34
45351597.57
25799872.13
77528067.64
44958889.94
77719623.1
77765163.03
77530791.37
25863900.94
77920787.05
23168649.37
77713916.36
44756560.2
43104254.88
44756560.2
21838455.94
77594445.09
23479611.29
23372130.72
77523533.79
46408228.89
23479611.29
77705126.06
44795772.54
42903345.9
23065884.05
42953470.51
77765163.03
42953470.51
25884577.21
77816610.17
44881006.85
47019388.87
46697758.57
77523196.14
77795906.53
78018686.27
77734460.98
77719623.1
78018686.27
13276098.2
23274661.23
25888309.57
47143455.63
78018686.27
77734460.98
43330502.54
41909972.52
77765163.03
22231589.12
46425512.05
77222701.19
77846499.05
25863900.94
77713916.36
46520138.8
46482169.32
77523533.79
43154551.4
43292454.58
22091630.02
23479611.29
41948239.11
77784042.67
25888888.2
42021292.11
77594445.09
46616873.35
41909972.52
77487400.18
46843170.93
46957453.35
45531291.28
77487400.18
43055710.48
22005853.1
77523196.14
44774748.6
41627216.87
46597630.13
42922567.55
77528067.64
77641599.12
44758002.01
13274985.2
21852848.42
41793752.28
46604868.46
77487400.18
77523533.79
23337121.68
77528742.1
23177948.14
43076304.6
23177948.14
23278000.31
23269624.91
42638159.77
77705126.06
77846499.05
23268863.88
41885966.25
23168649.37
45256159.21
46683170.63
43094822.31
45457178.93
77530791.37
46605415.72
43157580.02
44904866.84
77487400.18
44892520.17
77705126.06
46814617.48
25764438.54
77523196.14
43241734.96
43301827.84
77222701.19
25954831.41
77734460.98
77733834.73
25764438.54
77917708.11
41642438.17
23370775.87
41791777.38
43100506.13
77487400.18
44795772.54
41706319.66
43050048.51
41909972.52
23477387.96
77846499.05
44873280.77
43083398.83
77487400.18
77523533.79
23279380.62
23379553.91
45440302.18
13273769.56
41367770.44
25783420.98
23590349.46
77920787.05
44683913.8
77773705.09
13261268.08
77733834.73
25799872.13
23485962.05
77816610.17
25863900.94
78018686.27
42638159.77
23269624.91
43106423.12
77698260.0
23270968.79
42890887.77
77773705.09
46587687.89
41885966.25
41812723.53
45334242.27
77594445.09
77634044.61
42909853.92
23278000.31
45372535.29
42970636.13
43209120.22
45555786.61
45256159.21
25892157.22
44863377.24
45118681.63
46616873.35
43289084.09
23440324.96
45011457.83
43468484.67
77765163.03
26101320.29
46586507.2
41793752.28
77705126.06
44683913.8
77765163.03
77795906.53
45436679.43
45450136.57
43218620.92
77734460.98
43212241.13
41688043.22
43223293.39
77523533.79
43289084.09
41706319.66
42021292.11
77917708.11
77487400.18
21813194.58
23440324.96
41948239.11
77719623.1
46945962.35
26103522.13
46678966.92
77733834.73
25764438.54
46697758.57
23447119.9
77222701.19
42991520.42
45481422.21
77713916.36
77634044.61
77528742.1
43165982.59
44958889.94
46160425.54
77765163.03
42952233.09
45287681.42
77523196.14
77917708.11
77784042.67
43307589.28
43360592.34
78018686.27
44701248.34
77920787.05
77528742.1
77713916.36
77733834.73
23400403.84
25884577.21
77846499.05
42959737.66
77594445.09
46597630.13
46683170.63
13273769.56
77713916.36
43438532.01
77733834.73
77523533.79
77733834.73
77795906.53
77713916.36
43241734.96
25691897.97
77594445.09
25721984.97
46584262.01
44958889.94
47124288.27
43055710.48
13283463.61
44695861.21
77641599.12
43059570.48
13269528.86
42900085.4
77784042.67
25683454.46
43229353.15
77634044.61
42875117.54
13280243.61
44880601.07
42021292.11
42879628.6
42881538.11
44873280.77
45531291.28
23440324.96
43157580.02
23588964.07
77641599.12
41824227.88
77641599.12
23476025.87
42634966.39
23428469.64
77528742.1
78018686.27
44701248.34
77765163.03
41727572.35
77773705.09
23378201.29
42647605.23
77523196.14
43059296.16
23270968.79
42896962.84
77530791.37
77920787.05
77222701.19
44774748.6
77846499.05
77733834.73
46586507.2
47018570.96
43032706.07
77734460.98
23251611.03
43105343.0
13274985.2
46587687.89
77523196.14
42906800.37
77594445.09
77698260.0
41890295.68
41688043.22
77487400.18
46843170.93
23590349.46
23373715.99
13275645.32
77594445.09
43211137.05
77816610.17
41615368.82
77523196.14
23065884.05
42897709.54
77528742.1
77528742.1
77773705.09
77530791.37
77784042.67
77523196.14
46520138.8
22018882.75
77784042.67
43321102.68
23344078.37
77773705.09
47142426.0
77641599.12
43065675.99
43174725.26
43286057.78
13273769.56
23503954.26
42958682.87
13247806.22
77528742.1
23285804.78
77846499.05
43058057.47
44683913.8
23257780.74
22120464.59
25721984.97
43072195.74
77816610.17
44863377.24
41727572.35
23349918.41
77530791.37
77528742.1
44979072.34
77634044.61
77765163.03
44695861.21
77734460.98
23182284.05
43044210.66
77698260.0
43181194.96
77705126.06
77705126.06
47142426.0
13274985.2
43215514.83
41632798.44
23503954.26
43044210.66
77765163.03
45667031.6
77705126.06
77765163.03
77530791.37
42973741.07
42784730.1
25884577.21
25764438.54
42882694.41
77773705.09
43321102.68
41689570.48
25886316.23
77594445.09
43076992.37
44695861.21
23278000.31
45667031.6
44862207.12
45118681.63
42882694.41
25892157.22
44756560.2
23246290.64
77795906.53
77734460.98
46683170.63
77523196.14
43106899.14
77594445.09
77917708.11
46957453.35
45011457.83
23447119.9
46678966.92
42906800.37
77713916.36
77784042.67
23127378.53
13290455.24
41836816.24
77816610.17
23090826.36
77222701.19
77816610.17
77734460.98
23483647.76
43103696.09
44880601.07
77530791.37
43059296.16
46499057.34
77816610.17
41805141.07
46520138.8
43230348.58
23374355.29
25888888.2
77816610.17
77784042.67
77634044.61
43222573.2
77733834.73
77698260.0
77920787.05
77719623.1
47166647.3
44979072.34
77530791.37
46480877.3
45333274.01
77733834.73
77641599.12
46843170.93
77784042.67
46520138.8
22953368.77
77634044.61
21822494.66
25721984.97
23269624.91
23361310.85
77641599.12
23349918.41
42021292.11
42891280.44
41793752.28
25683454.46
43301827.84
25892157.22
43207514.51
77795906.53
77530791.37
77719623.1
44862207.12
77641599.12
25691897.97
23208293.57
42647605.23
77734460.98
77487400.18
47216607.43
45535598.25
77530791.37
21914172.94
22015291.49
25993843.31
43105343.0
43062069.13
77222701.19
77917708.11
77528742.1
42050818.33
77816610.17
13280102.49
77705126.06
25940935.58
77528067.64
44859921.29
23588964.07
46740868.31
47019388.87
41688043.22
23349918.41
46703375.59
44711142.1
22084735.94
77222701.19
77528067.64
23209644.93
45272252.53
43286057.78
77487400.18
42997936.86
77765163.03
77920787.05
43210562.99
43317930.08
13275645.32
77523533.79
46586507.2
77523196.14
77846499.05
23268863.88
23590349.46
77816610.17
46605415.72
77773705.09
41890295.68
46703375.59
77795906.53
25799872.13
77784042.67
77773705.09
45439008.24
46480877.3
43228103.79
45090382.01
23476025.87
43091620.24
42969237.56
77523533.79
22953368.77
77773705.09
77719623.1
77698260.0
42912732.55
23483647.76
44873280.77
23374355.29
77528067.64
23274661.23
25884577.21
42875117.54
77917708.11
43091620.24
43064425.12
23479611.29
25961733.09
77733834.73
44774748.6
41794744.21
43365492.64
42895396.74
44873280.77
25940935.58
23323547.35
77698260.0
46605415.72
46740868.31
77487400.18
77846499.05
41706319.66
46814617.48
13281676.79
26101320.29
45272252.53
77734460.98
43075073.15
13261268.08
77846499.05
23104691.18
22120464.59
23250272.25
25465784.71
77917708.11
45118681.63
44954630.55
47278510.34
43153309.72
45439008.24
13275645.32
77523196.14
43075517.92
42956656.3
77734460.98
77530791.37
77523533.79
42897709.54
45256159.21
25721984.97
41942867.77
77528742.1
23285804.78
41805141.07
47125592.91
77917708.11
77920787.05
77846499.05
77641599.12
46604868.46
44436294.52
22124131.66
43292454.58
77698260.0
47125592.91
77816610.17
77733834.73
25954831.41
77846499.05
42903345.9
44859921.29
77634044.61
25465784.71
43032706.07
77528067.64
43212241.13
42967992.6
77846499.05
42894402.88
22953368.77
77784042.67
77222701.19
77920787.05
42895396.74
77523196.14
13275489.02
23378201.29
77705126.06
44758002.01
44904866.84
77713916.36
77594445.09
23476025.87
44701248.34
23361310.85
77917708.11
13247806.22
