46551677.1
43566240.4
44585584.58
24029100.32
27330678.6
48275183.17
48335866.06
28029209.17
44737890.9
46478520.17
48533301.1
24116806.85
44108493.28
14449465.4
46478520.17
79284260.0
44692899.14
48126716.74
44589031.58
44587572.58
46445921.29
14448818.97
25860128.19
26155738.31
23888620.29
43887999.96
25929691.41
78808701.19
26062772.88
27540831.41
79284260.0
44010630.4
48291802.71
48533301.1
25873478.71
48324485.22
25483573.26
79220044.61
79402610.17
14441251.48
48068169.32
79284260.0
79604686.27
27343048.82
79291126.06
25521011.01
48348138.65
24571384.09
44484030.05
79073400.18
44482725.22
27378538.76
14444001.18
79291126.06
24868316.33
26195324.14
24751658.14
25856332.4
79116791.37
46676382.01
25428730.92
79319834.73
25645467.61
27369420.98
47179232.36
79299916.36
48189964.54
24832562.73
48315821.07
48090901.11
44249024.7
24727196.05
79604686.27
44501099.05
25523782.84
24896055.55
44146572.38
47892738.28
79351163.03
48429170.93
44035197.47
47879636.48
48269170.63
79351163.03
48169578.73
48214645.37
79305623.1
25857342.61
25968986.78
27470568.59
79073400.18
79116791.37
79109533.79
23936633.93
79114742.1
79073400.18
48293675.94
48321865.47
46360748.6
26279198.61
44589777.41
46459280.77
48429170.93
24085256.13
48140027.4
48202873.35
44483914.3
79284260.0
24033199.74
44686300.01
79432499.05
25213287.06
46449377.24
78808701.19
14432986.22
27519090.04
24981069.38
44599727.23
44601054.34
25631942.22
25929691.41
44608121.78
44704893.86
25885241.2
48011512.05
46919274.01
79305623.1
44844639.66
14442690.16
46598648.12
79073400.18
24853512.83
46297142.1
27370978.64
27287013.94
47026302.18
44123205.43
79284260.0
44269853.33
25326017.09
44860993.52
25342322.54
27680327.57
79116791.37
25523782.84
25234389.12
48402557.94
44620228.58
48006082.56
46022294.52
46287248.34
44706175.04
44249024.7
47994228.89
24033199.74
48543453.35
26028386.05
25252225.21
46466601.07
48011512.05
27873560.64
79320460.98
27453737.89
27533579.38
27576500.5
25417698.85
79284260.0
27929599.12
26279962.84
48183630.13
79116791.37
25008357.63
48315932.99
79359705.09
25250601.57
48021343.07
27540434.32
48085057.34
26049180.6
27470577.21
27466941.31
79506787.05
44622087.54
79109196.14
79180445.09
27322871.66
14449465.4
79320460.98
79319834.73
23866448.08
48460336.64
27470577.21
48316758.04
48183630.13
24646801.06
79604686.27
44599017.64
25322423.63
48021343.07
79503708.11
48092319.49
47179232.36
46597457.83
48527423.26
46710715.03
79351163.03
27474888.2
43992101.39
48291802.71
79432499.05
79305623.1
79370042.67
44472055.32
24137924.23
25920621.4
48710288.27
46297142.1
26267506.05
24856806.93
44589031.58
48094611.67
48190868.46
43886518.32
25418727.09
44035197.47
79227599.12
14722202.0
14445190.09
14718817.32
26156748.16
46265405.13
25643699.04
25334685.42
43813848.94
79116791.37
79180445.09
79503708.11
46265405.13
44249024.7
47174624.35
23939973.45
48529984.44
48501105.08
48271715.34
25483573.26
27370978.64
46598648.12
44318995.74
46360748.6
14731462.94
24569978.95
79381906.53
79432499.05
23944325.55
48421938.67
24105842.86
48472621.35
26050191.78
44607534.85
79432499.05
27596619.59
14449476.42
48291355.43
24995914.67
25274376.68
46381772.54
26065453.0
79116791.37
44088772.75
78808701.19
79402610.17
78808701.19
79506787.05
47036136.57
43809049.96
79320460.98
28267420.68
25503765.78
27519090.04
44767194.96
48006082.56
48172507.2
24137924.23
27630155.94
25322423.63
48127536.59
78808701.19
44108493.28
48303120.95
44226328.6
79220044.61
48752647.3
44804620.92
14730425.85
79351163.03
46466601.07
44742668.9
43993079.9
79305623.1
14453870.62
24032872.09
24036667.05
47141786.61
47117291.28
43566240.4
25965320.07
48397605.57
46269913.8
48389644.25
43840949.43
26041138.71
24030523.04
25483573.26
43831237.07
79114742.1
79220044.61
27287013.94
14448742.68
48011512.05
25294681.83
44010991.54
48402557.94
24762678.25
25964275.39
79319834.73
26069104.39
27294379.04
43809049.96
25274376.68
24817780.6
24050935.4
14730425.85
48605388.87
48127580.0
48385918.48
79370042.67
24764328.94
26182555.78
43886518.32
26040548.46
24766664.22
25977012.73
78808701.19
25326017.09
46265405.13
26120132.02
26125795.04
25222198.2
44244767.79
48215112.27
43926030.26
14445431.27
79370042.67
48172507.2
79320460.98
48302732.8
48090901.11
79109533.79
25630322.96
48011512.05
27350438.54
46022294.52
46467006.85
27322871.66
46281861.21
44744148.6
78808701.19
48122996.1
27472316.23
44141136.21
79109196.14
44588498.82
44700356.77
44758111.6
46445921.29
25417698.85
44502398.23
25313662.58
24661598.46
26041138.71
79299916.36
44323161.85
25523782.84
48066877.3
47868021.11
79114742.1
79319834.73
25428730.92
14712198.72
79114742.1
48217381.86
27350438.54
44003543.88
48305731.27
79114067.64
48215112.27
79116791.37
44804620.92
14705049.88
48021343.07
26054380.04
14451394.34
24061948.87
24871620.41
48546407.75
48273103.58
26138572.16
79284260.0
44245247.04
23858564.69
43993079.9
79370042.67
44739186.19
24085256.13
44084523.65
48316173.75
25414950.4
46467006.85
44084523.65
79320460.98
44141136.21
14449465.4
14443666.6
79402610.17
48276132.78
79220044.61
14448742.68
46360748.6
44421792.82
48155027.61
48329024.62
25885241.2
44108493.28
48429954.15
79402610.17
79180445.09
27300316.15
48191415.72
79109196.14
48336470.43
26168508.92
79359705.09
48205765.61
44161571.21
44219800.85
47989689.29
44120897.82
79305623.1
48427744.16
26125795.04
44742668.9
79319834.73
25497037.75
43566240.4
24881253.81
48212514.84
25497037.75
48172507.2
48549152.13
14448664.88
79109533.79
25405503.25
79359705.09
48187816.2
48066877.3
44010630.4
48212514.84
48348768.58
26049180.6
79109533.79
25847351.66
26061943.58
44622917.3
79291126.06
79114742.1
26052680.53
79432499.05
79073400.18
48335040.89
48085057.34
79227599.12
46937597.57
48429170.93
79370042.67
44622917.3
48561862.4
48183630.13
79319834.73
48238582.74
43926030.26
48264966.92
48447999.06
48710288.27
44846644.57
26040548.46
44744148.6
48106138.8
46565072.34
27378545.89
44428789.76
24105842.86
46540630.55
46344002.01
24727196.05
79114742.1
25434795.85
14453870.62
48315821.07
25250601.57
46459280.77
46544889.94
79180445.09
23888620.29
79359705.09
48454446.89
48095431.53
25238476.81
79114742.1
48170262.01
79506787.05
43831237.07
14452693.67
28053444.58
27526935.58
44405484.73
48135296.68
25907847.27
48202873.35
48312120.79
79503708.11
25869103.2
25225343.03
48190868.46
79381906.53
48140027.4
25848351.89
46958535.29
78808701.19
25847351.66
79227599.12
24670294.68
48167318.36
48215112.27
46022294.52
48318386.27
25422493.06
48068169.32
48324185.06
44544682.87
46478520.17
46466601.07
79319834.73
79604686.27
48085057.34
44586297.46
44141136.21
44816230.69
27350438.54
24627577.85
25485035.56
48323513.88
26054380.04
25306812.42
14705880.21
48397605.57
79116791.37
79320460.98
79109196.14
23908780.58
48269170.63
48324185.06
79604686.27
48152296.09
46920242.27
27682052.13
24137924.23
46514828.11
43887999.96
44146572.38
46287248.34
79073400.18
28057008.61
79506787.05
43993079.9
27470577.21
79299916.36
44591027.18
44845365.48
43801248.19
25471024.52
24770373.45
79227599.12
23888620.29
46344002.01
79109533.79
27051784.71
48269170.63
79503708.11
27442577.22
25264599.98
28105150.39
48967255.18
44237675.73
48622886.31
46714890.51
48549776.02
46360748.6
44420678.5
46676382.01
48170262.01
79109196.14
46467006.85
44522086.44
46449377.24
79359705.09
46597457.83
43886518.32
46490866.84
79114742.1
79114742.1
26069104.39
48802607.43
24135055.63
79220044.61
79320460.98
79291126.06
25313662.58
48272964.07
48139812.68
27461214.79
43831237.07
14441251.48
48293284.11
48230483.21
79109196.14
79180445.09
79305623.1
79116791.37
14718067.79
48708000.05
79604686.27
46445921.29
44516386.92
46466601.07
79284260.0
27947880.83
48167352.56
25920621.4
79114742.1
46615833.95
46602570.11
79227599.12
48144983.79
48827069.69
79109196.14
79432499.05
78808701.19
43840949.43
28156742.73
44499128.75
44427459.82
46858252.53
24766664.22
44409340.21
79299916.36
79402610.17
25629335.48
26105376.02
46565072.34
44601747.79
43990115.3
48294016.64
79503708.11
79291126.06
47043178.93
48294072.39
79291126.06
79227599.12
47989689.29
25631942.22
79073400.18
25630322.96
79320460.98
79114067.64
27680327.57
48201560.33
27361783.07
48398437.91
44010630.4
79299916.36
44141136.21
79291126.06
23897802.35
48427744.16
25872474.3
48336703.35
48410690.19
27630155.94
79109533.79
79299916.36
24085256.13
46676382.01
44108493.28
48113020.19
79284260.0
48400617.48
24050935.4
28267420.68
46735062.41
48423762.22
48173687.89
48429170.93
43813848.94
48429954.15
24008424.82
44737190.16
79604686.27
26157720.3
14442690.16
48549776.02
46466601.07
44632492.63
47746425.54
24555173.44
79305623.1
48365569.64
27369420.98
48191415.72
48305347.54
79180445.09
44138809.84
25959881.85
43813848.94
79227599.12
27689522.13
24622481.65
46360748.6
28049987.92
26053687.15
79073400.18
44452369.08
27277897.97
28268505.79
44146572.38
48251656.18
48453632.13
46467440.75
23827463.62
47036136.57
79506787.05
26279198.61
44684972.63
48021343.07
25417698.85
43992101.39
79109533.79
23836381.35
48191415.72
46452420.89
24060285.47
27576500.5
24751658.14
26056343.72
48429170.93
46459280.77
79359705.09
48361026.07
48122938.29
46602570.11
48318997.72
79604686.27
48217381.86
43886518.32
79370042.67
79114742.1
14717741.19
44608856.74
79604686.27
48139206.21
79506787.05
25633260.92
48144172.79
44088772.75
25394329.46
14453870.62
48157271.35
24607664.42
43904666.09
24008424.82
79305623.1
79116791.37
48348768.58
46676382.01
44680822.31
79109196.14
46540630.55
46342560.2
44075633.29
48167352.56
27361783.07
79305623.1
14721930.01
44123205.43
79180445.09
78808701.19
14457111.41
26050191.78
46629021.2
27044072.07
14723744.82
47746425.54
46381772.54
44437128.78
25532753.32
48561018.48
25434795.85
46445921.29
48643881.44
48321865.47
79073400.18
79432499.05
48317000.52
25306812.42
24764328.94
27572338.93
27378538.76
79359705.09
44603775.69
27929599.12
24819182.78
28120229.28
48173687.89
43990115.3
79319834.73
44684276.31
48371898.47
79284260.0
25406432.93
46544889.94
48303946.11
14440943.78
48173687.89
79370042.67
48154218.21
79320460.98
44003543.88
46448207.12
48066877.3
47847723.3
44498107.69
48218197.26
48205765.61
44035197.47
78808701.19
48604570.96
48066877.3
25548478.14
48466744.39
14441630.0
44646632.74
48409812.18
44739186.19
79503708.11
14451394.34
79351163.03
46448207.12
48409812.18
24029100.32
48806858.77
79284260.0
48190868.46
24008424.82
27540831.41
48305888.01
14725895.06
26170499.96
48361026.07
79319834.73
79227599.12
79284260.0
47043178.93
44632492.63
24677843.19
46457333.57
48370473.96
79109533.79
79291126.06
25286864.62
27385872.13
48191415.72
79506787.05
44648069.13
46265405.13
25503765.78
79116791.37
79381906.53
48574104.71
14712470.32
79381906.53
48122128.89
48273786.42
48115089.05
79359705.09
24137924.23
79284260.0
79351163.03
48106138.8
79109196.14
24169225.89
26156748.16
79291126.06
47879636.48
25968986.78
25907847.27
48187816.2
48200254.94
79381906.53
48183630.13
14708137.64
43813848.94
24979202.24
14432986.22
46452420.89
47880436.71
23867589.02
44405484.73
44704193.98
48011512.05
25222198.2
79359705.09
46297142.1
44138809.84
46297142.1
24966248.38
43992101.39
48208818.92
27361783.07
14453246.82
25234389.12
79381906.53
24824542.73
79359705.09
44907102.68
25419150.51
27680327.57
48139206.21
46448207.12
14451394.34
28127063.51
46381772.54
14441630.0
79381906.53
79506787.05
48106138.8
24819182.78
44374726.09
48323668.62
48561018.48
25286864.62
26268178.18
79503708.11
79109533.79
79359705.09
27603893.11
27540434.32
48348768.58
48414850.04
48155027.61
24099071.82
25225343.03
79320460.98
48271715.34
79299916.36
27603893.11
25416326.16
27270508.54
78808701.19
44249024.7
79220044.61
48306694.2
79503708.11
46873984.37
25471024.52
48201560.33
28050991.52
43926030.26
48454446.89
46344002.01
24979202.24
25250601.57
79284260.0
26183562.47
44003543.88
44720083.09
46287248.34
46618995.73
46704681.63
44680028.48
46448207.12
47994228.89
46281861.21
14731462.94
25414950.4
24039591.76
46602570.11
25238476.81
27533579.38
46439834.53
48326868.31
25497037.75
27886460.94
27330678.6
46863908.64
44065709.9
48068169.32
44245247.04
79320460.98
79299916.36
48207465.0
24130153.38
24278670.84
48802607.43
25427093.74
25642122.83
79109196.14
28054496.92
27569564.08
43825833.74
46490866.84
14448675.84
48202379.82
79227599.12
79381906.53
79114742.1
79351163.03
79109196.14
46360748.6
44065709.9
25252225.21
48169714.08
79305623.1
48447999.06
48466744.39
79370042.67
46704681.63
79319834.73
79284260.0
79320460.98
79116791.37
25294681.83
25977012.73
48172507.2
43887999.96
43813848.94
48269170.63
79220044.61
14443666.6
47025008.24
27572338.93
79109196.14
25427093.74
25414950.4
26061943.58
79402610.17
46459280.77
27453737.89
48095431.53
25430876.24
44406796.19
25419150.51
24162574.36
27343048.82
48090095.38
48335866.06
48122996.1
46269913.8
44799906.67
48303561.68
48289375.59
47055452.84
27848767.67
23920108.0
27270508.54
44704193.98
26053687.15
79305623.1
23967918.04
44022512.86
44606831.19
79305623.1
46514828.11
79114067.64
43831237.07
25886807.77
48321865.47
24064075.94
24344002.16
24162574.36
46466601.07
48293284.11
79432499.05
27533579.38
48326868.31
47994228.89
14457111.41
48459522.95
48860012.35
44489345.9
14712470.32
14712198.72
44141136.21
46958535.29
44003543.88
43840949.43
79284260.0
79116791.37
27547733.09
48302732.8
44425476.99
47989689.29
25548478.14
44010630.4
48144172.79
79359705.09
44010630.4
26117135.45
48021343.07
48561862.4
25286864.62
79073400.18
44634315.09
48367769.27
79305623.1
27569564.08
48172507.2
48740786.11
27886460.94
24663073.46
27857078.16
48529140.52
43809049.96
14449476.42
25908847.9
48109437.31
14445431.27
47746425.54
43813848.94
79291126.06
46704681.63
26267506.05
79116791.37
79114067.64
79370042.67
79114742.1
79506787.05
44224417.47
27262134.85
44421792.82
44048159.09
44500397.75
14717640.76
79503708.11
79402610.17
44423058.12
48435040.84
43809049.96
44088772.75
48112209.19
46618043.98
44634315.09
78808701.19
23959215.6
79073400.18
48728426.0
44088772.75
23852627.75
47044066.51
46342560.2
46265405.13
46478520.17
24105842.86
48170262.01
44682006.65
48170262.01
79359705.09
27857078.16
48170533.57
47121598.25
47746425.54
48460336.64
44256510.62
79291126.06
48155027.61
79299916.36
48011512.05
48389644.25
79604686.27
79114742.1
25431123.06
47117291.28
25419150.51
48421549.36
44161571.21
48107251.45
48154218.21
25633260.92
79291126.06
48127536.59
25225343.03
79291126.06
79381906.53
79227599.12
79370042.67
44523337.5
14445916.2
48348138.65
79604686.27
24804368.12
25898559.39
27277897.97
48292619.3
14716467.12
46704681.63
48367769.27
79370042.67
27294379.04
48139812.68
46565072.34
79381906.53
79220044.61
79109533.79
24677843.19
79109533.79
14709786.71
79180445.09
48561862.4
48422752.43
48402557.94
25560486.89
27277897.97
14440943.78
43831237.07
44607534.85
79402610.17
79220044.61
47174624.35
46281861.21
27472316.23
27689522.13
24661598.46
79227599.12
48289375.59
44831327.77
24165905.54
79506787.05
43840949.43
79227599.12
79114067.64
79180445.09
44516386.92
26155738.31
44227091.16
43840949.43
48321865.47
79299916.36
79305623.1
44035197.47
79503708.11
25642122.83
48115089.05
48144983.79
24839359.34
25430876.24
44219800.85
48189964.54
24099071.82
44022512.86
79503708.11
79320460.98
44060775.74
44160324.41
79284260.0
43840949.43
27287013.94
79220044.61
48251656.18
27526935.58
44753165.9
48531962.35
46544889.94
79109533.79
46648125.01
44523337.5
46265405.13
48144983.79
47253031.6
44108493.28
79359705.09
24029100.33
27378545.89
79299916.36
25405503.25
79109196.14
24099071.82
25548478.14
79503708.11
48529984.44
23827463.62
46478520.17
79432499.05
43840949.43
44606831.19
79402610.17
79506787.05
48643881.44
79180445.09
14708137.64
79227599.12
48561862.4
79351163.03
79351163.03
79180445.09
79319834.73
47281785.58
48429170.93
48318003.77
48721465.94
48291418.93
47022679.43
23610194.64
79359705.09
48108072.64
24135055.63
28183251.63
79109533.79
25948136.5
48400617.48
79291126.06
48454446.89
14443666.6
79604686.27
44438448.92
48006082.56
27470577.21
26120132.02
24245944.7
79305623.1
23959215.6
44650425.12
48183630.13
48173687.89
79180445.09
27576500.5
48534108.06
79351163.03
48191415.72
25532753.32
46467006.85
46281861.21
46287248.34
27464647.23
44747011.7
48264966.92
79109196.14
48708000.05
79073400.18
48336762.93
79291126.06
48291418.93
48283758.57
26066108.57
27453737.89
44022512.86
14718885.81
43831237.07
25643699.04
79370042.67
25313662.58
79227599.12
27474888.2
79319834.73
48273103.58
44630484.64
44589724.95
23867589.02
79227599.12
48531365.88
46873984.37
43992101.39
48402557.94
79073400.18
43992101.39
48321865.47
25008357.63
24966248.38
24033199.74
44601054.34
79604686.27
79432499.05
44589724.95
48521179.23
14453246.82
79284260.0
47892738.28
24741987.24
44022512.86
24019693.61
48369664.35
25330229.27
26104363.54
48400617.48
79370042.67
79432499.05
27474309.57
25394329.46
46544889.94
44747011.7
27300316.15
48202873.35
79506787.05
25422493.06
79299916.36
43904666.09
44499139.32
48324485.22
43887999.96
23641624.33
48122996.1
14445190.09
79320460.98
24008424.82
23866448.08
44084523.65
46445921.29
47022679.43
14451416.48
79370042.67
26057359.31
44521357.43
25633260.92
79109196.14
44003543.88
79604686.27
25434795.85
27957441.18
44035197.47
46435324.97
43825833.74
79114067.64
79220044.61
46676382.01
44160324.41
48827069.69
44686300.01
24033199.74
27603893.11
79109533.79
48006082.56
44436432.65
48066877.3
44146572.38
25536028.43
79116791.37
46735062.41
48206617.37
25416326.16
79370042.67
48227244.81
44224159.77
14717741.19
48336762.93
27596619.59
14432986.22
48370473.96
48336470.43
48304908.92
44587791.56
24964434.09
79506787.05
46297142.1
27957441.18
48534108.06
28156742.73
25860128.19
48558862.02
44482723.71
25294681.83
79291126.06
44704893.86
25956209.93
27547733.09
79073400.18
79114742.1
48303561.68
48622886.31
24622481.65
79319834.73
25431123.06
79114742.1
26266462.88
48170262.01
79109196.14
46766650.22
25313662.58
78808701.19
79432499.05
79220044.61
14710280.96
79370042.67
46467006.85
79359705.09
14722202.0
14447894.91
25956209.93
48366401.98
48274734.36
79180445.09
48316173.75
79114742.1
48531365.88
48304624.54
46381772.54
79359705.09
79351163.03
27526935.58
48289375.59
24964434.09
47141786.61
79381906.53
43831237.07
79604686.27
25964275.39
27385872.13
48264966.92
27947880.83
78808701.19
78808701.19
44651675.99
48094611.67
46344002.01
44249024.7
24995914.67
79359705.09
79604686.27
79073400.18
48110280.17
79381906.53
48200254.94
79114067.64
46449377.24
79402610.17
47746425.54
27569564.08
27576500.5
46022294.52
79319834.73
48429170.93
79402610.17
44586297.46
44484030.05
48324485.22
78808701.19
27343048.82
79305623.1
27466941.31
44318995.74
24560945.19
27307984.97
25418727.09
79320460.98
48390077.26
14712806.06
24741987.24
46873681.42
79506787.05
44035197.47
27378538.76
48122128.89
44472055.32
44035197.47
79220044.61
23852627.75
79305623.1
23908780.58
48185448.73
79299916.36
79432499.05
25957216.68
46648125.01
14445190.09
27478157.22
27463229.32
27461214.79
47067422.21
46530501.08
25631942.22
24560945.19
48390458.01
25264599.98
25334685.42
79227599.12
27467676.73
47746425.54
48348768.58
79114742.1
25406432.93
44411352.97
25536028.43
25959881.85
46459280.77
25342322.54
14451826.13
44141136.21
14447894.91
14448664.88
79299916.36
48187678.47
24019693.61
48173687.89
79359705.09
48347941.81
44615271.36
27687320.29
14452693.67
46704681.63
79506787.05
24607664.42
79305623.1
27269454.46
48218197.26
44646632.74
46478520.17
44502398.23
79381906.53
25405503.25
79503708.11
79506787.05
79116791.37
14725077.49
48264966.92
48324185.06
48422752.43
44437109.45
79109533.79
27540434.32
79299916.36
14705880.21
48096832.26
14451394.34
46490866.84
44618229.1
44482014.5
25532753.32
14441251.48
26279962.84
48202873.35
24751872.6
46540630.55
79351163.03
27464647.23
79320460.98
46342560.2
48113020.19
46297142.1
48132571.46
24193652.32
79180445.09
25965320.07
14448675.84
48605388.87
14718067.79
79116791.37
44630484.64
79381906.53
48305347.54
44680028.48
27682052.13
79359705.09
44120897.82
27572338.93
46540630.55
27322871.66
46381772.54
27270508.54
43904666.09
44438448.92
79291126.06
25330229.27
46636831.73
79180445.09
28158791.24
27287013.94
44060775.74
44483209.49
46449377.24
44141136.21
26157720.3
24032872.09
79109533.79
79299916.36
48391833.9
48068169.32
27369420.98
79351163.03
48721465.94
25264599.98
48273786.42
79109533.79
23888620.29
79109196.14
25414950.4
79359705.09
25213287.06
46772651.92
27526935.58
79305623.1
44650425.12
44022512.86
79291126.06
24766467.82
23883811.19
48172507.2
46265405.13
79604686.27
24995914.67
48274734.36
44682006.65
79351163.03
79114067.64
46449377.24
48085057.34
44482014.5
79381906.53
78808701.19
44499128.75
79503708.11
14725077.49
27294379.04
79109196.14
25491715.82
48011512.05
27350438.54
27474309.57
79503708.11
48202873.35
26029411.61
26065453.0
44815536.66
46192920.71
44219800.85
79220044.61
48191415.72
24162574.36
48218197.26
79305623.1
79220044.61
79506787.05
79370042.67
46342560.2
48318997.72
78808701.19
48503296.44
79359705.09
24247393.25
26158721.47
48400617.48
27579843.31
43992101.39
46618995.73
48202379.82
48284818.38
47044066.51
46457333.57
14453870.62
44583936.86
79506787.05
48215112.27
44323161.85
48286232.26
48305888.01
28049987.92
79114742.1
23944325.55
27378545.89
44003543.88
24247393.25
44537667.22
46602570.11
48604570.96
44010630.4
48335866.06
48454446.89
46287248.34
46448207.12
24061948.87
79291126.06
79114067.64
79305623.1
79432499.05
48529140.52
79114742.1
79402610.17
26268178.18
46602570.11
25334685.42
79220044.61
79180445.09
26158721.47
25428730.92
26126796.31
78808701.19
79291126.06
23858564.69
79073400.18
79284260.0
48728426.0
79503708.11
79402610.17
46565072.34
25238476.81
46676382.01
46602570.11
14448675.84
43566240.4
48273928.17
79381906.53
24868316.33
23836381.35
79114067.64
25330229.27
46448207.12
44084523.65
79604686.27
24770373.45
27689522.13
23852627.75
14716467.12
46636387.69
14449476.42
79180445.09
14443666.6
48106138.8
48806858.77
48021343.07
79220044.61
79109533.79
79291126.06
79114742.1
47746425.54
44737890.9
48864510.34
79114067.64
48574104.71
79319834.73
27449900.94
48171899.91
44022512.86
48321865.47
48294016.64
23936633.93
14706598.7
79305623.1
48230483.21
27533579.38
48414850.04
48534108.06
44483914.3
44742864.31
79299916.36
26051020.89
43904666.09
25869103.2
48140027.4
24019693.61
44589777.41
43825833.74
47849938.22
14448664.88
26182555.78
48107251.45
79284260.0
79381906.53
26053356.37
27269454.46
46565072.34
43887999.96
14705049.88
25431123.06
24749520.6
27965174.52
48521179.23
79114067.64
48006082.56
47989689.29
48021343.07
25643699.04
14453246.82
79503708.11
46565072.34
25471024.52
48239430.37
44737190.16
14451416.48
79109533.79
79359705.09
79604686.27
26052680.53
79291126.06
48270886.46
47848523.54
44618938.79
14441251.48
48531962.35
27300316.15
79320460.98
48126716.74
48269170.63
79284260.0
48187678.47
14444001.18
24030523.04
79291126.06
44146572.38
48152296.09
46281861.21
48422364.11
27579843.31
27908967.28
25521011.01
48173687.89
27472316.23
48283993.33
44742164.49
26029411.61
46022294.52
43990115.3
25941428.06
24766467.82
47026302.18
48293675.94
46636387.69
14445431.27
14444001.18
46530501.08
26195324.14
79503708.11
27378538.76
27300316.15
44342872.0
79114067.64
46287248.34
14709786.71
27603893.11
48207465.0
79402610.17
46540630.55
27269454.46
46265405.13
25326017.09
48124353.32
25306812.42
14441630.0
48391833.9
25008357.63
48864510.34
46478520.17
25252225.21
79109533.79
46920242.27
79109196.14
44521357.43
46544889.94
48304624.54
78808701.19
24245944.7
48157271.35
44606118.15
24193652.32
48306694.2
27461214.79
79116791.37
79114067.64
79114067.64
48190868.46
79506787.05
26056343.72
44599727.23
79319834.73
46490866.84
24546128.82
48347941.81
48215112.27
46540630.55
48168178.93
46281861.21
25238476.81
25306812.42
79220044.61
79604686.27
48006082.56
48202873.35
79503708.11
24329170.69
48938246.84
25485035.56
44043359.23
24135055.63
44467538.11
27547733.09
44720083.09
24896055.55
79114067.64
48289375.59
48006082.56
26117135.45
46863908.64
43809049.96
48085057.34
25491715.82
79299916.36
27467676.73
78808701.19
14457111.41
48106138.8
79114742.1
26138572.16
48092319.49
79503708.11
79506787.05
79109533.79
46602570.11
44409340.21
23944325.55
23827463.62
23975456.07
48272964.07
79299916.36
48323513.88
78808701.19
47055452.84
44043359.23
46661137.16
48546407.75
26051020.89
79604686.27
48326868.31
25560486.89
25857342.61
44420678.5
27051784.71
25908847.9
79506787.05
14448818.97
79116791.37
48284818.38
44563003.56
44608121.78
79503708.11
79220044.61
25645467.61
48215112.27
44499139.32
48422752.43
44501099.05
27472316.23
79432499.05
48390077.26
47989689.29
27322871.66
79381906.53
79073400.18
48114444.09
79370042.67
24247393.25
28183251.63
46512551.07
79320460.98
46459280.77
24030523.04
24064266.99
27474309.57
43990115.3
24032872.09
24747872.22
48303120.95
25430876.24
24064075.94
43809049.96
24165905.54
43566240.4
79432499.05
79284260.0
44437128.78
48218197.26
24116806.85
43886518.32
79351163.03
79299916.36
48199428.57
48142436.15
79319834.73
48460336.64
27051784.71
46544889.94
48441792.44
14717640.76
79291126.06
48206617.37
44404791.75
24804368.12
48283993.33
79320460.98
24276803.69
48501912.05
46544889.94
79402610.17
79319834.73
43993079.9
79432499.05
27579843.31
44249024.7
43809049.96
14445916.2
79109533.79
24642370.81
48400617.48
43993079.9
24762678.25
48239430.37
44845365.48
46022294.52
23975456.07
43926030.26
79227599.12
25645467.61
48190868.46
48303561.68
47880436.71
24755573.13
43992101.39
25483573.26
27370978.64
79220044.61
46342560.2
79109533.79
27294379.04
28120229.28
79402610.17
48185448.73
48501912.05
44601747.79
79305623.1
44075633.29
25222198.2
79227599.12
79402610.17
14447894.91
14718817.32
44661517.92
79227599.12
14456771.66
24099071.82
79381906.53
14722681.05
79381906.53
14441630.0
46360748.6
44618229.1
48294072.39
48711592.91
46597457.83
79284260.0
44022512.86
48316758.04
27270508.54
48752647.3
14445190.09
46618043.98
25485035.56
43926030.26
48199428.57
79220044.61
79370042.67
44163584.29
48435040.84
27467676.73
23908780.58
43566240.4
27596619.59
48428557.85
79503708.11
79320460.98
79220044.61
48318386.27
79073400.18
27470568.59
47994228.89
27569564.08
79220044.61
24130153.38
27464647.23
79381906.53
79227599.12
27307984.97
79370042.67
47989689.29
25406432.93
43566240.4
25222198.2
27687320.29
79305623.1
25286864.62
14717468.31
43993079.9
44608856.74
48171899.91
79114067.64
46714890.51
44615271.36
48269170.63
79284260.0
79359705.09
46478520.17
79351163.03
46467006.85
27330678.6
79604686.27
44651675.99
79299916.36
24600182.76
14440943.78
14445916.2
44269853.33
46490866.84
48183630.13
79432499.05
46846486.14
44522086.44
24329170.69
24060285.47
79506787.05
44010630.4
48144983.79
44545737.66
79073400.18
26119103.17
46459280.77
44696061.4
44844639.66
79114067.64
46846667.37
79305623.1
48238582.74
44563003.56
24067985.66
79319834.73
25252225.21
79114742.1
24019693.61
44342872.0
48401748.33
79432499.05
24751872.6
48227244.81
48202873.35
46381772.54
79109196.14
44454292.37
47746425.54
14451826.13
44606820.46
24753325.25
48190868.46
46704681.63
79320460.98
46540630.55
48400617.48
44588498.82
46269913.8
25471024.52
46449377.24
25008357.63
44010630.4
44606118.15
25418727.09
46602570.11
79291126.06
44010991.54
27361783.07
24646801.06
24738495.64
25394329.46
43886518.32
26267181.06
24276803.69
27596619.59
48202873.35
48422364.11
44084523.65
43926030.26
44537667.22
79109533.79
46269913.8
79381906.53
79351163.03
79109196.14
14718885.81
48365569.64
79381906.53
48326868.31
48114444.09
48306694.2
28053444.58
44010991.54
47989689.29
26050006.6
79284260.0
48459522.95
14445431.27
24278670.84
79370042.67
23641624.33
44177479.42
44108493.28
79402610.17
46342560.2
79370042.67
46766650.22
79359705.09
79114067.64
47994228.89
44668611.05
26105376.02
48170262.01
79114067.64
44423058.12
14448818.97
27579843.31
48172507.2
24162574.36
43801248.19
27873560.64
28029209.17
79114067.64
46661137.16
79109533.79
25848351.89
44084523.65
44381041.83
79604686.27
79370042.67
43566240.4
43993079.9
23866448.08
79402610.17
79116791.37
47281785.58
79503708.11
44048159.09
23936633.93
46445921.29
27687320.29
44256510.62
44483209.49
14452693.67
46597457.83
43825833.74
44003543.88
14725895.06
79180445.09
44587791.56
79381906.53
79351163.03
25326017.09
48316758.04
25294681.83
48410690.19
79604686.27
25213287.06
27467676.73
23836381.35
25428730.92
46565072.34
27689522.13
48321865.47
79299916.36
44620228.58
25250601.57
43825833.74
79506787.05
23610194.64
78808701.19
48549152.13
27474888.2
25274376.68
23920108.0
79291126.06
24655474.97
27044072.07
28054496.92
46512551.07
44010991.54
14448664.88
79402610.17
79305623.1
79073400.18
44452369.08
44226328.6
14456771.66
24586194.11
24853512.83
44010991.54
48135296.68
48215112.27
48200254.94
79351163.03
25536028.43
43904666.09
48729455.63
28127063.51
27540831.41
48085057.34
48326868.31
79180445.09
44421086.55
25274376.68
47994228.89
25560486.89
79506787.05
27478157.22
79503708.11
48335866.06
24105842.86
44860993.52
46269913.8
25485035.56
44010991.54
79114067.64
48323366.91
14706598.7
28268505.79
79116791.37
44680822.31
48304908.92
48729455.63
79284260.0
44381041.83
48186264.13
43886518.32
48292237.08
79506787.05
46297142.1
79381906.53
44661517.92
79073400.18
48385918.48
47880436.71
79381906.53
48085057.34
44146572.38
79114742.1
44587572.58
27540434.32
79604686.27
25521011.01
25885793.54
14445916.2
48311836.53
43926030.26
79073400.18
26057359.31
46344002.01
79180445.09
48183630.13
25873478.71
48122190.38
48021343.07
44706175.04
26039558.64
79227599.12
79402610.17
14452693.67
79381906.53
25264599.98
25548478.14
24655474.97
48398437.91
43825833.74
46342560.2
25213287.06
23927834.85
47994228.89
46381772.54
79432499.05
43831237.07
44421086.55
43809049.96
48401748.33
79109196.14
46439834.53
24085256.13
79370042.67
79320460.98
24856806.93
14692555.84
44219800.85
43926030.26
26104363.54
26119103.17
48303561.68
79114067.64
48215112.27
48527423.26
46269913.8
79506787.05
48453632.13
48318003.77
27044072.07
28057008.61
14712806.06
78808701.19
44603775.69
27307984.97
79319834.73
14448742.68
48371898.47
23610194.64
14451416.48
44454292.37
27519090.04
79220044.61
26052348.41
46445921.29
48460336.64
79114067.64
79319834.73
79114067.64
79227599.12
44489345.9
25928672.93
78808701.19
46344002.01
25491715.82
79114067.64
24586194.11
46937597.57
27378545.89
43813848.94
46544889.94
48317000.52
79351163.03
48112209.19
27449900.94
48441792.44
47989689.29
79299916.36
23908780.58
26066108.57
24642370.81
46287248.34
79180445.09
25536028.43
46467006.85
79109533.79
25234389.12
48289375.59
79291126.06
23944325.55
44426762.32
27262134.85
44545737.66
48303946.11
25947122.25
27463229.32
79402610.17
24029100.33
25948136.5
48283758.57
79109196.14
79381906.53
79604686.27
79320460.98
48336703.35
79604686.27
14449476.42
24755573.13
27466941.31
48324185.06
44249024.7
79320460.98
44846644.57
79402610.17
79351163.03
24245944.7
48011512.05
47848523.54
48428557.85
27442577.22
79299916.36
48106138.8
48068169.32
79109533.79
44684276.31
44815536.66
24136962.1
48289375.59
79432499.05
79370042.67
27474888.2
79503708.11
48200254.94
25419150.51
44108493.28
48109437.31
25631942.22
48543453.35
46710715.03
79073400.18
44585584.58
46449377.24
79109196.14
23967918.04
43825833.74
48183630.13
46873681.42
48127536.59
48239430.37
23927834.85
27461214.79
23897802.35
79299916.36
48190868.46
79073400.18
79109533.79
27540831.41
48214645.37
47994228.89
44668611.05
25234389.12
25334685.42
48068169.32
25629335.48
79291126.06
48472621.35
27464647.23
79370042.67
25225343.03
46842159.21
25491715.82
26053356.37
46636831.73
79116791.37
25427093.74
44684972.63
46490866.84
79073400.18
24064266.99
43990115.3
48400617.48
24627577.85
48124353.32
79351163.03
46846486.14
78808701.19
14721930.01
79320460.98
79319834.73
14444001.18
48534108.06
79109196.14
25427093.74
43990115.3
44692899.14
48127580.0
46381772.54
43904666.09
44442774.4
44108493.28
24135055.63
79432499.05
24036667.05
44669398.83
79073400.18
79109533.79
23936633.93
24036667.05
44591027.18
27449900.94
78808701.19
27369420.98
24981069.38
79506787.05
46269913.8
79359705.09
27262134.85
48286232.26
27385872.13
14457111.41
48390458.01
27449900.94
44249024.7
44224159.77
48068169.32
79114742.1
48292619.3
23927834.85
46842159.21
79359705.09
48173687.89
44084523.65
44010991.54
44485181.7
79180445.09
79220044.61
48558862.02
48085057.34
46551677.1
44500397.75
44224417.47
26170499.96
46435324.97
27470568.59
46449377.24
24245944.7
25431123.06
48938246.84
25497037.75
46597457.83
44482723.71
79351163.03
14456771.66
48172507.2
43992101.39
79291126.06
24569978.95
79351163.03
44088772.75
46615833.95
46629021.2
44742164.49
79320460.98
44227091.16
43886518.32
26168508.92
48090095.38
44816230.69
43904666.09
44219800.85
79503708.11
48108072.64
23827463.62
48264966.92
44146572.38
79305623.1
44410045.34
27682052.13
48264966.92
79319834.73
27343048.82
44162259.46
25503765.78
47849938.22
44583936.86
47067422.21
48275183.17
79220044.61
43887999.96
26131852.77
24839359.34
24995914.67
79351163.03
44544682.87
46467440.75
79109196.14
79503708.11
79370042.67
44700356.77
44753165.9
79604686.27
46287248.34
79506787.05
79114742.1
79299916.36
48315932.99
24881253.81
27463229.32
79432499.05
25947122.25
48168178.93
25422493.06
25503765.78
14447894.91
79299916.36
44831327.77
48329024.62
48122190.38
79319834.73
79381906.53
48305731.27
79351163.03
24555173.44
48169578.73
24585382.74
48170262.01
24136962.1
48305731.27
26028386.05
14453246.82
46281861.21
48208818.92
79109196.14
27370978.64
44427459.82
79370042.67
27262134.85
44622087.54
79220044.61
27848767.67
27519090.04
46466601.07
44219800.85
25856332.4
44467538.11
46459280.77
26131852.77
48264966.92
26126796.31
48400617.48
79227599.12
79351163.03
79227599.12
25521011.01
44162259.46
46490866.84
48170533.57
79604686.27
23852627.75
44022512.86
79227599.12
48292237.08
25434795.85
46192920.71
43840949.43
28040315.8
46344002.01
44426762.32
79116791.37
48421549.36
47847723.3
24670294.68
79432499.05
79319834.73
25416326.16
44482725.22
44425476.99
79320460.98
46342560.2
79180445.09
14717468.31
25417698.85
79109196.14
44436432.65
79180445.09
48312120.79
44088772.75
79180445.09
79073400.18
48429170.93
24247393.25
46448207.12
27466941.31
79180445.09
79299916.36
48421938.67
43813848.94
48167318.36
24546128.82
44483709.54
43887999.96
79114742.1
44010991.54
79116791.37
79370042.67
48122938.29
48106138.8
24032872.09
44696061.4
44907102.68
24824542.73
79359705.09
44606820.46
79227599.12
28040315.8
28158791.24
26267181.06
27442577.22
48326868.31
25928672.93
27044072.07
79114742.1
25330229.27
79432499.05
28050991.52
23836381.35
24738495.64
46597457.83
14442690.16
48316758.04
79402610.17
24753325.25
79227599.12
48170262.01
79116791.37
43887999.96
24169225.89
48186264.13
79351163.03
46281861.21
48276132.78
27385872.13
79073400.18
79284260.0
44767194.96
79291126.06
43990115.3
48324485.22
27453737.89
26183562.47
79116791.37
25560486.89
44437109.45
79351163.03
44817510.41
48291355.43
48335040.89
79116791.37
25957216.68
44177479.42
24747872.22
14710280.96
48127536.59
48311836.53
26266462.88
79114742.1
14449465.4
79180445.09
44669398.83
23866448.08
25322423.63
47253031.6
46448207.12
46704681.63
44410045.34
27470568.59
23939973.45
27442577.22
44088772.75
79320460.98
48269170.63
48142436.15
28105150.39
79180445.09
44219800.85
25886807.77
46597457.83
48269170.63
48264966.92
27908967.28
79299916.36
44084523.65
27330678.6
27682052.13
44035197.47
48422752.43
24571384.09
78808701.19
79402610.17
48273928.17
27680327.57
44631195.71
46466601.07
44442774.4
26039558.64
25322423.63
79402610.17
79319834.73
48106138.8
44244767.79
48190868.46
14448742.68
79402610.17
48398437.91
79220044.61
79319834.73
79319834.73
79284260.0
44374726.09
79305623.1
44631195.71
24871620.41
79116791.37
48066877.3
46919274.01
44237675.73
79227599.12
25643699.04
48366401.98
25342322.54
24344002.16
79220044.61
46269913.8
27307984.97
48068169.32
25405503.25
48239430.37
25394329.46
44219800.85
44483709.54
79299916.36
14440943.78
44817510.41
27478157.22
44799906.67
48369664.35
79116791.37
79305623.1
24030523.04
79227599.12
27277897.97
48006082.56
44163584.29
44604874.62
43825833.74
44680744.34
47121598.25
48132571.46
23927834.85
46467006.85
27572338.93
44498107.69
44648069.13
47868021.11
79503708.11
79114742.1
79604686.27
79402610.17
14451416.48
48270886.46
14722681.05
79114067.64
46445921.29
25645467.61
48326868.31
48202379.82
79180445.09
25406432.93
48289375.59
46297142.1
46540630.55
78808701.19
79114067.64
24600182.76
46858252.53
44878454.58
79073400.18
27965174.52
79351163.03
48423762.22
48860012.35
48967255.18
14448818.97
48110280.17
25416326.16
79109196.14
79432499.05
24749520.6
46676382.01
79402610.17
48191415.72
79359705.09
44088772.75
48289375.59
79381906.53
24663073.46
79370042.67
48323366.91
26062772.88
48066877.3
46772651.92
46676382.01
48321865.47
44618938.79
44485181.7
79109533.79
46022294.52
79359705.09
79305623.1
48323668.62
44428789.76
14456771.66
24067985.66
25418727.09
48096832.26
27478157.22
14448675.84
44404791.75
48501105.08
48740786.11
26050006.6
25523782.84
27547733.09
79319834.73
46360748.6
43993079.9
44758111.6
44411352.97
24036667.05
14451826.13
14451826.13
79284260.0
48191415.72
48326868.31
79073400.18
44146572.38
43904666.09
25633260.92
14723744.82
27687320.29
25898559.39
79320460.98
26052348.41
27269454.46
79432499.05
24585382.74
46597457.83
48066877.3
27051784.71
48503296.44
46704681.63
24832562.73
44742864.31
44680744.34
47025008.24
27474309.57
48155027.61
44599017.64
48202379.82
79320460.98
79116791.37
48122996.1
25885793.54
44406796.19
14442690.16
44141136.21
48169714.08
25342322.54
44003543.88
48711592.91
79503708.11
79506787.05
79432499.05
79227599.12
25430876.24
46022294.52
46565072.34
44878454.58
79284260.0
48306694.2
79402610.17
79319834.73
24817780.6
79432499.05
25872474.3
24039591.76
79220044.61
14432986.22
79114067.64
79114067.64
44604874.62
25941428.06
79432499.05
48140027.4
23610194.64
48398437.91
47880436.71
79506787.05
46846667.37
79109196.14
27463229.32
25422493.06
43990115.3
46344002.01
46490866.84
48305731.27
79180445.09
25532753.32
23883811.19
48173687.89
79503708.11
14692555.84
