32181343.39
34940807.98
33114962.73
40335205.96
37604643.05
34519578.6
56059674.49
38910146.71
19155984.03
85449866.68
19952717.02
53348137.73
12717652.14
48561236.32
32599758.93
15368935.55
24573725.39
54703529.59
76227955.49
58433834.74
28972733.25
75251216.15
50761059.18
78181434.15
26761531.05
18418653.68
14530913.39
12501841.69
24043841.06
25091819.14
38840241.16
44930935.51
26350360.25
50461186.59
35921820.72
83366046.41
37887432.14
20662888.5
18128960.27
31047084.61
67111721.72
73297737.49
18795450.24
65483822.83
48174727.15
81282226.15
44431788.95
45717105.63
30772420.29
51404092.9
34225500.55
47423578.77
23680174.27
16846095.09
81976832.9
60083643.67
74925636.38
84755259.92
24253427.08
22491573.99
78509757.48
37331668.98
34613063.13
76553535.26
58094712.55
59112079.11
79198405.88
50759379.39
81976832.9
70041939.71
48822728.24
41453509.15
45156282.29
49378775.48
81282226.15
42657510.9
55665627.87
25285558.3
25092832.23
74274476.82
51703256.01
90659417.34
83366046.41
58380838.61
44088554.51
28288368.45
51061077.48
35919740.03
73297737.49
57416501.3
13868973.86
85797170.05
19649343.07
92743237.6
44989500.0
72646577.93
38294936.57
53032893.23
49378775.48
83366046.41
25877659.44
80934922.77
51074076.55
49357250.67
26099603.18
44343800.11
72646577.93
91006720.71
19338350.69
25810197.86
26516927.37
74925636.38
32162938.56
49660525.93
34349483.2
43573835.59
90659417.34
12470207.22
67762881.27
33231314.38
31345004.2
13375820.97
47701235.62
31059220.52
13539574.02
71018679.05
52686212.26
12806235.41
56988825.13
35465011.77
92048630.85
48454941.74
33019200.16
36993957.19
36405770.17
68414040.83
33856470.28
24337744.16
53000202.69
35336937.72
12514133.52
12942542.66
40814696.65
44431788.95
12720182.51
70041939.71
53935692.52
12490394.97
32937668.19
64507083.5
34077084.4
60925705.95
33314181.04
56300587.99
32450927.38
40748207.15
40639781.79
36466084.35
35650334.4
56392158.33
16831697.45
81629529.52
32426003.22
59948966.61
45470588.56
48839339.11
29223449.39
40367752.71
33484110.2
32993335.3
13667194.14
74274476.82
49356343.45
54615550.19
36730386.42
59397603.27
36221913.04
39996033.0
23742606.94
80240316.01
60925705.95
38972388.84
46246440.47
46864703.5
60468794.6
49399526.83
59065765.04
33466715.53
36967762.0
59789891.48
76553535.26
29964821.01
35843526.21
37062060.14
25339091.75
69065200.38
63530344.17
50782073.15
88922900.45
41616470.02
64181503.72
14314860.75
25099866.74
15715806.41
46019301.19
84407956.54
44021865.79
26286593.36
81282226.15
73297737.49
33285284.95
43586509.59
40911219.48
18984965.24
29420174.12
46341159.52
87533686.94
60600126.17
35088875.04
51919121.89
65483822.83
51319537.85
93090540.98
37005823.52
33194193.93
36466084.35
35716903.9
33703895.98
13628049.28
26870176.33
54954523.55
39787009.49
81282226.15
57701208.04
12514133.52
18561860.35
35840744.47
53310191.8
78181434.15
34861363.4
20749148.01
34829775.59
52686212.26
18514505.15
86144473.43
52098640.2
52717476.36
74925636.38
36695364.74
88922900.45
24350761.99
41469405.26
50461186.59
54143898.5
59948966.61
33147875.77
33021404.73
75902375.71
20648987.04
16173145.33
35755163.27
49658281.96
38579759.03
33263637.1
36115689.86
35465011.77
31266001.04
14098865.72
17239956.21
34613063.13
39773983.63
31901942.28
35296512.31
12843123.46
49897250.64
56004628.42
44367956.46
26870176.33
42488388.15
48773859.34
31250501.0
44929710.64
18065145.09
56683408.44
37758815.52
68414040.83
56300587.99
24161665.84
47113379.89
46107455.77
32501063.41
48559149.56
52612125.69
61902445.28
23679190.26
27433083.6
48623197.67
17195119.91
12597918.2
87880990.32
49050853.37
74925636.38
60600126.17
46325838.44
34347080.62
30161031.8
74925636.38
12904658.49
89270203.83
44659492.82
38912142.83
28965267.97
56737818.18
42114200.68
63855923.94
31888673.35
22794761.95
35104319.42
51342329.86
12480845.05
43512610.32
33871706.84
23443844.8
30512545.38
26233126.65
79198405.88
38972885.46
52920705.02
32080865.85
30825388.83
59948966.61
38095928.68
28693150.1
44711851.68
20798691.12
55739788.9
32842908.75
37822823.55
59736886.59
44898989.35
67762881.27
31796484.08
31140630.65
44924664.51
23403287.07
58040486.11
48216465.9
65483822.83
54710251.79
39792577.64
22973213.19
15103374.29
20749148.01
31875527.93
36041710.7
63204764.39
85797170.05
39384804.7
52733666.86
76227955.49
18066142.13
57076900.8
34270391.18
14655913.5
30419495.21
87880990.32
25772721.89
60754736.84
55285867.0
52741863.03
49117953.34
37893467.21
40205343.31
24856263.46
36823095.82
75251216.15
39983236.03
79893012.64
48735168.21
25995931.09
58433834.74
56076582.1
46286266.54
80240316.01
15318237.06
71995418.38
22985010.73
39775102.14
14954760.68
25798516.19
53259668.09
19387355.74
46943076.45
46628080.39
57416501.3
88575597.07
89617507.21
34829775.59
84407956.54
36591129.68
51944406.52
16646926.11
34378724.69
21797837.49
37909741.85
51050153.88
32862484.68
26151459.41
62553604.83
30814488.91
51691859.87
87186383.56
61251285.72
32686783.03
71995418.38
75902375.71
39824907.87
57771501.22
56310677.11
88922900.45
43354362.54
45471322.16
15386738.04
26977557.78
41740856.29
17082960.01
66134982.39
50805766.68
59806307.43
44928398.94
63855923.94
39165907.82
48215594.1
36386585.35
33244815.2
45716250.13
70367519.49
37604643.05
18358915.58
13175619.35
32972731.55
18334785.24
45798024.96
74600056.6
48296867.72
54978300.18
32671378.19
47986430.69
43598367.15
33519463.29
28866965.16
85102563.3
75902375.71
56639544.74
18641182.52
25439573.19
61101545.5
33739279.97
44596325.35
12880044.12
41841490.2
37069157.58
89964810.58
36183179.48
42111710.36
58006083.78
87186383.56
48771023.2
40251965.84
46864703.5
20189491.48
55686454.79
54428353.36
34202243.37
35133426.86
90659417.34
38020063.73
27670355.65
29976515.28
36736415.61
44072023.86
88228293.7
75576795.93
31024552.83
31029025.77
72972157.71
44384199.05
25617985.01
31620616.04
79198405.88
31522894.8
37875937.26
31079746.42
12819157.31
23209492.93
39244253.95
91006720.71
50136475.53
85449866.68
41631005.39
17696405.56
35375183.81
75902375.71
47721648.26
38724763.91
71344258.82
34850188.79
31261266.83
27776751.26
17037524.08
48767577.25
30205036.61
36519509.91
28162873.09
49676833.63
88575597.07
46878623.68
48490684.5
54989875.03
49660165.47
48002379.09
33826276.65
44072685.44
58094712.55
37329748.38
14192219.73
39932667.51
28434375.21
26234074.76
82324136.28
56006000.25
51061077.48
30559626.57
37004000.69
52669724.07
24440910.61
88575597.07
41838972.46
47936150.14
41182665.72
80934922.77
78851102.5
28693150.1
30639829.68
49101419.99
34611754.59
74274476.82
37925794.33
37004000.69
41860795.7
40655066.25
51930417.58
28684280.69
54722997.64
15933514.84
61902445.28
66460562.16
80587619.39
45197626.54
44430599.76
54479247.62
42012314.15
66134982.39
12860185.25
71669838.6
30649581.47
44037202.4
31959124.42
60468794.6
33194193.93
49015423.16
75576795.93
51703256.01
47171269.0
39011272.66
31889595.77
43027858.57
45179062.23
29435390.69
15525001.97
79893012.64
31318772.6
82324136.28
31620616.04
72320998.16
30464437.87
17763736.66
20621780.29
72320998.16
43315100.09
55043055.86
72646577.93
55326372.71
50500835.32
55586092.0
23965771.62
63530344.17
25146960.33
14010775.72
68414040.83
13064689.63
26336778.91
81976832.9
16337188.45
28288593.91
52680075.53
31423282.51
72646577.93
61576865.5
35840744.47
24856263.46
47433722.82
39775102.14
81629529.52
19457403.1
29949963.29
15280399.23
14063145.12
51913356.38
44975468.99
44440324.85
39466777.35
38839485.14
21808733.98
62879184.61
39405852.82
47702772.52
43250003.29
66786141.94
49046440.35
24386309.54
71995418.38
23734980.34
15889413.62
90312113.96
92743237.6
86839080.19
39231353.04
71018679.05
39112141.97
18391559.55
63855923.94
36461789.21
23970284.04
17457778.22
51635941.11
40783978.2
38196587.65
35050683.9
65483822.83
14715948.44
35878629.23
37550509.6
51619111.78
30512545.38
41359577.0
45798024.96
73948897.04
71344258.82
58433834.74
51043421.43
25403212.39
31468559.21
29187515.38
58720107.66
19501938.85
56731115.08
23626196.77
90312113.96
55163293.77
86491776.81
58040225.0
20359249.32
46307032.27
54042059.02
32900882.04
51355770.79
32842908.75
24279287.09
72646577.93
22985010.73
79893012.64
67111721.72
18984965.24
74600056.6
43598367.15
25563966.21
16397783.66
36656564.45
41293312.27
22503615.26
15715806.41
28693150.1
16864939.79
55884627.94
34016967.67
74600056.6
32842908.75
58788855.57
53579315.48
45386309.39
34080872.14
47178920.38
20856940.28
69716359.94
51010261.46
75902375.71
26589571.01
71669838.6
91701327.47
54647864.52
33147875.77
17937756.21
72972157.71
68088461.05
47614297.98
35212602.93
16107007.06
34910138.15
39788457.0
19154961.78
17557831.51
77204694.82
22441917.57
17547511.98
35123526.54
42111802.98
12744760.6
38637700.84
57755590.37
40096912.0
34233301.0
32501954.12
61576865.5
12978509.55
44672210.63
87186383.56
28726778.63
62228025.06
65809402.61
61101545.5
13581210.3
24150923.45
43224733.85
71018679.05
65158243.05
19501938.85
81629529.52
47958925.8
64507083.5
20426247.17
87186383.56
89964810.58
30147138.33
22973213.19
35723418.53
61902445.28
41420498.88
48211871.5
48768269.93
54276576.84
72972157.71
50761059.18
86144473.43
51559683.74
30814488.91
29385646.38
25640420.19
82324136.28
29981544.27
45486295.79
44294750.13
32436281.34
78851102.5
66786141.94
46016729.88
41693200.05
50219669.79
78509757.48
61576865.5
35647899.04
43478946.82
60422938.87
32753120.55
17269178.56
15318237.06
13237278.12
34354713.01
92048630.85
20188463.95
55286715.73
24868029.98
35362446.96
12805474.93
32049245.99
14659776.72
51062201.5
74274476.82
37872312.05
18795450.24
12843123.46
35293589.63
46557782.02
56060183.7
30999590.9
21327368.58
87533686.94
25092832.23
61902445.28
44338850.71
69716359.94
12956364.45
48488714.15
36738825.45
27931193.39
60925705.95
65483822.83
89617507.21
45459135.1
47164095.85
33855957.31
13495401.64
37008012.53
82671439.66
30416305.95
81629529.52
39521264.68
51901464.66
50164174.03
35908129.62
65483822.83
75251216.15
17719410.57
12791792.56
34748616.17
27894762.94
64507083.5
18551243.3
91354024.09
47931083.56
39268181.97
32027144.68
53937603.48
37551215.89
52163813.22
40795010.78
43616371.57
53970493.96
87186383.56
41965344.42
53036966.48
27420172.72
80934922.77
51914747.28
35838709.85
46061001.54
64181503.72
93090540.98
29201968.91
68414040.83
16990015.51
45197626.54
34770340.34
12916966.27
43616371.57
42777162.76
33219961.37
77530274.6
36246542.51
76227955.49
38707350.78
72320998.16
35174116.69
83366046.41
35375183.81
61324918.31
39656557.96
38156515.34
26976505.92
36154323.74
37477008.84
18547640.76
42420373.01
89617507.21
34836017.62
57933439.96
26324688.68
28235617.23
64181503.72
60925705.95
51290583.35
83018743.03
38921115.27
37601029.61
67762881.27
45519174.55
48058279.33
12514004.37
30785875.44
36584324.23
86491776.81
12501841.69
20984401.17
89617507.21
53591986.64
44316348.01
26089119.14
61902445.28
39569351.13
35629655.2
85102563.3
12941581.91
61251285.72
32872190.6
17253677.33
64181503.72
65483822.83
50515949.09
52157240.37
50805766.68
67437301.49
63530344.17
88922900.45
44367956.46
49661624.74
22356372.04
39026547.33
37383080.4
20856940.28
57415983.43
71344258.82
50180350.11
47677115.19
34078244.94
42112514.13
44656939.59
51698394.67
36318436.69
12889196.73
27338204.46
30686140.11
51354368.09
64832663.28
50532839.66
89617507.21
37240170.54
12491280.27
35646036.12
23690953.83
43315100.09
37340966.75
59790424.52
58772956.92
45526457.69
84755259.92
27474010.62
68088461.05
13126306.23
36766206.46
57093337.94
36111304.27
45933256.94
46022671.03
20663045.91
13052377.28
25328397.35
52119154.08
36451032.36
53703091.87
37261768.68
54119041.55
79545709.26
78181434.15
34280464.06
25328397.35
48280493.42
43625847.04
40811088.84
62879184.61
33662704.22
44924664.51
49398188.98
54365056.78
24454717.76
35918469.25
85797170.05
55334131.62
87880990.32
47979921.75
32688164.98
28949486.57
38925100.58
19338350.69
27223845.52
42468371.74
63855923.94
30515664.27
32732416.4
16457569.39
54774396.4
