35976388.1
38736807.98
38587354.66
44128913.77
41400643.05
36685347.85
59855674.49
21420249.06
22943690.65
52047496.28
17065608.94
57142218.59
19495693.55
29465630.13
36383935.19
16943225.15
17340026.9
58499529.59
80023955.49
41540874.01
17628214.24
79047216.15
54557059.18
81977434.15
17632406.64
22239069.52
19587456.69
19276613.29
29367050.18
32430724.97
46679517.01
48726935.51
30135753.5
30816414.32
18609967.35
87162046.41
41683432.14
24450822.05
25229082.05
16491207.26
70907721.72
77093737.49
22584230.56
69279822.83
28983226.52
48870424.49
25491393.06
53520990.4
34611313.24
55197924.38
17707134.42
28111743.05
27635694.24
17523581.51
85772832.9
63879643.67
78721636.38
88551259.92
17406158.91
26316809.25
46472971.11
41127668.98
42464107.53
44885303.7
41269574.23
42083520.44
47030405.18
59243148.22
85772832.9
73837939.71
52618728.24
45249509.15
52962564.28
53177673.94
85078226.15
24237022.96
59461627.87
29070504.48
17094132.04
78070476.82
55497077.68
94455417.34
87162046.41
62176838.61
25645557.71
17673032.97
54771338.07
19038058.78
42128820.86
40727177.71
16937862.68
89593170.05
23468998.79
96539237.6
26463909.31
76442577.93
46137237.88
33270746.79
33951721.78
87162046.41
17664982.41
84730922.77
31585784.38
57545524.75
17722422.33
25548706.53
76442577.93
56507713.21
24598318.39
33253102.83
34065645.71
78721636.38
40031474.69
57897503.93
38145483.2
47369835.59
94455417.34
16270977.07
71558881.27
37063073.4
35188348.28
20161443.86
36360794.23
38937599.67
16724827.19
74814679.05
56482212.26
16632812.82
60629622.16
39279882.97
57344045.87
53845485.01
21960646.0
19725702.75
40191824.46
72210040.83
37652470.28
17379285.4
61957306.14
37502838.0
16320572.87
16749083.4
22949565.47
48236324.85
16541427.9
73837939.71
57727753.99
16295303.15
36768569.51
68303083.5
37873084.4
64721705.95
37110181.04
59964765.22
36246927.38
48577103.71
44435781.79
40201495.11
39477983.5
35842809.11
23799542.48
85425529.52
40293830.36
63744966.61
49151466.54
33632064.48
19855715.39
44163752.71
17312847.05
36789335.3
18705278.78
42943080.6
57544923.09
58256347.22
20523615.24
63193603.27
40014995.86
43818478.57
17299109.76
47866557.53
64721705.95
27067853.23
27488727.67
50696488.04
38537409.07
32739745.56
62861765.04
37220303.87
44810318.27
63585891.48
45354825.77
37851797.48
19898717.67
40858060.14
32711479.06
72861200.38
67326344.17
54597589.86
92718900.45
45409878.35
34614614.55
18128479.95
28929583.16
19526498.49
49747517.9
88203956.54
25422862.65
30118336.54
85078226.15
77093737.49
17403115.5
47382509.59
22743381.25
26173242.84
37310223.79
50137159.52
91329686.94
31879630.42
40650743.86
32171739.37
69279822.83
59921679.24
96886540.98
19891782.53
16868043.07
40201495.11
43558560.04
41556402.81
16822647.64
17158763.41
34244661.28
43583009.49
48702711.12
61497208.04
16320572.87
25705670.12
43696563.65
33489320.8
81977434.15
17975334.15
24649962.21
17796608.91
56478400.84
21074012.49
89940473.43
57930242.14
61616097.4
43485935.43
44539313.06
92718900.45
17382703.46
45262088.15
54112319.41
57941985.06
63744966.61
36953760.08
19660286.3
79698375.71
17387833.86
23075962.05
39551163.27
34222558.12
42381469.51
37058681.81
43969847.35
18091187.27
39090562.35
19143522.16
16983703.96
38589780.42
43569983.63
35692671.98
43155096.11
16623628.01
53693250.64
59800628.42
25882962.17
30849092.29
46284388.15
35035558.59
17812268.33
48725710.64
16953288.69
60479408.44
41563041.47
72210040.83
35902329.7
31433828.01
50908431.97
33266502.9
36297063.41
29446327.44
56408125.69
32759221.77
30945771.32
29848130.7
29553264.96
20983783.22
16411041.73
91676990.32
29792444.71
78721636.38
64396126.17
30122054.12
17612870.17
17748691.19
78721636.38
16737292.78
93066203.83
48455492.82
23738776.75
17064384.84
60533818.18
49935358.92
67651923.94
17224658.76
17240282.36
18383249.93
55154941.54
16283720.5
51322429.73
37664891.78
30706757.62
38395125.27
17436792.57
47199318.31
42768885.46
56561502.05
37665283.71
17165955.79
35899936.89
20784662.97
32538522.16
48507851.68
17157327.8
59523250.5
38315498.1
20141358.64
63532886.59
52704046.28
71558881.27
39630557.52
17748815.2
48608620.16
17322479.54
61836486.11
28914867.55
69279822.83
37747854.01
22185324.97
30228807.44
21916355.32
26022372.16
35718466.41
39837710.7
33997982.71
89593170.05
47221087.29
32700831.28
44571658.27
16972787.62
60871671.09
38062470.9
16726737.24
17677191.56
91676990.32
28190314.42
64550736.84
35242866.71
56448791.3
52913953.34
41687175.02
48036856.33
32159964.52
40636401.06
79047216.15
22217371.97
83689012.64
52420116.18
17422968.02
62229834.74
35803442.93
50082266.54
84036316.01
19199276.46
75791418.38
30238772.46
43571102.14
16536057.64
33243121.94
56900465.11
21944585.97
50736784.27
50424080.39
36097793.4
92371597.07
93413507.21
38574916.75
88203956.54
20455491.27
55740406.52
16905925.44
38194848.65
29035592.86
23717625.3
54697728.96
40714772.46
29979282.17
33289210.85
16587880.26
55486247.06
90982383.56
37123295.08
19927973.83
75791418.38
79698375.71
43619151.47
61565065.2
59951474.14
54889405.62
24799127.39
26759167.48
19235640.53
30975557.01
45536856.29
20893922.45
69930982.39
54601766.68
63602307.43
48723443.65
34527783.57
43003370.72
52028283.04
44239464.5
41106734.42
53520135.61
74163519.49
41400643.05
16965667.2
17025551.47
17661032.76
16674997.55
49594024.96
78396056.6
29367105.06
64331023.45
22739702.23
51782430.69
31111251.79
18096718.62
36650058.98
51813357.03
44300223.96
36174574.25
22514938.71
17484189.42
64897545.5
37491215.8
52405060.45
16711170.72
49664134.41
25404088.91
93760810.58
41742911.66
49933172.07
36693973.66
90982383.56
52566370.66
44088617.55
50696488.04
24013431.47
35357854.76
34441802.83
18590768.64
18193471.48
94455417.34
43466493.97
30085117.16
37861611.33
19266203.13
30634412.58
92024293.7
79372795.93
17903502.84
34820515.01
41857408.16
48177202.32
17214683.24
35625795.44
51933450.7
33688326.18
41671937.26
34923293.29
16610050.57
30468829.37
43040253.95
94802720.71
55607570.12
89245866.68
23605340.26
24752523.58
39117204.59
79698375.71
28743963.38
24432067.81
75140258.82
19228427.02
17413664.15
17792176.94
24028631.71
52563577.25
34039603.9
40315509.91
32008650.74
30396938.47
92371597.07
50680340.86
52286684.5
34989970.16
53456165.47
31549615.09
37619984.47
51879745.96
61890712.55
41124793.1
17999081.27
47765681.49
17036427.97
17500199.5
86120136.28
59802000.25
31590841.15
17151357.08
42557574.4
56465724.07
28410682.43
92371597.07
47264700.18
51601915.51
22961684.44
84730922.77
82647102.5
19417586.47
34433537.5
37716652.26
42463187.64
78070476.82
41721794.33
20741949.74
49682252.14
44447802.93
32457853.1
17412693.79
34669272.58
16891469.88
65698445.28
41463252.22
84383619.39
48880157.02
31825418.54
58274919.5
45808314.15
69930982.39
16662732.51
40813984.51
34475910.22
51848669.18
35755124.42
64264794.6
36949434.79
54411403.13
79372795.93
55499256.01
50963575.36
21217944.9
39760232.63
46822172.17
52982653.56
33457164.09
19371436.35
83689012.64
18015255.7
86120136.28
17584593.55
76116998.16
38275412.02
16720297.69
24537820.71
76116998.16
47111100.09
58839055.86
76442577.93
59122372.71
31115427.0
35526176.6
17591404.4
67326344.17
29126052.39
17890911.24
72210040.83
16907211.18
17737038.62
85772832.9
16862270.1
33875020.1
56475452.17
17298387.78
42087161.84
65372865.5
43696563.65
32159964.52
55295144.88
43571102.14
85425529.52
26659045.32
37750639.14
19090055.08
17873707.42
36629094.05
29916629.74
48234401.64
43184010.51
46678760.98
29044595.1
66675184.61
47241162.73
32327026.31
24877734.45
36913435.83
52842440.35
31664160.96
75791418.38
17095046.03
16825080.3
94108113.96
96539237.6
90635080.19
43027353.04
74814679.05
46949924.13
22205142.08
67651923.94
19455151.16
17109993.22
16999339.15
60289914.59
48608063.61
41992587.65
19243140.04
69279822.83
18528181.8
43725687.86
20339727.03
55414951.55
17428574.1
23398174.84
49594024.96
47703020.45
75140258.82
37136860.39
31497342.47
29236651.48
35291962.99
19896345.79
62516107.66
16835247.03
36113834.23
17284738.01
94108113.96
34986383.64
90287776.81
61836225.0
24180363.92
50139222.42
57834725.23
38479180.76
59950854.0
16948496.66
17000587.96
76442577.93
30238772.46
83689012.64
70907721.72
16718144.87
43386219.63
25276298.67
17124137.93
20187728.29
42111620.53
23126981.4
29752022.96
16876150.91
32538522.16
20675469.37
35787735.38
17502207.66
78396056.6
38316355.56
62584855.57
33670976.99
50791859.16
38066098.26
50972417.91
16833316.48
39318124.61
54816656.05
79698375.71
17712660.55
41270308.7
95497327.47
58443864.52
17094588.15
21817819.97
76768157.71
71884461.05
53007235.55
18174622.21
19896200.57
18270334.16
22180216.26
17022288.69
21416547.54
50416354.36
17215640.14
16705951.61
19446488.12
47535966.91
16567535.8
25861963.73
40998351.99
43892912.0
20884558.32
17827931.92
65372865.5
16815667.36
48468210.63
90982383.56
17855859.94
66024025.06
36423550.47
64897545.5
17400770.04
17035806.29
51038708.9
45261211.85
68954243.05
23407455.5
85425529.52
55860965.76
68303083.5
17300893.35
90982383.56
93760810.58
17662331.43
30228807.44
18922501.0
65698445.28
45214206.69
52007871.5
52564269.93
33700485.01
41857408.16
54557059.18
52605011.42
55354863.55
34658238.58
17807745.94
29474298.07
86120136.28
33999257.63
30764141.39
48006138.24
40302730.14
46793890.61
41600209.22
49812729.88
23710357.68
30717625.04
82305757.48
65372865.5
39388267.32
51292929.66
64218938.87
17373192.8
16895392.38
17419925.67
17094122.07
17813895.27
95844630.85
17358762.61
35253729.39
32169901.2
40922249.84
16596474.04
20000967.0
21467360.51
54876265.7
78070476.82
41667356.76
16994059.73
16623628.01
40755048.56
50353782.02
59856183.7
38819539.06
16862173.75
91329686.94
32431836.73
65698445.28
52146852.92
73512359.94
16763525.4
52284714.15
40472583.7
35692044.9
64721705.95
69279822.83
55392640.9
26840510.74
28277528.89
37651957.31
16664365.18
24432482.37
86467439.66
35877778.22
85425529.52
43314972.49
32304205.06
53960174.03
25595799.25
69279822.83
43757363.81
17583651.7
16582897.51
40213750.0
17606137.14
68303083.5
25696598.31
95150024.09
51727083.56
43078668.5
37502629.54
57578400.51
24908880.28
32449286.24
29889701.78
47421847.04
57766493.96
90982383.56
23929133.36
61985367.02
17575849.29
84730922.77
35023058.2
41298200.69
27466720.73
67977503.72
64748416.8
17887714.36
72210040.83
19551579.66
26303200.02
42630979.43
16750353.85
47421847.04
24598064.24
17316560.1
81326274.6
40042542.51
80023955.49
21314869.09
41487701.35
38970116.69
87162046.41
39117017.64
65120918.31
45094741.82
20869154.64
34597653.61
20211220.79
45323880.9
22364823.09
50236043.72
93413507.21
38664642.39
61729439.96
17259604.96
17855596.1
34792725.86
64721705.95
31507058.18
86814743.03
42641653.45
20220705.63
71558881.27
49322457.69
51852023.99
16320809.27
38666360.5
40377329.87
52883773.04
16296500.07
26266555.57
93413507.21
33746850.7
52126411.98
30080276.41
65698445.28
43365351.13
39421980.96
51768738.88
16776476.88
65047285.72
36656442.69
21124189.32
67977503.72
69279822.83
31120564.27
60937562.54
54599617.78
71233301.49
39021906.03
92718900.45
25882962.17
53482951.5
26177376.54
42822547.33
19913041.71
28081034.35
61211983.43
75140258.82
53833135.45
55560784.86
37874244.94
49933975.86
26049393.17
38712125.62
40104344.86
16693192.51
17609983.52
18909781.71
31834108.1
68628663.28
54326930.29
93413507.21
45081754.41
16294679.87
18800278.22
30955715.58
47111100.09
25641733.27
42626222.21
37409239.47
49322457.69
88551259.92
17680198.58
71884461.05
16972719.29
40559387.75
60889337.94
41569339.79
27083965.48
27232392.06
17316673.37
16894113.22
32702634.11
32480403.3
40290523.26
57499091.87
20033861.04
63313161.68
83341709.26
81977434.15
38121577.35
29305183.28
29219211.39
47421847.04
44632558.74
33554216.99
41527960.26
26065867.42
34176873.01
33869715.14
28286413.08
22549407.25
57750119.97
59130131.62
54174337.57
55875436.3
17286254.9
19678139.47
21581787.31
24592373.24
34878648.92
23930882.26
34349472.31
34349492.57
36528416.4
20273852.29
34804622.94
