32154070.8
30072255.65
33073733.11
40292710.65
32678211.18
52744897.58
50279666.63
72716577.93
35626310.86
85519866.68
34322273.74
53391095.57
12616421.15
84477956.54
50789309.77
16292739.02
41873435.3
49163028.01
76297955.49
58476792.57
44697199.6
75321216.15
46632818.85
78251434.15
26437312.74
19350063.0
14448273.86
12398818.03
24039217.0
12873855.32
20757332.73
39973950.92
41648487.01
50380331.72
35952766.72
83436046.41
33772438.2
35134196.08
16812389.04
31075587.17
67181721.72
73367737.49
32993137.92
65553822.83
48095262.35
81352226.15
44470720.23
26674254.14
32074078.03
51446011.52
34175242.05
47464135.17
23668059.29
16471222.21
82046832.9
54448939.87
74995636.38
84825259.92
23943212.78
22176396.61
78579757.48
32410399.29
34616969.94
76623535.26
58137670.39
59155036.94
79268405.88
31253778.75
82046832.9
70111939.71
43860012.68
36489230.31
26199242.37
49420366.05
81352226.15
42591949.8
49952115.45
42697652.1
25091448.19
74344476.82
51745635.56
90729417.34
83436046.41
52186677.22
78921102.5
27971777.67
50975885.19
69135200.38
73367737.49
57459459.13
16498582.33
85867170.05
19339454.01
92813237.6
79963012.64
72716577.93
20284492.29
90034810.58
49420366.05
83436046.41
26921676.87
81004922.77
87603686.94
29876372.31
29055093.1
44378954.25
72716577.93
91076720.71
19296585.16
24414553.15
25126139.9
74995636.38
30526535.6
49575333.65
29493343.29
38615529.45
90729417.34
12371276.07
67832881.27
34535234.04
31376844.55
12434527.82
47749265.91
31079266.12
13240488.18
71088679.05
50766281.83
12611754.28
56903622.16
35499067.68
92118630.85
48374781.75
65553822.83
37031464.02
36349950.59
68484040.83
33868889.42
41602390.22
33441341.92
53582321.68
12408496.96
13468062.01
74995636.38
44470720.23
12550910.26
70111939.71
53961338.99
12387114.84
32967120.97
64577083.5
29226205.4
60995705.95
33325678.32
56215384.7
27636083.42
22411932.55
40663724.16
36420683.85
35681144.65
56411321.16
15505258.98
81699529.52
32439840.66
60018966.61
45402247.0
84825259.92
29253131.08
35405066.03
66204982.39
28166715.23
13577126.24
74344476.82
29875159.5
54530347.22
36724056.45
53022179.55
64577083.5
40029015.19
38660234.8
80310316.01
60995705.95
72716577.93
78579757.48
46911924.29
60511752.44
85519866.68
53611286.54
33428962.05
21103088.24
53350785.55
76623535.26
13212835.84
35527019.2
32147281.34
23940239.41
69135200.38
63600344.17
50819642.95
88992900.45
73042157.71
64251503.72
14230362.76
24779221.42
15413210.94
45939151.84
84477956.54
43952828.76
25963442.88
81352226.15
73367737.49
65879402.61
39477351.48
40935622.78
18936264.27
29446874.31
46374781.41
87603686.94
60670126.17
35089919.77
83436046.41
65553822.83
31800632.67
93160540.98
70437519.49
33157135.64
36420683.85
34063974.19
18309951.78
14554283.87
26887784.71
54869320.57
35672888.49
81352226.15
51626617.31
12408496.96
17248255.08
18238554.22
90382113.96
78251434.15
62949184.61
20718527.0
34788546.19
50766281.83
34813917.91
86214473.43
52013436.91
33156302.59
74995636.38
20866493.93
88992900.45
41604187.85
39757195.93
50380331.72
54169709.72
60018966.61
33100397.81
33054131.0
75972375.71
23594918.25
16100619.27
35770808.91
49700020.28
38263357.59
33238208.38
18467794.43
35499067.68
14554283.87
14012509.92
16934714.14
34616969.94
34812252.3
64251503.72
17804664.56
27899122.23
45795504.52
50230409.23
79268405.88
26887784.71
37528894.5
48811185.43
49396062.76
39972166.91
34269783.38
50789309.77
37442408.27
68484040.83
56215384.7
22754641.73
77600274.6
81352226.15
32511177.9
84477956.54
47440070.91
61972445.28
12821006.5
45210558.34
84477956.54
33207394.83
12464127.16
87950990.32
79963012.64
74995636.38
60670126.17
81699529.52
34323495.77
48279901.2
74995636.38
12681324.26
89340203.83
39702257.42
72716577.93
60670126.17
50838000.38
23606607.62
63925923.94
64251503.72
37574354.88
68158461.05
51377939.89
12379768.46
26785405.88
32154070.8
12812247.78
30535087.66
43812927.76
79268405.88
34858190.22
52835502.05
32095147.18
62949184.61
60018966.61
71739838.6
28722292.12
44742707.99
37528894.5
55759601.31
32802374.31
37854719.78
53301323.17
44821620.55
67832881.27
14977276.66
46929902.64
44857713.31
40517339.9
51905724.0
48141172.5
65553822.83
92118630.85
39749137.08
12794730.41
13763186.71
20718527.0
31907907.95
34323495.77
63274764.39
85867170.05
21229208.17
52763202.71
76297955.49
34270359.15
51117184.21
64251503.72
27948603.47
48556177.08
87950990.32
43257479.93
54138754.04
92813237.6
52656670.74
47414921.97
37846718.22
21950527.33
12864815.39
36857890.42
75321216.15
71088679.05
79963012.64
48654313.03
43533935.86
58476792.57
56072364.41
41330017.95
80310316.01
14947611.45
72065418.38
21569210.4
34813917.91
14851841.89
12901426.99
53174465.11
35899421.33
46911924.29
44922791.82
57459459.13
88645597.07
89687507.21
34788546.19
84477956.54
52513143.12
46882745.43
16350702.09
34412189.65
21771020.62
37945127.41
50967908.64
15846534.99
25837805.39
62623604.83
30845789.59
51657090.49
87256383.56
61321285.72
65228243.05
72065418.38
75972375.71
34863335.08
55160104.96
56225474.14
88992900.45
43382914.21
45466636.98
15287442.21
26991077.07
40029015.19
16785884.52
66204982.39
50846763.44
57089234.65
44922791.82
63925923.94
39205573.3
48252648.69
18675107.63
15817749.13
26673110.48
70437519.49
32678211.18
32461813.51
12873855.32
32984099.46
18280571.34
45830724.99
74670056.6
84130653.17
35345456.64
32704567.7
48022818.15
78251434.15
33528369.64
12588985.21
85172563.3
75972375.71
56554341.45
18593843.73
25127211.38
55344831.44
33700831.3
25725390.4
12663929.43
23370006.03
70437519.49
90034810.58
36179307.74
23594918.25
57920880.8
87256383.56
79615709.26
40292710.65
46911924.29
21240975.93
55601251.5
91771327.47
33885514.27
63274764.39
90729417.34
37966320.78
45489579.66
28450561.31
36767768.85
44107042.25
88298293.7
75646795.93
30696557.55
60344546.39
73042157.71
79268405.88
25600788.99
31614879.12
79268405.88
49675104.12
32943682.23
31111316.93
27633819.12
23193756.7
35129691.86
91076720.71
50052144.43
85519866.68
75972375.71
16376631.4
35332564.04
75972375.71
83436046.41
38760592.68
71414258.82
34524978.55
31279064.46
28818518.83
16972236.6
43812927.76
29876372.31
31616386.83
28191475.45
85867170.05
88645597.07
46918884.6
43536481.54
92465934.22
44697199.6
83783349.79
33772438.2
27259459.61
58137670.39
37311234.17
13892164.32
21713984.74
60018966.61
43813617.38
82394136.28
50233189.23
50975885.19
62623604.83
36996445.99
47488152.78
24414553.15
88645597.07
41775496.92
47861551.92
41207529.95
81004922.77
78921102.5
28722292.12
30580319.66
49144869.07
16906941.47
74344476.82
37945127.41
36996445.99
41791073.4
38941786.82
88645597.07
28688234.24
54746849.09
15630538.46
61972445.28
66530562.16
80657619.39
45129980.16
79268405.88
88645597.07
40300834.46
66204982.39
12568178.14
71739838.6
30331599.06
25252822.55
31968317.05
60511752.44
33157135.64
48933872.8
75646795.93
51745635.56
45466636.98
39032449.45
30254505.53
72716577.93
45100998.29
29438418.83
15447040.74
79963012.64
32620978.39
82394136.28
31614879.12
72390998.16
13890895.37
17684220.24
20585857.02
72390998.16
39205573.3
55086013.69
72716577.93
49673057.23
50415643.04
93160540.98
26910049.83
63600344.17
25126139.9
13646460.22
68484040.83
12794730.41
29328420.2
82046832.9
32147281.34
28314011.51
86561776.81
63600344.17
72716577.93
61646865.5
18238554.22
12864815.39
30331599.06
34813917.91
81699529.52
18120288.23
29910826.96
14978585.52
14988842.11
88645597.07
45014695.75
44470720.23
39413729.83
20756322.06
20384341.11
62949184.61
39342386.74
47743476.66
74995636.38
66856141.94
44091925.41
24379542.39
72065418.38
23703101.15
31614625.47
90382113.96
92813237.6
86909080.19
34270359.15
71088679.05
20992749.26
18091947.27
63925923.94
69786359.94
23940239.41
17152123.41
34432660.53
24416772.19
33258832.49
53300522.95
65553822.83
15640753.51
20156827.07
71088679.05
83088743.03
30535087.66
75646795.93
45830724.99
74018897.04
71414258.82
58476792.57
51045631.38
26447805.92
31150889.99
32609384.05
52465787.4
19436963.33
56750277.9
40786614.96
90382113.96
55160104.96
86561776.81
51904940.04
20048105.72
46353713.4
51883706.68
32911638.94
34159087.2
32802374.31
24276515.62
72716577.93
21569210.4
79963012.64
67181721.72
18936264.27
74670056.6
78251434.15
25566204.95
30072255.65
36606297.42
41231227.09
22482358.14
15413210.94
28722292.12
16568290.01
93507844.36
66856141.94
74670056.6
32802374.31
56072364.41
87603686.94
45313796.44
34063974.19
82741439.66
20822823.59
69786359.94
51045631.38
75972375.71
27632732.06
71739838.6
91771327.47
49114986.27
33100397.81
17560587.35
73042157.71
68158461.05
47536223.55
35227326.72
31880058.05
34858190.22
73693317.27
35625718.82
17501197.09
77274694.82
39428147.14
17466219.86
34798469.94
42047632.25
12568287.49
38670004.3
57798548.2
40119932.51
52463156.75
48325574.8
61646865.5
12733615.22
40564502.96
87256383.56
29886794.26
62298025.06
65879402.61
55344831.44
13487130.61
24142377.89
43151535.87
71088679.05
65228243.05
19436963.33
81699529.52
28581321.22
64577083.5
21477457.38
87256383.56
90034810.58
48277150.41
12794730.41
35672888.49
61972445.28
41379894.1
43257479.93
43813617.38
54191373.86
73042157.71
46632818.85
86214473.43
85172563.3
30845789.59
29056289.95
26684739.76
82394136.28
29982475.52
80657619.39
44225017.92
30798610.91
78921102.5
66856141.94
41060755.31
75972375.71
50259744.69
78579757.48
61646865.5
35604584.09
24789783.96
54746849.09
65228243.05
31134192.1
14947611.45
12919808.87
67181721.72
92118630.85
23121707.21
92813237.6
23465972.88
35362254.18
27368516.35
35617631.91
12472793.47
51098791.42
74344476.82
37854719.78
32993137.92
27899122.23
35246798.53
41601726.62
56103141.53
14337020.27
21296854.52
87603686.94
25091448.19
61972445.28
44262872.19
69786359.94
13685264.22
43533935.86
36692729.77
26550418.03
60995705.95
65553822.83
89687507.21
45380376.03
82741439.66
29010396.93
28695049.25
37039501.51
82741439.66
30382028.18
81699529.52
39477351.48
51816272.38
45210558.34
35944557.11
65553822.83
75321216.15
17342692.5
27103214.46
34703215.44
45766672.05
64577083.5
18498848.53
91424024.09
42975956.76
39304306.22
31988695.79
53852400.51
37582976.37
52164480.67
40836295.26
43654859.63
48558939.93
87256383.56
76297955.49
35800631.03
45208646.16
81004922.77
88645597.07
35790528.38
81352226.15
64251503.72
93160540.98
30433564.83
68484040.83
32943682.23
45129980.16
34718691.57
12690021.68
43654859.63
42738921.13
65879402.61
77600274.6
31348654.75
76297955.49
38662019.69
72390998.16
31111316.93
83436046.41
35332564.04
93160540.98
39598643.9
71739838.6
12947382.13
54419782.81
19575456.12
18239760.66
25837805.39
89687507.21
34866420.63
89687507.21
26312986.18
31515588.6
64251503.72
60995705.95
51324980.92
83088743.03
38869458.12
37582976.37
67832881.27
45558696.79
48028385.84
12404087.37
30807171.18
34866420.63
86561776.81
12398818.03
20955638.89
89687507.21
90729417.34
25488549.22
26075565.38
61972445.28
37854719.78
65879402.61
85172563.3
12707450.36
61321285.72
51068412.28
17190232.37
64251503.72
65553822.83
86909080.19
32609384.05
50846763.44
67507301.49
63600344.17
88992900.45
79268405.88
49703114.06
22049585.75
37311234.17
37401491.62
20822823.59
51396368.05
71414258.82
50100190.43
28333694.4
29228007.69
23595992.75
44650871.5
88298293.7
52233943.84
12804883.42
27022396.76
34250191.31
87950990.32
64902663.28
86909080.19
89687507.21
21339699.28
12391154.23
68809620.6
22280451.41
39205573.3
70763099.27
59833382.36
58815914.76
45558696.79
84825259.92
27148205.8
68158461.05
12838525.7
65228243.05
54560608.61
36062427.61
45859353.61
46018907.78
21713984.74
12785989.82
25328824.28
85867170.05
36487999.52
51604330.47
67832881.27
34524978.55
79615709.26
78251434.15
34315272.56
25328824.28
84130653.17
43654859.63
40844478.27
62949184.61
16498582.33
44857713.31
85519866.68
54408014.61
25500193.14
69135200.38
85867170.05
50540494.48
87950990.32
47894906.46
65228243.05
32335929.31
72716577.93
19296585.16
25838171.29
42407677.2
63925923.94
30543895.33
28722292.12
17379850.47
92118630.85
62298025.06
20757332.73
27395694.96
18891975.25
52184048.4
88298293.7
74018897.04
78251434.15
30314853.56
44650871.5
46577302.5
35634599.56
28582303.93
40029015.19
91076720.71
13002563.11
65228243.05
39304306.22
16075406.03
16292739.02
51324980.92
40836295.26
55901972.02
32531015.51
54746987.97
31424151.77
78579757.48
39757195.93
91076720.71
30580319.66
80657619.39
27733749.3
69786359.94
35518629.14
83783349.79
52742265.11
18062443.68
68158461.05
48558939.93
15599945.41
73693317.27
91424024.09
29875159.5
89687507.21
40561579.28
12947382.13
12812247.78
40119932.51
87256383.56
17814908.0
28106978.86
62298025.06
33800510.29
50231173.67
70111939.71
31616386.83
54069041.26
21569210.4
24305871.65
17003497.26
43704132.41
41379894.1
76297955.49
25500193.14
39971522.83
71739838.6
19533398.31
38510392.5
69135200.38
15102135.44
48811185.43
82046832.9
12892551.75
51324980.92
27466206.5
51536141.9
60018966.61
61972445.28
12785989.82
15599945.41
77925854.37
76623535.26
69460780.16
81352226.15
71088679.05
63925923.94
40292710.65
26673110.48
42747519.69
48252648.69
26041125.89
52496538.98
62623604.83
52494549.21
78921102.5
89687507.21
69135200.38
41591095.06
32782618.3
92465934.22
25725390.4
14828108.69
34594940.35
87603686.94
31881829.95
68484040.83
41388157.51
69786359.94
27385227.69
29518555.25
58599125.18
36857890.42
52763202.71
40414929.89
12472793.47
52763202.71
37989696.25
53630022.14
12892551.75
32063731.18
31790275.27
65553822.83
77925854.37
52494549.21
65553822.83
29113700.24
72716577.93
81352226.15
53362077.97
37165999.49
91076720.71
12425846.67
46326646.97
74670056.6
39477351.48
34706237.14
63925923.94
13039366.14
40292710.65
30552961.69
85519866.68
74344476.82
20621269.13
86909080.19
19586298.29
43536481.54
36760308.55
44649921.76
29329622.37
35409522.57
28848000.5
31612338.75
12733615.22
77925854.37
52463841.69
30543895.33
43926811.3
31895598.3
82394136.28
60172567.4
61972445.28
31527203.55
13892164.32
54746849.09
45813474.68
28448054.38
49144869.07
77925854.37
45041598.96
77274694.82
35085264.07
61190165.31
54169709.72
85867170.05
13023297.62
14012509.92
84825259.92
39156465.97
56442204.76
33258832.49
42023264.72
32511177.9
28432032.88
12629144.09
83783349.79
39576172.11
12803489.09
34140527.69
24039217.0
30817824.83
85172563.3
30049414.91
70111939.71
69460780.16
83088743.03
67832881.27
33780633.23
91424024.09
34817595.25
76623535.26
32967120.97
45237298.2
71414258.82
84477956.54
87603686.94
18020991.41
28697353.13
27158678.36
49979882.48
48531902.82
45830724.99
46646832.78
31350945.55
16063869.64
41604187.85
32173458.77
47861551.92
39746596.26
13240488.18
46882745.43
67507301.49
28834600.56
24541408.76
77925854.37
47721823.81
87256383.56
23228858.86
18091947.27
80657619.39
31551057.64
34703215.44
74344476.82
31881829.95
60670126.17
40663724.16
33157579.23
67507301.49
16065218.4
49117021.82
23595992.75
83783349.79
54408014.61
38941786.82
78251434.15
48302159.64
79268405.88
15723081.56
60850937.48
46918884.6
71088679.05
16594501.76
40020923.51
86561776.81
60850937.48
92465934.22
54138754.04
12398818.03
25938015.34
37254888.1
92813237.6
83088743.03
44400019.21
53332095.92
70763099.27
56903622.16
36168527.61
35354352.62
91424024.09
78921102.5
39474981.6
81699529.52
48556177.08
27125361.8
87950990.32
17248255.08
83436046.41
82394136.28
66530562.16
78921102.5
71739838.6
44585446.47
44650871.5
35770808.91
44370923.05
58106127.29
70111939.71
50540494.48
87950990.32
22719486.89
64577083.5
77925854.37
53052132.51
12873855.32
86214473.43
44976263.73
42696975.49
34955596.88
75972375.71
78579757.48
85867170.05
57459459.13
74995636.38
49772560.13
38887206.53
32675851.38
56411321.16
69460780.16
14513834.97
55425056.31
16717325.92
25600931.63
78579757.48
49260249.3
51675552.96
18374834.32
25463240.48
55045838.17
20585857.02
13002563.11
92465934.22
58815914.76
55208346.3
39326570.18
53797272.78
37798774.95
88298293.7
60344546.39
76623535.26
29055093.1
29253131.08
68484040.83
42699484.98
63925923.94
30817824.83
60344546.39
74995636.38
22996303.09
85519866.68
41116300.18
76623535.26
36334356.72
73367737.49
33073733.11
82046832.9
29340059.28
79963012.64
76623535.26
52013436.91
35083003.62
54138754.04
54448939.87
48865748.0
30913999.27
43926811.3
52742265.11
22286240.27
44139074.99
34072663.07
53861472.82
27370768.69
39205573.3
76623535.26
46856507.43
54417905.4
28212913.48
27103705.91
44400019.21
50135539.91
50207655.56
68484040.83
19770326.27
85867170.05
73367737.49
35952766.72
73693317.27
72390998.16
41379894.1
46650777.9
51045631.38
47135712.36
12873855.32
19575456.12
63274764.39
81004922.77
35262234.12
50331728.73
74995636.38
69786359.94
90034810.58
40564502.96
33206832.07
69786359.94
12965769.6
53062563.73
86214473.43
39685874.8
17585906.75
13020964.47
79268405.88
69786359.94
76297955.49
17902236.29
47440070.91
37311234.17
81352226.15
32410399.29
27103705.91
76623535.26
27362949.12
74995636.38
52743058.83
34043838.77
50512231.79
37150271.04
51346737.34
48865748.0
16934714.14
25803664.22
85867170.05
13741628.5
17283033.83
68484040.83
17803445.08
60018966.61
29990966.78
32967120.97
78921102.5
52463841.69
33740495.15
38216946.91
71088679.05
43835130.25
85867170.05
14175982.47
34808717.47
57089234.65
14978585.52
18993500.86
12395601.1
47749265.91
92465934.22
79615709.26
39972166.91
15011401.73
62949184.61
48022818.15
16536402.73
36964802.26
47743476.66
29166393.61
32424957.69
37168769.06
65879402.61
79963012.64
27395694.96
12438188.31
82046832.9
72065418.38
41751347.59
60995705.95
27703828.42
47191029.74
37311234.17
62949184.61
77274694.82
13980880.33
18746456.65
50766281.83
93507844.36
79268405.88
38869458.12
12834059.88
51346737.34
38660234.8
27022396.76
62298025.06
32147281.34
39848052.31
86214473.43
74344476.82
54138754.04
20519902.63
13863295.67
31505400.38
67832881.27
66204982.39
69135200.38
27899122.23
73367737.49
36042564.49
71088679.05
14761278.89
75321216.15
34412189.65
45237298.2
53730067.9
34974972.89
74344476.82
34703215.44
46646832.78
34586718.8
37528894.5
49492992.33
32511177.9
30809604.41
19910578.44
30706957.8
32970133.52
62949184.61
45813474.68
91076720.71
14198592.0
44092618.28
77274694.82
50510231.89
21950527.33
24177384.83
31516833.33
20047111.01
38118482.49
30049414.91
54408014.61
16065218.4
30820105.82
60018966.61
12892551.75
15858078.8
40020923.51
66204982.39
72390998.16
12993364.14
32074078.03
27228632.66
13980880.33
63600344.17
18250078.14
52045259.6
69460780.16
43496524.1
90034810.58
67507301.49
88298293.7
77925854.37
91076720.71
44378954.25
49673057.23
14296977.05
33157135.64
21240975.93
77600274.6
49140778.61
55425056.31
31070696.33
38885418.2
34043838.77
82046832.9
34323495.77
89340203.83
61646865.5
17064883.39
50788538.82
75646795.93
33703236.08
77274694.82
69135200.38
28925950.44
55759601.31
29886794.26
46632818.85
34431493.7
12892551.75
28697619.6
28416923.24
54069041.26
32941308.63
68158461.05
93507844.36
13212835.84
56564537.37
13890895.37
27384068.08
52743058.83
90729417.34
34535234.04
69786359.94
69786359.94
32063731.18
52513143.12
53961338.99
76623535.26
46138823.56
31376844.55
37800542.92
54169709.72
31883192.29
20147446.14
30552431.46
76297955.49
12578581.9
30463563.22
64577083.5
35947079.64
39158889.07
83088743.03
40230193.37
41931873.86
42467111.34
18062443.68
12404087.37
65553822.83
66856141.94
34594940.35
66856141.94
53216986.6
16075406.03
35604584.09
52763202.71
72390998.16
77600274.6
25263361.46
60018966.61
30820105.82
25938015.34
91424024.09
51117184.21
57571213.28
28166715.23
36878261.22
26175410.79
16906941.47
38488766.48
40018250.79
51070349.41
37236874.75
16717325.92
41318907.16
17902236.29
70437519.49
83783349.79
38238348.21
48252648.69
42567102.58
40844478.27
12993364.14
46491461.24
91771327.47
79963012.64
75972375.71
36985603.51
61312497.92
37945127.41
87603686.94
23831537.5
89340203.83
50331728.73
78921102.5
82046832.9
77600274.6
13002563.11
38070414.23
26075565.38
91076720.71
51745635.56
12371276.07
35626310.86
44497207.07
13011763.65
78921102.5
63600344.17
45237298.2
27621107.39
43254946.31
48531902.82
33064799.24
36440689.68
35681144.65
68809620.6
43136286.6
13327829.46
69135200.38
17626297.44
77925854.37
31348654.75
49820049.14
67832881.27
81004922.77
91771327.47
52936816.1
12438188.31
72716577.93
25026534.35
56893298.19
93507844.36
14337020.27
22412980.46
88645597.07
67507301.49
39576172.11
27869817.28
61646865.5
77925854.37
83436046.41
12616421.15
43835130.25
82741439.66
42295183.65
69460780.16
37401491.62
23193756.7
39685874.8
38760592.68
84130653.17
38238348.21
81004922.77
35628004.38
12974966.22
41479438.77
29446874.31
35629175.69
16281216.06
12599422.18
87256383.56
54191373.86
44107042.25
92813237.6
33597268.49
29783979.61
47256736.78
67832881.27
83088743.03
73367737.49
72065418.38
52763202.71
61646865.5
25263361.46
73693317.27
15505258.98
42418678.27
14884144.65
34858190.22
40564502.96
70437519.49
78251434.15
19111464.48
34261753.99
26436174.41
54057500.51
29518555.25
20822823.59
60344546.39
77274694.82
29438418.83
69135200.38
67507301.49
21332180.35
56781289.55
48581603.73
34866420.63
23905217.17
72065418.38
62949184.61
87950990.32
33791836.86
61972445.28
41376753.23
62623604.83
48811185.43
84477956.54
32970133.52
27683171.47
90034810.58
42864109.56
68809620.6
51657090.49
87603686.94
83783349.79
82394136.28
79615709.26
93507844.36
31789025.22
85867170.05
84825259.92
90034810.58
30552961.69
60018966.61
34516589.71
39141593.97
60670126.17
27148205.8
82046832.9
60995705.95
16075406.03
27948603.47
33800510.29
53301323.17
17003497.26
12567089.29
50415643.04
31342783.0
92813237.6
44040979.36
39757195.93
93160540.98
43563219.34
31623479.7
88298293.7
49163028.01
49954146.67
67507301.49
76949115.04
27370768.69
18457362.19
68809620.6
66530562.16
48556922.0
47036122.61
29648765.95
28987707.12
27025296.69
71414258.82
14575837.0
40119932.51
84477956.54
12629144.09
14884144.65
35129691.86
31623479.7
91771327.47
15287442.21
86214473.43
12362784.26
33632647.68
17003497.26
47161045.47
37039501.51
33183899.78
69786359.94
21667043.78
21230229.48
63274764.39
55208346.3
34990447.74
54746987.97
65228243.05
83783349.79
70111939.71
14575837.0
42747519.69
80310316.01
67507301.49
68484040.83
17804664.56
41108090.95
19810782.27
92118630.85
14108156.36
35806000.24
50052144.43
54746849.09
93160540.98
16471222.21
72065418.38
46777320.41
72716577.93
31515588.6
61646865.5
52184835.61
63600344.17
56411321.16
44370923.05
50000503.39
65553822.83
53513428.17
28179224.92
74670056.6
71739838.6
49575333.65
44922791.82
47719097.15
77600274.6
33183899.78
30287583.62
25838171.29
67507301.49
87256383.56
85519866.68
56781289.55
90034810.58
30695328.79
65228243.05
13673651.14
90034810.58
63274764.39
48000862.5
15847875.77
54746849.09
14393318.27
92465934.22
21095192.83
18975331.72
79963012.64
75321216.15
81699529.52
50789309.77
65553822.83
77925854.37
33740495.15
89340203.83
21465700.99
37989696.25
53021382.58
77925854.37
53611286.54
36216269.35
84825259.92
35897123.21
27496532.78
43110974.83
27105454.44
61646865.5
60018966.61
34052058.45
12585672.94
21904196.6
93507844.36
47190936.43
47815742.95
12603059.87
68484040.83
36216269.35
15698026.95
28987707.12
60995705.95
34159779.22
12785989.82
64577083.5
41376753.23
32439840.66
84825259.92
42607341.72
48883873.1
45659762.85
60995705.95
60995705.95
32941868.14
64902663.28
34586718.8
69135200.38
30708021.25
93507844.36
81699529.52
82394136.28
21339699.28
14793615.98
67507301.49
29329622.37
38118482.49
33790246.96
31970871.08
63600344.17
18374834.32
32167718.86
13741628.5
56442204.76
32703325.33
34817595.25
78921102.5
27259459.61
12567089.29
87256383.56
52713169.44
28050925.44
12611754.28
73693317.27
29491530.01
18457362.19
37303197.28
34159779.22
16318505.93
17152123.41
33073733.11
42467111.34
71414258.82
80657619.39
64577083.5
34063974.19
31697491.55
54069041.26
36857890.42
73367737.49
39973950.92
19770326.27
47440802.83
69135200.38
19211468.58
27971777.67
47190936.43
64577083.5
47135712.36
41518985.5
87603686.94
22759601.9
33868889.42
32431209.07
31717565.09
77600274.6
25015981.06
20244348.78
27858192.91
46102753.2
27859363.16
87256383.56
28960370.18
87950990.32
26991077.07
93507844.36
71088679.05
34323495.77
42418004.91
71739838.6
33156302.59
23843213.2
35944557.11
18156300.87
35354352.62
31907907.95
27899619.93
71414258.82
35344137.44
65228243.05
75972375.71
90034810.58
48028385.84
28987707.12
65553822.83
54860356.78
31612338.75
28962676.46
68484040.83
31446559.65
92813237.6
82394136.28
18746456.65
17937777.25
80657619.39
43926811.3
14108156.36
77925854.37
46911924.29
51604330.47
66530562.16
30603220.94
77274694.82
19810782.27
70111939.71
12373825.3
54530347.22
34004612.95
21192766.2
62298025.06
18020991.41
16376631.4
46856507.43
29105921.48
25963442.88
24779221.42
12379768.46
61321285.72
38390251.09
46102753.2
50259744.69
86214473.43
49673057.23
82046832.9
34322273.74
24079830.28
63925923.94
91076720.71
27125361.8
82046832.9
57571213.28
54188495.34
83436046.41
34706237.14
20295292.77
85867170.05
12516168.76
49213432.56
64902663.28
90382113.96
67507301.49
34798469.94
23233012.36
61972445.28
53730067.9
51452766.46
71088679.05
54140623.95
25127211.38
88992900.45
53052132.51
32063731.18
84130653.17
86561776.81
15817749.13
32424957.69
57428192.99
70111939.71
12516168.76
92465934.22
43654859.63
43110974.83
61972445.28
32431209.07
48586626.92
33700831.3
51816272.38
22176396.61
32259851.46
28191475.45
92813237.6
76297955.49
85519866.68
37129683.82
29518555.25
29174846.08
14080132.52
23831537.5
32424957.69
34817595.25
66530562.16
29240801.21
26753536.8
70111939.71
64251503.72
17684220.24
18893185.57
42047632.25
44092618.28
71414258.82
52742265.11
37582976.37
43496524.1
83088743.03
60018966.61
85867170.05
31968317.05
85172563.3
56442204.76
63925923.94
76949115.04
57242706.95
77274694.82
51657090.49
42697652.1
83783349.79
71414258.82
77274694.82
27926071.3
38941786.82
53890479.57
27683171.47
16282572.8
85519866.68
50558829.87
38885418.2
39304306.22
32975449.13
33345097.68
27703828.42
53890479.57
36983255.16
74018897.04
29645117.86
31642374.79
74018897.04
40687028.96
67507301.49
57242706.95
70437519.49
35899421.33
80310316.01
45516400.27
83088743.03
46353713.4
52494549.21
36983863.46
83783349.79
41388157.51
81699529.52
34344816.22
51446011.52
90729417.34
24316450.46
88645597.07
29806788.24
22956621.67
90382113.96
50100190.43
31886988.23
30552431.46
12716171.98
91424024.09
79963012.64
54448939.87
51256013.54
76949115.04
76623535.26
43424772.56
54069041.26
36218152.72
25737028.62
28456880.3
49369750.64
47414921.97
82394136.28
52773714.69
30433564.83
34979821.74
17368370.19
48865748.0
29756348.68
56564537.37
53580466.8
32167718.86
32885343.85
40414929.89
12804883.42
53890479.57
92118630.85
23122771.08
36216269.35
56411321.16
47815742.95
71088679.05
48865748.0
12777258.84
76297955.49
36169126.15
12361659.37
70763099.27
52792342.41
37710061.43
60018966.61
68158461.05
60670126.17
68158461.05
36496082.22
43110974.83
21429904.35
51377939.89
67832881.27
23327429.09
24890380.01
31279064.46
34594940.35
32613624.37
55344831.44
16410495.63
70111939.71
91424024.09
91424024.09
40836295.26
37526521.04
33703236.08
37303197.28
38760592.68
30798610.91
33054131.0
77274694.82
44497207.07
91424024.09
13704855.03
68484040.83
78579757.48
36964802.26
48811185.43
86909080.19
90382113.96
51625836.6
25725390.4
12655232.18
86214473.43
69135200.38
42467111.34
78921102.5
20393347.04
48837980.87
80657619.39
86909080.19
32884111.33
34858190.22
48302159.64
88298293.7
54260969.51
70763099.27
29240801.21
36487999.52
72390998.16
22759601.9
19683947.37
54448939.87
86909080.19
88645597.07
61972445.28
30580319.66
31111316.93
33207394.83
66856141.94
56893298.19
36712264.31
45487658.67
18032448.38
38760592.68
86561776.81
29541323.21
31376844.55
28314011.51
12637839.59
27147051.5
78579757.48
93507844.36
53062563.73
31930681.37
33473130.17
20156827.07
53661708.48
40572656.37
48531902.82
88298293.7
79963012.64
54140623.95
86561776.81
49700020.28
74018897.04
37574956.46
32196221.91
78921102.5
78251434.15
28722292.12
12829765.22
27147051.5
51657090.49
67507301.49
92465934.22
51172444.57
14296977.05
26753536.8
25700625.8
52744897.58
47308453.52
14198592.0
39870737.05
22175354.02
33183899.78
41332467.11
53661708.48
66530562.16
75321216.15
56411321.16
12993364.14
17814908.0
50486962.7
50486962.7
53196183.34
74018897.04
49213432.56
68809620.6
36218152.72
52744897.58
12698728.99
50486962.7
85519866.68
35085264.07
32911638.94
84130653.17
30314853.56
60344546.39
27384068.08
27838292.71
52096405.17
50846763.44
33738297.49
60344546.39
34140527.69
51267811.77
74018897.04
35952766.72
32882840.0
16754311.05
47767288.94
31424151.77
72390998.16
12821006.5
73367737.49
89687507.21
52374206.38
86561776.81
27417752.73
81699529.52
84477956.54
46298100.57
30809604.41
40836295.26
16689071.85
89687507.21
36216269.35
31253778.75
35362254.18
35129691.86
21465700.99
52096405.17
13922580.63
42567102.58
13051719.98
14542697.06
19350063.0
45194712.13
14554283.87
60511752.44
34586718.8
40018250.79
67832881.27
77274694.82
28179224.92
70111939.71
25566204.95
52295183.24
68809620.6
30442270.4
32439009.86
51446011.52
51377939.89
53861472.82
34000685.42
53961338.99
44198762.96
54260969.51
44313210.11
39870737.05
33206832.07
42418004.91
86909080.19
24888898.69
50279666.63
82741439.66
50819642.95
63600344.17
88298293.7
27147051.5
29785773.71
17656404.24
12724893.6
46323980.64
35356625.62
40119932.51
35534046.88
17248255.08
76949115.04
52096405.17
71739838.6
91076720.71
40844478.27
60018966.61
77925854.37
49420366.05
86561776.81
25014874.64
65553822.83
38390251.09
73693317.27
81699529.52
55086013.69
31505400.38
17719417.21
46218540.84
41791073.4
27737769.77
39699828.31
28987707.12
41060755.31
44958205.2
75972375.71
30022212.99
12455474.59
92118630.85
79268405.88
79615709.26
61646865.5
33772438.2
70111939.71
74344476.82
54560608.61
21004527.95
92118630.85
53196183.34
85172563.3
70437519.49
60172567.4
51446011.52
42743871.81
60973270.09
44650871.5
13863295.67
15423436.68
82046832.9
49423990.81
65879402.61
67832881.27
39304306.22
12594366.4
14759978.01
13033705.51
31883192.29
55601251.5
13704855.03
41791073.4
27632732.06
48022818.15
33772438.2
73042157.71
24653568.32
51068412.28
31968317.05
32782618.3
41651697.25
46219153.95
27975335.21
32970133.52
91771327.47
49772560.13
90034810.58
65879402.61
87256383.56
57428192.99
67507301.49
17585906.75
68809620.6
12576980.18
14988842.11
74018897.04
29253131.08
35083589.15
19910578.44
61646865.5
12919808.87
50547142.17
15882748.1
41660015.68
61321285.72
88992900.45
71739838.6
20481434.42
15411886.12
51267811.77
69786359.94
35134196.08
47190936.43
13250878.57
87256383.56
54419782.81
45946846.66
40687028.96
80310316.01
44928931.02
88298293.7
67507301.49
46929902.64
69786359.94
63274764.39
74344476.82
60995705.95
48700516.25
31551057.64
60670126.17
60973270.09
31083228.36
16812389.04
56903622.16
21059822.35
86214473.43
79615709.26
35499067.68
35354941.4
43983502.3
13704855.03
85519866.68
48095262.35
82394136.28
88992900.45
35518629.14
88992900.45
90729417.34
42147634.48
73042157.71
49144869.07
12847288.93
37541245.87
93160540.98
18993500.86
65228243.05
35527019.2
32095147.18
72065418.38
28654658.98
80310316.01
72716577.93
30049414.91
14358072.55
34545278.4
77600274.6
64902663.28
73042157.71
34706237.14
72716577.93
12578581.9
57798548.2
28569677.27
35518629.14
39203368.11
52295183.24
74344476.82
35137969.12
14325421.11
55425056.31
85867170.05
34323495.77
30049414.91
14634065.9
83783349.79
35405066.03
89687507.21
19822606.98
84825259.92
66530562.16
50789309.77
21332180.35
42319790.36
57571213.28
35891129.99
80657619.39
55764098.92
66856141.94
47161045.47
32154070.8
18467794.43
23358307.03
20866493.93
21466727.62
16933377.33
83783349.79
90382113.96
78921102.5
74018897.04
15915565.83
40029015.19
34251489.23
88992900.45
62949184.61
15698026.95
74018897.04
44652515.7
53022179.55
51146387.48
13794770.3
15229209.4
74995636.38
89687507.21
12681324.26
91076720.71
81352226.15
27369009.56
14416320.03
28818518.83
21771020.62
82741439.66
31279064.46
16282572.8
31079266.12
18903626.85
70763099.27
35246798.53
12399825.27
25837805.39
32173458.77
76623535.26
55045838.17
31134192.1
81352226.15
23706467.89
49952115.45
22615759.7
36487999.52
42839035.46
47536223.55
28164927.55
38390251.09
41379894.1
89687507.21
13673651.14
88992900.45
27600544.32
15630538.46
16933377.33
64902663.28
76949115.04
51567714.89
39213583.38
81699529.52
52595516.61
87603686.94
78251434.15
12616421.15
12507487.19
19059890.04
60344546.39
34703215.44
43283687.95
47135712.36
89687507.21
38782436.79
49675104.12
35354941.4
45208646.16
12429598.87
38118482.49
29056289.95
17719417.21
68484040.83
91771327.47
27125361.8
68809620.6
41863282.97
79963012.64
62949184.61
51936243.4
87603686.94
31883192.29
93507844.36
91771327.47
41318907.16
53052132.51
60670126.17
13239243.17
28333694.4
74018897.04
28969201.33
70763099.27
43291319.46
45585998.44
47694164.21
12558065.44
21713984.74
33247575.36
74344476.82
34592491.69
70437519.49
28316614.33
92813237.6
38884787.13
86561776.81
27636083.42
53052905.31
47973406.45
32431209.07
45859353.61
36148639.07
24854077.59
60670126.17
46326646.97
45859353.61
41660015.68
32461813.51
54169709.72
38662019.69
57767160.14
72065418.38
92465934.22
91076720.71
17902236.29
66204982.39
82741439.66
47336100.79
76623535.26
22378551.72
14884144.65
88298293.7
42839035.46
12919808.87
28096527.28
77274694.82
58137670.39
21667043.78
32675851.38
32967120.97
17283033.83
72390998.16
28344147.22
76623535.26
44585446.47
46371676.83
45100998.29
13673651.14
48279901.2
88645597.07
43841848.19
19811771.66
64902663.28
82394136.28
84477956.54
71088679.05
58588114.73
64251503.72
31823090.58
82394136.28
31970871.08
51098791.42
88645597.07
23430903.77
14730716.49
60995705.95
84825259.92
23832617.33
68484040.83
43110974.83
17368370.19
78921102.5
51446011.52
12672626.85
43841848.19
73693317.27
91771327.47
51904940.04
12724893.6
92118630.85
83436046.41
46074608.76
46577302.5
69786359.94
79963012.64
33790246.96
83436046.41
24616788.82
92813237.6
48046431.87
17585906.75
16628606.87
40515565.39
48933872.8
31242156.95
45674539.36
47161774.13
40836295.26
17937777.25
86561776.81
76297955.49
73367737.49
12370143.68
75972375.71
77274694.82
89687507.21
58445094.44
72390998.16
14575837.0
40391825.54
12984165.18
70763099.27
36983255.16
87950990.32
13033705.51
41660015.68
60995705.95
39700469.14
37031521.58
43680640.68
33256234.46
69135200.38
12524850.53
48174829.27
61321285.72
51349416.04
80657619.39
51745635.56
26785405.88
16727457.03
33472564.16
77925854.37
58815914.76
29648765.95
46092575.75
89687507.21
33509296.46
29491012.79
90382113.96
42295183.65
77600274.6
73367737.49
71088679.05
49672299.29
34446960.59
82394136.28
77925854.37
63274764.39
32037033.26
67832881.27
60344546.39
43283687.95
15974305.8
41058315.11
67507301.49
49144869.07
84477956.54
13902502.98
38887206.53
42195306.21
82741439.66
46856507.43
47470145.99
87603686.94
71414258.82
13958757.95
19211468.58
86214473.43
44120933.33
53362077.97
28695049.25
55759601.31
28808066.45
49979882.48
23122771.08
43301929.44
22517543.95
74995636.38
66856141.94
68158461.05
36713995.06
40515565.39
41105025.15
32259851.46
77274694.82
77274694.82
37039501.51
76297955.49
26684739.76
14730716.49
28096527.28
65228243.05
35902668.43
25838171.29
81699529.52
36767768.85
74018897.04
31697491.55
13922580.63
44742707.99
90729417.34
13022060.59
34052058.45
35082201.91
86909080.19
35790528.38
86561776.81
19164786.6
42145149.12
91771327.47
34052058.45
29055093.1
73042157.71
12362784.26
80310316.01
83783349.79
34797161.38
70763099.27
82046832.9
68484040.83
67832881.27
22049585.75
78579757.48
33206832.07
50415643.04
75972375.71
35626310.86
82394136.28
84477956.54
29783979.61
73693317.27
31180259.2
75321216.15
32894430.61
41330017.95
72716577.93
43841848.19
92465934.22
19164786.6
51657090.49
84825259.92
75646795.93
33632647.68
12681324.26
78251434.15
24276515.62
49393263.71
27259459.61
23359376.21
57459459.13
75321216.15
27622272.33
80657619.39
38263357.59
33790246.96
40142833.47
83783349.79
92813237.6
30278187.64
30176547.0
65228243.05
60850937.48
28050925.44
28456880.3
68158461.05
49114234.83
26516062.96
32517742.9
42475637.09
49649041.28
39156465.97
33611942.57
29758679.26
36895134.16
35534046.88
23430903.77
87256383.56
40119932.51
42063161.98
62298025.06
37401491.62
74344476.82
40119932.51
72390998.16
26311564.1
58137670.39
45194712.13
67832881.27
33209194.87
76297955.49
90382113.96
19586298.29
67181721.72
23133409.35
75972375.71
19920360.87
88298293.7
37541245.87
82394136.28
76949115.04
51452766.46
35770808.91
61321285.72
63925923.94
91424024.09
48861191.17
34043838.77
33728422.48
32834547.25
54169709.72
15102135.44
91076720.71
60018966.61
50846763.44
20058923.7
35354352.62
68158461.05
86561776.81
16715963.37
12587764.14
36347873.83
27496532.78
85172563.3
29240801.21
84130653.17
25726512.78
57120374.34
77600274.6
66530562.16
30024016.78
31446559.65
68809620.6
53730067.9
78251434.15
63274764.39
91424024.09
58445094.44
34140527.69
54057500.51
72716577.93
40833302.15
49423990.81
14296977.05
27395694.96
81699529.52
64577083.5
45487658.67
24751151.77
67181721.72
44198762.96
37236874.75
52184048.4
38342068.79
56072364.41
84825259.92
30580319.66
33366522.74
32037033.26
37438017.51
47190936.43
52496538.98
70111939.71
57428192.99
43952828.76
39757195.93
92465934.22
29602988.12
21095192.83
49979882.48
38933795.12
32696039.33
72390998.16
27838292.71
70763099.27
32239741.15
24069242.94
37574956.46
71739838.6
53052905.31
32782618.3
70437519.49
12655232.18
26787856.81
79615709.26
61972445.28
93507844.36
36767768.85
90729417.34
25600931.63
73042157.71
64902663.28
70763099.27
49979882.48
75321216.15
81699529.52
12490135.42
22996303.09
36985603.51
53859610.42
88645597.07
63600344.17
29056289.95
82741439.66
30845789.59
77600274.6
32145498.89
33235973.7
66204982.39
51675552.96
49015131.07
28570863.48
43136286.6
29377274.84
88992900.45
53022179.55
92118630.85
15320145.49
29493343.29
46018907.78
66530562.16
23594918.25
40119932.51
12974966.22
38615529.45
12829765.22
48654313.03
44958205.2
70111939.71
39886520.01
80310316.01
60344546.39
47719097.15
45207940.27
19447648.81
31883192.29
73042157.71
28808066.45
37255499.65
82394136.28
40502365.49
24179985.24
91424024.09
43010735.99
55759601.31
63274764.39
74995636.38
33429767.19
18527966.2
32144949.14
33780633.23
90382113.96
68809620.6
12620449.19
49700020.28
47440070.91
69135200.38
24553074.82
72390998.16
27466206.5
82394136.28
12742336.84
12568287.49
16253389.19
31883192.29
18527966.2
58249147.58
83436046.41
75321216.15
38341444.22
76949115.04
86909080.19
80310316.01
16754311.05
13020964.47
84825259.92
20295292.77
24079830.28
38931774.66
67832881.27
27262743.1
88298293.7
37694300.21
82046832.9
78579757.48
27941526.64
25091448.19
39576172.11
80310316.01
73693317.27
40142833.47
74018897.04
46353713.4
84477956.54
22187084.98
60018966.61
43424772.56
47767288.94
42839035.46
50135539.91
70763099.27
34990447.74
45946846.66
60344546.39
45795504.52
35262234.12
33054131.0
49140778.61
67507301.49
75321216.15
79268405.88
86561776.81
79963012.64
83436046.41
27683171.47
68809620.6
36349950.59
57089234.65
31642374.79
68809620.6
66530562.16
37813646.45
38782436.79
87256383.56
13110165.11
50547142.17
65228243.05
14610711.74
33100397.81
30382028.18
42699484.98
52496538.98
29518555.25
54560608.61
39203368.11
52494549.21
90034810.58
13269415.18
12637839.59
68158461.05
56215384.7
83436046.41
43580968.31
69786359.94
33207394.83
41931873.86
48586626.92
46047624.42
34542602.02
14416320.03
33366522.74
12698728.99
53062563.73
50558829.87
87603686.94
71088679.05
69460780.16
41105025.15
75321216.15
68809620.6
77925854.37
48556922.0
34412189.65
55160104.96
32410952.29
74670056.6
55759601.31
33157579.23
78251434.15
66856141.94
12362784.26
78921102.5
15882748.1
91424024.09
46646832.78
14119760.81
51936243.4
46324699.54
67181721.72
86214473.43
38126470.05
36347873.83
63600344.17
28969201.33
40230193.37
47894906.46
14513834.97
34616969.94
18675107.63
50231173.67
28570863.48
22245236.19
43110974.83
76949115.04
77925854.37
39413729.83
67507301.49
93507844.36
78921102.5
60344546.39
38613743.5
21904196.6
21806278.06
30072255.65
80657619.39
25014874.64
89340203.83
51536141.9
20531694.31
67832881.27
78579757.48
85519866.68
76949115.04
19436963.33
34315272.56
70111939.71
91771327.47
82046832.9
70763099.27
33800510.29
77925854.37
51907567.04
82046832.9
26200375.39
39848052.31
91424024.09
17560587.35
52713169.44
70437519.49
31717565.09
84130653.17
75972375.71
53300522.95
86561776.81
89687507.21
34863335.08
21477457.38
90729417.34
84477956.54
83088743.03
24888898.69
38798263.64
52184835.61
59494197.32
56781289.55
43835130.25
37694300.21
63600344.17
78579757.48
20295292.77
22996303.09
34175242.05
79615709.26
63925923.94
12938190.9
88298293.7
36042564.49
39700469.14
73367737.49
42063161.98
47767288.94
35628004.38
37673309.51
46777320.41
54699089.94
67181721.72
49982237.3
54188495.34
20283492.26
41751347.59
46353713.4
45014695.75
84130653.17
16906941.47
43841848.19
39685874.8
33888076.84
82046832.9
81352226.15
86214473.43
19212273.08
84130653.17
31642374.79
30022212.99
34322273.74
21230229.48
46045685.8
12663929.43
30708021.25
33519704.34
18903626.85
40300834.46
13922580.63
64577083.5
12559598.52
30809604.41
90729417.34
22991749.34
38670004.3
27022396.76
48277150.41
44198762.96
85172563.3
59155036.94
71088679.05
33988278.53
71414258.82
32970133.52
38933795.12
44497207.07
41108090.95
18823236.77
25328824.28
37574956.46
47470145.99
77274694.82
33616462.92
50695756.84
60172567.4
32531015.51
12588985.21
25963442.88
54169709.72
51045631.38
61321285.72
60670126.17
20284492.29
16510087.34
45766672.05
59277369.55
90729417.34
65228243.05
36451675.79
74670056.6
68809620.6
83088743.03
32367269.22
28191475.45
84130653.17
54746987.97
32347526.75
86561776.81
39342386.74
77600274.6
47719832.32
77600274.6
37574354.88
88992900.45
90034810.58
20629915.52
13892164.32
71739838.6
50510231.89
72065418.38
54057500.51
75646795.93
49260249.3
79615709.26
13011763.65
34817595.25
86214473.43
52045259.6
12928999.87
39576172.11
20384341.11
64577083.5
15447040.74
40833302.15
48454929.17
44120933.33
51098791.42
27858192.91
15817749.13
15756225.26
66530562.16
87603686.94
47694164.21
88992900.45
31399682.8
31988695.79
37673309.51
54337710.54
34006250.65
12547828.52
70437519.49
82394136.28
74344476.82
28479492.95
72716577.93
62949184.61
30337738.03
20955638.89
46374781.41
51883706.68
84825259.92
32337189.99
30868705.26
85519866.68
14793615.98
86909080.19
80310316.01
15858078.8
43254946.31
36983255.16
84825259.92
80310316.01
64251503.72
19920360.87
12777258.84
42203754.81
33325678.32
38887206.53
37574956.46
42978478.31
12361659.37
60995705.95
80310316.01
12464127.16
18527966.2
91424024.09
24379542.39
28095351.71
41920220.79
60344546.39
54140623.95
15263024.41
63274764.39
12910617.93
55601251.5
71414258.82
79615709.26
53611286.54
38670004.3
77925854.37
16192393.07
35354941.4
86561776.81
50540494.48
14978585.52
32244274.27
29228007.69
89340203.83
53496669.92
36713995.06
16846738.25
45768601.86
71088679.05
27941526.64
83783349.79
53582321.68
87256383.56
36487999.52
54137944.06
44371619.19
84477956.54
41108090.95
35676006.56
37694300.21
17438756.66
47256736.78
42467111.34
33431049.15
25600931.63
14337020.27
51625836.6
36170838.29
15206138.01
57459459.13
20048105.72
65879402.61
38053155.59
66530562.16
86561776.81
16846738.25
16065218.4
42743871.81
80657619.39
34594940.35
12382489.76
12568287.49
17587127.32
50261360.55
49090468.03
68809620.6
35409522.57
69135200.38
37798156.89
32791230.22
84825259.92
40572656.37
63274764.39
22648519.32
30287583.62
91076720.71
70437519.49
35227326.72
19436963.33
40561579.28
80657619.39
23228858.86
20283492.26
51905724.0
40158591.18
39158889.07
33345097.68
48861191.17
64577083.5
39430572.99
84825259.92
49140778.61
52186677.22
76297955.49
16133130.24
24890380.01
17597376.76
12457366.9
93160540.98
30543895.33
85867170.05
25973951.17
84130653.17
39958034.09
65228243.05
33519704.34
39428784.72
46324699.54
83088743.03
39428784.72
60018966.61
38613115.68
12533534.86
57581791.74
30022212.99
23469734.42
33740495.15
87256383.56
55344831.44
12443208.98
26436174.41
36440087.89
76949115.04
76949115.04
88992900.45
12751066.5
83088743.03
38613115.68
20531694.31
52792342.41
23831537.5
87950990.32
47861551.92
32696039.33
64902663.28
35161280.42
47749265.91
54337710.54
62298025.06
82741439.66
12395601.1
24616788.82
36062427.61
31070696.33
54417905.4
55344831.44
14119760.81
30580319.66
60670126.17
63925923.94
17408246.42
65879402.61
80310316.01
33054131.0
81352226.15
12498810.42
45659762.85
44370923.05
30706957.8
46632818.85
41923501.09
45466636.98
81352226.15
64902663.28
55300530.98
82394136.28
19683947.37
12856052.16
28209845.84
62623604.83
22008122.47
26075565.38
53611286.54
40230193.37
43010735.99
77274694.82
28654658.98
60670126.17
48865748.0
15382152.15
78251434.15
58938247.36
85519866.68
26550418.03
78251434.15
56072364.41
20348903.01
20111954.84
62949184.61
65553822.83
12408496.96
37945127.41
32424957.69
52713169.44
33728422.48
60995705.95
70437519.49
92118630.85
34272969.07
49442182.93
52215396.3
66856141.94
36334356.72
16846738.25
32062475.81
34323495.77
14175982.47
13958757.95
49703114.06
41751347.59
64251503.72
84825259.92
64577083.5
37031464.02
42697652.1
34523675.31
81699529.52
38325254.18
40935622.78
35518629.14
36713995.06
30648013.04
57910180.43
22378551.72
22754641.73
85172563.3
79963012.64
30554724.33
53777327.59
69786359.94
85519866.68
77925854.37
44769401.49
12856052.16
17902236.29
40391825.54
56750277.9
35770808.91
19822606.98
27384068.08
79615709.26
37846718.22
40245644.42
50231173.67
80657619.39
19211468.58
63274764.39
88992900.45
57798548.2
23133409.35
44585446.47
12546631.39
68809620.6
25363414.05
44650871.5
43010735.99
53890479.57
14012509.92
39413729.83
29758679.26
27621107.39
85172563.3
37798774.95
74670056.6
78921102.5
16933377.33
39971522.83
48980382.78
57120374.34
86909080.19
40292710.65
41388157.51
32727444.5
50540494.48
60850937.48
72065418.38
86909080.19
60344546.39
52465787.4
85867170.05
14884144.65
30913999.27
72390998.16
23370006.03
30289367.25
69135200.38
69460780.16
18338441.23
13250878.57
63600344.17
54699089.94
58106127.29
58815914.76
83088743.03
31505400.38
93160540.98
29876372.31
55160104.96
91076720.71
54560608.61
42975956.76
37989696.25
80657619.39
26911198.81
79268405.88
35790528.38
82741439.66
36314330.19
92465934.22
50540494.48
36224418.67
20520907.99
47488152.78
31614625.47
44400019.21
48556922.0
50331728.73
27385227.69
70437519.49
63925923.94
33235973.7
90729417.34
26278592.4
74344476.82
45014695.75
85172563.3
43019419.58
71414258.82
27105454.44
36077953.61
30973775.92
27262743.1
60344546.39
18823236.77
14771556.63
37303197.28
51867618.02
37031464.02
63600344.17
38488766.48
30337738.03
66204982.39
66204982.39
38670004.3
34592491.69
38526210.29
58106127.29
47973406.45
54260969.51
23430903.77
74018897.04
12956575.87
81004922.77
65228243.05
42567102.58
70763099.27
44091925.41
24513823.85
76949115.04
78921102.5
76623535.26
31085505.36
46298100.57
23801932.91
35253408.35
32531015.51
79963012.64
12421094.16
53391095.57
34813917.91
44370923.05
49420366.05
48028385.84
62298025.06
32147281.34
89340203.83
83783349.79
29645117.86
62623604.83
24778120.31
30968735.95
77600274.6
48454929.17
12646535.09
63600344.17
42679875.21
31399682.8
77925854.37
45286683.51
44120933.33
38510392.5
82394136.28
66530562.16
60670126.17
26312986.18
92813237.6
41601726.62
36218152.72
72390998.16
27103214.46
49423990.81
49420366.05
44679112.21
38398237.18
35137969.12
36586097.02
17162356.51
72390998.16
18903626.85
13646460.22
73693317.27
86909080.19
45516400.27
21477457.38
87256383.56
46298100.57
43654859.63
55045838.17
71414258.82
28450561.31
12438188.31
63274764.39
35409522.57
84477956.54
34412189.65
79615709.26
92465934.22
32993137.92
38885418.2
53579663.32
29982475.52
13239243.17
74018897.04
35629175.69
17814908.0
49982237.3
79615709.26
81004922.77
76623535.26
47973406.45
61972445.28
40974817.17
47998123.78
37254888.1
83783349.79
38126470.05
72716577.93
41920220.79
89687507.21
61321285.72
40517339.9
64577083.5
81004922.77
51883706.68
13429626.52
28848000.5
35681144.65
39886520.01
76949115.04
65553822.83
33209194.87
68158461.05
16499943.98
27370768.69
16075406.03
49540115.83
44928931.02
75321216.15
32975449.13
81699529.52
75321216.15
32302868.83
55425056.31
81699529.52
74670056.6
71739838.6
31614625.47
74995636.38
60670126.17
30287056.64
15629205.66
30314853.56
52013436.91
35897718.5
41388157.51
34261753.99
42418678.27
62298025.06
35082201.91
34250191.31
23943212.78
48837980.87
34516589.71
43580968.31
12910617.93
19574472.05
26175410.79
67181721.72
66530562.16
36314330.19
36224418.67
88992900.45
63600344.17
55459853.14
88298293.7
73693317.27
34270359.15
30191898.12
19110247.51
70763099.27
79268405.88
53303170.55
52045259.6
51324980.92
32244274.27
66530562.16
35332564.04
27496532.78
30580319.66
43835130.25
20585857.02
44679112.21
63600344.17
88992900.45
33976709.1
24651723.91
84477956.54
86561776.81
14828108.69
36487999.52
18975331.72
64902663.28
12417168.65
27899122.23
12395601.1
43255629.43
43563219.34
79268405.88
53513428.17
33791836.86
33704523.36
38615529.45
33325678.32
75972375.71
70763099.27
55759601.31
69135200.38
57089234.65
84825259.92
15045551.35
48700516.25
34592491.69
36487999.52
41651697.25
91771327.47
32984099.46
61312497.92
40663724.16
75646795.93
34516589.71
79268405.88
22896824.84
88992900.45
45739714.99
75321216.15
30543895.33
41875908.59
32884111.33
50668008.29
30442270.4
30176547.0
12847288.93
74995636.38
61646865.5
35355686.64
55901972.02
34052058.45
56781289.55
80310316.01
60511752.44
46577302.5
38053155.59
44650871.5
64577083.5
71414258.82
71414258.82
38760592.68
46018907.78
30421936.21
75321216.15
35362254.18
32159098.06
41503361.58
40292710.65
87603686.94
67832881.27
12568302.38
25962315.18
29512936.0
69460780.16
37031464.02
21806278.06
60018966.61
77274694.82
85172563.3
29710445.59
76949115.04
51745635.56
79615709.26
39205573.3
87950990.32
52184048.4
36767768.85
31907907.95
54097875.63
33700831.3
90729417.34
35362254.18
13327829.46
20756322.06
39203368.11
16281216.06
12838525.7
51098791.42
90034810.58
13457689.25
52376537.96
25251710.81
32239741.15
79268405.88
91424024.09
78579757.48
76949115.04
40430663.07
42420502.34
19110247.51
93160540.98
18338441.23
34244648.67
39413729.83
23801932.91
90034810.58
38072191.5
45768601.86
14012509.92
82741439.66
59955714.96
22043364.39
30877671.47
31886988.23
80310316.01
35618956.43
86214473.43
54746849.09
73693317.27
16944867.4
61321285.72
28688234.24
20147446.14
66530562.16
35060555.11
28456880.3
12559598.52
43255629.43
35071961.62
71739838.6
33064799.24
71739838.6
49649041.28
50819642.95
30314853.56
27899619.93
90034810.58
19533398.31
25014874.64
51068412.28
31879511.55
40391825.54
42191966.4
90729417.34
31642374.79
39746596.26
34683867.04
31505400.38
68158461.05
36711659.26
33256234.46
48654313.03
84130653.17
63274764.39
28209845.84
61190165.31
44400019.21
77600274.6
12524850.53
71739838.6
61972445.28
54860356.78
12542222.14
55045838.17
87950990.32
40514914.8
43983502.3
30191898.12
17064883.39
75646795.93
18338441.23
64902663.28
45765959.66
22615759.7
41775496.92
61321285.72
29379408.94
66530562.16
22141365.24
72716577.93
84825259.92
52164480.67
49951354.26
62298025.06
20348903.01
45129980.16
45534392.77
88645597.07
18673903.96
36442411.12
71414258.82
83088743.03
34889124.7
60670126.17
22187084.98
31771215.36
32511177.9
46911924.29
68158461.05
31789025.22
26200375.39
91076720.71
50279666.63
40230193.37
55300530.98
37845789.07
33972731.31
78251434.15
47135712.36
78251434.15
38662019.69
53859610.42
45830724.99
22049585.75
86561776.81
40243865.74
17342692.5
34955596.88
13863295.67
12417168.65
51098791.42
39430572.99
74995636.38
12556860.34
27496532.78
54169709.72
62949184.61
42295183.65
80657619.39
63925923.94
53350785.55
43812927.76
27633819.12
32610650.05
29225691.43
88992900.45
35617631.91
35356625.62
66856141.94
39428784.72
32967120.97
18156300.87
53024019.42
33728422.48
14296977.05
13685264.22
91076720.71
37168769.06
37527135.84
92118630.85
58445094.44
49369750.64
20858222.91
35071961.62
29783979.61
14666186.79
50415643.04
29718917.08
15629205.66
65879402.61
28960880.9
73693317.27
41923501.09
70763099.27
67832881.27
26673110.48
44400019.21
70111939.71
19638166.13
29275858.64
54916809.68
47464135.17
21103088.24
23193756.7
65553822.83
24616788.82
38216946.91
44821620.55
19575456.12
44470720.23
27941526.64
30463563.22
21533929.83
45208646.16
41601726.62
33167883.77
50791282.79
12412589.44
37846718.22
33978001.7
92813237.6
22043364.39
78921102.5
45739714.99
60995705.95
66856141.94
30021689.26
63600344.17
60344546.39
35892459.82
72716577.93
67181721.72
74670056.6
39032449.45
81699529.52
18774954.98
72065418.38
12655232.18
37710061.43
43110974.83
31642374.79
27103705.91
78579757.48
38662019.69
43815485.51
75972375.71
12984165.18
40300834.46
44958205.2
54467765.49
64902663.28
12547828.52
41920220.79
54260969.51
12672626.85
48837980.87
48374781.75
33791836.86
61646865.5
64577083.5
63600344.17
43654859.63
54417092.16
82046832.9
38931774.66
38941786.82
82046832.9
38254156.94
67832881.27
32173458.77
13577126.24
19770326.27
61646865.5
31642374.79
48325574.8
47414921.97
54746849.09
30263020.56
35401219.88
78579757.48
44976263.73
29756869.15
61646865.5
88992900.45
67507301.49
46018907.78
62298025.06
76623535.26
80310316.01
12490135.42
82394136.28
85867170.05
60018966.61
25700625.8
47308453.52
41601726.62
48307505.85
75646795.93
34523675.31
40786614.96
15229209.4
41388157.51
17030306.98
77600274.6
18746456.65
80657619.39
35071961.62
25566204.95
29340059.28
25726512.78
50135539.91
92465934.22
78251434.15
72390998.16
53303170.55
60344546.39
31150889.99
49703114.06
48556177.08
32410399.29
66204982.39
38660234.8
18993500.86
12883045.1
39958034.09
12556860.34
13545501.84
20531694.31
90729417.34
46045685.8
30648013.04
91771327.47
12806112.47
83436046.41
31242156.95
54869320.57
36442411.12
28448054.38
31665178.84
15599945.41
72065418.38
41058972.21
35227326.72
41791073.4
64251503.72
74670056.6
64902663.28
45237298.2
81004922.77
64577083.5
22280451.41
20718527.0
30845789.59
62623604.83
77600274.6
15194581.2
73693317.27
40515565.39
13646460.22
30149765.36
80310316.01
60344546.39
12546631.39
34683867.04
80657619.39
18457362.19
79963012.64
42738921.13
55547388.91
42195306.21
16846738.25
75646795.93
73693317.27
21703269.46
39477351.48
49140778.61
38782436.79
18120288.23
62298025.06
15847875.77
44094495.22
28697619.6
33978001.7
30421936.21
28563297.78
13030165.29
87950990.32
63925923.94
48252648.69
51067638.08
27859363.16
47191029.74
29055093.1
31527203.55
90382113.96
15102135.44
53071548.95
21466727.62
72065418.38
60995705.95
84825259.92
77925854.37
35499067.68
45286683.51
33473130.17
37438017.51
60344546.39
20147446.14
17804664.56
64251503.72
30148547.23
12455474.59
65228243.05
18250078.14
38070414.23
76623535.26
39032449.45
92813237.6
30382028.18
19110247.51
35628004.38
34344816.22
25225858.52
25363414.05
48581603.73
66530562.16
32173458.77
44649921.76
30058658.06
51905724.0
67832881.27
53777327.59
19574472.05
69460780.16
28925950.44
22245236.19
36042564.49
64577083.5
44198762.96
92813237.6
16906941.47
83783349.79
27500221.56
93507844.36
51146387.48
18717452.66
30289367.25
34446960.59
26887784.71
60670126.17
65879402.61
48735030.12
73693317.27
30072255.65
44542242.81
24416772.19
48307505.85
26911198.81
39699828.31
34272969.07
88298293.7
85519866.68
82046832.9
24778120.31
85867170.05
32159098.06
89340203.83
35137969.12
77925854.37
85519866.68
18467794.43
55216778.63
91424024.09
36440087.89
72716577.93
13051719.98
36983863.46
33597268.49
48302159.64
47536223.55
43812927.76
41207529.95
36985603.51
71414258.82
36451675.79
51657090.49
51067638.08
43562763.05
68158461.05
34545278.4
46884710.48
48604718.3
61972445.28
81352226.15
41875908.59
32173458.77
91076720.71
35634599.56
49396062.76
69135200.38
23133409.35
89340203.83
49721340.15
29806788.24
63925923.94
20007310.18
80657619.39
33235973.7
73367737.49
88298293.7
89340203.83
70763099.27
38238348.21
33740495.15
12421094.16
83088743.03
29340059.28
76949115.04
92465934.22
13039366.14
34594940.35
29225691.43
30289367.25
19164786.6
92813237.6
34052058.45
44650871.5
24653568.32
65879402.61
76297955.49
13033705.51
42591949.8
79268405.88
28697619.6
38662019.69
63274764.39
37150271.04
29512936.0
63600344.17
31341610.47
29446874.31
17438756.66
22886169.59
43926811.3
36606297.42
62623604.83
88298293.7
60294900.0
33800510.29
34811670.02
60995705.95
61646865.5
45208646.16
35161280.42
41651697.25
25726512.78
32239741.15
36621499.26
36711659.26
17190232.37
17719417.21
78579757.48
37129683.82
31614625.47
62623604.83
84825259.92
32834547.25
35618956.43
63274764.39
33258832.49
82741439.66
60511752.44
42467111.34
16727457.03
34586718.8
34858190.22
46577302.5
19110247.51
55516751.78
20520907.99
72065418.38
81699529.52
21192766.2
30543895.33
29174846.08
18675107.63
31083228.36
80657619.39
60995705.95
26550418.03
85172563.3
73367737.49
75972375.71
84825259.92
54337710.54
66856141.94
49144869.07
30809604.41
52164480.67
31083765.09
20520907.99
43983502.3
43291319.46
50233189.23
34056260.34
59616529.92
35253408.35
12524850.53
75972375.71
32984099.46
55459853.14
41479438.77
12594366.4
28430239.33
36314330.19
29328420.2
26311564.1
36711659.26
86561776.81
62298025.06
33456160.71
13545501.84
33167883.77
13048567.21
75646795.93
47694164.21
42191966.4
31930681.37
46324699.54
18823236.77
62949184.61
26516062.96
80657619.39
60995705.95
53071548.95
85867170.05
41116300.18
82741439.66
61321285.72
31883192.29
14326706.02
47743476.66
19910578.44
66856141.94
77925854.37
32609384.05
34718691.57
55459853.14
43019419.58
27926071.3
86561776.81
89687507.21
49700020.28
93160540.98
54746987.97
34866420.63
57232254.94
34043838.77
43022890.57
37302938.23
31881829.95
87256383.56
51733088.35
21240975.93
51452766.46
85519866.68
33501813.89
44922791.82
42407677.2
27975335.21
80657619.39
47056710.6
53300522.95
32439009.86
26210876.12
67832881.27
45194712.13
33903556.74
36759730.75
61972445.28
19810782.27
36857890.42
23193756.7
90382113.96
23905217.17
46856507.43
40702740.12
46602994.58
92813237.6
37813646.45
36179307.74
45558696.79
44742707.99
85519866.68
89687507.21
82046832.9
62298025.06
40974817.17
72716577.93
71088679.05
36314330.19
33791836.86
22175354.02
14761278.89
60018966.61
17438756.66
74018897.04
31075587.17
28582303.93
27368516.35
74344476.82
93507844.36
35356625.62
34250191.31
33238208.38
53024019.42
62949184.61
88645597.07
50261360.55
35906950.87
72716577.93
78251434.15
31239588.01
31612338.75
88992900.45
84825259.92
52045259.6
82394136.28
90729417.34
19338337.88
92118630.85
83783349.79
72390998.16
46044970.15
27152340.56
70111939.71
12391154.23
71739838.6
14119760.81
12603059.87
80310316.01
56564537.37
33616462.92
76949115.04
53852400.51
68158461.05
83088743.03
32070205.35
27125361.8
13048567.21
41388157.51
12707450.36
83783349.79
53332095.92
40514914.8
33474838.63
60344546.39
31614082.23
50509464.19
43224305.64
92118630.85
52773714.69
50231173.67
68484040.83
39972166.91
62623604.83
34863335.08
30176547.0
53661708.48
87256383.56
74670056.6
16035565.59
29228007.69
35947079.64
63925923.94
12373825.3
70437519.49
92118630.85
74995636.38
72390998.16
53730067.9
86909080.19
68809620.6
38390251.09
26278592.4
19770326.27
30442270.4
49982237.3
49114234.83
91424024.09
35629175.69
12398818.03
37541245.87
67181721.72
78921102.5
71414258.82
37031464.02
86561776.81
28744944.56
77274694.82
28314011.51
87256383.56
54860356.78
57798548.2
38342068.79
55086013.69
91424024.09
29910826.96
19875034.2
45659762.85
54398478.49
37236874.75
90034810.58
83088743.03
85172563.3
38662019.69
37438017.51
32791230.22
50261360.55
37303197.28
22423660.46
61646865.5
