2.801189785306725509e-04
2.521070806776054204e-03
3.842509993562035996e-07
3.458258994205832502e-06
2.521070806776054204e-03
2.521070806776054204e-03
3.842509993562035996e-07
2.801189785306725509e-04
3.458258994205832502e-06
3.458258994205832502e-06
3.458258994205832502e-06
2.801189785306725509e-04
3.112433094785249887e-05
3.112433094785249887e-05
4.743839498224732550e-09
3.112433094785249887e-05
3.458258994205832502e-06
3.112433094785249887e-05
3.112433094785249887e-05
3.112433094785249887e-05
3.842509993562035996e-07
2.268963726098448958e-02
2.801189785306725509e-04
2.268963726098448958e-02
3.112433094785249887e-05
2.801189785306725509e-04
2.521070806776054204e-03
3.458258994205832502e-06
3.112433094785249887e-05
2.042067353488604686e-01
3.458258994205832502e-06
2.521070806776054204e-03
3.112433094785249887e-05
3.842509993562035996e-07
2.801189785306725509e-04
3.842509993562035996e-07
2.801189785306725509e-04
3.458258994205832502e-06
2.801189785306725509e-04
3.842509993562035996e-07
2.801189785306725509e-04
3.112433094785249887e-05
3.458258994205832502e-06
3.458258994205832502e-06
2.801189785306725509e-04
3.458258994205832502e-06
3.458258994205832502e-06
3.112433094785249887e-05
3.112433094785249887e-05
3.458258994205832502e-06
2.801189785306725509e-04
3.112433094785249887e-05
3.458258994205832502e-06
3.458258994205832502e-06
2.801189785306725509e-04
3.112433094785249887e-05
3.458258994205832502e-06
3.112433094785249887e-05
3.842509993562035996e-07
2.801189785306725509e-04
2.521070806776054204e-03
3.458258994205832502e-06
3.112433094785249887e-05
4.269455548402261115e-08
2.801189785306725509e-04
3.458258994205832502e-06
2.521070806776054204e-03
3.458258994205832502e-06
2.801189785306725509e-04
3.458258994205832502e-06
2.801189785306725509e-04
3.842509993562035996e-07
3.112433094785249887e-05
3.112433094785249887e-05
3.112433094785249887e-05
2.268963726098448958e-02
2.042067353488604686e-01
3.112433094785249887e-05
3.842509993562035996e-07
3.842509993562035996e-07
3.458258994205832502e-06
3.112433094785249887e-05
3.458258994205832502e-06
3.458258994205832502e-06
3.112433094785249887e-05
2.801189785306725509e-04
4.269455548402261115e-08
2.042067353488604686e-01
2.801189785306725509e-04
2.801189785306725509e-04
3.112433094785249887e-05
3.112433094785249887e-05
3.458258994205832502e-06
2.521070806776054204e-03
3.458258994205832502e-06
2.801189785306725509e-04
3.112433094785249887e-05
3.112433094785249887e-05
2.521070806776054204e-03
3.112433094785249887e-05
2.521070806776054204e-03
2.268963726098448958e-02
3.842509993562035996e-07
3.458258994205832502e-06
2.801189785306725509e-04
2.801189785306725509e-04
2.801189785306725509e-04
3.458258994205832502e-06
3.842509993562035996e-07
2.521070806776054204e-03
2.801189785306725509e-04
2.801189785306725509e-04
2.801189785306725509e-04
2.521070806776054204e-03
3.842509993562035996e-07
3.112433094785249887e-05
3.112433094785249887e-05
3.112433094785249887e-05
2.801189785306725509e-04
3.458258994205832502e-06
3.842509993562035996e-07
2.801189785306725509e-04
3.112433094785249887e-05
2.801189785306725509e-04
2.521070806776054204e-03
3.112433094785249887e-05
3.842509993562035996e-07
2.801189785306725509e-04
3.112433094785249887e-05
2.521070806776054204e-03
3.112433094785249887e-05
3.842509993562035996e-07
2.268963726098448958e-02
3.458258994205832502e-06
2.521070806776054204e-03
3.458258994205832502e-06
3.842509993562035996e-07
2.521070806776054204e-03
3.112433094785249887e-05
3.842509993562035996e-07
3.112433094785249887e-05
2.521070806776054204e-03
2.801189785306725509e-04
2.801189785306725509e-04
3.842509993562035996e-07
3.842509993562035996e-07
3.112433094785249887e-05
4.269455548402261115e-08
4.743839498224732550e-09
3.842509993562035996e-07
2.521070806776054204e-03
3.458258994205832502e-06
3.842509993562035996e-07
2.801189785306725509e-04
2.801189785306725509e-04
2.801189785306725509e-04
4.269455548402261115e-08
3.112433094785249887e-05
3.112433094785249887e-05
3.458258994205832502e-06
3.458258994205832502e-06
3.458258994205832502e-06
3.458258994205832502e-06
2.801189785306725509e-04
2.801189785306725509e-04
3.458258994205832502e-06
3.458258994205832502e-06
2.801189785306725509e-04
2.521070806776054204e-03
3.458258994205832502e-06
3.112433094785249887e-05
3.458258994205832502e-06
2.521070806776054204e-03
2.801189785306725509e-04
3.842509993562035996e-07
3.112433094785249887e-05
3.458258994205832502e-06
3.112433094785249887e-05
2.801189785306725509e-04
3.458258994205832502e-06
2.521070806776054204e-03
3.112433094785249887e-05
2.042067353488604686e-01
3.842509993562035996e-07
2.801189785306725509e-04
3.458258994205832502e-06
3.842509993562035996e-07
2.801189785306725509e-04
3.458258994205832502e-06
3.458258994205832502e-06
3.112433094785249887e-05
4.269455548402261115e-08
3.112433094785249887e-05
3.112433094785249887e-05
3.112433094785249887e-05
2.801189785306725509e-04
2.801189785306725509e-04
3.112433094785249887e-05
2.521070806776054204e-03
2.801189785306725509e-04
