2.562246638114928530e-04
2.306021974303436219e-03
3.514741616069858908e-07
3.163267454462872752e-06
2.306021974303436219e-03
2.306021974303436219e-03
3.514741616069858908e-07
2.562246638114928530e-04
3.163267454462872752e-06
3.163267454462872752e-06
3.163267454462872752e-06
2.562246638114928530e-04
2.846940709016586578e-05
2.846940709016586578e-05
4.339187180333156541e-09
2.846940709016586578e-05
3.163267454462872752e-06
2.846940709016586578e-05
2.846940709016586578e-05
2.846940709016586578e-05
3.514741616069858908e-07
2.075419776873093161e-02
2.562246638114928530e-04
2.075419776873093161e-02
2.846940709016586578e-05
2.562246638114928530e-04
2.306021974303436219e-03
3.163267454462872752e-06
2.846940709016586578e-05
1.867877799185784227e-01
3.163267454462872752e-06
2.306021974303436219e-03
2.846940709016586578e-05
3.514741616069858908e-07
2.562246638114928530e-04
3.514741616069858908e-07
2.562246638114928530e-04
3.163267454462872752e-06
2.562246638114928530e-04
3.514741616069858908e-07
2.562246638114928530e-04
2.846940709016586578e-05
3.163267454462872752e-06
3.163267454462872752e-06
2.562246638114928530e-04
3.163267454462872752e-06
3.163267454462872752e-06
2.846940709016586578e-05
2.846940709016586578e-05
3.163267454462872752e-06
2.562246638114928530e-04
2.846940709016586578e-05
3.163267454462872752e-06
3.163267454462872752e-06
2.562246638114928530e-04
2.846940709016586578e-05
3.163267454462872752e-06
2.846940709016586578e-05
3.514741616069858908e-07
2.562246638114928530e-04
2.306021974303436219e-03
3.163267454462872752e-06
2.846940709016586578e-05
3.905268462299842128e-08
2.562246638114928530e-04
3.163267454462872752e-06
2.306021974303436219e-03
3.163267454462872752e-06
2.562246638114928530e-04
3.163267454462872752e-06
2.562246638114928530e-04
3.514741616069858908e-07
2.846940709016586578e-05
2.846940709016586578e-05
2.846940709016586578e-05
2.075419776873093161e-02
1.867877799185784227e-01
2.846940709016586578e-05
3.514741616069858908e-07
3.514741616069858908e-07
3.163267454462872752e-06
2.846940709016586578e-05
3.163267454462872752e-06
3.163267454462872752e-06
2.846940709016586578e-05
2.562246638114928530e-04
3.905268462299842128e-08
1.867877799185784227e-01
2.562246638114928530e-04
2.562246638114928530e-04
2.846940709016586578e-05
2.846940709016586578e-05
3.163267454462872752e-06
2.306021974303436219e-03
3.163267454462872752e-06
2.562246638114928530e-04
2.846940709016586578e-05
2.846940709016586578e-05
2.306021974303436219e-03
2.846940709016586578e-05
2.306021974303436219e-03
2.075419776873093161e-02
3.514741616069858908e-07
3.163267454462872752e-06
2.562246638114928530e-04
2.562246638114928530e-04
2.562246638114928530e-04
3.163267454462872752e-06
3.514741616069858908e-07
2.306021974303436219e-03
2.562246638114928530e-04
2.562246638114928530e-04
2.562246638114928530e-04
2.306021974303436219e-03
3.514741616069858908e-07
2.846940709016586578e-05
2.846940709016586578e-05
2.846940709016586578e-05
2.562246638114928530e-04
3.163267454462872752e-06
3.514741616069858908e-07
2.562246638114928530e-04
2.846940709016586578e-05
2.562246638114928530e-04
2.306021974303436219e-03
2.846940709016586578e-05
3.514741616069858908e-07
2.562246638114928530e-04
2.846940709016586578e-05
2.306021974303436219e-03
2.846940709016586578e-05
3.514741616069858908e-07
2.075419776873093161e-02
3.163267454462872752e-06
2.306021974303436219e-03
3.163267454462872752e-06
3.514741616069858908e-07
2.306021974303436219e-03
2.846940709016586578e-05
3.514741616069858908e-07
2.846940709016586578e-05
2.306021974303436219e-03
2.562246638114928530e-04
2.562246638114928530e-04
3.514741616069858908e-07
3.514741616069858908e-07
2.846940709016586578e-05
3.905268462299842128e-08
4.339187180333156541e-09
3.514741616069858908e-07
2.306021974303436219e-03
3.163267454462872752e-06
3.514741616069858908e-07
2.562246638114928530e-04
2.562246638114928530e-04
2.562246638114928530e-04
3.905268462299842128e-08
2.846940709016586578e-05
2.846940709016586578e-05
3.163267454462872752e-06
3.163267454462872752e-06
3.163267454462872752e-06
3.163267454462872752e-06
2.562246638114928530e-04
2.562246638114928530e-04
3.163267454462872752e-06
3.163267454462872752e-06
2.562246638114928530e-04
2.306021974303436219e-03
3.163267454462872752e-06
2.846940709016586578e-05
3.163267454462872752e-06
2.306021974303436219e-03
2.562246638114928530e-04
3.514741616069858908e-07
2.846940709016586578e-05
3.163267454462872752e-06
2.846940709016586578e-05
2.562246638114928530e-04
3.163267454462872752e-06
2.306021974303436219e-03
2.846940709016586578e-05
1.867877799185784227e-01
3.514741616069858908e-07
2.562246638114928530e-04
3.163267454462872752e-06
3.514741616069858908e-07
2.562246638114928530e-04
3.163267454462872752e-06
3.163267454462872752e-06
2.846940709016586578e-05
3.905268462299842128e-08
2.846940709016586578e-05
2.846940709016586578e-05
2.846940709016586578e-05
2.562246638114928530e-04
2.562246638114928530e-04
2.846940709016586578e-05
2.306021974303436219e-03
2.562246638114928530e-04
2.846940709016586578e-05
2.562246638114928530e-04
2.562246638114928530e-04
3.905268462299842128e-08
2.846940709016586578e-05
3.905268462299842128e-08
2.562246638114928530e-04
3.163267454462872752e-06
2.562246638114928530e-04
3.905268462299842128e-08
2.846940709016586578e-05
2.562246638114928530e-04
2.846940709016586578e-05
3.163267454462872752e-06
3.163267454462872752e-06
3.514741616069858908e-07
2.562246638114928530e-04
2.306021974303436219e-03
2.562246638114928530e-04
2.306021974303436219e-03
2.846940709016586578e-05
3.163267454462872752e-06
3.905268462299842128e-08
3.163267454462872752e-06
3.163267454462872752e-06
3.163267454462872752e-06
2.846940709016586578e-05
2.846940709016586578e-05
2.562246638114928530e-04
2.562246638114928530e-04
2.846940709016586578e-05
3.163267454462872752e-06
3.514741616069858908e-07
3.905268462299842128e-08
3.905268462299842128e-08
2.562246638114928530e-04
2.562246638114928530e-04
2.306021974303436219e-03
2.846940709016586578e-05
3.514741616069858908e-07
2.846940709016586578e-05
3.514741616069858908e-07
2.562246638114928530e-04
2.846940709016586578e-05
2.306021974303436219e-03
3.514741616069858908e-07
2.075419776873093161e-02
2.846940709016586578e-05
2.846940709016586578e-05
3.514741616069858908e-07
2.846940709016586578e-05
2.562246638114928530e-04
2.846940709016586578e-05
3.514741616069858908e-07
2.562246638114928530e-04
2.846940709016586578e-05
2.846940709016586578e-05
2.846940709016586578e-05
3.163267454462872752e-06
2.562246638114928530e-04
3.163267454462872752e-06
2.846940709016586578e-05
2.846940709016586578e-05
2.306021974303436219e-03
2.562246638114928530e-04
3.163267454462872752e-06
2.846940709016586578e-05
3.163267454462872752e-06
2.562246638114928530e-04
2.846940709016586578e-05
2.562246638114928530e-04
2.846940709016586578e-05
2.846940709016586578e-05
2.306021974303436219e-03
2.846940709016586578e-05
3.163267454462872752e-06
2.846940709016586578e-05
2.562246638114928530e-04
3.163267454462872752e-06
3.163267454462872752e-06
2.562246638114928530e-04
2.846940709016586578e-05
2.846940709016586578e-05
2.562246638114928530e-04
3.163267454462872752e-06
2.846940709016586578e-05
3.163267454462872752e-06
2.846940709016586578e-05
2.075419776873093161e-02
2.846940709016586578e-05
2.075419776873093161e-02
3.905268462299842128e-08
2.846940709016586578e-05
2.846940709016586578e-05
3.163267454462872752e-06
2.306021974303436219e-03
3.163267454462872752e-06
3.514741616069858908e-07
2.562246638114928530e-04
2.562246638114928530e-04
