5796.20150199042
167.31586279436942
405.6548910523412
5928.442229611417
963.7348454710196
0.5564538971911399
219.1088506497639
1077.8791495610228
30.352710906918038
180.28499562590207
405.6548910523412
7493.753445457886
1110.9479570006233
10383.311938358731
229.7895656177919
1392.6184673309897
3650.894019471072
11698.092290177978
17677.979666453444
7203.665591195151
45.07276567248236
21427.559561809572
62088.37071771814
1107.3065352778933
158.78959621644677
45.07276567248236
262.5931377231205
24.004062490760507
110120.89978476721
6271.122912506642
1199.5430124792629
1137.9818274732545
173.92316346215108
131.98436006416375
10156.199409211811
1344.1836346272014
1381.3754761820849
1348.9932151844632
264.53788746397805
28.251528247835775
178.56471135279506
7373.406229014669
159.3541857339946
1948.9356652092126
594679.6659275029
1177.4262234028542
24.249641066024864
1022.4857815687429
229.78967092885654
12432.378915724805
303.57375829259485
25.53218565876184
4498098.510604414
63494.012799116506
130.82513593365042
1142.4281619127726
501857.59675367165
17677.988337132134
55532.09054537095
91493.32332402575
192848.0360562862
14162.003977204771
1077.8791495610228
6735.037315157106
45.07276567248236
24.345427849973767
2377.311308797961
1089.4368450836596
6005.270282550179
128.15586717790353
57866.291980777634
12235.655531640798
1392.6184673309897
57046.51870962918
157.8366371325803
264.1457009775511
2.957989603672921
7561.012346974152
229.7895656177919
12161.329626190873
4295849.415152681
23.561651047378216
10495.921169701514
5880.059610943881
105644.48139230575
1138.4882059874717
1622.5649606331194
1381.2905447624817
30.34077358783802
6605.709337627843
405.65500813465013
405.65500813465013
963.7359947337552
62236.76276026186
7015.185169855786
123.03416018801578
9965.766975229284
499788.8149083387
6178.352727607227
218.24676959422376
1061.8760971343745
55330.64326821615
1948.9356652092126
14603.09582632782
5.008086520180865
53308.70572092208
10241.83609150166
136.4338617136801
45.072778681627796
966.690207915252
2122.9997009988956
1351.259863075199
4498098.510604414
208.58481034509688
520797.70811482094
1405.714675824638
24.344980426332963
405.65500813465013
939.7660229791643
151.05759272408545
8673.613609239179
264.1457009775511
11738.275710256192
12432.368194483404
10204.362521784524
2315.7057139814247
29.393085818668805
64194.78209495661
24.345427849973767
1964.2199629392712
5.0080850747202605
30.352710906918038
1622.5649606331194
57419.354393633366
56164.43343918359
217.50634116981414
219.1088506497639
218.24666254880785
1413.1930455966321
52920.53649849494
1381.2905447624817
0.5564538971911399
45.07276567248236
571444.7754448176
1129.5458911967057
55761.80454556446
29.393085818668805
1199.5418299180685
24.345427849973767
1565.3073130323405
6040.836895669007
264.1458189025248
208.88644672927487
26.20987285183821
20841.361196240312
111891.41357074893
132.3267998173264
11698.105293299997
28.588972834348837
105792.94107581358
1353.0518399016223
264.1458189025248
1304.2538680236387
1089.4379125573298
12431.627686719965
264.1458189025248
7235.149026278475
229.78967092885654
5.008086520180865
28.26874818410672
107.08177719263942
8673.624281417719
11738.285197596822
12235.66501065093
264.1458189025248
139.7904977094151
45.072778681627796
2377.312370122724
7220.495593779833
55191.80633518993
5.0080850747202605
1299.7880322419971
6585.99296502772
28.251517061456095
2377.311308797961
5.0080850747202605
1351.258847354541
149.8880230618928
13383.366906733054
1613.9135388839416
11738.275710256192
17677.979666453444
1229.8965763742954
11683.647781623922
1964.2199629392712
59579.196203411244
24.06092291666186
4534725.229037017
10156.18813727007
57864.644018530314
257.30063488682487
10156.18813727007
1964.2199629392712
8673.613609239179
146.06794483062117
1044.9355671806502
1877.2621503554094
1345.009747547258
9700.912847971023
2732.1627953363536
17540.42126317435
3.2658998452342964
303.306029744528
28.588972834348837
2732.1638534244294
219.10482383699664
91493.32332402575
120.39546885840802
20841.361196240312
2.704997825148106
3.3725249042541385
119.76447715119372
6431.144580665321
2.912208094648689
10165.924813780637
24589.47428841298
219.1089513389774
29.34953543361387
6259.018577664003
1060.2030515612184
24.297678060302946
143.99347473405396
267.1708451728132
7054.890311012944
1332.7725025692855
111891.41390145376
264.1458189025248
1323.1230270809656
105282.94763970001
3.2610594926237626
405.6548910523412
1129.5458911967057
303.5736439262614
1006960.8071318499
258.7606175720237
514851.1760992014
6627.45805455227
129.33770980445544
144.91698407723686
1083.5582883581292
1298.1830868471022
5885.929202098081
2377.311308797961
6240.492604353731
6701.900754164423
1348.9922075570357
2380.839951312174
1232.4867282267019
12432.368194483404
264.5377723680192
6170.218059720943
154.7353852589988
1573.5559974671964
1128.465348585563
1948.9347562496112
594678.2019846247
87308.21111444289
6304.7071309927705
1299.7880322419971
1122.9102705740136
105644.56536256261
963.7359947337552
29.34953543361387
10596.83601062569
2122.9997009988956
3.17655253714987
840.1137762719608
853.5141831342925
303.57376149160314
6832.4307138622735
192562.30197994076
972.2688637735833
1359.5183345167698
144.9294331341109
11754.77123064595
921.8912207620452
308.46545164094243
264.53788746397805
64308.69616457883
2289.7685728101173
11683.655986291615
1153.7022992705085
45.072778681627796
2377.312370122724
12431.627686719965
29.34953543361387
29.393098607108676
1299.7894107764503
1227.904783752
33.73041740523041
