3.268262479367930627e-04
3.268262479367930627e-04
4.483213277596610519e-07
2.382563347459223657e-01
3.268262479367930627e-04
4.483213277596610519e-07
4.981348086218454514e-08
3.631402754853255876e-05
4.034891949836949467e-06
4.483213277596610519e-07
3.268262479367930627e-04
3.631402754853255876e-05
4.981348086218454514e-08
4.483213277596610519e-07
3.268262479367930627e-04
3.631402754853255876e-05
2.647292608288025206e-02
4.034891949836949467e-06
4.483213277596610519e-07
4.034891949836949467e-06
4.034891949836949467e-06
4.034891949836949467e-06
3.268262479367930627e-04
2.647292608288025206e-02
3.268262479367930627e-04
3.631402754853255876e-05
3.268262479367930627e-04
3.631402754853255876e-05
3.631402754853255876e-05
4.483213277596610519e-07
4.034891949836949467e-06
3.268262479367930627e-04
3.268262479367930627e-04
3.631402754853255876e-05
4.034891949836949467e-06
4.483213277596610519e-07
2.941436231431138540e-03
4.483213277596610519e-07
2.941436231431138540e-03
3.631402754853255876e-05
3.631402754853255876e-05
2.941436231431138540e-03
4.483213277596610519e-07
4.034891949836949467e-06
3.631402754853255876e-05
2.941436231431138540e-03
3.631402754853255876e-05
4.034891949836949467e-06
3.631402754853255876e-05
3.631402754853255876e-05
4.034891949836949467e-06
3.631402754853255876e-05
3.631402754853255876e-05
4.981348086218454514e-08
2.647292608288025206e-02
3.631402754853255876e-05
3.268262479367930627e-04
2.941436231431138540e-03
4.483213277596610519e-07
3.631402754853255876e-05
4.034891949836949467e-06
4.034891949836949467e-06
4.034891949836949467e-06
3.268262479367930627e-04
4.034891949836949467e-06
3.631402754853255876e-05
4.034891949836949467e-06
2.941436231431138540e-03
2.941436231431138540e-03
2.647292608288025206e-02
4.034891949836949467e-06
4.034891949836949467e-06
2.941436231431138540e-03
3.631402754853255876e-05
3.631402754853255876e-05
3.631402754853255876e-05
4.483213277596610519e-07
3.631402754853255876e-05
4.034891949836949467e-06
4.981348086218454514e-08
3.268262479367930627e-04
4.034891949836949467e-06
3.631402754853255876e-05
3.268262479367930627e-04
3.268262479367930627e-04
4.034891949836949467e-06
4.034891949836949467e-06
3.631402754853255876e-05
4.483213277596610519e-07
4.034891949836949467e-06
2.941436231431138540e-03
3.268262479367930627e-04
3.631402754853255876e-05
4.034891949836949467e-06
3.631402754853255876e-05
2.941436231431138540e-03
3.631402754853255876e-05
2.941436231431138540e-03
3.631402754853255876e-05
3.268262479367930627e-04
3.631402754853255876e-05
4.034891949836949467e-06
4.034891949836949467e-06
2.941436231431138540e-03
3.268262479367930627e-04
2.941436231431138540e-03
3.631402754853255876e-05
3.631402754853255876e-05
3.268262479367930627e-04
2.647292608288025206e-02
3.631402754853255876e-05
4.483213277596610519e-07
2.941436231431138540e-03
4.034891949836949467e-06
3.631402754853255876e-05
4.483213277596610519e-07
4.034891949836949467e-06
4.034891949836949467e-06
4.034891949836949467e-06
4.034891949836949467e-06
4.034891949836949467e-06
4.034891949836949467e-06
3.268262479367930627e-04
3.268262479367930627e-04
2.382563347459223657e-01
4.034891949836949467e-06
4.981348086218454514e-08
4.034891949836949467e-06
3.631402754853255876e-05
2.647292608288025206e-02
6.149812452121546052e-10
2.941436231431138540e-03
3.268262479367930627e-04
4.034891949836949467e-06
3.631402754853255876e-05
2.382563347459223657e-01
3.631402754853255876e-05
3.268262479367930627e-04
4.034891949836949467e-06
4.034891949836949467e-06
3.268262479367930627e-04
2.941436231431138540e-03
3.631402754853255876e-05
4.034891949836949467e-06
3.631402754853255876e-05
4.034891949836949467e-06
4.483213277596610519e-07
3.268262479367930627e-04
4.034891949836949467e-06
3.631402754853255876e-05
3.631402754853255876e-05
4.034891949836949467e-06
3.268262479367930627e-04
4.034891949836949467e-06
3.631402754853255876e-05
4.034891949836949467e-06
3.631402754853255876e-05
4.034891949836949467e-06
3.631402754853255876e-05
4.981348086218454514e-08
3.268262479367930627e-04
3.268262479367930627e-04
3.268262479367930627e-04
4.034891949836949467e-06
3.268262479367930627e-04
2.941436231431138540e-03
4.034891949836949467e-06
4.981348086218454514e-08
4.483213277596610519e-07
3.268262479367930627e-04
2.647292608288025206e-02
3.631402754853255876e-05
3.268262479367930627e-04
2.941436231431138540e-03
3.631402754853255876e-05
2.647292608288025206e-02
2.941436231431138540e-03
4.981348086218454514e-08
3.268262479367930627e-04
3.268262479367930627e-04
3.268262479367930627e-04
4.034891949836949467e-06
3.268262479367930627e-04
3.268262479367930627e-04
3.268262479367930627e-04
4.981348086218454514e-08
3.268262479367930627e-04
4.483213277596610519e-07
4.034891949836949467e-06
2.941436231431138540e-03
4.483213277596610519e-07
3.631402754853255876e-05
