6.109550048595918152e-06
6.788388942884350679e-07
8.380727089980676991e-09
5.498595043736326845e-05
6.109550048595918152e-06
7.542654380982611277e-08
5.498595043736326845e-05
5.498595043736326845e-05
6.788388942884350679e-07
6.109550048595918152e-06
6.109550048595918152e-06
6.109550048595918152e-06
4.948735539362696329e-04
8.380727089980676991e-09
6.109550048595918152e-06
5.498595043736326845e-05
5.498595043736326845e-05
6.788388942884350679e-07
5.498595043736326845e-05
5.498595043736326845e-05
4.948735539362696329e-04
5.498595043736326845e-05
5.498595043736326845e-05
7.542654380982611277e-08
6.109550048595918152e-06
6.109550048595918152e-06
6.109550048595918152e-06
4.948735539362696329e-04
6.788388942884350679e-07
6.788388942884350679e-07
5.498595043736326845e-05
5.498595043736326845e-05
6.109550048595918152e-06
4.453861985426427021e-03
4.948735539362696329e-04
6.109550048595918152e-06
4.948735539362696329e-04
6.788388942884350679e-07
6.109550048595918152e-06
6.109550048595918152e-06
6.109550048595918152e-06
5.498595043736326845e-05
7.542654380982611277e-08
5.498595043736326845e-05
3.607628208195408082e-01
5.498595043736326845e-05
6.788388942884350679e-07
5.498595043736326845e-05
6.788388942884350679e-07
5.498595043736326845e-05
5.498595043736326845e-05
5.498595043736326845e-05
6.788388942884350679e-07
5.498595043736326845e-05
7.542654380982611277e-08
6.788388942884350679e-07
4.948735539362696329e-04
6.788388942884350679e-07
7.542654380982611277e-08
7.542654380982611277e-08
8.380727089980676991e-09
4.008475786883785447e-02
4.453861985426427021e-03
4.948735539362696329e-04
6.109550048595918152e-06
4.948735539362696329e-04
6.109550048595918152e-06
6.109550048595918152e-06
6.788388942884350679e-07
5.498595043736326845e-05
5.498595043736326845e-05
6.109550048595918152e-06
6.788388942884350679e-07
6.788388942884350679e-07
4.948735539362696329e-04
4.948735539362696329e-04
6.788388942884350679e-07
5.498595043736326845e-05
7.542654380982611277e-08
5.498595043736326845e-05
7.542654380982611277e-08
5.498595043736326845e-05
6.788388942884350679e-07
5.498595043736326845e-05
4.948735539362696329e-04
6.788388942884350679e-07
6.788388942884350679e-07
6.109550048595918152e-06
4.948735539362696329e-04
6.788388942884350679e-07
4.948735539362696329e-04
5.498595043736326845e-05
6.109550048595918152e-06
4.948735539362696329e-04
9.311918988867416121e-10
4.948735539362696329e-04
4.948735539362696329e-04
7.542654380982611277e-08
5.498595043736326845e-05
5.498595043736326845e-05
5.498595043736326845e-05
5.498595043736326845e-05
7.542654380982611277e-08
4.948735539362696329e-04
7.542654380982611277e-08
6.788388942884350679e-07
5.498595043736326845e-05
4.948735539362696329e-04
7.542654380982611277e-08
7.542654380982611277e-08
8.380727089980676991e-09
6.109550048595918152e-06
6.788388942884350679e-07
5.498595043736326845e-05
8.380727089980676991e-09
6.788388942884350679e-07
7.542654380982611277e-08
5.498595043736326845e-05
5.498595043736326845e-05
6.109550048595918152e-06
6.109550048595918152e-06
4.948735539362696329e-04
5.498595043736326845e-05
6.788388942884350679e-07
7.542654380982611277e-08
6.109550048595918152e-06
6.109550048595918152e-06
5.498595043736326845e-05
6.109550048595918152e-06
8.380727089980676991e-09
4.453861985426427021e-03
7.542654380982611277e-08
6.109550048595918152e-06
6.109550048595918152e-06
5.498595043736326845e-05
7.542654380982611277e-08
9.311918988867416121e-10
4.948735539362696329e-04
8.380727089980676991e-09
5.498595043736326845e-05
6.788388942884350679e-07
6.788388942884350679e-07
6.788388942884350679e-07
6.109550048595918152e-06
7.542654380982611277e-08
6.109550048595918152e-06
6.109550048595918152e-06
5.498595043736326845e-05
5.498595043736326845e-05
8.380727089980676991e-09
4.948735539362696329e-04
6.109550048595918152e-06
6.109550048595918152e-06
6.788388942884350679e-07
7.542654380982611277e-08
5.498595043736326845e-05
7.542654380982611277e-08
7.542654380982611277e-08
4.948735539362696329e-04
7.542654380982611277e-08
6.109550048595918152e-06
6.109550048595918152e-06
6.109550048595918152e-06
7.542654380982611277e-08
5.498595043736326845e-05
4.453861985426427021e-03
6.109550048595918152e-06
6.788388942884350679e-07
5.498595043736326845e-05
7.542654380982611277e-08
6.788388942884350679e-07
8.380727089980676991e-09
6.109550048595918152e-06
4.948735539362696329e-04
5.498595043736326845e-05
6.788388942884350679e-07
6.788388942884350679e-07
4.948735539362696329e-04
6.109550048595918152e-06
7.542654380982611277e-08
6.788388942884350679e-07
5.498595043736326845e-05
6.109550048595918152e-06
3.607628208195408082e-01
6.109550048595918152e-06
6.109550048595918152e-06
6.788388942884350679e-07
4.948735539362696329e-04
6.109550048595918152e-06
5.498595043736326845e-05
6.109550048595918152e-06
6.788388942884350679e-07
8.380727089980676991e-09
5.498595043736326845e-05
7.542654380982611277e-08
6.788388942884350679e-07
6.109550048595918152e-06
7.542654380982611277e-08
6.788388942884350679e-07
5.498595043736326845e-05
7.542654380982611277e-08
6.788388942884350679e-07
6.788388942884350679e-07
4.008475786883785447e-02
4.948735539362696329e-04
7.542654380982611277e-08
7.542654380982611277e-08
8.380727089980676991e-09
7.542654380982611277e-08
7.542654380982611277e-08
6.788388942884350679e-07
4.453861985426427021e-03
5.498595043736326845e-05
6.788388942884350679e-07
7.542654380982611277e-08
5.498595043736326845e-05
6.109550048595918152e-06
7.542654380982611277e-08
6.109550048595918152e-06
6.109550048595918152e-06
5.498595043736326845e-05
4.948735539362696329e-04
7.542654380982611277e-08
7.542654380982611277e-08
6.109550048595918152e-06
6.788388942884350679e-07
6.788388942884350679e-07
6.788388942884350679e-07
7.542654380982611277e-08
6.109550048595918152e-06
6.109550048595918152e-06
6.109550048595918152e-06
8.380727089980676991e-09
7.542654380982611277e-08
7.542654380982611277e-08
7.542654380982611277e-08
5.498595043736326845e-05
6.109550048595918152e-06
7.542654380982611277e-08
5.498595043736326845e-05
6.109550048595918152e-06
6.109550048595918152e-06
4.948735539362696329e-04
7.542654380982611277e-08
4.948735539362696329e-04
7.542654380982611277e-08
5.498595043736326845e-05
7.542654380982611277e-08
6.109550048595918152e-06
5.498595043736326845e-05
6.788388942884350679e-07
5.498595043736326845e-05
7.542654380982611277e-08
7.542654380982611277e-08
5.498595043736326845e-05
6.788388942884350679e-07
5.498595043736326845e-05
7.542654380982611277e-08
5.498595043736326845e-05
4.948735539362696329e-04
5.498595043736326845e-05
6.109550048595918152e-06
5.498595043736326845e-05
9.311918988867416121e-10
6.109550048595918152e-06
4.948735539362696329e-04
6.109550048595918152e-06
8.380727089980676991e-09
6.109550048595918152e-06
4.948735539362696329e-04
6.788388942884350679e-07
6.788388942884350679e-07
5.498595043736326845e-05
6.109550048595918152e-06
6.109550048595918152e-06
8.380727089980676991e-09
6.109550048595918152e-06
4.948735539362696329e-04
7.542654380982611277e-08
6.109550048595918152e-06
5.498595043736326845e-05
6.109550048595918152e-06
7.542654380982611277e-08
5.498595043736326845e-05
6.109550048595918152e-06
6.788388942884350679e-07
5.498595043736326845e-05
4.453861985426427021e-03
6.788388942884350679e-07
5.498595043736326845e-05
4.948735539362696329e-04
4.948735539362696329e-04
4.453861985426427021e-03
4.008475786883785447e-02
4.948735539362696329e-04
4.948735539362696329e-04
4.948735539362696329e-04
4.948735539362696329e-04
5.498595043736326845e-05
5.498595043736326845e-05
4.948735539362696329e-04
5.498595043736326845e-05
6.788388942884350679e-07
6.109550048595918152e-06
8.380727089980676991e-09
6.109550048595918152e-06
7.542654380982611277e-08
6.788388942884350679e-07
6.788388942884350679e-07
6.109550048595918152e-06
6.788388942884350679e-07
5.498595043736326845e-05
5.498595043736326845e-05
4.453861985426427021e-03
6.788388942884350679e-07
6.788388942884350679e-07
6.109550048595918152e-06
5.498595043736326845e-05
4.948735539362696329e-04
6.788388942884350679e-07
6.109550048595918152e-06
4.948735539362696329e-04
6.109550048595918152e-06
6.788388942884350679e-07
4.008475786883785447e-02
7.542654380982611277e-08
6.788388942884350679e-07
6.109550048595918152e-06
6.109550048595918152e-06
6.788388942884350679e-07
4.948735539362696329e-04
4.948735539362696329e-04
6.109550048595918152e-06
6.788388942884350679e-07
5.498595043736326845e-05
4.948735539362696329e-04
5.498595043736326845e-05
7.542654380982611277e-08
5.498595043736326845e-05
6.109550048595918152e-06
6.788388942884350679e-07
6.109550048595918152e-06
6.109550048595918152e-06
4.948735539362696329e-04
6.788388942884350679e-07
5.498595043736326845e-05
6.109550048595918152e-06
6.109550048595918152e-06
4.948735539362696329e-04
6.109550048595918152e-06
8.380727089980676991e-09
6.109550048595918152e-06
4.948735539362696329e-04
5.498595043736326845e-05
8.380727089980676991e-09
5.498595043736326845e-05
6.788388942884350679e-07
6.109550048595918152e-06
7.542654380982611277e-08
4.453861985426427021e-03
6.788388942884350679e-07
6.788388942884350679e-07
8.380727089980676991e-09
6.109550048595918152e-06
4.008475786883785447e-02
5.498595043736326845e-05
7.542654380982611277e-08
7.542654380982611277e-08
4.453861985426427021e-03
5.498595043736326845e-05
5.498595043736326845e-05
5.498595043736326845e-05
6.788388942884350679e-07
5.498595043736326845e-05
6.109550048595918152e-06
7.542654380982611277e-08
4.453861985426427021e-03
5.498595043736326845e-05
7.542654380982611277e-08
5.498595043736326845e-05
5.498595043736326845e-05
6.788388942884350679e-07
6.109550048595918152e-06
8.380727089980676991e-09
