1.349771660850063762e-05
1.214794494765057453e-04
1.851538629423954374e-08
1.214794494765057453e-04
1.349771660850063762e-05
1.349771660850063762e-05
1.666384766481559566e-07
1.499746289833403450e-06
1.666384766481559566e-07
1.214794494765057453e-04
9.839835407596969966e-03
1.666384766481559566e-07
1.499746289833403450e-06
1.666384766481559566e-07
1.499746289833403450e-06
1.666384766481559566e-07
1.093315045288552074e-03
1.666384766481559566e-07
1.349771660850063762e-05
1.214794494765057453e-04
1.214794494765057453e-04
1.093315045288552074e-03
9.839835407596969966e-03
1.499746289833403450e-06
1.093315045288552074e-03
1.349771660850063762e-05
1.499746289833403450e-06
1.349771660850063762e-05
1.349771660850063762e-05
1.666384766481559566e-07
1.499746289833403450e-06
1.214794494765057453e-04
1.349771660850063762e-05
1.214794494765057453e-04
1.214794494765057453e-04
1.349771660850063762e-05
9.839835407596969966e-03
1.499746289833403450e-06
1.666384766481559566e-07
1.349771660850063762e-05
1.666384766481559566e-07
1.093315045288552074e-03
1.349771660850063762e-05
1.499746289833403450e-06
1.214794494765057453e-04
1.214794494765057453e-04
1.214794494765057453e-04
1.666384766481559566e-07
1.093315045288552074e-03
1.349771660850063762e-05
9.839835407596969966e-03
1.499746289833403450e-06
1.349771660850063762e-05
1.666384766481559566e-07
1.093315045288552074e-03
1.214794494765057453e-04
1.349771660850063762e-05
1.349771660850063762e-05
1.349771660850063762e-05
1.499746289833403450e-06
1.666384766481559566e-07
1.499746289833403450e-06
1.214794494765057453e-04
1.499746289833403450e-06
1.349771660850063762e-05
1.349771660850063762e-05
1.214794494765057453e-04
1.499746289833403450e-06
1.499746289833403450e-06
1.349771660850063762e-05
1.093315045288552074e-03
1.349771660850063762e-05
1.214794494765057453e-04
1.214794494765057453e-04
1.349771660850063762e-05
1.666384766481559566e-07
1.093315045288552074e-03
1.214794494765057453e-04
1.349771660850063762e-05
1.093315045288552074e-03
1.349771660850063762e-05
1.851538629423954374e-08
1.349771660850063762e-05
1.349771660850063762e-05
1.214794494765057453e-04
1.499746289833403450e-06
1.349771660850063762e-05
1.499746289833403450e-06
1.499746289833403450e-06
1.499746289833403450e-06
1.214794494765057453e-04
1.349771660850063762e-05
1.499746289833403450e-06
1.214794494765057453e-04
1.666384766481559566e-07
1.499746289833403450e-06
1.499746289833403450e-06
1.093315045288552074e-03
1.666384766481559566e-07
1.349771660850063762e-05
1.499746289833403450e-06
1.499746289833403450e-06
1.349771660850063762e-05
1.214794494765057453e-04
1.214794494765057453e-04
1.214794494765057453e-04
1.093315045288552074e-03
1.499746289833403450e-06
1.499746289833403450e-06
1.349771660850063762e-05
1.499746289833403450e-06
1.499746289833403450e-06
1.499746289833403450e-06
1.093315045288552074e-03
1.214794494765057453e-04
1.214794494765057453e-04
1.214794494765057453e-04
9.839835407596969966e-03
1.666384766481559566e-07
1.851538629423954374e-08
1.093315045288552074e-03
1.666384766481559566e-07
1.499746289833403450e-06
1.093315045288552074e-03
1.214794494765057453e-04
1.093315045288552074e-03
1.666384766481559566e-07
1.214794494765057453e-04
1.349771660850063762e-05
1.499746289833403450e-06
1.349771660850063762e-05
1.214794494765057453e-04
1.349771660850063762e-05
1.214794494765057453e-04
7.970266680153550443e-01
1.349771660850063762e-05
1.349771660850063762e-05
1.349771660850063762e-05
1.214794494765057453e-04
1.851538629423954374e-08
1.499746289833403450e-06
1.349771660850063762e-05
1.499746289833403450e-06
1.851538629423954374e-08
1.349771660850063762e-05
1.499746289833403450e-06
1.349771660850063762e-05
1.666384766481559566e-07
1.349771660850063762e-05
1.666384766481559566e-07
9.839835407596969966e-03
1.349771660850063762e-05
1.499746289833403450e-06
1.499746289833403450e-06
1.666384766481559566e-07
1.349771660850063762e-05
1.349771660850063762e-05
1.349771660850063762e-05
1.349771660850063762e-05
1.499746289833403450e-06
1.349771660850063762e-05
1.851538629423954374e-08
1.214794494765057453e-04
1.499746289833403450e-06
1.499746289833403450e-06
1.093315045288552074e-03
1.214794494765057453e-04
1.666384766481559566e-07
1.666384766481559566e-07
1.499746289833403450e-06
1.666384766481559566e-07
1.499746289833403450e-06
1.349771660850063762e-05
1.349771660850063762e-05
1.214794494765057453e-04
1.666384766481559566e-07
1.093315045288552074e-03
1.349771660850063762e-05
9.839835407596969966e-03
1.666384766481559566e-07
1.349771660850063762e-05
1.093315045288552074e-03
1.214794494765057453e-04
1.214794494765057453e-04
1.666384766481559566e-07
1.851538629423954374e-08
1.349771660850063762e-05
1.499746289833403450e-06
1.499746289833403450e-06
1.666384766481559566e-07
1.214794494765057453e-04
1.349771660850063762e-05
1.349771660850063762e-05
1.349771660850063762e-05
1.349771660850063762e-05
1.214794494765057453e-04
1.666384766481559566e-07
1.093315045288552074e-03
1.093315045288552074e-03
1.214794494765057453e-04
9.839835407596969966e-03
1.214794494765057453e-04
1.666384766481559566e-07
1.349771660850063762e-05
1.214794494765057453e-04
1.666384766481559566e-07
1.666384766481559566e-07
2.057265143804393198e-09
1.093315045288552074e-03
1.214794494765057453e-04
1.499746289833403450e-06
1.214794494765057453e-04
1.666384766481559566e-07
1.499746289833403450e-06
1.214794494765057453e-04
1.349771660850063762e-05
1.093315045288552074e-03
9.839835407596969966e-03
1.666384766481559566e-07
1.499746289833403450e-06
1.666384766481559566e-07
1.093315045288552074e-03
1.214794494765057453e-04
1.499746289833403450e-06
1.499746289833403450e-06
1.666384766481559566e-07
1.093315045288552074e-03
9.839835407596969966e-03
1.093315045288552074e-03
1.214794494765057453e-04
1.214794494765057453e-04
1.666384766481559566e-07
1.349771660850063762e-05
1.349771660850063762e-05
1.093315045288552074e-03
1.666384766481559566e-07
1.214794494765057453e-04
1.499746289833403450e-06
1.349771660850063762e-05
1.666384766481559566e-07
1.349771660850063762e-05
1.666384766481559566e-07
9.839835407596969966e-03
9.839835407596969966e-03
1.666384766481559566e-07
1.349771660850063762e-05
1.499746289833403450e-06
1.499746289833403450e-06
1.214794494765057453e-04
1.666384766481559566e-07
1.666384766481559566e-07
1.214794494765057453e-04
1.214794494765057453e-04
1.214794494765057453e-04
1.499746289833403450e-06
9.839835407596969966e-03
1.349771660850063762e-05
1.214794494765057453e-04
1.093315045288552074e-03
1.214794494765057453e-04
1.349771660850063762e-05
1.093315045288552074e-03
1.093315045288552074e-03
1.349771660850063762e-05
9.839835407596969966e-03
1.499746289833403450e-06
1.349771660850063762e-05
9.839835407596969966e-03
1.851538629423954374e-08
1.499746289833403450e-06
1.214794494765057453e-04
1.349771660850063762e-05
1.214794494765057453e-04
1.349771660850063762e-05
1.499746289833403450e-06
1.349771660850063762e-05
1.214794494765057453e-04
1.214794494765057453e-04
1.349771660850063762e-05
1.666384766481559566e-07
1.093315045288552074e-03
1.499746289833403450e-06
1.214794494765057453e-04
1.499746289833403450e-06
1.349771660850063762e-05
1.349771660850063762e-05
1.349771660850063762e-05
1.666384766481559566e-07
1.093315045288552074e-03
1.499746289833403450e-06
1.214794494765057453e-04
1.499746289833403450e-06
1.499746289833403450e-06
1.666384766481559566e-07
1.214794494765057453e-04
1.349771660850063762e-05
1.349771660850063762e-05
1.499746289833403450e-06
1.214794494765057453e-04
1.349771660850063762e-05
1.093315045288552074e-03
1.666384766481559566e-07
1.214794494765057453e-04
1.214794494765057453e-04
1.499746289833403450e-06
1.349771660850063762e-05
9.839835407596969966e-03
1.214794494765057453e-04
1.093315045288552074e-03
1.214794494765057453e-04
1.499746289833403450e-06
1.349771660850063762e-05
1.666384766481559566e-07
1.851538629423954374e-08
1.349771660850063762e-05
1.349771660850063762e-05
1.214794494765057453e-04
1.349771660850063762e-05
1.214794494765057453e-04
1.499746289833403450e-06
