3.389158064468580944e-04
4.649050842892426998e-07
3.389158064468580944e-04
3.050242258021723663e-03
3.050242258021723663e-03
3.050242258021723663e-03
3.050242258021723663e-03
4.649050842892426998e-07
3.050242258021723663e-03
3.389158064468580944e-04
4.184145758603184510e-06
3.765731182742867414e-05
3.765731182742867414e-05
3.389158064468580944e-04
3.389158064468580944e-04
2.745218032219551990e-02
3.389158064468580944e-04
3.050242258021723663e-03
4.184145758603184510e-06
3.050242258021723663e-03
3.389158064468580944e-04
3.765731182742867414e-05
4.649050842892426998e-07
3.765731182742867414e-05
3.389158064468580944e-04
4.649050842892426998e-07
3.765731182742867414e-05
3.050242258021723663e-03
3.389158064468580944e-04
3.765731182742867414e-05
3.765731182742867414e-05
3.050242258021723663e-03
4.649050842892426998e-07
3.765731182742867414e-05
3.765731182742867414e-05
3.765731182742867414e-05
3.765731182742867414e-05
3.765731182742867414e-05
3.765731182742867414e-05
3.765731182742867414e-05
5.165612047658250014e-08
4.649050842892426998e-07
3.389158064468580944e-04
4.184145758603184510e-06
4.649050842892426998e-07
4.184145758603184510e-06
4.184145758603184510e-06
4.184145758603184510e-06
3.389158064468580944e-04
3.389158064468580944e-04
3.050242258021723663e-03
3.389158064468580944e-04
3.050242258021723663e-03
2.745218032219551990e-02
3.765731182742867414e-05
3.765731182742867414e-05
3.765731182742867414e-05
3.765731182742867414e-05
4.184145758603184510e-06
4.649050842892426998e-07
3.765731182742867414e-05
3.765731182742867414e-05
3.765731182742867414e-05
4.649050842892426998e-07
3.050242258021723663e-03
3.765731182742867414e-05
3.389158064468580944e-04
4.184145758603184510e-06
3.765731182742867414e-05
4.649050842892426998e-07
4.649050842892426998e-07
3.050242258021723663e-03
4.649050842892426998e-07
4.184145758603184510e-06
3.389158064468580944e-04
3.389158064468580944e-04
3.765731182742867414e-05
4.184145758603184510e-06
4.649050842892426998e-07
5.165612047658250014e-08
2.745218032219551990e-02
3.765731182742867414e-05
4.184145758603184510e-06
3.765731182742867414e-05
3.765731182742867414e-05
3.050242258021723663e-03
4.184145758603184510e-06
3.765731182742867414e-05
4.184145758603184510e-06
3.050242258021723663e-03
2.745218032219551990e-02
3.050242258021723663e-03
3.389158064468580944e-04
4.649050842892426998e-07
3.050242258021723663e-03
3.389158064468580944e-04
3.389158064468580944e-04
3.765731182742867414e-05
3.050242258021723663e-03
4.649050842892426998e-07
4.184145758603184510e-06
4.184145758603184510e-06
4.184145758603184510e-06
5.165612047658250014e-08
2.745218032219551990e-02
3.389158064468580944e-04
4.649050842892426998e-07
4.649050842892426998e-07
3.389158064468580944e-04
3.765731182742867414e-05
3.765731182742867414e-05
3.389158064468580944e-04
3.389158064468580944e-04
4.184145758603184510e-06
3.765731182742867414e-05
3.050242258021723663e-03
3.389158064468580944e-04
3.765731182742867414e-05
3.050242258021723663e-03
3.389158064468580944e-04
4.649050842892426998e-07
3.765731182742867414e-05
3.389158064468580944e-04
3.389158064468580944e-04
3.389158064468580944e-04
3.050242258021723663e-03
5.739568941842498177e-09
4.184145758603184510e-06
2.470696228997597554e-01
3.389158064468580944e-04
3.389158064468580944e-04
3.765731182742867414e-05
3.765731182742867414e-05
4.649050842892426998e-07
4.649050842892426998e-07
3.050242258021723663e-03
2.745218032219551990e-02
3.765731182742867414e-05
4.184145758603184510e-06
4.184145758603184510e-06
3.050242258021723663e-03
3.050242258021723663e-03
3.765731182742867414e-05
4.184145758603184510e-06
3.050242258021723663e-03
3.765731182742867414e-05
5.165612047658250014e-08
4.649050842892426998e-07
3.765731182742867414e-05
3.765731182742867414e-05
3.765731182742867414e-05
4.649050842892426998e-07
3.765731182742867414e-05
4.184145758603184510e-06
3.765731182742867414e-05
3.765731182742867414e-05
3.389158064468580944e-04
5.165612047658250014e-08
4.184145758603184510e-06
4.184145758603184510e-06
3.389158064468580944e-04
4.184145758603184510e-06
3.765731182742867414e-05
4.184145758603184510e-06
3.050242258021723663e-03
3.050242258021723663e-03
2.745218032219551990e-02
2.745218032219551990e-02
3.050242258021723663e-03
3.050242258021723663e-03
4.649050842892426998e-07
4.184145758603184510e-06
4.649050842892426998e-07
4.184145758603184510e-06
3.050242258021723663e-03
3.389158064468580944e-04
3.389158064468580944e-04
3.389158064468580944e-04
2.745218032219551990e-02
4.184145758603184510e-06
4.184145758603184510e-06
3.050242258021723663e-03
3.050242258021723663e-03
3.765731182742867414e-05
5.165612047658250014e-08
3.765731182742867414e-05
4.184145758603184510e-06
2.470696228997597554e-01
3.765731182742867414e-05
2.745218032219551990e-02
3.050242258021723663e-03
3.765731182742867414e-05
4.184145758603184510e-06
3.389158064468580944e-04
3.765731182742867414e-05
4.184145758603184510e-06
3.389158064468580944e-04
3.050242258021723663e-03
3.050242258021723663e-03
3.765731182742867414e-05
2.745218032219551990e-02
4.184145758603184510e-06
3.050242258021723663e-03
3.765731182742867414e-05
2.745218032219551990e-02
3.765731182742867414e-05
3.389158064468580944e-04
3.050242258021723663e-03
4.649050842892426998e-07
4.184145758603184510e-06
4.649050842892426998e-07
4.184145758603184510e-06
4.184145758603184510e-06
4.184145758603184510e-06
4.184145758603184510e-06
3.389158064468580944e-04
3.389158064468580944e-04
4.184145758603184510e-06
3.389158064468580944e-04
4.184145758603184510e-06
3.050242258021723663e-03
5.739568941842498177e-09
3.050242258021723663e-03
4.184145758603184510e-06
3.765731182742867414e-05
4.649050842892426998e-07
4.184145758603184510e-06
4.184145758603184510e-06
4.184145758603184510e-06
4.184145758603184510e-06
4.184145758603184510e-06
3.389158064468580944e-04
4.649050842892426998e-07
2.745218032219551990e-02
3.765731182742867414e-05
4.184145758603184510e-06
3.389158064468580944e-04
3.389158064468580944e-04
3.050242258021723663e-03
3.050242258021723663e-03
4.649050842892426998e-07
3.765731182742867414e-05
3.765731182742867414e-05
4.184145758603184510e-06
3.050242258021723663e-03
3.765731182742867414e-05
3.765731182742867414e-05
4.184145758603184510e-06
4.184145758603184510e-06
4.649050842892426998e-07
4.184145758603184510e-06
3.765731182742867414e-05
3.765731182742867414e-05
3.389158064468580944e-04
4.184145758603184510e-06
3.050242258021723663e-03
