8.382371343709519511e-05
7.544134209338571083e-04
7.544134209338571083e-04
7.544134209338571083e-04
1.034860659717224247e-06
1.034860659717224247e-06
7.544134209338571083e-04
6.110748709564245429e-02
1.149845177463582526e-07
1.034860659717224247e-06
1.149845177463582526e-07
9.313745937455022243e-06
8.382371343709519511e-05
1.034860659717224247e-06
9.313745937455022243e-06
9.313745937455022243e-06
9.313745937455022243e-06
9.313745937455022243e-06
8.382371343709519511e-05
7.544134209338571083e-04
1.034860659717224247e-06
1.034860659717224247e-06
6.789720788404715601e-03
1.149845177463582526e-07
1.034860659717224247e-06
8.382371343709519511e-05
1.034860659717224247e-06
1.034860659717224247e-06
9.313745937455022243e-06
6.789720788404715601e-03
1.034860659717224247e-06
7.544134209338571083e-04
1.034860659717224247e-06
9.313745937455022243e-06
1.149845177463582526e-07
7.544134209338571083e-04
1.149845177463582526e-07
9.313745937455022243e-06
9.313745937455022243e-06
9.313745937455022243e-06
7.544134209338571083e-04
1.149845177463582526e-07
9.313745937455022243e-06
1.149845177463582526e-07
8.382371343709519511e-05
8.382371343709519511e-05
8.382371343709519511e-05
9.313745937455022243e-06
9.313745937455022243e-06
1.034860659717224247e-06
1.277605752737313348e-08
1.149845177463582526e-07
1.034860659717224247e-06
9.313745937455022243e-06
8.382371343709519511e-05
1.034860659717224247e-06
8.382371343709519511e-05
8.382371343709519511e-05
9.313745937455022243e-06
7.544134209338571083e-04
1.034860659717224247e-06
1.034860659717224247e-06
9.313745937455022243e-06
7.544134209338571083e-04
1.034860659717224247e-06
1.034860659717224247e-06
9.313745937455022243e-06
8.382371343709519511e-05
7.544134209338571083e-04
9.313745937455022243e-06
1.277605752737313348e-08
9.313745937455022243e-06
9.313745937455022243e-06
7.544134209338571083e-04
8.382371343709519511e-05
8.382371343709519511e-05
9.313745937455022243e-06
9.313745937455022243e-06
1.149845177463582526e-07
8.382371343709519511e-05
8.382371343709519511e-05
9.313745937455022243e-06
9.313745937455022243e-06
9.313745937455022243e-06
8.382371343709519511e-05
8.382371343709519511e-05
7.544134209338571083e-04
9.313745937455022243e-06
9.313745937455022243e-06
8.382371343709519511e-05
9.313745937455022243e-06
8.382371343709519511e-05
1.034860659717224247e-06
8.382371343709519511e-05
1.149845177463582526e-07
7.544134209338571083e-04
1.149845177463582526e-07
1.034860659717224247e-06
1.149845177463582526e-07
7.544134209338571083e-04
1.149845177463582526e-07
1.034860659717224247e-06
1.034860659717224247e-06
8.382371343709519511e-05
1.149845177463582526e-07
7.544134209338571083e-04
9.313745937455022243e-06
9.313745937455022243e-06
1.149845177463582526e-07
7.544134209338571083e-04
9.313745937455022243e-06
1.277605752737313348e-08
1.149845177463582526e-07
9.313745937455022243e-06
8.382371343709519511e-05
1.277605752737313348e-08
7.544134209338571083e-04
8.382371343709519511e-05
8.382371343709519511e-05
9.313745937455022243e-06
8.382371343709519511e-05
1.149845177463582526e-07
1.034860659717224247e-06
1.149845177463582526e-07
1.034860659717224247e-06
6.789720788404715601e-03
8.382371343709519511e-05
9.313745937455022243e-06
9.313745937455022243e-06
1.034860659717224247e-06
7.544134209338571083e-04
1.149845177463582526e-07
6.789720788404715601e-03
8.382371343709519511e-05
1.149845177463582526e-07
1.034860659717224247e-06
1.034860659717224247e-06
8.382371343709519511e-05
1.277605752737313348e-08
9.313745937455022243e-06
1.149845177463582526e-07
9.313745937455022243e-06
9.313745937455022243e-06
8.382371343709519511e-05
8.382371343709519511e-05
7.544134209338571083e-04
6.789720788404715601e-03
1.149845177463582526e-07
7.544134209338571083e-04
8.382371343709519511e-05
9.313745937455022243e-06
8.382371343709519511e-05
6.789720788404715601e-03
1.034860659717224247e-06
1.034860659717224247e-06
8.382371343709519511e-05
8.382371343709519511e-05
8.382371343709519511e-05
7.544134209338571083e-04
1.034860659717224247e-06
9.313745937455022243e-06
1.034860659717224247e-06
8.382371343709519511e-05
8.382371343709519511e-05
1.149845177463582526e-07
9.313745937455022243e-06
8.382371343709519511e-05
1.034860659717224247e-06
9.313745937455022243e-06
1.149845177463582526e-07
7.544134209338571083e-04
1.034860659717224247e-06
1.034860659717224247e-06
1.277605752737313348e-08
8.382371343709519511e-05
1.149845177463582526e-07
1.034860659717224247e-06
1.034860659717224247e-06
1.277605752737313348e-08
1.277605752737313348e-08
7.544134209338571083e-04
9.313745937455022243e-06
9.313745937455022243e-06
1.034860659717224247e-06
1.034860659717224247e-06
1.277605752737313348e-08
9.313745937455022243e-06
9.313745937455022243e-06
9.313745937455022243e-06
7.544134209338571083e-04
9.313745937455022243e-06
1.034860659717224247e-06
5.499673838607822551e-01
9.313745937455022243e-06
9.313745937455022243e-06
8.382371343709519511e-05
1.277605752737313348e-08
1.149845177463582526e-07
9.313745937455022243e-06
9.313745937455022243e-06
7.544134209338571083e-04
9.313745937455022243e-06
1.149845177463582526e-07
9.313745937455022243e-06
7.544134209338571083e-04
6.789720788404715601e-03
1.034860659717224247e-06
1.034860659717224247e-06
9.313745937455022243e-06
9.313745937455022243e-06
9.313745937455022243e-06
9.313745937455022243e-06
9.313745937455022243e-06
7.544134209338571083e-04
9.313745937455022243e-06
1.149845177463582526e-07
6.789720788404715601e-03
7.544134209338571083e-04
1.034860659717224247e-06
1.277605752737313348e-08
1.034860659717224247e-06
1.149845177463582526e-07
8.382371343709519511e-05
9.313745937455022243e-06
1.149845177463582526e-07
9.313745937455022243e-06
1.149845177463582526e-07
6.789720788404715601e-03
1.277605752737313348e-08
1.034860659717224247e-06
1.149845177463582526e-07
8.382371343709519511e-05
1.149845177463582526e-07
1.277605752737313348e-08
8.382371343709519511e-05
7.544134209338571083e-04
1.034860659717224247e-06
6.789720788404715601e-03
1.034860659717224247e-06
8.382371343709519511e-05
1.034860659717224247e-06
9.313745937455022243e-06
9.313745937455022243e-06
9.313745937455022243e-06
9.313745937455022243e-06
1.277605752737313348e-08
9.313745937455022243e-06
8.382371343709519511e-05
8.382371343709519511e-05
1.034860659717224247e-06
8.382371343709519511e-05
9.313745937455022243e-06
8.382371343709519511e-05
9.313745937455022243e-06
1.034860659717224247e-06
1.277605752737313348e-08
1.034860659717224247e-06
6.110748709564245429e-02
8.382371343709519511e-05
1.034860659717224247e-06
9.313745937455022243e-06
1.034860659717224247e-06
8.382371343709519511e-05
1.034860659717224247e-06
8.382371343709519511e-05
8.382371343709519511e-05
9.313745937455022243e-06
1.034860659717224247e-06
1.149845177463582526e-07
8.382371343709519511e-05
9.313745937455022243e-06
1.034860659717224247e-06
8.382371343709519511e-05
1.149845177463582526e-07
1.034860659717224247e-06
9.313745937455022243e-06
8.382371343709519511e-05
9.313745937455022243e-06
1.149845177463582526e-07
1.034860659717224247e-06
7.544134209338571083e-04
7.544134209338571083e-04
1.149845177463582526e-07
9.313745937455022243e-06
1.149845177463582526e-07
9.313745937455022243e-06
9.313745937455022243e-06
7.544134209338571083e-04
1.034860659717224247e-06
1.034860659717224247e-06
1.034860659717224247e-06
1.034860659717224247e-06
1.034860659717224247e-06
7.544134209338571083e-04
9.313745937455022243e-06
1.034860659717224247e-06
9.313745937455022243e-06
1.149845177463582526e-07
1.034860659717224247e-06
9.313745937455022243e-06
1.034860659717224247e-06
8.382371343709519511e-05
1.034860659717224247e-06
7.544134209338571083e-04
8.382371343709519511e-05
9.313745937455022243e-06
6.789720788404715601e-03
1.034860659717224247e-06
1.149845177463582526e-07
9.313745937455022243e-06
1.149845177463582526e-07
1.277605752737313348e-08
9.313745937455022243e-06
1.149845177463582526e-07
1.034860659717224247e-06
8.382371343709519511e-05
8.382371343709519511e-05
1.034860659717224247e-06
8.382371343709519511e-05
7.544134209338571083e-04
9.313745937455022243e-06
1.034860659717224247e-06
9.313745937455022243e-06
1.149845177463582526e-07
8.382371343709519511e-05
6.789720788404715601e-03
1.149845177463582526e-07
1.034860659717224247e-06
9.313745937455022243e-06
9.313745937455022243e-06
9.313745937455022243e-06
9.313745937455022243e-06
6.789720788404715601e-03
9.313745937455022243e-06
9.313745937455022243e-06
1.034860659717224247e-06
8.382371343709519511e-05
7.544134209338571083e-04
9.313745937455022243e-06
9.313745937455022243e-06
1.034860659717224247e-06
7.544134209338571083e-04
1.149845177463582526e-07
1.149845177463582526e-07
6.789720788404715601e-03
1.277605752737313348e-08
1.034860659717224247e-06
9.313745937455022243e-06
7.544134209338571083e-04
1.034860659717224247e-06
9.313745937455022243e-06
9.313745937455022243e-06
1.034860659717224247e-06
8.382371343709519511e-05
1.149845177463582526e-07
6.789720788404715601e-03
1.149845177463582526e-07
7.544134209338571083e-04
1.034860659717224247e-06
1.149845177463582526e-07
9.313745937455022243e-06
6.789720788404715601e-03
1.034860659717224247e-06
7.544134209338571083e-04
1.034860659717224247e-06
9.313745937455022243e-06
6.110748709564245429e-02
8.382371343709519511e-05
7.544134209338571083e-04
1.034860659717224247e-06
9.313745937455022243e-06
9.313745937455022243e-06
6.789720788404715601e-03
1.034860659717224247e-06
6.110748709564245429e-02
9.313745937455022243e-06
1.034860659717224247e-06
9.313745937455022243e-06
6.789720788404715601e-03
1.149845177463582526e-07
1.034860659717224247e-06
7.544134209338571083e-04
7.544134209338571083e-04
6.789720788404715601e-03
1.149845177463582526e-07
1.034860659717224247e-06
9.313745937455022243e-06
6.789720788404715601e-03
1.419561947485903444e-09
9.313745937455022243e-06
8.382371343709519511e-05
1.149845177463582526e-07
8.382371343709519511e-05
8.382371343709519511e-05
1.034860659717224247e-06
7.544134209338571083e-04
1.034860659717224247e-06
9.313745937455022243e-06
9.313745937455022243e-06
8.382371343709519511e-05
1.149845177463582526e-07
8.382371343709519511e-05
1.034860659717224247e-06
1.034860659717224247e-06
1.034860659717224247e-06
1.034860659717224247e-06
1.149845177463582526e-07
8.382371343709519511e-05
1.034860659717224247e-06
1.149845177463582526e-07
8.382371343709519511e-05
1.034860659717224247e-06
8.382371343709519511e-05
8.382371343709519511e-05
7.544134209338571083e-04
9.313745937455022243e-06
1.034860659717224247e-06
8.382371343709519511e-05
1.034860659717224247e-06
1.034860659717224247e-06
1.277605752737313348e-08
6.789720788404715601e-03
1.149845177463582526e-07
1.149845177463582526e-07
6.789720788404715601e-03
8.382371343709519511e-05
9.313745937455022243e-06
8.382371343709519511e-05
8.382371343709519511e-05
6.789720788404715601e-03
8.382371343709519511e-05
1.034860659717224247e-06
9.313745937455022243e-06
8.382371343709519511e-05
6.789720788404715601e-03
8.382371343709519511e-05
1.034860659717224247e-06
1.034860659717224247e-06
9.313745937455022243e-06
1.034860659717224247e-06
9.313745937455022243e-06
9.313745937455022243e-06
1.034860659717224247e-06
1.034860659717224247e-06
1.034860659717224247e-06
8.382371343709519511e-05
1.034860659717224247e-06
1.149845177463582526e-07
