2.993216580155207769e-05
2.693894922139687263e-04
2.993216580155207769e-05
3.325796200172451854e-06
2.424505429925719133e-03
2.993216580155207769e-05
2.993216580155207769e-05
1.963849398239833621e-01
3.695329111302724223e-07
2.993216580155207769e-05
4.105921234780803222e-08
2.693894922139687263e-04
2.693894922139687263e-04
2.993216580155207769e-05
3.695329111302724223e-07
2.424505429925719133e-03
2.424505429925719133e-03
2.993216580155207769e-05
2.993216580155207769e-05
2.993216580155207769e-05
2.693894922139687263e-04
3.695329111302724223e-07
3.695329111302724223e-07
2.693894922139687263e-04
2.424505429925719133e-03
3.695329111302724223e-07
3.695329111302724223e-07
3.325796200172451854e-06
2.693894922139687263e-04
3.325796200172451854e-06
3.325796200172451854e-06
2.993216580155207769e-05
2.993216580155207769e-05
4.105921234780803222e-08
2.993216580155207769e-05
3.695329111302724223e-07
2.424505429925719133e-03
2.424505429925719133e-03
3.695329111302724223e-07
2.424505429925719133e-03
2.993216580155207769e-05
2.693894922139687263e-04
3.325796200172451854e-06
2.424505429925719133e-03
2.693894922139687263e-04
3.325796200172451854e-06
3.325796200172451854e-06
4.105921234780803222e-08
2.693894922139687263e-04
2.424505429925719133e-03
2.993216580155207769e-05
2.424505429925719133e-03
2.693894922139687263e-04
3.325796200172451854e-06
2.993216580155207769e-05
3.325796200172451854e-06
2.693894922139687263e-04
3.695329111302724223e-07
3.695329111302724223e-07
4.562134705312002201e-09
3.325796200172451854e-06
2.424505429925719133e-03
2.993216580155207769e-05
4.105921234780803222e-08
2.993216580155207769e-05
2.693894922139687263e-04
2.993216580155207769e-05
3.695329111302724223e-07
2.424505429925719133e-03
3.325796200172451854e-06
2.424505429925719133e-03
2.182054886933147697e-02
2.693894922139687263e-04
3.325796200172451854e-06
3.325796200172451854e-06
2.993216580155207769e-05
3.695329111302724223e-07
2.993216580155207769e-05
2.424505429925719133e-03
2.693894922139687263e-04
2.993216580155207769e-05
2.693894922139687263e-04
2.424505429925719133e-03
2.182054886933147697e-02
3.695329111302724223e-07
2.693894922139687263e-04
2.182054886933147697e-02
3.325796200172451854e-06
2.693894922139687263e-04
2.693894922139687263e-04
3.325796200172451854e-06
2.993216580155207769e-05
3.325796200172451854e-06
2.693894922139687263e-04
3.695329111302724223e-07
2.693894922139687263e-04
3.325796200172451854e-06
3.695329111302724223e-07
4.562134705312002201e-09
3.325796200172451854e-06
2.693894922139687263e-04
3.695329111302724223e-07
2.182054886933147697e-02
2.693894922139687263e-04
3.325796200172451854e-06
3.325796200172451854e-06
3.695329111302724223e-07
2.993216580155207769e-05
2.693894922139687263e-04
3.695329111302724223e-07
2.693894922139687263e-04
1.963849398239833621e-01
2.693894922139687263e-04
4.105921234780803222e-08
2.993216580155207769e-05
2.993216580155207769e-05
2.424505429925719133e-03
2.993216580155207769e-05
2.993216580155207769e-05
2.693894922139687263e-04
2.993216580155207769e-05
2.424505429925719133e-03
2.693894922139687263e-04
2.693894922139687263e-04
2.424505429925719133e-03
2.993216580155207769e-05
2.424505429925719133e-03
2.993216580155207769e-05
2.993216580155207769e-05
3.325796200172451854e-06
2.693894922139687263e-04
1.963849398239833621e-01
3.325796200172451854e-06
3.695329111302724223e-07
2.693894922139687263e-04
3.695329111302724223e-07
2.693894922139687263e-04
2.693894922139687263e-04
2.993216580155207769e-05
2.693894922139687263e-04
2.424505429925719133e-03
1.963849398239833621e-01
3.325796200172451854e-06
2.993216580155207769e-05
2.424505429925719133e-03
2.693894922139687263e-04
2.182054886933147697e-02
2.424505429925719133e-03
2.424505429925719133e-03
2.182054886933147697e-02
2.693894922139687263e-04
4.105921234780803222e-08
3.325796200172451854e-06
2.993216580155207769e-05
2.993216580155207769e-05
3.325796200172451854e-06
2.693894922139687263e-04
3.695329111302724223e-07
2.424505429925719133e-03
2.693894922139687263e-04
2.424505429925719133e-03
2.424505429925719133e-03
4.105921234780803222e-08
3.695329111302724223e-07
2.693894922139687263e-04
2.993216580155207769e-05
2.693894922139687263e-04
2.693894922139687263e-04
3.695329111302724223e-07
2.993216580155207769e-05
2.424505429925719133e-03
2.993216580155207769e-05
3.325796200172451854e-06
2.693894922139687263e-04
3.325796200172451854e-06
2.424505429925719133e-03
3.325796200172451854e-06
2.993216580155207769e-05
3.325796200172451854e-06
3.325796200172451854e-06
3.695329111302724223e-07
3.325796200172451854e-06
3.325796200172451854e-06
2.693894922139687263e-04
3.695329111302724223e-07
2.993216580155207769e-05
2.993216580155207769e-05
2.424505429925719133e-03
2.693894922139687263e-04
2.693894922139687263e-04
2.993216580155207769e-05
4.105921234780803222e-08
