9.759090724648402640e-05
7.904863486965209296e-03
9.759090724648402640e-05
1.338695572654100727e-07
1.338695572654100727e-07
1.084343413849821988e-05
9.759090724648402640e-05
1.204826015388691263e-06
1.084343413849821988e-05
1.204826015388691263e-06
9.759090724648402640e-05
1.084343413849821988e-05
7.904863486965209296e-03
7.904863486965209296e-03
9.759090724648402640e-05
1.204826015388691263e-06
9.759090724648402640e-05
7.904863486965209296e-03
8.783181652183562511e-04
9.759090724648402640e-05
8.783181652183562511e-04
9.759090724648402640e-05
8.783181652183562511e-04
9.759090724648402640e-05
8.783181652183562511e-04
1.204826015388691263e-06
8.783181652183562511e-04
1.204826015388691263e-06
8.783181652183562511e-04
1.204826015388691263e-06
1.204826015388691263e-06
8.783181652183562511e-04
8.783181652183562511e-04
1.338695572654100727e-07
1.204826015388691263e-06
1.084343413849821988e-05
1.084343413849821988e-05
1.204826015388691263e-06
9.759090724648402640e-05
7.904863486965209296e-03
1.084343413849821988e-05
8.783181652183562511e-04
9.759090724648402640e-05
1.084343413849821988e-05
8.783181652183562511e-04
1.204826015388691263e-06
7.114377138268690448e-02
8.783181652183562511e-04
9.759090724648402640e-05
1.084343413849821988e-05
1.084343413849821988e-05
8.783181652183562511e-04
1.204826015388691263e-06
7.904863486965209296e-03
1.084343413849821988e-05
9.759090724648402640e-05
1.204826015388691263e-06
7.904863486965209296e-03
1.204826015388691263e-06
1.084343413849821988e-05
1.338695572654100727e-07
1.084343413849821988e-05
7.114377138268690448e-02
9.759090724648402640e-05
1.204826015388691263e-06
1.084343413849821988e-05
9.759090724648402640e-05
7.904863486965209296e-03
1.338695572654100727e-07
1.204826015388691263e-06
7.904863486965209296e-03
9.759090724648402640e-05
8.783181652183562511e-04
9.759090724648402640e-05
7.904863486965209296e-03
8.783181652183562511e-04
1.204826015388691263e-06
9.759090724648402640e-05
8.783181652183562511e-04
7.114377138268690448e-02
1.084343413849821988e-05
9.759090724648402640e-05
1.338695572654100727e-07
9.759090724648402640e-05
1.338695572654100727e-07
7.904863486965209296e-03
9.759090724648402640e-05
7.904863486965209296e-03
8.783181652183562511e-04
1.204826015388691263e-06
1.084343413849821988e-05
1.084343413849821988e-05
1.084343413849821988e-05
1.084343413849821988e-05
8.783181652183562511e-04
7.114377138268690448e-02
9.759090724648402640e-05
1.204826015388691263e-06
7.904863486965209296e-03
8.783181652183562511e-04
8.783181652183562511e-04
1.084343413849821988e-05
8.783181652183562511e-04
1.338695572654100727e-07
9.759090724648402640e-05
9.759090724648402640e-05
8.783181652183562511e-04
7.114377138268690448e-02
1.204826015388691263e-06
1.084343413849821988e-05
1.084343413849821988e-05
8.783181652183562511e-04
1.084343413849821988e-05
8.783181652183562511e-04
1.204826015388691263e-06
7.904863486965209296e-03
7.904863486965209296e-03
9.759090724648402640e-05
1.084343413849821988e-05
1.084343413849821988e-05
1.084343413849821988e-05
9.759090724648402640e-05
9.759090724648402640e-05
1.084343413849821988e-05
8.783181652183562511e-04
1.084343413849821988e-05
1.084343413849821988e-05
9.759090724648402640e-05
7.904863486965209296e-03
1.487439525171222662e-08
9.759090724648402640e-05
8.783181652183562511e-04
8.783181652183562511e-04
7.114377138268690448e-02
7.904863486965209296e-03
9.759090724648402640e-05
1.204826015388691263e-06
9.759090724648402640e-05
1.084343413849821988e-05
9.759090724648402640e-05
7.904863486965209296e-03
8.783181652183562511e-04
8.783181652183562511e-04
9.759090724648402640e-05
7.904863486965209296e-03
9.759090724648402640e-05
1.084343413849821988e-05
8.783181652183562511e-04
1.338695572654100727e-07
7.904863486965209296e-03
1.338695572654100727e-07
1.084343413849821988e-05
1.084343413849821988e-05
8.783181652183562511e-04
9.759090724648402640e-05
1.084343413849821988e-05
9.759090724648402640e-05
7.114377138268690448e-02
7.904863486965209296e-03
1.084343413849821988e-05
9.759090724648402640e-05
8.783181652183562511e-04
9.759090724648402640e-05
9.759090724648402640e-05
8.783181652183562511e-04
9.759090724648402640e-05
8.783181652183562511e-04
1.204826015388691263e-06
1.084343413849821988e-05
1.084343413849821988e-05
1.084343413849821988e-05
9.759090724648402640e-05
7.904863486965209296e-03
1.204826015388691263e-06
1.487439525171222662e-08
7.904863486965209296e-03
9.759090724648402640e-05
7.114377138268690448e-02
7.114377138268690448e-02
8.783181652183562511e-04
9.759090724648402640e-05
1.084343413849821988e-05
1.084343413849821988e-05
9.759090724648402640e-05
1.084343413849821988e-05
9.759090724648402640e-05
1.338695572654100727e-07
7.114377138268690448e-02
7.114377138268690448e-02
1.084343413849821988e-05
1.338695572654100727e-07
8.783181652183562511e-04
