8.243793674774745322e-04
1.130835895030828312e-06
1.256484327812031546e-07
7.419414307297271874e-03
1.017752305527745819e-05
8.243793674774745322e-04
8.243793674774745322e-04
1.256484327812031546e-07
1.130835895030828312e-06
1.396093697568923278e-08
1.130835895030828312e-06
1.017752305527745819e-05
1.017752305527745819e-05
9.159770749749713561e-05
9.159770749749713561e-05
1.017752305527745819e-05
1.256484327812031546e-07
6.677472876567547289e-02
9.159770749749713561e-05
8.243793674774745322e-04
1.256484327812031546e-07
1.130835895030828312e-06
1.130835895030828312e-06
1.017752305527745819e-05
1.130835895030828312e-06
9.159770749749713561e-05
1.130835895030828312e-06
1.017752305527745819e-05
9.159770749749713561e-05
1.130835895030828312e-06
7.419414307297271874e-03
8.243793674774745322e-04
1.017752305527745819e-05
9.159770749749713561e-05
1.130835895030828312e-06
7.419414307297271874e-03
1.256484327812031546e-07
1.130835895030828312e-06
1.256484327812031546e-07
1.017752305527745819e-05
8.243793674774745322e-04
1.017752305527745819e-05
1.017752305527745819e-05
1.130835895030828312e-06
1.017752305527745819e-05
1.017752305527745819e-05
8.243793674774745322e-04
1.256484327812031546e-07
8.243793674774745322e-04
1.017752305527745819e-05
7.419414307297271874e-03
1.017752305527745819e-05
8.243793674774745322e-04
1.130835895030828312e-06
8.243793674774745322e-04
1.130835895030828312e-06
9.159770749749713561e-05
1.256484327812031546e-07
9.159770749749713561e-05
1.130835895030828312e-06
9.159770749749713561e-05
1.130835895030828312e-06
9.159770749749713561e-05
1.017752305527745819e-05
1.130835895030828312e-06
1.130835895030828312e-06
1.017752305527745819e-05
9.159770749749713561e-05
1.017752305527745819e-05
1.017752305527745819e-05
1.017752305527745819e-05
1.256484327812031546e-07
1.017752305527745819e-05
1.130835895030828312e-06
9.159770749749713561e-05
1.130835895030828312e-06
1.396093697568923278e-08
8.243793674774745322e-04
1.130835895030828312e-06
1.130835895030828312e-06
8.243793674774745322e-04
9.159770749749713561e-05
1.256484327812031546e-07
9.159770749749713561e-05
8.243793674774745322e-04
9.159770749749713561e-05
1.017752305527745819e-05
1.130835895030828312e-06
1.017752305527745819e-05
1.017752305527745819e-05
1.017752305527745819e-05
1.017752305527745819e-05
1.130835895030828312e-06
1.017752305527745819e-05
1.017752305527745819e-05
1.017752305527745819e-05
1.017752305527745819e-05
1.017752305527745819e-05
1.130835895030828312e-06
1.017752305527745819e-05
1.017752305527745819e-05
9.159770749749713561e-05
9.159770749749713561e-05
1.130835895030828312e-06
1.017752305527745819e-05
1.130835895030828312e-06
8.243793674774745322e-04
1.017752305527745819e-05
1.130835895030828312e-06
9.159770749749713561e-05
7.419414307297271874e-03
1.017752305527745819e-05
1.130835895030828312e-06
1.256484327812031546e-07
1.256484327812031546e-07
9.159770749749713561e-05
1.256484327812031546e-07
1.256484327812031546e-07
9.159770749749713561e-05
1.130835895030828312e-06
1.130835895030828312e-06
9.159770749749713561e-05
9.159770749749713561e-05
1.396093697568923278e-08
1.396093697568923278e-08
9.159770749749713561e-05
7.419414307297271874e-03
1.256484327812031546e-07
1.130835895030828312e-06
1.256484327812031546e-07
9.159770749749713561e-05
9.159770749749713561e-05
1.017752305527745819e-05
1.017752305527745819e-05
1.256484327812031546e-07
1.017752305527745819e-05
7.419414307297271874e-03
9.159770749749713561e-05
9.159770749749713561e-05
1.130835895030828312e-06
1.017752305527745819e-05
8.243793674774745322e-04
1.017752305527745819e-05
8.243793674774745322e-04
1.017752305527745819e-05
1.256484327812031546e-07
8.243793674774745322e-04
7.419414307297271874e-03
1.256484327812031546e-07
8.243793674774745322e-04
9.159770749749713561e-05
1.130835895030828312e-06
1.256484327812031546e-07
9.159770749749713561e-05
9.159770749749713561e-05
9.159770749749713561e-05
8.243793674774745322e-04
8.243793674774745322e-04
9.159770749749713561e-05
1.256484327812031546e-07
1.017752305527745819e-05
1.130835895030828312e-06
1.017752305527745819e-05
7.419414307297271874e-03
9.159770749749713561e-05
9.159770749749713561e-05
1.017752305527745819e-05
7.419414307297271874e-03
1.256484327812031546e-07
1.396093697568923278e-08
8.243793674774745322e-04
1.017752305527745819e-05
1.256484327812031546e-07
1.256484327812031546e-07
1.256484327812031546e-07
1.130835895030828312e-06
1.017752305527745819e-05
9.159770749749713561e-05
9.159770749749713561e-05
1.256484327812031546e-07
1.017752305527745819e-05
1.130835895030828312e-06
1.130835895030828312e-06
1.017752305527745819e-05
9.159770749749713561e-05
1.017752305527745819e-05
9.159770749749713561e-05
8.243793674774745322e-04
1.017752305527745819e-05
1.130835895030828312e-06
1.256484327812031546e-07
1.130835895030828312e-06
1.256484327812031546e-07
9.159770749749713561e-05
1.256484327812031546e-07
1.017752305527745819e-05
1.017752305527745819e-05
1.017752305527745819e-05
1.130835895030828312e-06
1.017752305527745819e-05
1.256484327812031546e-07
1.017752305527745819e-05
9.159770749749713561e-05
1.256484327812031546e-07
1.130835895030828312e-06
1.256484327812031546e-07
1.396093697568923278e-08
1.017752305527745819e-05
7.419414307297271874e-03
9.159770749749713561e-05
6.009725588910793670e-01
1.017752305527745819e-05
1.130835895030828312e-06
1.017752305527745819e-05
1.130835895030828312e-06
1.130835895030828312e-06
1.130835895030828312e-06
1.017752305527745819e-05
9.159770749749713561e-05
1.130835895030828312e-06
9.159770749749713561e-05
9.159770749749713561e-05
1.017752305527745819e-05
1.130835895030828312e-06
1.017752305527745819e-05
1.130835895030828312e-06
1.130835895030828312e-06
1.256484327812031546e-07
9.159770749749713561e-05
1.130835895030828312e-06
1.017752305527745819e-05
9.159770749749713561e-05
1.256484327812031546e-07
1.017752305527745819e-05
1.130835895030828312e-06
1.130835895030828312e-06
1.017752305527745819e-05
1.017752305527745819e-05
1.017752305527745819e-05
9.159770749749713561e-05
9.159770749749713561e-05
1.130835895030828312e-06
1.130835895030828312e-06
1.256484327812031546e-07
1.130835895030828312e-06
1.017752305527745819e-05
9.159770749749713561e-05
1.017752305527745819e-05
1.396093697568923278e-08
9.159770749749713561e-05
1.256484327812031546e-07
9.159770749749713561e-05
1.396093697568923278e-08
9.159770749749713561e-05
1.130835895030828312e-06
8.243793674774745322e-04
1.256484327812031546e-07
1.017752305527745819e-05
9.159770749749713561e-05
9.159770749749713561e-05
1.396093697568923278e-08
9.159770749749713561e-05
7.419414307297271874e-03
8.243793674774745322e-04
1.256484327812031546e-07
1.130835895030828312e-06
1.017752305527745819e-05
7.419414307297271874e-03
9.159770749749713561e-05
1.017752305527745819e-05
1.017752305527745819e-05
1.130835895030828312e-06
1.017752305527745819e-05
1.130835895030828312e-06
1.017752305527745819e-05
9.159770749749713561e-05
7.419414307297271874e-03
1.017752305527745819e-05
1.130835895030828312e-06
9.159770749749713561e-05
1.130835895030828312e-06
9.159770749749713561e-05
1.017752305527745819e-05
1.256484327812031546e-07
1.017752305527745819e-05
8.243793674774745322e-04
1.017752305527745819e-05
1.017752305527745819e-05
9.159770749749713561e-05
1.017752305527745819e-05
1.130835895030828312e-06
1.017752305527745819e-05
7.419414307297271874e-03
1.017752305527745819e-05
7.419414307297271874e-03
9.159770749749713561e-05
9.159770749749713561e-05
1.130835895030828312e-06
9.159770749749713561e-05
1.130835895030828312e-06
1.017752305527745819e-05
1.017752305527745819e-05
1.017752305527745819e-05
9.159770749749713561e-05
1.130835895030828312e-06
1.130835895030828312e-06
1.396093697568923278e-08
1.256484327812031546e-07
1.256484327812031546e-07
9.159770749749713561e-05
9.159770749749713561e-05
8.243793674774745322e-04
1.017752305527745819e-05
1.017752305527745819e-05
1.017752305527745819e-05
9.159770749749713561e-05
7.419414307297271874e-03
1.130835895030828312e-06
9.159770749749713561e-05
1.130835895030828312e-06
1.017752305527745819e-05
8.243793674774745322e-04
1.130835895030828312e-06
1.017752305527745819e-05
1.130835895030828312e-06
1.256484327812031546e-07
1.256484327812031546e-07
1.017752305527745819e-05
1.130835895030828312e-06
9.159770749749713561e-05
1.130835895030828312e-06
8.243793674774745322e-04
1.256484327812031546e-07
8.243793674774745322e-04
9.159770749749713561e-05
9.159770749749713561e-05
9.159770749749713561e-05
1.017752305527745819e-05
1.396093697568923278e-08
1.017752305527745819e-05
1.017752305527745819e-05
1.017752305527745819e-05
9.159770749749713561e-05
1.017752305527745819e-05
1.256484327812031546e-07
1.017752305527745819e-05
1.396093697568923278e-08
1.017752305527745819e-05
1.017752305527745819e-05
9.159770749749713561e-05
1.017752305527745819e-05
1.130835895030828312e-06
1.017752305527745819e-05
1.130835895030828312e-06
9.159770749749713561e-05
1.130835895030828312e-06
9.159770749749713561e-05
1.017752305527745819e-05
9.159770749749713561e-05
9.159770749749713561e-05
1.017752305527745819e-05
1.017752305527745819e-05
1.017752305527745819e-05
8.243793674774745322e-04
1.017752305527745819e-05
1.017752305527745819e-05
6.677472876567547289e-02
1.256484327812031546e-07
1.130835895030828312e-06
1.256484327812031546e-07
1.130835895030828312e-06
1.130835895030828312e-06
1.017752305527745819e-05
9.159770749749713561e-05
1.256484327812031546e-07
1.396093697568923278e-08
1.130835895030828312e-06
1.017752305527745819e-05
1.256484327812031546e-07
9.159770749749713561e-05
1.130835895030828312e-06
9.159770749749713561e-05
1.130835895030828312e-06
8.243793674774745322e-04
9.159770749749713561e-05
9.159770749749713561e-05
1.256484327812031546e-07
7.419414307297271874e-03
7.419414307297271874e-03
1.130835895030828312e-06
1.130835895030828312e-06
1.130835895030828312e-06
1.130835895030828312e-06
9.159770749749713561e-05
1.017752305527745819e-05
1.551215219521025359e-09
9.159770749749713561e-05
7.419414307297271874e-03
1.256484327812031546e-07
1.130835895030828312e-06
1.130835895030828312e-06
1.256484327812031546e-07
8.243793674774745322e-04
9.159770749749713561e-05
9.159770749749713561e-05
9.159770749749713561e-05
9.159770749749713561e-05
1.017752305527745819e-05
1.130835895030828312e-06
7.419414307297271874e-03
1.017752305527745819e-05
9.159770749749713561e-05
8.243793674774745322e-04
8.243793674774745322e-04
1.130835895030828312e-06
1.256484327812031546e-07
1.017752305527745819e-05
8.243793674774745322e-04
1.256484327812031546e-07
1.130835895030828312e-06
1.256484327812031546e-07
6.677472876567547289e-02
1.130835895030828312e-06
9.159770749749713561e-05
1.130835895030828312e-06
1.130835895030828312e-06
8.243793674774745322e-04
1.130835895030828312e-06
1.017752305527745819e-05
1.256484327812031546e-07
1.130835895030828312e-06
9.159770749749713561e-05
1.256484327812031546e-07
1.017752305527745819e-05
8.243793674774745322e-04
1.130835895030828312e-06
8.243793674774745322e-04
1.017752305527745819e-05
8.243793674774745322e-04
1.017752305527745819e-05
1.130835895030828312e-06
1.551215219521025359e-09
1.130835895030828312e-06
9.159770749749713561e-05
1.256484327812031546e-07
8.243793674774745322e-04
1.130835895030828312e-06
9.159770749749713561e-05
