3.912315195432213771e-06
3.168975308300094637e-04
3.521083675888993665e-05
3.168975308300094637e-04
4.830018759792854383e-08
3.521083675888993665e-05
3.521083675888993665e-05
3.168975308300094637e-04
4.347016883813570269e-07
2.852077777470085878e-03
3.168975308300094637e-04
2.852077777470085878e-03
3.168975308300094637e-04
3.521083675888993665e-05
2.310182999750770849e-01
3.912315195432213771e-06
3.168975308300094637e-04
4.347016883813570269e-07
3.912315195432213771e-06
3.168975308300094637e-04
3.912315195432213771e-06
4.347016883813570269e-07
3.521083675888993665e-05
2.566869999723078027e-02
3.521083675888993665e-05
3.912315195432213771e-06
4.347016883813570269e-07
2.852077777470085878e-03
4.830018759792854383e-08
3.168975308300094637e-04
3.168975308300094637e-04
3.168975308300094637e-04
4.347016883813570269e-07
2.566869999723078027e-02
3.521083675888993665e-05
3.912315195432213771e-06
3.168975308300094637e-04
3.168975308300094637e-04
2.310182999750770849e-01
3.521083675888993665e-05
3.912315195432213771e-06
4.347016883813570269e-07
3.168975308300094637e-04
3.168975308300094637e-04
3.521083675888993665e-05
4.830018759792854383e-08
2.852077777470085878e-03
3.912315195432213771e-06
4.830018759792854383e-08
3.912315195432213771e-06
3.521083675888993665e-05
3.912315195432213771e-06
2.566869999723078027e-02
3.912315195432213771e-06
3.168975308300094637e-04
3.168975308300094637e-04
2.852077777470085878e-03
3.521083675888993665e-05
3.521083675888993665e-05
3.912315195432213771e-06
3.521083675888993665e-05
3.168975308300094637e-04
3.521083675888993665e-05
4.830018759792854383e-08
3.168975308300094637e-04
3.912315195432213771e-06
3.912315195432213771e-06
3.168975308300094637e-04
3.521083675888993665e-05
3.168975308300094637e-04
3.521083675888993665e-05
3.521083675888993665e-05
2.852077777470085878e-03
3.912315195432213771e-06
3.168975308300094637e-04
2.852077777470085878e-03
3.912315195432213771e-06
3.168975308300094637e-04
3.912315195432213771e-06
4.830018759792854383e-08
3.521083675888993665e-05
3.912315195432213771e-06
3.168975308300094637e-04
4.347016883813570269e-07
3.912315195432213771e-06
4.347016883813570269e-07
3.168975308300094637e-04
2.852077777470085878e-03
3.912315195432213771e-06
3.521083675888993665e-05
3.521083675888993665e-05
2.566869999723078027e-02
2.566869999723078027e-02
3.168975308300094637e-04
2.852077777470085878e-03
3.912315195432213771e-06
4.347016883813570269e-07
2.852077777470085878e-03
3.521083675888993665e-05
3.168975308300094637e-04
4.830018759792854383e-08
3.521083675888993665e-05
3.912315195432213771e-06
4.347016883813570269e-07
2.852077777470085878e-03
2.566869999723078027e-02
3.168975308300094637e-04
2.852077777470085878e-03
3.521083675888993665e-05
3.912315195432213771e-06
3.912315195432213771e-06
5.366687510880947844e-09
3.168975308300094637e-04
3.912315195432213771e-06
3.168975308300094637e-04
3.912315195432213771e-06
2.852077777470085878e-03
3.521083675888993665e-05
2.852077777470085878e-03
4.830018759792854383e-08
3.912315195432213771e-06
3.168975308300094637e-04
3.168975308300094637e-04
3.168975308300094637e-04
3.912315195432213771e-06
3.521083675888993665e-05
3.521083675888993665e-05
3.912315195432213771e-06
3.168975308300094637e-04
2.566869999723078027e-02
3.168975308300094637e-04
3.168975308300094637e-04
2.852077777470085878e-03
3.521083675888993665e-05
3.912315195432213771e-06
3.168975308300094637e-04
4.830018759792854383e-08
3.912315195432213771e-06
3.912315195432213771e-06
3.912315195432213771e-06
3.168975308300094637e-04
3.521083675888993665e-05
3.521083675888993665e-05
3.912315195432213771e-06
3.521083675888993665e-05
3.168975308300094637e-04
4.347016883813570269e-07
3.912315195432213771e-06
4.347016883813570269e-07
3.521083675888993665e-05
4.830018759792854383e-08
2.852077777470085878e-03
3.521083675888993665e-05
2.310182999750770849e-01
3.912315195432213771e-06
2.852077777470085878e-03
3.912315195432213771e-06
3.912315195432213771e-06
3.168975308300094637e-04
3.521083675888993665e-05
2.852077777470085878e-03
4.347016883813570269e-07
3.168975308300094637e-04
3.168975308300094637e-04
3.168975308300094637e-04
2.852077777470085878e-03
2.852077777470085878e-03
3.912315195432213771e-06
2.566869999723078027e-02
3.912315195432213771e-06
4.347016883813570269e-07
3.168975308300094637e-04
3.168975308300094637e-04
2.566869999723078027e-02
4.347016883813570269e-07
3.168975308300094637e-04
3.521083675888993665e-05
5.366687510880947844e-09
3.912315195432213771e-06
2.852077777470085878e-03
3.168975308300094637e-04
3.912315195432213771e-06
3.912315195432213771e-06
4.347016883813570269e-07
3.521083675888993665e-05
4.347016883813570269e-07
3.912315195432213771e-06
3.912315195432213771e-06
3.912315195432213771e-06
3.521083675888993665e-05
4.347016883813570269e-07
5.366687510880947844e-09
