2.846890159766032576e-04
3.514679209587693336e-06
2.846890159766032576e-04
3.514679209587693336e-06
2.846890159766032576e-04
3.905199121764103647e-07
3.163211288628924934e-05
3.163211288628924934e-05
2.846890159766032576e-04
3.514679209587693336e-06
3.514679209587693336e-06
2.846890159766032576e-04
2.846890159766032576e-04
3.905199121764103647e-07
3.163211288628924934e-05
2.846890159766032576e-04
2.846890159766032576e-04
3.905199121764103647e-07
3.163211288628924934e-05
2.846890159766032576e-04
2.846890159766032576e-04
2.846890159766032576e-04
3.514679209587693336e-06
3.163211288628924934e-05
4.339110135293446585e-08
3.163211288628924934e-05
2.846890159766032576e-04
2.846890159766032576e-04
2.846890159766032576e-04
2.846890159766032576e-04
3.514679209587693336e-06
3.163211288628924934e-05
3.163211288628924934e-05
3.905199121764103647e-07
3.905199121764103647e-07
2.846890159766032576e-04
3.163211288628924934e-05
2.846890159766032576e-04
3.163211288628924934e-05
3.514679209587693336e-06
3.905199121764103647e-07
3.163211288628924934e-05
3.163211288628924934e-05
3.163211288628924934e-05
2.846890159766032576e-04
2.305981029410487937e-02
3.905199121764103647e-07
3.163211288628924934e-05
3.163211288628924934e-05
3.905199121764103647e-07
2.846890159766032576e-04
3.514679209587693336e-06
2.562201143789430511e-03
3.514679209587693336e-06
4.339110135293446585e-08
2.562201143789430511e-03
2.562201143789430511e-03
2.846890159766032576e-04
3.514679209587693336e-06
2.846890159766032576e-04
2.846890159766032576e-04
3.163211288628924934e-05
3.514679209587693336e-06
2.846890159766032576e-04
3.905199121764103647e-07
3.905199121764103647e-07
2.846890159766032576e-04
3.163211288628924934e-05
3.163211288628924934e-05
3.514679209587693336e-06
3.163211288628924934e-05
2.846890159766032576e-04
2.305981029410487937e-02
3.163211288628924934e-05
3.905199121764103647e-07
4.339110135293446585e-08
2.562201143789430511e-03
3.514679209587693336e-06
3.514679209587693336e-06
2.075382926469439837e-01
4.339110135293446585e-08
2.562201143789430511e-03
2.846890159766032576e-04
3.163211288628924934e-05
2.075382926469439837e-01
4.339110135293446585e-08
2.562201143789430511e-03
3.163211288628924934e-05
3.514679209587693336e-06
2.075382926469439837e-01
2.305981029410487937e-02
2.846890159766032576e-04
2.846890159766032576e-04
3.514679209587693336e-06
3.514679209587693336e-06
3.905199121764103647e-07
2.075382926469439837e-01
2.846890159766032576e-04
3.514679209587693336e-06
2.846890159766032576e-04
3.163211288628924934e-05
3.514679209587693336e-06
2.846890159766032576e-04
2.846890159766032576e-04
2.846890159766032576e-04
3.163211288628924934e-05
2.846890159766032576e-04
3.905199121764103647e-07
3.163211288628924934e-05
3.905199121764103647e-07
3.905199121764103647e-07
2.305981029410487937e-02
3.905199121764103647e-07
2.305981029410487937e-02
2.846890159766032576e-04
3.163211288628924934e-05
3.905199121764103647e-07
3.163211288628924934e-05
3.163211288628924934e-05
3.514679209587693336e-06
4.339110135293446585e-08
4.339110135293446585e-08
2.305981029410487937e-02
2.562201143789430511e-03
2.562201143789430511e-03
4.339110135293446585e-08
3.163211288628924934e-05
3.163211288628924934e-05
