8.733057699462621031e-05
1.078155271538594752e-06
1.197950301709549637e-07
1.078155271538594752e-06
1.078155271538594752e-06
7.859751929516361774e-04
1.078155271538594752e-06
1.078155271538594752e-06
8.733057699462621031e-05
9.703397443847355949e-06
8.733057699462621031e-05
1.331055890788388081e-08
9.703397443847355949e-06
7.073776736564727115e-03
7.859751929516361774e-04
8.733057699462621031e-05
1.078155271538594752e-06
9.703397443847355949e-06
1.331055890788388081e-08
9.703397443847355949e-06
9.703397443847355949e-06
8.733057699462621031e-05
9.703397443847355949e-06
9.703397443847355949e-06
8.733057699462621031e-05
1.197950301709549637e-07
8.733057699462621031e-05
8.733057699462621031e-05
8.733057699462621031e-05
8.733057699462621031e-05
9.703397443847355949e-06
9.703397443847355949e-06
9.703397443847355949e-06
8.733057699462621031e-05
9.703397443847355949e-06
7.859751929516361774e-04
9.703397443847355949e-06
1.078155271538594752e-06
8.733057699462621031e-05
9.703397443847355949e-06
8.733057699462621031e-05
8.733057699462621031e-05
9.703397443847355949e-06
1.078155271538594752e-06
1.078155271538594752e-06
9.703397443847355949e-06
8.733057699462621031e-05
9.703397443847355949e-06
8.733057699462621031e-05
1.078155271538594752e-06
1.078155271538594752e-06
8.733057699462621031e-05
9.703397443847355949e-06
9.703397443847355949e-06
7.859751929516361774e-04
8.733057699462621031e-05
8.733057699462621031e-05
7.859751929516361774e-04
7.859751929516361774e-04
1.331055890788388081e-08
1.478950989764875163e-09
9.703397443847355949e-06
7.073776736564727115e-03
9.703397443847355949e-06
9.703397443847355949e-06
9.703397443847355949e-06
1.331055890788388081e-08
1.331055890788388081e-08
9.703397443847355949e-06
9.703397443847355949e-06
1.197950301709549637e-07
9.703397443847355949e-06
1.078155271538594752e-06
8.733057699462621031e-05
6.366399062908256745e-02
1.078155271538594752e-06
9.703397443847355949e-06
1.078155271538594752e-06
1.078155271538594752e-06
1.078155271538594752e-06
7.859751929516361774e-04
9.703397443847355949e-06
7.859751929516361774e-04
8.733057699462621031e-05
1.078155271538594752e-06
8.733057699462621031e-05
9.703397443847355949e-06
1.078155271538594752e-06
1.197950301709549637e-07
7.859751929516361774e-04
7.859751929516361774e-04
1.078155271538594752e-06
1.078155271538594752e-06
8.733057699462621031e-05
9.703397443847355949e-06
1.197950301709549637e-07
7.859751929516361774e-04
9.703397443847355949e-06
8.733057699462621031e-05
9.703397443847355949e-06
1.078155271538594752e-06
7.859751929516361774e-04
1.078155271538594752e-06
9.703397443847355949e-06
9.703397443847355949e-06
9.703397443847355949e-06
8.733057699462621031e-05
9.703397443847355949e-06
9.703397443847355949e-06
1.078155271538594752e-06
1.078155271538594752e-06
8.733057699462621031e-05
1.078155271538594752e-06
7.859751929516361774e-04
7.859751929516361774e-04
1.197950301709549637e-07
7.859751929516361774e-04
7.859751929516361774e-04
1.078155271538594752e-06
1.078155271538594752e-06
8.733057699462621031e-05
9.703397443847355949e-06
7.073776736564727115e-03
8.733057699462621031e-05
9.703397443847355949e-06
9.703397443847355949e-06
8.733057699462621031e-05
7.073776736564727115e-03
9.703397443847355949e-06
7.859751929516361774e-04
7.859751929516361774e-04
9.703397443847355949e-06
1.078155271538594752e-06
7.859751929516361774e-04
7.859751929516361774e-04
1.478950989764875163e-09
9.703397443847355949e-06
1.331055890788388081e-08
7.073776736564727115e-03
1.331055890788388081e-08
8.733057699462621031e-05
1.197950301709549637e-07
1.078155271538594752e-06
7.859751929516361774e-04
7.073776736564727115e-03
1.078155271538594752e-06
1.078155271538594752e-06
1.197950301709549637e-07
9.703397443847355949e-06
1.078155271538594752e-06
9.703397443847355949e-06
8.733057699462621031e-05
9.703397443847355949e-06
9.703397443847355949e-06
1.197950301709549637e-07
9.703397443847355949e-06
8.733057699462621031e-05
1.078155271538594752e-06
9.703397443847355949e-06
1.078155271538594752e-06
9.703397443847355949e-06
9.703397443847355949e-06
1.331055890788388081e-08
1.078155271538594752e-06
8.733057699462621031e-05
8.733057699462621031e-05
1.331055890788388081e-08
7.859751929516361774e-04
8.733057699462621031e-05
7.859751929516361774e-04
8.733057699462621031e-05
1.197950301709549637e-07
1.078155271538594752e-06
1.197950301709549637e-07
8.733057699462621031e-05
8.733057699462621031e-05
9.703397443847355949e-06
7.859751929516361774e-04
9.703397443847355949e-06
1.197950301709549637e-07
1.331055890788388081e-08
1.078155271538594752e-06
8.733057699462621031e-05
1.078155271538594752e-06
1.197950301709549637e-07
8.733057699462621031e-05
1.078155271538594752e-06
1.078155271538594752e-06
7.859751929516361774e-04
1.197950301709549637e-07
9.703397443847355949e-06
1.078155271538594752e-06
1.078155271538594752e-06
1.331055890788388081e-08
8.733057699462621031e-05
7.073776736564727115e-03
9.703397443847355949e-06
8.733057699462621031e-05
7.859751929516361774e-04
9.703397443847355949e-06
1.078155271538594752e-06
7.073776736564727115e-03
8.733057699462621031e-05
7.859751929516361774e-04
9.703397443847355949e-06
1.078155271538594752e-06
9.703397443847355949e-06
9.703397443847355949e-06
7.859751929516361774e-04
9.703397443847355949e-06
1.078155271538594752e-06
1.078155271538594752e-06
6.366399062908256745e-02
8.733057699462621031e-05
1.078155271538594752e-06
9.703397443847355949e-06
1.078155271538594752e-06
7.859751929516361774e-04
9.703397443847355949e-06
1.197950301709549637e-07
9.703397443847355949e-06
1.078155271538594752e-06
8.733057699462621031e-05
8.733057699462621031e-05
1.078155271538594752e-06
8.733057699462621031e-05
1.331055890788388081e-08
1.197950301709549637e-07
1.331055890788388081e-08
1.197950301709549637e-07
8.733057699462621031e-05
1.078155271538594752e-06
9.703397443847355949e-06
9.703397443847355949e-06
8.733057699462621031e-05
1.078155271538594752e-06
1.078155271538594752e-06
9.703397443847355949e-06
8.733057699462621031e-05
9.703397443847355949e-06
8.733057699462621031e-05
1.078155271538594752e-06
9.703397443847355949e-06
7.859751929516361774e-04
1.078155271538594752e-06
1.197950301709549637e-07
9.703397443847355949e-06
9.703397443847355949e-06
1.197950301709549637e-07
9.703397443847355949e-06
1.078155271538594752e-06
1.331055890788388081e-08
9.703397443847355949e-06
1.078155271538594752e-06
9.703397443847355949e-06
6.366399062908256745e-02
9.703397443847355949e-06
9.703397443847355949e-06
9.703397443847355949e-06
8.733057699462621031e-05
1.197950301709549637e-07
8.733057699462621031e-05
1.331055890788388081e-08
9.703397443847355949e-06
8.733057699462621031e-05
9.703397443847355949e-06
9.703397443847355949e-06
9.703397443847355949e-06
9.703397443847355949e-06
1.078155271538594752e-06
1.197950301709549637e-07
7.859751929516361774e-04
1.197950301709549637e-07
7.859751929516361774e-04
8.733057699462621031e-05
1.078155271538594752e-06
8.733057699462621031e-05
5.729759156617432181e-01
1.078155271538594752e-06
8.733057699462621031e-05
8.733057699462621031e-05
9.703397443847355949e-06
9.703397443847355949e-06
1.078155271538594752e-06
9.703397443847355949e-06
1.197950301709549637e-07
7.073776736564727115e-03
1.197950301709549637e-07
1.197950301709549637e-07
9.703397443847355949e-06
7.073776736564727115e-03
1.078155271538594752e-06
9.703397443847355949e-06
9.703397443847355949e-06
8.733057699462621031e-05
8.733057699462621031e-05
9.703397443847355949e-06
8.733057699462621031e-05
8.733057699462621031e-05
7.073776736564727115e-03
1.197950301709549637e-07
9.703397443847355949e-06
1.197950301709549637e-07
7.859751929516361774e-04
8.733057699462621031e-05
1.331055890788388081e-08
1.078155271538594752e-06
9.703397443847355949e-06
1.478950989764875163e-09
9.703397443847355949e-06
7.859751929516361774e-04
9.703397443847355949e-06
9.703397443847355949e-06
9.703397443847355949e-06
1.331055890788388081e-08
7.859751929516361774e-04
1.078155271538594752e-06
1.197950301709549637e-07
8.733057699462621031e-05
8.733057699462621031e-05
7.859751929516361774e-04
1.197950301709549637e-07
7.859751929516361774e-04
1.331055890788388081e-08
1.197950301709549637e-07
8.733057699462621031e-05
7.859751929516361774e-04
9.703397443847355949e-06
1.197950301709549637e-07
1.197950301709549637e-07
9.703397443847355949e-06
1.078155271538594752e-06
8.733057699462621031e-05
9.703397443847355949e-06
7.859751929516361774e-04
1.078155271538594752e-06
8.733057699462621031e-05
9.703397443847355949e-06
9.703397443847355949e-06
8.733057699462621031e-05
1.197950301709549637e-07
9.703397443847355949e-06
8.733057699462621031e-05
1.078155271538594752e-06
7.859751929516361774e-04
7.859751929516361774e-04
9.703397443847355949e-06
1.078155271538594752e-06
1.197950301709549637e-07
1.331055890788388081e-08
1.078155271538594752e-06
1.197950301709549637e-07
7.859751929516361774e-04
1.078155271538594752e-06
1.331055890788388081e-08
8.733057699462621031e-05
9.703397443847355949e-06
1.331055890788388081e-08
9.703397443847355949e-06
9.703397443847355949e-06
8.733057699462621031e-05
1.078155271538594752e-06
9.703397443847355949e-06
1.197950301709549637e-07
1.078155271538594752e-06
1.197950301709549637e-07
9.703397443847355949e-06
1.078155271538594752e-06
8.733057699462621031e-05
6.366399062908256745e-02
8.733057699462621031e-05
8.733057699462621031e-05
7.073776736564727115e-03
1.078155271538594752e-06
8.733057699462621031e-05
8.733057699462621031e-05
9.703397443847355949e-06
1.078155271538594752e-06
7.859751929516361774e-04
1.197950301709549637e-07
1.078155271538594752e-06
7.859751929516361774e-04
7.859751929516361774e-04
7.859751929516361774e-04
9.703397443847355949e-06
1.197950301709549637e-07
9.703397443847355949e-06
1.331055890788388081e-08
1.078155271538594752e-06
7.073776736564727115e-03
9.703397443847355949e-06
1.078155271538594752e-06
1.078155271538594752e-06
9.703397443847355949e-06
1.078155271538594752e-06
1.078155271538594752e-06
8.733057699462621031e-05
7.859751929516361774e-04
7.073776736564727115e-03
9.703397443847355949e-06
9.703397443847355949e-06
1.197950301709549637e-07
7.859751929516361774e-04
8.733057699462621031e-05
8.733057699462621031e-05
9.703397443847355949e-06
1.078155271538594752e-06
1.331055890788388081e-08
1.078155271538594752e-06
7.859751929516361774e-04
7.859751929516361774e-04
7.859751929516361774e-04
8.733057699462621031e-05
7.859751929516361774e-04
9.703397443847355949e-06
1.331055890788388081e-08
1.078155271538594752e-06
7.073776736564727115e-03
7.859751929516361774e-04
1.197950301709549637e-07
9.703397443847355949e-06
9.703397443847355949e-06
1.197950301709549637e-07
1.078155271538594752e-06
1.197950301709549637e-07
7.859751929516361774e-04
1.078155271538594752e-06
1.197950301709549637e-07
9.703397443847355949e-06
9.703397443847355949e-06
1.078155271538594752e-06
8.733057699462621031e-05
8.733057699462621031e-05
7.073776736564727115e-03
9.703397443847355949e-06
9.703397443847355949e-06
8.733057699462621031e-05
1.078155271538594752e-06
1.078155271538594752e-06
1.078155271538594752e-06
1.078155271538594752e-06
8.733057699462621031e-05
7.073776736564727115e-03
9.703397443847355949e-06
8.733057699462621031e-05
7.859751929516361774e-04
9.703397443847355949e-06
8.733057699462621031e-05
