9.681259014962326559e-06
7.841819802119488324e-04
1.075695446106924914e-06
1.075695446106924914e-06
1.195217162341027594e-07
1.075695446106924914e-06
9.681259014962326559e-06
1.075695446106924914e-06
1.075695446106924914e-06
8.713133113466095428e-05
9.681259014962326559e-06
1.195217162341027594e-07
1.195217162341027594e-07
9.681259014962326559e-06
1.075695446106924914e-06
9.681259014962326559e-06
7.057637821907541444e-03
7.841819802119488324e-04
1.075695446106924914e-06
9.681259014962326559e-06
1.195217162341027594e-07
9.681259014962326559e-06
9.681259014962326559e-06
9.681259014962326559e-06
9.681259014962326559e-06
1.195217162341027594e-07
1.075695446106924914e-06
1.075695446106924914e-06
9.681259014962326559e-06
1.075695446106924914e-06
9.681259014962326559e-06
7.841819802119488324e-04
1.075695446106924914e-06
1.195217162341027594e-07
1.075695446106924914e-06
9.681259014962326559e-06
8.713133113466095428e-05
1.075695446106924914e-06
1.075695446106924914e-06
7.841819802119488324e-04
1.075695446106924914e-06
1.328019069267807850e-08
8.713133113466095428e-05
7.841819802119488324e-04
9.681259014962326559e-06
7.057637821907541444e-03
1.075695446106924914e-06
1.195217162341027594e-07
9.681259014962326559e-06
9.681259014962326559e-06
1.195217162341027594e-07
7.057637821907541444e-03
8.713133113466095428e-05
7.057637821907541444e-03
7.841819802119488324e-04
1.195217162341027594e-07
1.075695446106924914e-06
7.841819802119488324e-04
7.841819802119488324e-04
1.195217162341027594e-07
1.075695446106924914e-06
9.681259014962326559e-06
1.195217162341027594e-07
9.681259014962326559e-06
9.681259014962326559e-06
1.195217162341027594e-07
1.075695446106924914e-06
7.841819802119488324e-04
1.075695446106924914e-06
1.075695446106924914e-06
1.075695446106924914e-06
1.075695446106924914e-06
8.713133113466095428e-05
8.713133113466095428e-05
1.075695446106924914e-06
9.681259014962326559e-06
1.075695446106924914e-06
9.681259014962326559e-06
8.713133113466095428e-05
1.195217162341027594e-07
7.057637821907541444e-03
1.195217162341027594e-07
8.713133113466095428e-05
1.075695446106924914e-06
1.075695446106924914e-06
7.841819802119488324e-04
9.681259014962326559e-06
1.195217162341027594e-07
9.681259014962326559e-06
9.681259014962326559e-06
1.195217162341027594e-07
8.713133113466095428e-05
9.681259014962326559e-06
1.075695446106924914e-06
7.841819802119488324e-04
9.681259014962326559e-06
1.075695446106924914e-06
1.075695446106924914e-06
7.841819802119488324e-04
9.681259014962326559e-06
1.328019069267807850e-08
1.195217162341027594e-07
1.075695446106924914e-06
9.681259014962326559e-06
1.075695446106924914e-06
9.681259014962326559e-06
1.075695446106924914e-06
7.841819802119488324e-04
7.841819802119488324e-04
9.681259014962326559e-06
7.841819802119488324e-04
8.713133113466095428e-05
1.075695446106924914e-06
9.681259014962326559e-06
1.075695446106924914e-06
7.841819802119488324e-04
7.057637821907541444e-03
8.713133113466095428e-05
1.195217162341027594e-07
8.713133113466095428e-05
8.713133113466095428e-05
1.195217162341027594e-07
1.075695446106924914e-06
9.681259014962326559e-06
1.075695446106924914e-06
7.841819802119488324e-04
7.841819802119488324e-04
1.075695446106924914e-06
7.057637821907541444e-03
1.075695446106924914e-06
1.195217162341027594e-07
7.841819802119488324e-04
1.075695446106924914e-06
1.075695446106924914e-06
1.328019069267807850e-08
9.681259014962326559e-06
7.057637821907541444e-03
8.713133113466095428e-05
1.075695446106924914e-06
9.681259014962326559e-06
1.195217162341027594e-07
6.351874039716788600e-02
8.713133113466095428e-05
9.681259014962326559e-06
9.681259014962326559e-06
1.195217162341027594e-07
1.328019069267807850e-08
8.713133113466095428e-05
8.713133113466095428e-05
1.075695446106924914e-06
1.075695446106924914e-06
9.681259014962326559e-06
1.075695446106924914e-06
1.075695446106924914e-06
8.713133113466095428e-05
1.075695446106924914e-06
8.713133113466095428e-05
7.841819802119488324e-04
5.716686635745111822e-01
7.841819802119488324e-04
9.681259014962326559e-06
1.195217162341027594e-07
9.681259014962326559e-06
8.713133113466095428e-05
9.681259014962326559e-06
9.681259014962326559e-06
1.328019069267807850e-08
9.681259014962326559e-06
1.075695446106924914e-06
1.075695446106924914e-06
1.075695446106924914e-06
1.195217162341027594e-07
1.075695446106924914e-06
8.713133113466095428e-05
9.681259014962326559e-06
9.681259014962326559e-06
1.075695446106924914e-06
7.841819802119488324e-04
9.681259014962326559e-06
8.713133113466095428e-05
7.841819802119488324e-04
1.328019069267807850e-08
8.713133113466095428e-05
9.681259014962326559e-06
1.075695446106924914e-06
8.713133113466095428e-05
1.075695446106924914e-06
1.075695446106924914e-06
1.075695446106924914e-06
1.475576743630897244e-09
8.713133113466095428e-05
7.841819802119488324e-04
1.075695446106924914e-06
9.681259014962326559e-06
9.681259014962326559e-06
1.195217162341027594e-07
7.841819802119488324e-04
8.713133113466095428e-05
7.057637821907541444e-03
8.713133113466095428e-05
1.195217162341027594e-07
7.057637821907541444e-03
8.713133113466095428e-05
1.328019069267807850e-08
8.713133113466095428e-05
8.713133113466095428e-05
1.075695446106924914e-06
9.681259014962326559e-06
1.075695446106924914e-06
1.328019069267807850e-08
8.713133113466095428e-05
7.841819802119488324e-04
1.475576743630897244e-09
1.075695446106924914e-06
9.681259014962326559e-06
8.713133113466095428e-05
9.681259014962326559e-06
8.713133113466095428e-05
9.681259014962326559e-06
1.075695446106924914e-06
8.713133113466095428e-05
1.075695446106924914e-06
1.075695446106924914e-06
1.075695446106924914e-06
1.195217162341027594e-07
1.075695446106924914e-06
1.075695446106924914e-06
9.681259014962326559e-06
8.713133113466095428e-05
1.075695446106924914e-06
8.713133113466095428e-05
7.057637821907541444e-03
8.713133113466095428e-05
1.328019069267807850e-08
9.681259014962326559e-06
9.681259014962326559e-06
9.681259014962326559e-06
1.195217162341027594e-07
8.713133113466095428e-05
9.681259014962326559e-06
8.713133113466095428e-05
8.713133113466095428e-05
9.681259014962326559e-06
1.195217162341027594e-07
7.841819802119488324e-04
9.681259014962326559e-06
9.681259014962326559e-06
8.713133113466095428e-05
9.681259014962326559e-06
8.713133113466095428e-05
9.681259014962326559e-06
1.075695446106924914e-06
9.681259014962326559e-06
9.681259014962326559e-06
9.681259014962326559e-06
1.328019069267807850e-08
9.681259014962326559e-06
1.075695446106924914e-06
6.351874039716788600e-02
9.681259014962326559e-06
9.681259014962326559e-06
1.075695446106924914e-06
1.075695446106924914e-06
1.328019069267807850e-08
7.841819802119488324e-04
1.475576743630897244e-09
1.075695446106924914e-06
1.075695446106924914e-06
9.681259014962326559e-06
8.713133113466095428e-05
1.195217162341027594e-07
7.841819802119488324e-04
9.681259014962326559e-06
1.328019069267807850e-08
7.841819802119488324e-04
8.713133113466095428e-05
7.841819802119488324e-04
8.713133113466095428e-05
9.681259014962326559e-06
8.713133113466095428e-05
1.195217162341027594e-07
1.328019069267807850e-08
7.841819802119488324e-04
9.681259014962326559e-06
8.713133113466095428e-05
7.841819802119488324e-04
7.841819802119488324e-04
8.713133113466095428e-05
8.713133113466095428e-05
8.713133113466095428e-05
8.713133113466095428e-05
8.713133113466095428e-05
1.328019069267807850e-08
1.075695446106924914e-06
1.195217162341027594e-07
1.075695446106924914e-06
9.681259014962326559e-06
7.841819802119488324e-04
1.195217162341027594e-07
7.057637821907541444e-03
9.681259014962326559e-06
9.681259014962326559e-06
8.713133113466095428e-05
1.075695446106924914e-06
1.075695446106924914e-06
1.075695446106924914e-06
7.841819802119488324e-04
9.681259014962326559e-06
1.328019069267807850e-08
8.713133113466095428e-05
8.713133113466095428e-05
1.195217162341027594e-07
1.195217162341027594e-07
7.841819802119488324e-04
1.075695446106924914e-06
7.057637821907541444e-03
7.841819802119488324e-04
7.841819802119488324e-04
1.075695446106924914e-06
9.681259014962326559e-06
9.681259014962326559e-06
1.075695446106924914e-06
7.841819802119488324e-04
7.841819802119488324e-04
1.195217162341027594e-07
8.713133113466095428e-05
1.195217162341027594e-07
1.328019069267807850e-08
7.841819802119488324e-04
9.681259014962326559e-06
9.681259014962326559e-06
8.713133113466095428e-05
1.075695446106924914e-06
1.195217162341027594e-07
8.713133113466095428e-05
8.713133113466095428e-05
1.075695446106924914e-06
9.681259014962326559e-06
8.713133113466095428e-05
7.057637821907541444e-03
7.841819802119488324e-04
1.075695446106924914e-06
8.713133113466095428e-05
8.713133113466095428e-05
8.713133113466095428e-05
1.075695446106924914e-06
8.713133113466095428e-05
8.713133113466095428e-05
1.075695446106924914e-06
9.681259014962326559e-06
7.841819802119488324e-04
9.681259014962326559e-06
7.057637821907541444e-03
9.681259014962326559e-06
9.681259014962326559e-06
1.075695446106924914e-06
1.075695446106924914e-06
9.681259014962326559e-06
8.713133113466095428e-05
1.475576743630897244e-09
9.681259014962326559e-06
8.713133113466095428e-05
7.841819802119488324e-04
9.681259014962326559e-06
9.681259014962326559e-06
1.328019069267807850e-08
1.075695446106924914e-06
1.075695446106924914e-06
9.681259014962326559e-06
8.713133113466095428e-05
7.057637821907541444e-03
9.681259014962326559e-06
9.681259014962326559e-06
9.681259014962326559e-06
1.195217162341027594e-07
1.075695446106924914e-06
1.328019069267807850e-08
1.075695446106924914e-06
1.075695446106924914e-06
8.713133113466095428e-05
8.713133113466095428e-05
8.713133113466095428e-05
9.681259014962326559e-06
7.841819802119488324e-04
1.075695446106924914e-06
1.075695446106924914e-06
1.075695446106924914e-06
8.713133113466095428e-05
9.681259014962326559e-06
7.057637821907541444e-03
9.681259014962326559e-06
9.681259014962326559e-06
1.328019069267807850e-08
9.681259014962326559e-06
7.841819802119488324e-04
9.681259014962326559e-06
6.351874039716788600e-02
1.328019069267807850e-08
7.841819802119488324e-04
9.681259014962326559e-06
1.075695446106924914e-06
7.841819802119488324e-04
9.681259014962326559e-06
1.075695446106924914e-06
9.681259014962326559e-06
7.841819802119488324e-04
1.195217162341027594e-07
7.841819802119488324e-04
9.681259014962326559e-06
8.713133113466095428e-05
8.713133113466095428e-05
7.841819802119488324e-04
7.841819802119488324e-04
1.195217162341027594e-07
8.713133113466095428e-05
9.681259014962326559e-06
9.681259014962326559e-06
9.681259014962326559e-06
7.841819802119488324e-04
1.195217162341027594e-07
9.681259014962326559e-06
9.681259014962326559e-06
1.075695446106924914e-06
9.681259014962326559e-06
7.841819802119488324e-04
9.681259014962326559e-06
1.475576743630897244e-09
9.681259014962326559e-06
1.075695446106924914e-06
1.075695446106924914e-06
1.075695446106924914e-06
1.075695446106924914e-06
8.713133113466095428e-05
7.841819802119488324e-04
7.841819802119488324e-04
6.351874039716788600e-02
1.328019069267807850e-08
1.075695446106924914e-06
8.713133113466095428e-05
1.195217162341027594e-07
8.713133113466095428e-05
1.075695446106924914e-06
1.195217162341027594e-07
9.681259014962326559e-06
1.075695446106924914e-06
9.681259014962326559e-06
7.841819802119488324e-04
7.841819802119488324e-04
