2.965260187589066621e-03
3.660815046406253422e-05
3.294733541765628012e-04
4.067572273784724707e-06
3.660815046406253422e-05
3.660815046406253422e-05
4.519524748649693413e-07
2.965260187589066621e-03
4.519524748649693413e-07
2.965260187589066621e-03
2.965260187589066621e-03
4.519524748649693413e-07
2.965260187589066621e-03
3.294733541765628012e-04
4.067572273784724707e-06
4.067572273784724707e-06
2.965260187589066621e-03
3.660815046406253422e-05
5.021694165166324618e-08
3.660815046406253422e-05
4.519524748649693413e-07
3.660815046406253422e-05
5.021694165166324618e-08
3.660815046406253422e-05
3.660815046406253422e-05
3.294733541765628012e-04
4.519524748649693413e-07
3.294733541765628012e-04
3.660815046406253422e-05
4.067572273784724707e-06
5.021694165166324618e-08
2.965260187589066621e-03
2.668734168830160305e-02
3.294733541765628012e-04
3.660815046406253422e-05
4.519524748649693413e-07
4.067572273784724707e-06
3.660815046406253422e-05
2.668734168830160305e-02
3.294733541765628012e-04
4.067572273784724707e-06
5.579660183518136994e-09
3.660815046406253422e-05
3.294733541765628012e-04
3.294733541765628012e-04
4.067572273784724707e-06
2.965260187589066621e-03
3.660815046406253422e-05
2.965260187589066621e-03
3.660815046406253422e-05
4.519524748649693413e-07
2.965260187589066621e-03
3.294733541765628012e-04
4.067572273784724707e-06
2.965260187589066621e-03
3.660815046406253422e-05
2.965260187589066621e-03
3.294733541765628012e-04
2.965260187589066621e-03
4.067572273784724707e-06
4.519524748649693413e-07
3.660815046406253422e-05
4.519524748649693413e-07
5.021694165166324618e-08
2.401860751947145212e-01
3.294733541765628012e-04
3.660815046406253422e-05
4.519524748649693413e-07
2.965260187589066621e-03
5.579660183518136994e-09
2.965260187589066621e-03
4.067572273784724707e-06
4.519524748649693413e-07
3.660815046406253422e-05
5.021694165166324618e-08
3.660815046406253422e-05
2.965260187589066621e-03
3.294733541765628012e-04
4.067572273784724707e-06
3.294733541765628012e-04
2.965260187589066621e-03
3.294733541765628012e-04
3.660815046406253422e-05
4.519524748649693413e-07
5.021694165166324618e-08
2.668734168830160305e-02
3.294733541765628012e-04
4.067572273784724707e-06
4.519524748649693413e-07
3.660815046406253422e-05
3.660815046406253422e-05
3.660815046406253422e-05
3.660815046406253422e-05
4.067572273784724707e-06
4.067572273784724707e-06
2.965260187589066621e-03
4.519524748649693413e-07
3.294733541765628012e-04
4.067572273784724707e-06
3.294733541765628012e-04
3.660815046406253422e-05
3.660815046406253422e-05
4.519524748649693413e-07
4.067572273784724707e-06
4.067572273784724707e-06
4.519524748649693413e-07
4.067572273784724707e-06
4.067572273784724707e-06
5.021694165166324618e-08
2.668734168830160305e-02
4.067572273784724707e-06
3.660815046406253422e-05
3.660815046406253422e-05
3.660815046406253422e-05
3.294733541765628012e-04
4.067572273784724707e-06
4.067572273784724707e-06
3.660815046406253422e-05
2.965260187589066621e-03
3.660815046406253422e-05
4.067572273784724707e-06
4.519524748649693413e-07
2.668734168830160305e-02
4.519524748649693413e-07
3.294733541765628012e-04
4.519524748649693413e-07
2.965260187589066621e-03
4.067572273784724707e-06
2.401860751947145212e-01
4.067572273784724707e-06
3.294733541765628012e-04
4.067572273784724707e-06
4.067572273784724707e-06
3.660815046406253422e-05
3.294733541765628012e-04
3.660815046406253422e-05
5.021694165166324618e-08
3.660815046406253422e-05
4.067572273784724707e-06
3.660815046406253422e-05
3.660815046406253422e-05
3.294733541765628012e-04
3.660815046406253422e-05
4.067572273784724707e-06
3.660815046406253422e-05
2.668734168830160305e-02
3.660815046406253422e-05
4.519524748649693413e-07
3.660815046406253422e-05
4.519524748649693413e-07
2.965260187589066621e-03
4.067572273784724707e-06
2.965260187589066621e-03
3.294733541765628012e-04
3.294733541765628012e-04
3.294733541765628012e-04
2.965260187589066621e-03
2.965260187589066621e-03
4.067572273784724707e-06
2.965260187589066621e-03
4.519524748649693413e-07
4.519524748649693413e-07
2.965260187589066621e-03
3.294733541765628012e-04
4.067572273784724707e-06
3.660815046406253422e-05
4.519524748649693413e-07
3.660815046406253422e-05
3.660815046406253422e-05
3.294733541765628012e-04
3.660815046406253422e-05
3.660815046406253422e-05
3.294733541765628012e-04
3.294733541765628012e-04
2.668734168830160305e-02
3.294733541765628012e-04
3.660815046406253422e-05
5.021694165166324618e-08
3.660815046406253422e-05
3.660815046406253422e-05
3.294733541765628012e-04
2.965260187589066621e-03
4.519524748649693413e-07
4.067572273784724707e-06
4.067572273784724707e-06
4.067572273784724707e-06
3.660815046406253422e-05
4.067572273784724707e-06
2.401860751947145212e-01
3.660815046406253422e-05
3.294733541765628012e-04
3.660815046406253422e-05
