1.017733501174383639e-05
9.159601510569453594e-05
1.017733501174383639e-05
1.396067902845518379e-08
1.017733501174383639e-05
1.256461112560966971e-07
1.130815001304870380e-06
1.130815001304870380e-06
1.130815001304870380e-06
1.396067902845518379e-08
1.017733501174383639e-05
8.243641359512511894e-04
8.243641359512511894e-04
1.130815001304870380e-06
6.677349501205137594e-02
9.159601510569453594e-05
1.396067902845518379e-08
9.159601510569453594e-05
1.551186558717242299e-09
1.130815001304870380e-06
1.256461112560966971e-07
6.677349501205137594e-02
1.017733501174383639e-05
8.243641359512511894e-04
1.017733501174383639e-05
1.017733501174383639e-05
1.256461112560966971e-07
1.017733501174383639e-05
1.130815001304870380e-06
1.130815001304870380e-06
9.159601510569453594e-05
1.017733501174383639e-05
1.017733501174383639e-05
1.396067902845518379e-08
1.256461112560966971e-07
9.159601510569453594e-05
8.243641359512511894e-04
1.256461112560966971e-07
1.551186558717242299e-09
1.017733501174383639e-05
1.017733501174383639e-05
1.017733501174383639e-05
1.130815001304870380e-06
1.130815001304870380e-06
9.159601510569453594e-05
1.256461112560966971e-07
1.017733501174383639e-05
8.243641359512511894e-04
1.256461112560966971e-07
1.130815001304870380e-06
9.159601510569453594e-05
9.159601510569453594e-05
1.017733501174383639e-05
6.677349501205137594e-02
8.243641359512511894e-04
1.017733501174383639e-05
1.256461112560966971e-07
9.159601510569453594e-05
1.130815001304870380e-06
1.017733501174383639e-05
1.130815001304870380e-06
1.396067902845518379e-08
1.130815001304870380e-06
9.159601510569453594e-05
9.159601510569453594e-05
8.243641359512511894e-04
1.017733501174383639e-05
8.243641359512511894e-04
1.256461112560966971e-07
1.396067902845518379e-08
1.130815001304870380e-06
9.159601510569453594e-05
9.159601510569453594e-05
8.243641359512511894e-04
8.243641359512511894e-04
1.017733501174383639e-05
1.017733501174383639e-05
1.017733501174383639e-05
9.159601510569453594e-05
8.243641359512511894e-04
1.017733501174383639e-05
1.130815001304870380e-06
8.243641359512511894e-04
9.159601510569453594e-05
1.130815001304870380e-06
1.130815001304870380e-06
1.256461112560966971e-07
8.243641359512511894e-04
1.017733501174383639e-05
1.017733501174383639e-05
8.243641359512511894e-04
1.130815001304870380e-06
1.017733501174383639e-05
9.159601510569453594e-05
1.256461112560966971e-07
1.130815001304870380e-06
1.130815001304870380e-06
1.130815001304870380e-06
9.159601510569453594e-05
1.256461112560966971e-07
8.243641359512511894e-04
1.017733501174383639e-05
1.256461112560966971e-07
1.017733501174383639e-05
8.243641359512511894e-04
9.159601510569453594e-05
1.256461112560966971e-07
9.159601510569453594e-05
9.159601510569453594e-05
1.017733501174383639e-05
9.159601510569453594e-05
1.017733501174383639e-05
1.396067902845518379e-08
1.130815001304870380e-06
1.017733501174383639e-05
8.243641359512511894e-04
1.017733501174383639e-05
1.017733501174383639e-05
1.017733501174383639e-05
9.159601510569453594e-05
1.130815001304870380e-06
1.017733501174383639e-05
1.130815001304870380e-06
1.017733501174383639e-05
1.017733501174383639e-05
1.130815001304870380e-06
9.159601510569453594e-05
1.256461112560966971e-07
1.130815001304870380e-06
7.419277223561262548e-03
1.551186558717242299e-09
1.256461112560966971e-07
1.017733501174383639e-05
1.017733501174383639e-05
1.396067902845518379e-08
9.159601510569453594e-05
1.017733501174383639e-05
1.017733501174383639e-05
8.243641359512511894e-04
9.159601510569453594e-05
9.159601510569453594e-05
1.017733501174383639e-05
1.017733501174383639e-05
1.130815001304870380e-06
7.419277223561262548e-03
1.130815001304870380e-06
9.159601510569453594e-05
1.396067902845518379e-08
1.130815001304870380e-06
1.017733501174383639e-05
1.017733501174383639e-05
9.159601510569453594e-05
1.017733501174383639e-05
1.017733501174383639e-05
7.419277223561262548e-03
1.130815001304870380e-06
1.130815001304870380e-06
9.159601510569453594e-05
1.130815001304870380e-06
1.130815001304870380e-06
1.130815001304870380e-06
1.017733501174383639e-05
1.130815001304870380e-06
1.130815001304870380e-06
1.017733501174383639e-05
1.130815001304870380e-06
8.243641359512511894e-04
1.017733501174383639e-05
1.017733501174383639e-05
8.243641359512511894e-04
1.256461112560966971e-07
1.551186558717242299e-09
1.130815001304870380e-06
1.017733501174383639e-05
1.017733501174383639e-05
8.243641359512511894e-04
1.017733501174383639e-05
1.256461112560966971e-07
9.159601510569453594e-05
9.159601510569453594e-05
1.130815001304870380e-06
1.256461112560966971e-07
9.159601510569453594e-05
1.017733501174383639e-05
9.159601510569453594e-05
8.243641359512511894e-04
1.723540620796935629e-10
1.017733501174383639e-05
1.130815001304870380e-06
9.159601510569453594e-05
7.419277223561262548e-03
1.017733501174383639e-05
9.159601510569453594e-05
8.243641359512511894e-04
1.017733501174383639e-05
1.017733501174383639e-05
1.017733501174383639e-05
1.017733501174383639e-05
1.256461112560966971e-07
1.017733501174383639e-05
9.159601510569453594e-05
1.017733501174383639e-05
1.551186558717242299e-09
9.159601510569453594e-05
1.130815001304870380e-06
1.130815001304870380e-06
1.130815001304870380e-06
9.159601510569453594e-05
1.256461112560966971e-07
1.396067902845518379e-08
1.017733501174383639e-05
6.677349501205137594e-02
9.159601510569453594e-05
1.017733501174383639e-05
9.159601510569453594e-05
1.256461112560966971e-07
1.017733501174383639e-05
7.419277223561262548e-03
1.396067902845518379e-08
1.017733501174383639e-05
1.017733501174383639e-05
1.130815001304870380e-06
9.159601510569453594e-05
8.243641359512511894e-04
9.159601510569453594e-05
8.243641359512511894e-04
1.130815001304870380e-06
1.130815001304870380e-06
8.243641359512511894e-04
8.243641359512511894e-04
1.130815001304870380e-06
1.017733501174383639e-05
8.243641359512511894e-04
8.243641359512511894e-04
9.159601510569453594e-05
9.159601510569453594e-05
1.256461112560966971e-07
1.017733501174383639e-05
1.017733501174383639e-05
9.159601510569453594e-05
1.130815001304870380e-06
1.017733501174383639e-05
1.396067902845518379e-08
1.017733501174383639e-05
7.419277223561262548e-03
1.130815001304870380e-06
1.130815001304870380e-06
1.130815001304870380e-06
1.130815001304870380e-06
1.017733501174383639e-05
9.159601510569453594e-05
8.243641359512511894e-04
1.017733501174383639e-05
9.159601510569453594e-05
9.159601510569453594e-05
1.256461112560966971e-07
1.017733501174383639e-05
1.017733501174383639e-05
1.256461112560966971e-07
7.419277223561262548e-03
7.419277223561262548e-03
1.130815001304870380e-06
7.419277223561262548e-03
1.130815001304870380e-06
9.159601510569453594e-05
1.017733501174383639e-05
1.017733501174383639e-05
1.130815001304870380e-06
1.017733501174383639e-05
9.159601510569453594e-05
1.256461112560966971e-07
1.256461112560966971e-07
8.243641359512511894e-04
9.159601510569453594e-05
1.017733501174383639e-05
9.159601510569453594e-05
8.243641359512511894e-04
9.159601510569453594e-05
1.017733501174383639e-05
1.130815001304870380e-06
1.130815001304870380e-06
7.419277223561262548e-03
1.256461112560966971e-07
9.159601510569453594e-05
9.159601510569453594e-05
1.130815001304870380e-06
1.396067902845518379e-08
7.419277223561262548e-03
9.159601510569453594e-05
1.256461112560966971e-07
8.243641359512511894e-04
1.256461112560966971e-07
1.017733501174383639e-05
1.130815001304870380e-06
7.419277223561262548e-03
8.243641359512511894e-04
1.256461112560966971e-07
9.159601510569453594e-05
1.017733501174383639e-05
1.017733501174383639e-05
9.159601510569453594e-05
1.017733501174383639e-05
1.551186558717242299e-09
1.130815001304870380e-06
1.130815001304870380e-06
8.243641359512511894e-04
1.256461112560966971e-07
1.130815001304870380e-06
9.159601510569453594e-05
1.256461112560966971e-07
6.009614551084625500e-01
9.159601510569453594e-05
1.130815001304870380e-06
1.017733501174383639e-05
1.130815001304870380e-06
7.419277223561262548e-03
1.256461112560966971e-07
1.017733501174383639e-05
9.159601510569453594e-05
9.159601510569453594e-05
