7.292464897150107209e-05
6.563218407435098250e-04
4.784586219020190434e-01
7.292464897150107209e-05
6.563218407435098250e-04
7.292464897150107209e-05
8.102738774611228915e-06
8.102738774611228915e-06
6.563218407435098250e-04
9.003043082901362520e-07
9.003043082901362520e-07
7.292464897150107209e-05
7.292464897150107209e-05
8.102738774611228915e-06
6.563218407435098250e-04
7.292464897150107209e-05
5.906896566691589509e-03
8.102738774611228915e-06
1.000338120322373599e-07
7.292464897150107209e-05
8.102738774611228915e-06
9.003043082901362520e-07
1.000338120322373599e-07
7.292464897150107209e-05
6.563218407435098250e-04
8.102738774611228915e-06
1.111486800358192354e-08
1.111486800358192354e-08
8.102738774611228915e-06
8.102738774611228915e-06
5.316206910022432813e-02
6.563218407435098250e-04
7.292464897150107209e-05
7.292464897150107209e-05
5.906896566691589509e-03
1.000338120322373599e-07
9.003043082901362520e-07
6.563218407435098250e-04
6.563218407435098250e-04
7.292464897150107209e-05
7.292464897150107209e-05
9.003043082901362520e-07
9.003043082901362520e-07
8.102738774611228915e-06
7.292464897150107209e-05
9.003043082901362520e-07
9.003043082901362520e-07
8.102738774611228915e-06
8.102738774611228915e-06
1.000338120322373599e-07
8.102738774611228915e-06
5.906896566691589509e-03
8.102738774611228915e-06
9.003043082901362520e-07
7.292464897150107209e-05
9.003043082901362520e-07
8.102738774611228915e-06
6.563218407435098250e-04
9.003043082901362520e-07
7.292464897150107209e-05
8.102738774611228915e-06
1.000338120322373599e-07
7.292464897150107209e-05
1.000338120322373599e-07
9.003043082901362520e-07
5.906896566691589509e-03
7.292464897150107209e-05
8.102738774611228915e-06
7.292464897150107209e-05
9.003043082901362520e-07
7.292464897150107209e-05
1.111486800358192354e-08
9.003043082901362520e-07
6.563218407435098250e-04
1.000338120322373599e-07
5.906896566691589509e-03
9.003043082901362520e-07
8.102738774611228915e-06
1.000338120322373599e-07
9.003043082901362520e-07
8.102738774611228915e-06
1.000338120322373599e-07
8.102738774611228915e-06
9.003043082901362520e-07
8.102738774611228915e-06
1.000338120322373599e-07
5.906896566691589509e-03
1.000338120322373599e-07
6.563218407435098250e-04
8.102738774611228915e-06
9.003043082901362520e-07
9.003043082901362520e-07
8.102738774611228915e-06
5.906896566691589509e-03
6.563218407435098250e-04
9.003043082901362520e-07
9.003043082901362520e-07
1.000338120322373599e-07
6.563218407435098250e-04
8.102738774611228915e-06
7.292464897150107209e-05
7.292464897150107209e-05
8.102738774611228915e-06
1.000338120322373599e-07
1.000338120322373599e-07
1.000338120322373599e-07
6.563218407435098250e-04
6.563218407435098250e-04
1.111486800358192354e-08
9.003043082901362520e-07
9.003043082901362520e-07
7.292464897150107209e-05
1.111486800358192354e-08
9.003043082901362520e-07
8.102738774611228915e-06
9.003043082901362520e-07
8.102738774611228915e-06
6.563218407435098250e-04
1.000338120322373599e-07
7.292464897150107209e-05
9.003043082901362520e-07
8.102738774611228915e-06
7.292464897150107209e-05
8.102738774611228915e-06
1.000338120322373599e-07
1.000338120322373599e-07
7.292464897150107209e-05
9.003043082901362520e-07
1.000338120322373599e-07
7.292464897150107209e-05
6.563218407435098250e-04
8.102738774611228915e-06
8.102738774611228915e-06
9.003043082901362520e-07
1.000338120322373599e-07
9.003043082901362520e-07
7.292464897150107209e-05
9.003043082901362520e-07
6.563218407435098250e-04
5.906896566691589509e-03
8.102738774611228915e-06
9.003043082901362520e-07
8.102738774611228915e-06
8.102738774611228915e-06
9.003043082901362520e-07
6.563218407435098250e-04
7.292464897150107209e-05
5.906896566691589509e-03
6.563218407435098250e-04
9.003043082901362520e-07
8.102738774611228915e-06
7.292464897150107209e-05
6.563218407435098250e-04
8.102738774611228915e-06
7.292464897150107209e-05
6.563218407435098250e-04
1.111486800358192354e-08
8.102738774611228915e-06
7.292464897150107209e-05
1.111486800358192354e-08
8.102738774611228915e-06
1.000338120322373599e-07
7.292464897150107209e-05
9.003043082901362520e-07
7.292464897150107209e-05
9.003043082901362520e-07
7.292464897150107209e-05
6.563218407435098250e-04
8.102738774611228915e-06
7.292464897150107209e-05
1.000338120322373599e-07
9.003043082901362520e-07
1.111486800358192354e-08
1.000338120322373599e-07
6.563218407435098250e-04
8.102738774611228915e-06
8.102738774611228915e-06
1.000338120322373599e-07
1.000338120322373599e-07
6.563218407435098250e-04
7.292464897150107209e-05
9.003043082901362520e-07
8.102738774611228915e-06
7.292464897150107209e-05
1.000338120322373599e-07
1.111486800358192354e-08
8.102738774611228915e-06
5.316206910022432813e-02
8.102738774611228915e-06
8.102738774611228915e-06
7.292464897150107209e-05
1.000338120322373599e-07
5.906896566691589509e-03
7.292464897150107209e-05
1.000338120322373599e-07
7.292464897150107209e-05
8.102738774611228915e-06
1.000338120322373599e-07
6.563218407435098250e-04
8.102738774611228915e-06
9.003043082901362520e-07
1.000338120322373599e-07
1.111486800358192354e-08
7.292464897150107209e-05
8.102738774611228915e-06
7.292464897150107209e-05
7.292464897150107209e-05
8.102738774611228915e-06
7.292464897150107209e-05
7.292464897150107209e-05
8.102738774611228915e-06
8.102738774611228915e-06
7.292464897150107209e-05
8.102738774611228915e-06
7.292464897150107209e-05
7.292464897150107209e-05
6.563218407435098250e-04
8.102738774611228915e-06
8.102738774611228915e-06
7.292464897150107209e-05
8.102738774611228915e-06
9.003043082901362520e-07
6.563218407435098250e-04
9.003043082901362520e-07
6.563218407435098250e-04
1.000338120322373599e-07
9.003043082901362520e-07
9.003043082901362520e-07
5.906896566691589509e-03
6.563218407435098250e-04
9.003043082901362520e-07
7.292464897150107209e-05
8.102738774611228915e-06
5.316206910022432813e-02
9.003043082901362520e-07
1.000338120322373599e-07
9.003043082901362520e-07
8.102738774611228915e-06
6.563218407435098250e-04
8.102738774611228915e-06
8.102738774611228915e-06
8.102738774611228915e-06
7.292464897150107209e-05
9.003043082901362520e-07
9.003043082901362520e-07
1.000338120322373599e-07
9.003043082901362520e-07
9.003043082901362520e-07
7.292464897150107209e-05
8.102738774611228915e-06
6.563218407435098250e-04
8.102738774611228915e-06
7.292464897150107209e-05
5.906896566691589509e-03
6.563218407435098250e-04
7.292464897150107209e-05
8.102738774611228915e-06
5.906896566691589509e-03
8.102738774611228915e-06
7.292464897150107209e-05
1.000338120322373599e-07
1.000338120322373599e-07
9.003043082901362520e-07
8.102738774611228915e-06
1.000338120322373599e-07
8.102738774611228915e-06
9.003043082901362520e-07
1.111486800358192354e-08
6.563218407435098250e-04
7.292464897150107209e-05
1.000338120322373599e-07
7.292464897150107209e-05
1.000338120322373599e-07
1.000338120322373599e-07
6.563218407435098250e-04
8.102738774611228915e-06
9.003043082901362520e-07
6.563218407435098250e-04
8.102738774611228915e-06
7.292464897150107209e-05
8.102738774611228915e-06
6.563218407435098250e-04
1.000338120322373599e-07
8.102738774611228915e-06
1.234985333731324654e-09
8.102738774611228915e-06
8.102738774611228915e-06
9.003043082901362520e-07
1.000338120322373599e-07
8.102738774611228915e-06
1.234985333731324654e-09
5.906896566691589509e-03
7.292464897150107209e-05
8.102738774611228915e-06
7.292464897150107209e-05
6.563218407435098250e-04
8.102738774611228915e-06
8.102738774611228915e-06
1.234985333731324654e-09
1.111486800358192354e-08
5.906896566691589509e-03
8.102738774611228915e-06
6.563218407435098250e-04
9.003043082901362520e-07
5.906896566691589509e-03
6.563218407435098250e-04
8.102738774611228915e-06
7.292464897150107209e-05
7.292464897150107209e-05
7.292464897150107209e-05
6.563218407435098250e-04
1.000338120322373599e-07
1.000338120322373599e-07
1.111486800358192354e-08
9.003043082901362520e-07
9.003043082901362520e-07
7.292464897150107209e-05
8.102738774611228915e-06
9.003043082901362520e-07
5.316206910022432813e-02
9.003043082901362520e-07
9.003043082901362520e-07
6.563218407435098250e-04
9.003043082901362520e-07
1.111486800358192354e-08
9.003043082901362520e-07
1.000338120322373599e-07
8.102738774611228915e-06
9.003043082901362520e-07
9.003043082901362520e-07
1.000338120322373599e-07
8.102738774611228915e-06
8.102738774611228915e-06
7.292464897150107209e-05
8.102738774611228915e-06
8.102738774611228915e-06
9.003043082901362520e-07
1.000338120322373599e-07
6.563218407435098250e-04
8.102738774611228915e-06
6.563218407435098250e-04
8.102738774611228915e-06
6.563218407435098250e-04
8.102738774611228915e-06
9.003043082901362520e-07
5.316206910022432813e-02
1.000338120322373599e-07
6.563218407435098250e-04
9.003043082901362520e-07
8.102738774611228915e-06
7.292464897150107209e-05
5.906896566691589509e-03
9.003043082901362520e-07
8.102738774611228915e-06
7.292464897150107209e-05
1.000338120322373599e-07
9.003043082901362520e-07
9.003043082901362520e-07
9.003043082901362520e-07
8.102738774611228915e-06
8.102738774611228915e-06
6.563218407435098250e-04
8.102738774611228915e-06
9.003043082901362520e-07
9.003043082901362520e-07
7.292464897150107209e-05
8.102738774611228915e-06
9.003043082901362520e-07
1.000338120322373599e-07
6.563218407435098250e-04
7.292464897150107209e-05
7.292464897150107209e-05
9.003043082901362520e-07
1.000338120322373599e-07
8.102738774611228915e-06
8.102738774611228915e-06
8.102738774611228915e-06
1.000338120322373599e-07
8.102738774611228915e-06
9.003043082901362520e-07
8.102738774611228915e-06
1.000338120322373599e-07
1.000338120322373599e-07
9.003043082901362520e-07
7.292464897150107209e-05
7.292464897150107209e-05
8.102738774611228915e-06
7.292464897150107209e-05
8.102738774611228915e-06
8.102738774611228915e-06
8.102738774611228915e-06
1.000338120322373599e-07
8.102738774611228915e-06
7.292464897150107209e-05
1.000338120322373599e-07
9.003043082901362520e-07
1.000338120322373599e-07
9.003043082901362520e-07
8.102738774611228915e-06
6.563218407435098250e-04
8.102738774611228915e-06
5.906896566691589509e-03
7.292464897150107209e-05
7.292464897150107209e-05
1.000338120322373599e-07
8.102738774611228915e-06
8.102738774611228915e-06
5.316206910022432813e-02
8.102738774611228915e-06
9.003043082901362520e-07
6.563218407435098250e-04
1.000338120322373599e-07
1.234985333731324654e-09
8.102738774611228915e-06
1.000338120322373599e-07
8.102738774611228915e-06
7.292464897150107209e-05
9.003043082901362520e-07
1.000338120322373599e-07
1.000338120322373599e-07
6.563218407435098250e-04
6.563218407435098250e-04
1.111486800358192354e-08
7.292464897150107209e-05
1.000338120322373599e-07
1.000338120322373599e-07
6.563218407435098250e-04
6.563218407435098250e-04
7.292464897150107209e-05
8.102738774611228915e-06
9.003043082901362520e-07
1.111486800358192354e-08
1.000338120322373599e-07
8.102738774611228915e-06
8.102738774611228915e-06
9.003043082901362520e-07
8.102738774611228915e-06
7.292464897150107209e-05
7.292464897150107209e-05
1.000338120322373599e-07
1.372205926368138332e-10
5.316206910022432813e-02
1.000338120322373599e-07
1.111486800358192354e-08
6.563218407435098250e-04
9.003043082901362520e-07
8.102738774611228915e-06
7.292464897150107209e-05
