1.247108265570817311e-06
8.182277330410140173e-03
1.247108265570817311e-06
1.247108265570817311e-06
8.182277330410140173e-03
8.182277330410140173e-03
9.091419256011263727e-04
1.010157695112362471e-04
1.010157695112362471e-04
1.247108265570817311e-06
1.247108265570817311e-06
1.010157695112362471e-04
7.364049597369128064e-02
8.182277330410140173e-03
1.247108265570817311e-06
1.010157695112362471e-04
1.247108265570817311e-06
8.182277330410140173e-03
1.010157695112362471e-04
9.091419256011263727e-04
8.182277330410140173e-03
9.091419256011263727e-04
1.010157695112362471e-04
1.122397439013735664e-05
9.091419256011263727e-04
1.122397439013735664e-05
1.122397439013735664e-05
9.091419256011263727e-04
1.010157695112362471e-04
1.710710926708938876e-09
1.122397439013735664e-05
1.010157695112362471e-04
1.010157695112362471e-04
8.182277330410140173e-03
8.182277330410140173e-03
1.122397439013735664e-05
1.247108265570817311e-06
1.122397439013735664e-05
1.247108265570817311e-06
1.122397439013735664e-05
8.182277330410140173e-03
8.182277330410140173e-03
1.122397439013735664e-05
8.182277330410140173e-03
1.122397439013735664e-05
1.122397439013735664e-05
1.010157695112362471e-04
1.010157695112362471e-04
1.122397439013735664e-05
7.364049597369128064e-02
6.627644637632217339e-01
7.364049597369128064e-02
1.010157695112362471e-04
8.182277330410140173e-03
8.182277330410140173e-03
1.010157695112362471e-04
9.091419256011263727e-04
1.122397439013735664e-05
9.091419256011263727e-04
1.010157695112362471e-04
1.010157695112362471e-04
1.010157695112362471e-04
9.091419256011263727e-04
9.091419256011263727e-04
