8.447822073956919121e-06
9.386468971063238879e-07
8.447822073956919121e-06
9.386468971063238879e-07
9.386468971063238879e-07
6.158462291914597493e-03
6.842735879905106639e-04
9.386468971063238879e-07
8.447822073956919121e-06
9.386468971063238879e-07
1.042940996784804276e-07
1.042940996784804276e-07
7.603039866561227039e-05
8.447822073956919121e-06
8.447822073956919121e-06
6.842735879905106639e-04
7.603039866561227039e-05
9.386468971063238879e-07
7.603039866561227039e-05
9.386468971063238879e-07
1.158823329760893272e-08
8.447822073956919121e-06
8.447822073956919121e-06
1.042940996784804276e-07
1.158823329760893272e-08
9.386468971063238879e-07
8.447822073956919121e-06
8.447822073956919121e-06
7.603039866561227039e-05
7.603039866561227039e-05
1.042940996784804276e-07
9.386468971063238879e-07
6.842735879905106639e-04
5.542616062723139392e-02
7.603039866561227039e-05
8.447822073956919121e-06
8.447822073956919121e-06
9.386468971063238879e-07
9.386468971063238879e-07
1.158823329760893272e-08
9.386468971063238879e-07
8.447822073956919121e-06
8.447822073956919121e-06
1.042940996784804276e-07
9.386468971063238879e-07
1.042940996784804276e-07
7.603039866561227039e-05
7.603039866561227039e-05
7.603039866561227039e-05
7.603039866561227039e-05
1.042940996784804276e-07
1.042940996784804276e-07
9.386468971063238879e-07
1.287581477512103337e-09
1.042940996784804276e-07
1.042940996784804276e-07
6.842735879905106639e-04
1.042940996784804276e-07
8.447822073956919121e-06
8.447822073956919121e-06
7.603039866561227039e-05
9.386468971063238879e-07
8.447822073956919121e-06
6.158462291914597493e-03
7.603039866561227039e-05
9.386468971063238879e-07
7.603039866561227039e-05
7.603039866561227039e-05
6.842735879905106639e-04
8.447822073956919121e-06
8.447822073956919121e-06
8.447822073956919121e-06
9.386468971063238879e-07
8.447822073956919121e-06
8.447822073956919121e-06
7.603039866561227039e-05
1.042940996784804276e-07
6.158462291914597493e-03
1.158823329760893272e-08
6.842735879905106639e-04
7.603039866561227039e-05
9.386468971063238879e-07
1.042940996784804276e-07
9.386468971063238879e-07
1.042940996784804276e-07
8.447822073956919121e-06
9.386468971063238879e-07
8.447822073956919121e-06
6.842735879905106639e-04
1.158823329760893272e-08
6.842735879905106639e-04
7.603039866561227039e-05
1.042940996784804276e-07
6.158462291914597493e-03
6.158462291914597493e-03
8.447822073956919121e-06
8.447822073956919121e-06
1.158823329760893272e-08
7.603039866561227039e-05
9.386468971063238879e-07
7.603039866561227039e-05
9.386468971063238879e-07
8.447822073956919121e-06
6.842735879905106639e-04
6.842735879905106639e-04
1.042940996784804276e-07
1.042940996784804276e-07
7.603039866561227039e-05
1.158823329760893272e-08
9.386468971063238879e-07
7.603039866561227039e-05
8.447822073956919121e-06
6.842735879905106639e-04
8.447822073956919121e-06
6.842735879905106639e-04
1.042940996784804276e-07
7.603039866561227039e-05
9.386468971063238879e-07
8.447822073956919121e-06
8.447822073956919121e-06
6.842735879905106639e-04
8.447822073956919121e-06
9.386468971063238879e-07
7.603039866561227039e-05
7.603039866561227039e-05
6.842735879905106639e-04
9.386468971063238879e-07
9.386468971063238879e-07
7.603039866561227039e-05
5.542616062723139392e-02
9.386468971063238879e-07
7.603039866561227039e-05
8.447822073956919121e-06
9.386468971063238879e-07
7.603039866561227039e-05
9.386468971063238879e-07
8.447822073956919121e-06
7.603039866561227039e-05
8.447822073956919121e-06
9.386468971063238879e-07
9.386468971063238879e-07
8.447822073956919121e-06
1.042940996784804276e-07
6.842735879905106639e-04
8.447822073956919121e-06
8.447822073956919121e-06
1.042940996784804276e-07
6.842735879905106639e-04
8.447822073956919121e-06
6.842735879905106639e-04
8.447822073956919121e-06
1.158823329760893272e-08
9.386468971063238879e-07
1.158823329760893272e-08
7.603039866561227039e-05
1.042940996784804276e-07
8.447822073956919121e-06
9.386468971063238879e-07
7.603039866561227039e-05
9.386468971063238879e-07
6.842735879905106639e-04
6.842735879905106639e-04
1.042940996784804276e-07
9.386468971063238879e-07
7.603039866561227039e-05
8.447822073956919121e-06
9.386468971063238879e-07
6.842735879905106639e-04
7.603039866561227039e-05
9.386468971063238879e-07
9.386468971063238879e-07
6.842735879905106639e-04
9.386468971063238879e-07
1.158823329760893272e-08
6.158462291914597493e-03
9.386468971063238879e-07
9.386468971063238879e-07
5.542616062723139392e-02
1.158823329760893272e-08
7.603039866561227039e-05
9.386468971063238879e-07
1.158823329760893272e-08
6.842735879905106639e-04
1.042940996784804276e-07
7.603039866561227039e-05
9.386468971063238879e-07
7.603039866561227039e-05
1.042940996784804276e-07
1.042940996784804276e-07
9.386468971063238879e-07
9.386468971063238879e-07
1.042940996784804276e-07
5.542616062723139392e-02
9.386468971063238879e-07
9.386468971063238879e-07
8.447822073956919121e-06
8.447822073956919121e-06
6.158462291914597493e-03
7.603039866561227039e-05
1.042940996784804276e-07
9.386468971063238879e-07
1.042940996784804276e-07
7.603039866561227039e-05
1.042940996784804276e-07
6.842735879905106639e-04
1.042940996784804276e-07
8.447822073956919121e-06
8.447822073956919121e-06
8.447822073956919121e-06
8.447822073956919121e-06
9.386468971063238879e-07
6.842735879905106639e-04
7.603039866561227039e-05
7.603039866561227039e-05
8.447822073956919121e-06
1.042940996784804276e-07
6.158462291914597493e-03
6.842735879905106639e-04
1.158823329760893272e-08
9.386468971063238879e-07
9.386468971063238879e-07
1.158823329760893272e-08
9.386468971063238879e-07
8.447822073956919121e-06
8.447822073956919121e-06
9.386468971063238879e-07
9.386468971063238879e-07
7.603039866561227039e-05
6.158462291914597493e-03
7.603039866561227039e-05
6.158462291914597493e-03
9.386468971063238879e-07
7.603039866561227039e-05
9.386468971063238879e-07
8.447822073956919121e-06
6.842735879905106639e-04
8.447822073956919121e-06
9.386468971063238879e-07
1.042940996784804276e-07
7.603039866561227039e-05
7.603039866561227039e-05
8.447822073956919121e-06
8.447822073956919121e-06
7.603039866561227039e-05
7.603039866561227039e-05
8.447822073956919121e-06
9.386468971063238879e-07
6.158462291914597493e-03
8.447822073956919121e-06
8.447822073956919121e-06
6.842735879905106639e-04
6.842735879905106639e-04
7.603039866561227039e-05
4.988354456450826979e-01
9.386468971063238879e-07
6.842735879905106639e-04
8.447822073956919121e-06
1.042940996784804276e-07
7.603039866561227039e-05
6.842735879905106639e-04
6.158462291914597493e-03
6.842735879905106639e-04
1.158823329760893272e-08
9.386468971063238879e-07
6.158462291914597493e-03
8.447822073956919121e-06
7.603039866561227039e-05
8.447822073956919121e-06
6.158462291914597493e-03
9.386468971063238879e-07
8.447822073956919121e-06
9.386468971063238879e-07
8.447822073956919121e-06
7.603039866561227039e-05
8.447822073956919121e-06
6.158462291914597493e-03
1.042940996784804276e-07
7.603039866561227039e-05
7.603039866561227039e-05
6.842735879905106639e-04
8.447822073956919121e-06
7.603039866561227039e-05
5.542616062723139392e-02
8.447822073956919121e-06
6.842735879905106639e-04
7.603039866561227039e-05
8.447822073956919121e-06
7.603039866561227039e-05
8.447822073956919121e-06
9.386468971063238879e-07
8.447822073956919121e-06
7.603039866561227039e-05
1.042940996784804276e-07
1.042940996784804276e-07
8.447822073956919121e-06
9.386468971063238879e-07
7.603039866561227039e-05
9.386468971063238879e-07
9.386468971063238879e-07
9.386468971063238879e-07
1.158823329760893272e-08
7.603039866561227039e-05
9.386468971063238879e-07
9.386468971063238879e-07
1.042940996784804276e-07
6.158462291914597493e-03
8.447822073956919121e-06
8.447822073956919121e-06
7.603039866561227039e-05
7.603039866561227039e-05
1.158823329760893272e-08
7.603039866561227039e-05
9.386468971063238879e-07
1.158823329760893272e-08
6.158462291914597493e-03
9.386468971063238879e-07
7.603039866561227039e-05
8.447822073956919121e-06
7.603039866561227039e-05
1.042940996784804276e-07
9.386468971063238879e-07
9.386468971063238879e-07
8.447822073956919121e-06
8.447822073956919121e-06
1.042940996784804276e-07
6.158462291914597493e-03
6.158462291914597493e-03
1.042940996784804276e-07
6.158462291914597493e-03
9.386468971063238879e-07
9.386468971063238879e-07
8.447822073956919121e-06
1.042940996784804276e-07
1.042940996784804276e-07
6.842735879905106639e-04
8.447822073956919121e-06
8.447822073956919121e-06
8.447822073956919121e-06
1.042940996784804276e-07
8.447822073956919121e-06
7.603039866561227039e-05
8.447822073956919121e-06
9.386468971063238879e-07
7.603039866561227039e-05
6.842735879905106639e-04
9.386468971063238879e-07
6.842735879905106639e-04
6.158462291914597493e-03
6.842735879905106639e-04
6.842735879905106639e-04
6.842735879905106639e-04
7.603039866561227039e-05
9.386468971063238879e-07
1.158823329760893272e-08
7.603039866561227039e-05
7.603039866561227039e-05
8.447822073956919121e-06
7.603039866561227039e-05
6.842735879905106639e-04
9.386468971063238879e-07
7.603039866561227039e-05
6.842735879905106639e-04
1.042940996784804276e-07
9.386468971063238879e-07
7.603039866561227039e-05
8.447822073956919121e-06
8.447822073956919121e-06
8.447822073956919121e-06
1.042940996784804276e-07
7.603039866561227039e-05
6.842735879905106639e-04
7.603039866561227039e-05
6.842735879905106639e-04
5.542616062723139392e-02
6.842735879905106639e-04
6.842735879905106639e-04
1.042940996784804276e-07
8.447822073956919121e-06
9.386468971063238879e-07
7.603039866561227039e-05
8.447822073956919121e-06
6.842735879905106639e-04
6.842735879905106639e-04
6.842735879905106639e-04
