7.251670377673882441e-06
5.873853005915847733e-04
6.526503339906494620e-05
5.286467705324263827e-03
8.952679478609727667e-08
7.251670377673882441e-06
8.952679478609727667e-08
7.251670377673882441e-06
8.952679478609727667e-08
7.251670377673882441e-06
6.526503339906494620e-05
7.251670377673882441e-06
1.105269071433299112e-09
5.286467705324263827e-03
6.526503339906494620e-05
8.057411530748755562e-07
6.526503339906494620e-05
7.251670377673882441e-06
8.057411530748755562e-07
9.947421642899694282e-09
7.251670377673882441e-06
8.057411530748755562e-07
6.526503339906494620e-05
8.057411530748755562e-07
6.526503339906494620e-05
8.057411530748755562e-07
7.251670377673882441e-06
5.873853005915847733e-04
9.947421642899694282e-09
6.526503339906494620e-05
8.952679478609727667e-08
6.526503339906494620e-05
7.251670377673882441e-06
8.057411530748755562e-07
5.873853005915847733e-04
8.057411530748755562e-07
8.057411530748755562e-07
5.286467705324263827e-03
7.251670377673882441e-06
5.286467705324263827e-03
7.251670377673882441e-06
5.873853005915847733e-04
7.251670377673882441e-06
8.952679478609727667e-08
8.057411530748755562e-07
7.251670377673882441e-06
6.526503339906494620e-05
8.952679478609727667e-08
4.282038841312655886e-01
8.952679478609727667e-08
5.286467705324263827e-03
6.526503339906494620e-05
6.526503339906494620e-05
9.947421642899694282e-09
6.526503339906494620e-05
8.057411530748755562e-07
7.251670377673882441e-06
8.057411530748755562e-07
8.057411530748755562e-07
8.952679478609727667e-08
7.251670377673882441e-06
7.251670377673882441e-06
4.757820934791839179e-02
7.251670377673882441e-06
8.952679478609727667e-08
7.251670377673882441e-06
8.952679478609727667e-08
7.251670377673882441e-06
8.057411530748755562e-07
8.057411530748755562e-07
8.952679478609727667e-08
8.952679478609727667e-08
7.251670377673882441e-06
1.105269071433299112e-09
6.526503339906494620e-05
7.251670377673882441e-06
6.526503339906494620e-05
8.057411530748755562e-07
6.526503339906494620e-05
7.251670377673882441e-06
7.251670377673882441e-06
6.526503339906494620e-05
8.057411530748755562e-07
7.251670377673882441e-06
7.251670377673882441e-06
6.526503339906494620e-05
5.873853005915847733e-04
7.251670377673882441e-06
7.251670377673882441e-06
6.526503339906494620e-05
7.251670377673882441e-06
8.057411530748755562e-07
5.873853005915847733e-04
4.757820934791839179e-02
5.873853005915847733e-04
4.757820934791839179e-02
8.057411530748755562e-07
7.251670377673882441e-06
8.952679478609727667e-08
6.526503339906494620e-05
8.057411530748755562e-07
8.952679478609727667e-08
6.526503339906494620e-05
8.952679478609727667e-08
7.251670377673882441e-06
8.057411530748755562e-07
8.057411530748755562e-07
6.526503339906494620e-05
8.952679478609727667e-08
8.057411530748755562e-07
5.286467705324263827e-03
6.526503339906494620e-05
6.526503339906494620e-05
5.873853005915847733e-04
7.251670377673882441e-06
5.873853005915847733e-04
4.757820934791839179e-02
5.873853005915847733e-04
8.057411530748755562e-07
8.057411530748755562e-07
6.526503339906494620e-05
6.526503339906494620e-05
6.526503339906494620e-05
7.251670377673882441e-06
6.526503339906494620e-05
7.251670377673882441e-06
7.251670377673882441e-06
8.952679478609727667e-08
5.286467705324263827e-03
7.251670377673882441e-06
7.251670377673882441e-06
6.526503339906494620e-05
8.057411530748755562e-07
8.057411530748755562e-07
8.057411530748755562e-07
4.757820934791839179e-02
5.873853005915847733e-04
8.057411530748755562e-07
7.251670377673882441e-06
8.057411530748755562e-07
9.947421642899694282e-09
6.526503339906494620e-05
6.526503339906494620e-05
7.251670377673882441e-06
6.526503339906494620e-05
8.952679478609727667e-08
7.251670377673882441e-06
6.526503339906494620e-05
8.057411530748755562e-07
5.873853005915847733e-04
7.251670377673882441e-06
6.526503339906494620e-05
5.873853005915847733e-04
8.057411530748755562e-07
6.526503339906494620e-05
7.251670377673882441e-06
7.251670377673882441e-06
6.526503339906494620e-05
7.251670377673882441e-06
7.251670377673882441e-06
8.057411530748755562e-07
8.057411530748755562e-07
5.873853005915847733e-04
4.757820934791839179e-02
6.526503339906494620e-05
7.251670377673882441e-06
6.526503339906494620e-05
6.526503339906494620e-05
5.873853005915847733e-04
8.057411530748755562e-07
7.251670377673882441e-06
8.057411530748755562e-07
8.057411530748755562e-07
8.057411530748755562e-07
8.952679478609727667e-08
5.873853005915847733e-04
8.057411530748755562e-07
6.526503339906494620e-05
7.251670377673882441e-06
5.873853005915847733e-04
7.251670377673882441e-06
8.952679478609727667e-08
9.947421642899694282e-09
8.057411530748755562e-07
5.873853005915847733e-04
7.251670377673882441e-06
9.947421642899694282e-09
6.526503339906494620e-05
8.057411530748755562e-07
8.057411530748755562e-07
9.947421642899694282e-09
8.057411530748755562e-07
7.251670377673882441e-06
8.952679478609727667e-08
8.952679478609727667e-08
6.526503339906494620e-05
8.952679478609727667e-08
8.952679478609727667e-08
7.251670377673882441e-06
7.251670377673882441e-06
8.057411530748755562e-07
7.251670377673882441e-06
5.286467705324263827e-03
6.526503339906494620e-05
9.947421642899694282e-09
7.251670377673882441e-06
6.526503339906494620e-05
7.251670377673882441e-06
8.952679478609727667e-08
5.286467705324263827e-03
1.105269071433299112e-09
8.057411530748755562e-07
5.873853005915847733e-04
7.251670377673882441e-06
7.251670377673882441e-06
8.952679478609727667e-08
6.526503339906494620e-05
5.873853005915847733e-04
8.952679478609727667e-08
6.526503339906494620e-05
7.251670377673882441e-06
6.526503339906494620e-05
8.952679478609727667e-08
7.251670377673882441e-06
9.947421642899694282e-09
5.873853005915847733e-04
8.057411530748755562e-07
6.526503339906494620e-05
9.947421642899694282e-09
5.873853005915847733e-04
1.105269071433299112e-09
8.057411530748755562e-07
7.251670377673882441e-06
8.057411530748755562e-07
7.251670377673882441e-06
5.873853005915847733e-04
8.952679478609727667e-08
6.526503339906494620e-05
7.251670377673882441e-06
5.873853005915847733e-04
8.952679478609727667e-08
8.057411530748755562e-07
5.286467705324263827e-03
5.286467705324263827e-03
7.251670377673882441e-06
6.526503339906494620e-05
7.251670377673882441e-06
7.251670377673882441e-06
8.952679478609727667e-08
8.057411530748755562e-07
8.057411530748755562e-07
7.251670377673882441e-06
8.952679478609727667e-08
7.251670377673882441e-06
4.757820934791839179e-02
6.526503339906494620e-05
4.757820934791839179e-02
9.947421642899694282e-09
8.952679478609727667e-08
7.251670377673882441e-06
6.526503339906494620e-05
5.873853005915847733e-04
8.952679478609727667e-08
7.251670377673882441e-06
8.057411530748755562e-07
5.873853005915847733e-04
5.286467705324263827e-03
7.251670377673882441e-06
6.526503339906494620e-05
6.526503339906494620e-05
8.057411530748755562e-07
8.057411530748755562e-07
7.251670377673882441e-06
7.251670377673882441e-06
8.057411530748755562e-07
6.526503339906494620e-05
8.057411530748755562e-07
7.251670377673882441e-06
9.947421642899694282e-09
8.057411530748755562e-07
8.952679478609727667e-08
5.286467705324263827e-03
5.873853005915847733e-04
8.057411530748755562e-07
7.251670377673882441e-06
4.757820934791839179e-02
7.251670377673882441e-06
7.251670377673882441e-06
7.251670377673882441e-06
7.251670377673882441e-06
7.251670377673882441e-06
6.526503339906494620e-05
7.251670377673882441e-06
6.526503339906494620e-05
6.526503339906494620e-05
7.251670377673882441e-06
6.526503339906494620e-05
8.057411530748755562e-07
8.952679478609727667e-08
7.251670377673882441e-06
5.286467705324263827e-03
7.251670377673882441e-06
7.251670377673882441e-06
8.057411530748755562e-07
8.952679478609727667e-08
8.057411530748755562e-07
8.057411530748755562e-07
6.526503339906494620e-05
5.873853005915847733e-04
9.947421642899694282e-09
6.526503339906494620e-05
7.251670377673882441e-06
8.057411530748755562e-07
8.952679478609727667e-08
6.526503339906494620e-05
8.952679478609727667e-08
5.873853005915847733e-04
8.057411530748755562e-07
6.526503339906494620e-05
7.251670377673882441e-06
7.251670377673882441e-06
7.251670377673882441e-06
7.251670377673882441e-06
5.286467705324263827e-03
8.057411530748755562e-07
6.526503339906494620e-05
8.057411530748755562e-07
7.251670377673882441e-06
7.251670377673882441e-06
9.947421642899694282e-09
8.057411530748755562e-07
8.057411530748755562e-07
8.952679478609727667e-08
9.947421642899694282e-09
8.057411530748755562e-07
8.952679478609727667e-08
6.526503339906494620e-05
6.526503339906494620e-05
7.251670377673882441e-06
9.947421642899694282e-09
5.873853005915847733e-04
5.873853005915847733e-04
7.251670377673882441e-06
8.952679478609727667e-08
6.526503339906494620e-05
7.251670377673882441e-06
5.873853005915847733e-04
7.251670377673882441e-06
5.873853005915847733e-04
6.526503339906494620e-05
7.251670377673882441e-06
8.057411530748755562e-07
6.526503339906494620e-05
7.251670377673882441e-06
5.286467705324263827e-03
7.251670377673882441e-06
6.526503339906494620e-05
6.526503339906494620e-05
8.057411530748755562e-07
7.251670377673882441e-06
8.952679478609727667e-08
6.526503339906494620e-05
7.251670377673882441e-06
8.057411530748755562e-07
7.251670377673882441e-06
5.873853005915847733e-04
8.952679478609727667e-08
6.526503339906494620e-05
8.057411530748755562e-07
7.251670377673882441e-06
5.873853005915847733e-04
9.947421642899694282e-09
6.526503339906494620e-05
8.057411530748755562e-07
5.873853005915847733e-04
5.873853005915847733e-04
6.526503339906494620e-05
8.057411530748755562e-07
6.526503339906494620e-05
7.251670377673882441e-06
6.526503339906494620e-05
5.873853005915847733e-04
8.952679478609727667e-08
6.526503339906494620e-05
6.526503339906494620e-05
5.873853005915847733e-04
1.105269071433299112e-09
8.057411530748755562e-07
7.251670377673882441e-06
6.526503339906494620e-05
8.952679478609727667e-08
5.873853005915847733e-04
6.526503339906494620e-05
9.947421642899694282e-09
6.526503339906494620e-05
8.057411530748755562e-07
7.251670377673882441e-06
7.251670377673882441e-06
7.251670377673882441e-06
1.105269071433299112e-09
8.952679478609727667e-08
8.057411530748755562e-07
8.952679478609727667e-08
5.873853005915847733e-04
8.952679478609727667e-08
6.526503339906494620e-05
5.286467705324263827e-03
5.286467705324263827e-03
8.057411530748755562e-07
6.526503339906494620e-05
7.251670377673882441e-06
8.057411530748755562e-07
7.251670377673882441e-06
7.251670377673882441e-06
6.526503339906494620e-05
8.952679478609727667e-08
9.947421642899694282e-09
5.286467705324263827e-03
8.057411530748755562e-07
8.952679478609727667e-08
8.952679478609727667e-08
7.251670377673882441e-06
8.057411530748755562e-07
8.057411530748755562e-07
9.947421642899694282e-09
6.526503339906494620e-05
7.251670377673882441e-06
5.286467705324263827e-03
6.526503339906494620e-05
6.526503339906494620e-05
8.952679478609727667e-08
8.057411530748755562e-07
5.873853005915847733e-04
7.251670377673882441e-06
6.526503339906494620e-05
8.057411530748755562e-07
5.873853005915847733e-04
8.057411530748755562e-07
8.952679478609727667e-08
7.251670377673882441e-06
6.526503339906494620e-05
7.251670377673882441e-06
8.057411530748755562e-07
5.873853005915847733e-04
7.251670377673882441e-06
8.952679478609727667e-08
5.286467705324263827e-03
7.251670377673882441e-06
