3.104443295386665890e-04
2.793998965847999463e-03
3.104443295386665890e-04
3.832646043687239967e-06
3.104443295386665890e-04
3.449381439318516225e-05
3.104443295386665890e-04
4.258495604096932238e-07
4.258495604096932238e-07
2.514599069263200384e-02
3.832646043687239967e-06
2.793998965847999463e-03
2.514599069263200384e-02
2.793998965847999463e-03
3.449381439318516225e-05
3.104443295386665890e-04
3.104443295386665890e-04
3.449381439318516225e-05
3.104443295386665890e-04
2.514599069263200384e-02
2.263139162336881005e-01
3.449381439318516225e-05
3.832646043687239967e-06
3.449381439318516225e-05
2.514599069263200384e-02
2.514599069263200384e-02
2.793998965847999463e-03
2.793998965847999463e-03
3.449381439318516225e-05
3.104443295386665890e-04
3.449381439318516225e-05
3.104443295386665890e-04
2.514599069263200384e-02
2.793998965847999463e-03
3.104443295386665890e-04
3.104443295386665890e-04
2.793998965847999463e-03
2.793998965847999463e-03
3.104443295386665890e-04
2.793998965847999463e-03
3.104443295386665890e-04
2.263139162336881005e-01
3.449381439318516225e-05
2.793998965847999463e-03
2.793998965847999463e-03
3.449381439318516225e-05
2.514599069263200384e-02
3.449381439318516225e-05
3.104443295386665890e-04
2.793998965847999463e-03
4.731661782329922944e-08
3.832646043687239967e-06
3.832646043687239967e-06
2.793998965847999463e-03
3.104443295386665890e-04
4.258495604096932238e-07
2.793998965847999463e-03
2.514599069263200384e-02
2.514599069263200384e-02
3.832646043687239967e-06
2.263139162336881005e-01
3.104443295386665890e-04
2.514599069263200384e-02
2.514599069263200384e-02
