2.424325849187800632e-06
2.181893264269021247e-05
2.181893264269021247e-05
1.767333544057908155e-03
2.424325849187800632e-06
2.424325849187800632e-06
2.181893264269021247e-05
1.963703937842119359e-04
2.424325849187800632e-06
1.963703937842119359e-04
1.767333544057908155e-03
2.693695387986444970e-07
2.181893264269021247e-05
2.181893264269021247e-05
2.181893264269021247e-05
2.693695387986444970e-07
1.590600189652117621e-02
2.424325849187800632e-06
2.424325849187800632e-06
2.181893264269021247e-05
2.992994875540493382e-08
2.181893264269021247e-05
2.693695387986444970e-07
1.767333544057908155e-03
2.181893264269021247e-05
2.181893264269021247e-05
2.424325849187800632e-06
2.181893264269021247e-05
2.424325849187800632e-06
1.767333544057908155e-03
1.963703937842119359e-04
1.963703937842119359e-04
2.693695387986444970e-07
1.963703937842119359e-04
1.767333544057908155e-03
2.181893264269021247e-05
2.181893264269021247e-05
2.693695387986444970e-07
2.424325849187800632e-06
1.767333544057908155e-03
2.992994875540493382e-08
2.693695387986444970e-07
2.181893264269021247e-05
2.181893264269021247e-05
2.181893264269021247e-05
2.693695387986444970e-07
1.963703937842119359e-04
1.963703937842119359e-04
1.963703937842119359e-04
2.424325849187800632e-06
2.181893264269021247e-05
1.963703937842119359e-04
2.181893264269021247e-05
2.992994875540493382e-08
1.767333544057908155e-03
2.424325849187800632e-06
1.767333544057908155e-03
1.963703937842119359e-04
1.767333544057908155e-03
2.424325849187800632e-06
1.963703937842119359e-04
2.424325849187800632e-06
1.963703937842119359e-04
1.963703937842119359e-04
2.181893264269021247e-05
1.963703937842119359e-04
1.963703937842119359e-04
2.181893264269021247e-05
1.590600189652117621e-02
1.767333544057908155e-03
1.767333544057908155e-03
1.963703937842119359e-04
1.767333544057908155e-03
2.693695387986444970e-07
1.963703937842119359e-04
2.181893264269021247e-05
2.424325849187800632e-06
1.963703937842119359e-04
2.181893264269021247e-05
2.424325849187800632e-06
2.424325849187800632e-06
1.963703937842119359e-04
2.992994875540493382e-08
2.693695387986444970e-07
2.424325849187800632e-06
1.963703937842119359e-04
1.963703937842119359e-04
2.181893264269021247e-05
1.767333544057908155e-03
2.181893264269021247e-05
2.181893264269021247e-05
2.181893264269021247e-05
2.424325849187800632e-06
2.693695387986444970e-07
2.693695387986444970e-07
2.424325849187800632e-06
1.767333544057908155e-03
1.963703937842119359e-04
2.424325849187800632e-06
2.693695387986444970e-07
1.767333544057908155e-03
1.767333544057908155e-03
2.424325849187800632e-06
2.181893264269021247e-05
1.963703937842119359e-04
2.424325849187800632e-06
1.963703937842119359e-04
2.181893264269021247e-05
2.424325849187800632e-06
2.693695387986444970e-07
2.693695387986444970e-07
2.181893264269021247e-05
2.693695387986444970e-07
2.424325849187800632e-06
2.424325849187800632e-06
2.424325849187800632e-06
2.181893264269021247e-05
1.767333544057908155e-03
2.424325849187800632e-06
2.424325849187800632e-06
2.693695387986444970e-07
2.693695387986444970e-07
2.693695387986444970e-07
1.590600189652117621e-02
1.431540170686906310e-01
2.181893264269021247e-05
1.963703937842119359e-04
2.424325849187800632e-06
1.431540170686906310e-01
2.181893264269021247e-05
1.431540170686906310e-01
1.590600189652117621e-02
1.767333544057908155e-03
2.181893264269021247e-05
1.590600189652117621e-02
2.424325849187800632e-06
2.181893264269021247e-05
1.963703937842119359e-04
1.963703937842119359e-04
2.693695387986444970e-07
2.992994875540493382e-08
1.963703937842119359e-04
1.963703937842119359e-04
2.424325849187800632e-06
2.424325849187800632e-06
1.963703937842119359e-04
2.181893264269021247e-05
2.181893264269021247e-05
1.963703937842119359e-04
2.992994875540493382e-08
2.693695387986444970e-07
1.963703937842119359e-04
2.424325849187800632e-06
1.963703937842119359e-04
1.963703937842119359e-04
2.693695387986444970e-07
2.424325849187800632e-06
2.424325849187800632e-06
1.963703937842119359e-04
2.181893264269021247e-05
2.992994875540493382e-08
1.963703937842119359e-04
1.963703937842119359e-04
1.767333544057908155e-03
2.424325849187800632e-06
2.181893264269021247e-05
2.181893264269021247e-05
1.767333544057908155e-03
3.325549861711658532e-09
2.181893264269021247e-05
1.590600189652117621e-02
1.963703937842119359e-04
2.181893264269021247e-05
1.767333544057908155e-03
1.963703937842119359e-04
1.963703937842119359e-04
1.963703937842119359e-04
2.181893264269021247e-05
1.767333544057908155e-03
2.693695387986444970e-07
1.767333544057908155e-03
1.590600189652117621e-02
1.767333544057908155e-03
2.181893264269021247e-05
1.963703937842119359e-04
1.963703937842119359e-04
2.181893264269021247e-05
2.181893264269021247e-05
1.963703937842119359e-04
2.693695387986444970e-07
1.431540170686906310e-01
1.963703937842119359e-04
1.963703937842119359e-04
2.424325849187800632e-06
1.963703937842119359e-04
2.424325849187800632e-06
2.181893264269021247e-05
2.424325849187800632e-06
2.693695387986444970e-07
1.963703937842119359e-04
2.693695387986444970e-07
2.424325849187800632e-06
2.181893264269021247e-05
1.963703937842119359e-04
2.424325849187800632e-06
2.693695387986444970e-07
2.181893264269021247e-05
2.424325849187800632e-06
2.181893264269021247e-05
2.424325849187800632e-06
2.181893264269021247e-05
1.767333544057908155e-03
2.424325849187800632e-06
2.424325849187800632e-06
2.693695387986444970e-07
2.181893264269021247e-05
1.963703937842119359e-04
2.693695387986444970e-07
2.424325849187800632e-06
1.963703937842119359e-04
3.325549861711658532e-09
2.181893264269021247e-05
2.181893264269021247e-05
1.767333544057908155e-03
1.767333544057908155e-03
2.424325849187800632e-06
2.693695387986444970e-07
1.590600189652117621e-02
2.424325849187800632e-06
1.590600189652117621e-02
1.767333544057908155e-03
2.181893264269021247e-05
2.693695387986444970e-07
2.424325849187800632e-06
2.181893264269021247e-05
2.693695387986444970e-07
2.181893264269021247e-05
1.767333544057908155e-03
2.181893264269021247e-05
2.181893264269021247e-05
1.963703937842119359e-04
2.181893264269021247e-05
2.693695387986444970e-07
1.963703937842119359e-04
2.181893264269021247e-05
1.963703937842119359e-04
1.590600189652117621e-02
1.431540170686906310e-01
2.424325849187800632e-06
2.693695387986444970e-07
2.181893264269021247e-05
2.181893264269021247e-05
1.963703937842119359e-04
2.181893264269021247e-05
2.181893264269021247e-05
2.181893264269021247e-05
2.992994875540493382e-08
1.963703937842119359e-04
1.590600189652117621e-02
2.693695387986444970e-07
2.424325849187800632e-06
2.693695387986444970e-07
2.424325849187800632e-06
2.424325849187800632e-06
2.181893264269021247e-05
2.424325849187800632e-06
2.181893264269021247e-05
2.424325849187800632e-06
2.992994875540493382e-08
2.424325849187800632e-06
2.424325849187800632e-06
2.693695387986444970e-07
2.693695387986444970e-07
2.424325849187800632e-06
1.963703937842119359e-04
1.963703937842119359e-04
1.963703937842119359e-04
2.693695387986444970e-07
1.767333544057908155e-03
1.963703937842119359e-04
1.767333544057908155e-03
2.693695387986444970e-07
2.424325849187800632e-06
2.424325849187800632e-06
2.693695387986444970e-07
1.767333544057908155e-03
1.963703937842119359e-04
1.590600189652117621e-02
2.693695387986444970e-07
2.181893264269021247e-05
1.767333544057908155e-03
2.992994875540493382e-08
1.963703937842119359e-04
2.424325849187800632e-06
1.963703937842119359e-04
1.963703937842119359e-04
2.424325849187800632e-06
2.181893264269021247e-05
2.181893264269021247e-05
2.181893264269021247e-05
2.424325849187800632e-06
1.590600189652117621e-02
1.963703937842119359e-04
2.181893264269021247e-05
2.693695387986444970e-07
1.767333544057908155e-03
2.181893264269021247e-05
2.992994875540493382e-08
2.424325849187800632e-06
1.767333544057908155e-03
1.963703937842119359e-04
1.963703937842119359e-04
1.963703937842119359e-04
2.424325849187800632e-06
1.963703937842119359e-04
2.181893264269021247e-05
2.181893264269021247e-05
2.181893264269021247e-05
2.181893264269021247e-05
1.963703937842119359e-04
