3.555475411661778991e-04
3.950528235179753681e-05
3.950528235179753681e-05
3.950528235179753681e-05
3.950528235179753681e-05
3.950528235179753681e-05
4.389475816866391473e-06
3.950528235179753681e-05
4.389475816866391473e-06
4.389475816866391473e-06
4.877195352073767833e-07
3.950528235179753681e-05
4.389475816866391473e-06
4.877195352073767833e-07
3.950528235179753681e-05
4.389475816866391473e-06
3.555475411661778991e-04
3.950528235179753681e-05
3.199927870495601796e-03
4.389475816866391473e-06
3.950528235179753681e-05
3.950528235179753681e-05
3.555475411661778991e-04
3.199927870495601796e-03
4.389475816866391473e-06
4.389475816866391473e-06
4.389475816866391473e-06
3.950528235179753681e-05
3.199927870495601796e-03
3.199927870495601796e-03
4.389475816866391473e-06
3.950528235179753681e-05
3.950528235179753681e-05
3.950528235179753681e-05
4.877195352073767833e-07
3.555475411661778991e-04
4.877195352073767833e-07
3.555475411661778991e-04
4.389475816866391473e-06
4.389475816866391473e-06
3.555475411661778991e-04
5.419105946748629234e-08
4.389475816866391473e-06
3.555475411661778991e-04
4.389475816866391473e-06
4.389475816866391473e-06
6.021228829720697771e-09
2.879935083446042571e-02
5.419105946748629234e-08
4.877195352073767833e-07
4.389475816866391473e-06
5.419105946748629234e-08
4.389475816866391473e-06
4.389475816866391473e-06
3.199927870495601796e-03
3.555475411661778991e-04
4.877195352073767833e-07
3.199927870495601796e-03
3.950528235179753681e-05
3.950528235179753681e-05
3.555475411661778991e-04
2.591941575101439077e-01
3.950528235179753681e-05
4.877195352073767833e-07
3.950528235179753681e-05
3.950528235179753681e-05
3.199927870495601796e-03
3.199927870495601796e-03
3.555475411661778991e-04
3.199927870495601796e-03
3.199927870495601796e-03
3.950528235179753681e-05
3.199927870495601796e-03
4.389475816866391473e-06
3.950528235179753681e-05
4.389475816866391473e-06
3.555475411661778991e-04
3.555475411661778991e-04
3.199927870495601796e-03
4.877195352073767833e-07
4.877195352073767833e-07
2.879935083446042571e-02
4.389475816866391473e-06
3.555475411661778991e-04
3.555475411661778991e-04
4.389475816866391473e-06
6.021228829720697771e-09
5.419105946748629234e-08
3.555475411661778991e-04
3.555475411661778991e-04
3.950528235179753681e-05
3.555475411661778991e-04
3.555475411661778991e-04
3.555475411661778991e-04
4.389475816866391473e-06
3.199927870495601796e-03
2.879935083446042571e-02
4.389475816866391473e-06
3.950528235179753681e-05
3.555475411661778991e-04
3.199927870495601796e-03
3.950528235179753681e-05
3.199927870495601796e-03
4.877195352073767833e-07
4.877195352073767833e-07
3.950528235179753681e-05
3.555475411661778991e-04
4.877195352073767833e-07
4.389475816866391473e-06
3.199927870495601796e-03
3.950528235179753681e-05
3.555475411661778991e-04
2.879935083446042571e-02
4.877195352073767833e-07
3.555475411661778991e-04
3.950528235179753681e-05
3.555475411661778991e-04
3.199927870495601796e-03
3.199927870495601796e-03
4.389475816866391473e-06
3.555475411661778991e-04
3.950528235179753681e-05
4.389475816866391473e-06
4.389475816866391473e-06
3.950528235179753681e-05
4.877195352073767833e-07
4.389475816866391473e-06
4.389475816866391473e-06
2.879935083446042571e-02
6.021228829720697771e-09
4.389475816866391473e-06
3.950528235179753681e-05
3.555475411661778991e-04
4.389475816866391473e-06
3.199927870495601796e-03
3.555475411661778991e-04
3.199927870495601796e-03
3.199927870495601796e-03
4.389475816866391473e-06
3.199927870495601796e-03
3.555475411661778991e-04
2.879935083446042571e-02
3.950528235179753681e-05
2.591941575101439077e-01
4.389475816866391473e-06
3.950528235179753681e-05
4.389475816866391473e-06
4.877195352073767833e-07
4.389475816866391473e-06
3.555475411661778991e-04
3.555475411661778991e-04
4.389475816866391473e-06
3.199927870495601796e-03
3.199927870495601796e-03
4.877195352073767833e-07
4.389475816866391473e-06
4.877195352073767833e-07
3.555475411661778991e-04
4.877195352073767833e-07
3.950528235179753681e-05
3.950528235179753681e-05
4.389475816866391473e-06
4.877195352073767833e-07
3.950528235179753681e-05
4.389475816866391473e-06
3.555475411661778991e-04
4.877195352073767833e-07
3.555475411661778991e-04
3.950528235179753681e-05
4.389475816866391473e-06
3.199927870495601796e-03
3.950528235179753681e-05
3.950528235179753681e-05
3.199927870495601796e-03
3.199927870495601796e-03
3.950528235179753681e-05
3.555475411661778991e-04
3.199927870495601796e-03
3.555475411661778991e-04
2.879935083446042571e-02
4.877195352073767833e-07
4.389475816866391473e-06
4.877195352073767833e-07
4.389475816866391473e-06
3.950528235179753681e-05
3.555475411661778991e-04
4.877195352073767833e-07
4.389475816866391473e-06
4.877195352073767833e-07
3.950528235179753681e-05
5.419105946748629234e-08
3.950528235179753681e-05
4.877195352073767833e-07
3.950528235179753681e-05
3.199927870495601796e-03
3.950528235179753681e-05
3.555475411661778991e-04
2.879935083446042571e-02
3.199927870495601796e-03
6.021228829720697771e-09
4.877195352073767833e-07
4.877195352073767833e-07
3.950528235179753681e-05
4.389475816866391473e-06
3.950528235179753681e-05
3.555475411661778991e-04
4.389475816866391473e-06
3.950528235179753681e-05
3.555475411661778991e-04
3.199927870495601796e-03
3.950528235179753681e-05
3.199927870495601796e-03
3.950528235179753681e-05
3.555475411661778991e-04
4.877195352073767833e-07
3.950528235179753681e-05
3.555475411661778991e-04
3.555475411661778991e-04
3.199927870495601796e-03
3.950528235179753681e-05
4.389475816866391473e-06
4.877195352073767833e-07
4.877195352073767833e-07
4.389475816866391473e-06
4.389475816866391473e-06
2.879935083446042571e-02
3.950528235179753681e-05
3.555475411661778991e-04
3.555475411661778991e-04
2.879935083446042571e-02
2.879935083446042571e-02
3.555475411661778991e-04
3.555475411661778991e-04
4.877195352073767833e-07
4.877195352073767833e-07
3.950528235179753681e-05
3.555475411661778991e-04
3.950528235179753681e-05
3.950528235179753681e-05
3.555475411661778991e-04
4.389475816866391473e-06
2.879935083446042571e-02
3.950528235179753681e-05
3.950528235179753681e-05
3.555475411661778991e-04
3.555475411661778991e-04
3.950528235179753681e-05
3.950528235179753681e-05
5.419105946748629234e-08
4.389475816866391473e-06
3.950528235179753681e-05
3.555475411661778991e-04
3.199927870495601796e-03
3.199927870495601796e-03
3.199927870495601796e-03
3.950528235179753681e-05
