1.303835876753883837e-03
1.788526579909304341e-06
1.609673921918374563e-05
1.609673921918374563e-05
1.303835876753883837e-03
1.448706529726537175e-04
1.448706529726537175e-04
1.609673921918374563e-05
1.788526579909304341e-06
1.788526579909304341e-06
1.448706529726537175e-04
1.609673921918374563e-05
1.987251755454782601e-07
1.609673921918374563e-05
1.448706529726537175e-04
1.448706529726537175e-04
1.788526579909304341e-06
1.788526579909304341e-06
1.448706529726537175e-04
1.788526579909304341e-06
1.056107060170646539e-01
2.208057506060868601e-08
1.788526579909304341e-06
1.448706529726537175e-04
1.609673921918374563e-05
1.303835876753883837e-03
1.609673921918374563e-05
1.448706529726537175e-04
1.609673921918374563e-05
1.609673921918374563e-05
1.609673921918374563e-05
1.173452289078495692e-02
1.609673921918374563e-05
1.448706529726537175e-04
1.788526579909304341e-06
1.448706529726537175e-04
1.609673921918374563e-05
1.788526579909304341e-06
1.609673921918374563e-05
1.303835876753883837e-03
1.788526579909304341e-06
1.609673921918374563e-05
1.788526579909304341e-06
1.987251755454782601e-07
1.788526579909304341e-06
1.303835876753883837e-03
1.056107060170646539e-01
1.609673921918374563e-05
1.788526579909304341e-06
1.448706529726537175e-04
1.987251755454782601e-07
1.788526579909304341e-06
1.448706529726537175e-04
1.303835876753883837e-03
1.448706529726537175e-04
1.788526579909304341e-06
1.788526579909304341e-06
1.987251755454782601e-07
1.609673921918374563e-05
1.448706529726537175e-04
1.987251755454782601e-07
1.609673921918374563e-05
1.448706529726537175e-04
1.448706529726537175e-04
1.987251755454782601e-07
1.788526579909304341e-06
1.303835876753883837e-03
1.609673921918374563e-05
1.448706529726537175e-04
1.987251755454782601e-07
1.173452289078495692e-02
1.448706529726537175e-04
1.987251755454782601e-07
1.987251755454782601e-07
1.173452289078495692e-02
1.448706529726537175e-04
1.788526579909304341e-06
1.609673921918374563e-05
1.609673921918374563e-05
1.448706529726537175e-04
1.056107060170646539e-01
1.448706529726537175e-04
1.987251755454782601e-07
1.303835876753883837e-03
1.609673921918374563e-05
1.303835876753883837e-03
1.987251755454782601e-07
1.609673921918374563e-05
1.788526579909304341e-06
1.173452289078495692e-02
1.303835876753883837e-03
1.788526579909304341e-06
1.987251755454782601e-07
1.448706529726537175e-04
1.987251755454782601e-07
1.987251755454782601e-07
1.303835876753883837e-03
1.609673921918374563e-05
1.987251755454782601e-07
1.448706529726537175e-04
1.609673921918374563e-05
1.788526579909304341e-06
1.788526579909304341e-06
1.987251755454782601e-07
1.173452289078495692e-02
1.448706529726537175e-04
1.609673921918374563e-05
1.448706529726537175e-04
1.173452289078495692e-02
1.609673921918374563e-05
1.448706529726537175e-04
1.987251755454782601e-07
1.788526579909304341e-06
1.448706529726537175e-04
1.448706529726537175e-04
1.448706529726537175e-04
1.788526579909304341e-06
2.453397228956520024e-09
1.303835876753883837e-03
1.448706529726537175e-04
1.448706529726537175e-04
1.987251755454782601e-07
1.609673921918374563e-05
1.609673921918374563e-05
1.448706529726537175e-04
1.448706529726537175e-04
1.303835876753883837e-03
1.448706529726537175e-04
1.448706529726537175e-04
1.173452289078495692e-02
1.788526579909304341e-06
2.208057506060868601e-08
1.609673921918374563e-05
1.448706529726537175e-04
1.448706529726537175e-04
1.609673921918374563e-05
1.173452289078495692e-02
1.448706529726537175e-04
1.788526579909304341e-06
1.303835876753883837e-03
1.303835876753883837e-03
1.448706529726537175e-04
1.303835876753883837e-03
1.609673921918374563e-05
1.609673921918374563e-05
1.448706529726537175e-04
1.448706529726537175e-04
1.303835876753883837e-03
1.609673921918374563e-05
1.788526579909304341e-06
1.303835876753883837e-03
1.448706529726537175e-04
1.303835876753883837e-03
1.173452289078495692e-02
1.173452289078495692e-02
1.448706529726537175e-04
1.303835876753883837e-03
1.448706529726537175e-04
1.609673921918374563e-05
1.448706529726537175e-04
1.609673921918374563e-05
1.303835876753883837e-03
1.788526579909304341e-06
1.448706529726537175e-04
1.609673921918374563e-05
1.609673921918374563e-05
1.448706529726537175e-04
1.448706529726537175e-04
1.987251755454782601e-07
1.303835876753883837e-03
1.609673921918374563e-05
1.987251755454782601e-07
1.609673921918374563e-05
1.609673921918374563e-05
2.453397228956520024e-09
1.448706529726537175e-04
1.448706529726537175e-04
1.788526579909304341e-06
1.609673921918374563e-05
1.303835876753883837e-03
1.448706529726537175e-04
1.987251755454782601e-07
1.987251755454782601e-07
1.788526579909304341e-06
1.448706529726537175e-04
1.788526579909304341e-06
1.987251755454782601e-07
1.056107060170646539e-01
1.303835876753883837e-03
1.448706529726537175e-04
1.448706529726537175e-04
1.173452289078495692e-02
1.788526579909304341e-06
1.303835876753883837e-03
1.609673921918374563e-05
1.987251755454782601e-07
2.208057506060868601e-08
1.173452289078495692e-02
1.448706529726537175e-04
1.609673921918374563e-05
1.987251755454782601e-07
1.788526579909304341e-06
1.303835876753883837e-03
1.609673921918374563e-05
1.448706529726537175e-04
1.303835876753883837e-03
1.609673921918374563e-05
1.609673921918374563e-05
1.987251755454782601e-07
1.609673921918374563e-05
1.788526579909304341e-06
1.609673921918374563e-05
2.208057506060868601e-08
1.448706529726537175e-04
2.208057506060868601e-08
1.987251755454782601e-07
1.448706529726537175e-04
1.987251755454782601e-07
1.609673921918374563e-05
1.987251755454782601e-07
2.208057506060868601e-08
1.788526579909304341e-06
1.788526579909304341e-06
1.303835876753883837e-03
1.448706529726537175e-04
1.788526579909304341e-06
1.609673921918374563e-05
1.448706529726537175e-04
1.987251755454782601e-07
1.788526579909304341e-06
1.448706529726537175e-04
1.609673921918374563e-05
1.788526579909304341e-06
1.448706529726537175e-04
1.448706529726537175e-04
1.303835876753883837e-03
1.303835876753883837e-03
1.173452289078495692e-02
1.609673921918374563e-05
1.609673921918374563e-05
1.448706529726537175e-04
1.609673921918374563e-05
1.609673921918374563e-05
1.448706529726537175e-04
1.173452289078495692e-02
1.303835876753883837e-03
2.453397228956520024e-09
1.609673921918374563e-05
1.609673921918374563e-05
1.987251755454782601e-07
2.208057506060868601e-08
1.303835876753883837e-03
1.987251755454782601e-07
1.448706529726537175e-04
1.609673921918374563e-05
2.453397228956520024e-09
1.987251755454782601e-07
1.788526579909304341e-06
1.448706529726537175e-04
1.788526579909304341e-06
1.173452289078495692e-02
1.609673921918374563e-05
1.609673921918374563e-05
1.448706529726537175e-04
1.987251755454782601e-07
1.448706529726537175e-04
1.448706529726537175e-04
1.788526579909304341e-06
1.609673921918374563e-05
1.788526579909304341e-06
1.609673921918374563e-05
1.448706529726537175e-04
1.788526579909304341e-06
1.609673921918374563e-05
1.173452289078495692e-02
1.788526579909304341e-06
1.448706529726537175e-04
1.448706529726537175e-04
1.788526579909304341e-06
1.448706529726537175e-04
1.788526579909304341e-06
1.609673921918374563e-05
1.303835876753883837e-03
1.788526579909304341e-06
1.448706529726537175e-04
1.173452289078495692e-02
1.788526579909304341e-06
1.609673921918374563e-05
1.448706529726537175e-04
1.987251755454782601e-07
1.609673921918374563e-05
1.303835876753883837e-03
1.448706529726537175e-04
1.173452289078495692e-02
1.448706529726537175e-04
1.448706529726537175e-04
1.303835876753883837e-03
1.448706529726537175e-04
1.448706529726537175e-04
1.448706529726537175e-04
1.448706529726537175e-04
1.303835876753883837e-03
1.303835876753883837e-03
1.303835876753883837e-03
1.987251755454782601e-07
1.987251755454782601e-07
1.987251755454782601e-07
1.173452289078495692e-02
1.448706529726537175e-04
1.788526579909304341e-06
1.788526579909304341e-06
1.448706529726537175e-04
1.448706529726537175e-04
1.056107060170646539e-01
1.609673921918374563e-05
1.448706529726537175e-04
1.788526579909304341e-06
1.448706529726537175e-04
1.788526579909304341e-06
1.788526579909304341e-06
1.609673921918374563e-05
1.303835876753883837e-03
1.609673921918374563e-05
1.303835876753883837e-03
1.448706529726537175e-04
1.448706529726537175e-04
2.208057506060868601e-08
1.609673921918374563e-05
1.609673921918374563e-05
1.788526579909304341e-06
1.788526579909304341e-06
1.303835876753883837e-03
1.609673921918374563e-05
1.448706529726537175e-04
1.448706529726537175e-04
1.609673921918374563e-05
1.788526579909304341e-06
1.788526579909304341e-06
1.788526579909304341e-06
1.609673921918374563e-05
1.987251755454782601e-07
1.788526579909304341e-06
1.987251755454782601e-07
1.609673921918374563e-05
1.788526579909304341e-06
1.448706529726537175e-04
1.609673921918374563e-05
1.448706529726537175e-04
1.448706529726537175e-04
1.303835876753883837e-03
1.609673921918374563e-05
1.788526579909304341e-06
1.788526579909304341e-06
1.056107060170646539e-01
1.987251755454782601e-07
1.987251755454782601e-07
1.173452289078495692e-02
1.788526579909304341e-06
1.609673921918374563e-05
1.609673921918374563e-05
1.987251755454782601e-07
1.788526579909304341e-06
1.987251755454782601e-07
2.453397228956520024e-09
1.448706529726537175e-04
1.303835876753883837e-03
1.788526579909304341e-06
1.987251755454782601e-07
1.173452289078495692e-02
1.173452289078495692e-02
1.987251755454782601e-07
1.788526579909304341e-06
1.987251755454782601e-07
2.208057506060868601e-08
1.303835876753883837e-03
1.448706529726537175e-04
1.987251755454782601e-07
1.173452289078495692e-02
1.448706529726537175e-04
1.788526579909304341e-06
1.173452289078495692e-02
1.788526579909304341e-06
1.173452289078495692e-02
1.788526579909304341e-06
