9.105496153530874746e-06
8.194946538177789812e-05
8.194946538177789812e-05
6.637906695924012702e-03
1.124135327596403755e-07
5.974116026331612733e-02
7.375451884360011102e-04
1.124135327596403755e-07
6.637906695924012702e-03
8.194946538177789812e-05
6.637906695924012702e-03
7.375451884360011102e-04
7.375451884360011102e-04
9.105496153530874746e-06
5.974116026331612733e-02
1.011721794836763790e-06
7.375451884360011102e-04
8.194946538177789812e-05
8.194946538177789812e-05
1.124135327596403755e-07
7.375451884360011102e-04
1.124135327596403755e-07
8.194946538177789812e-05
6.637906695924012702e-03
1.011721794836763790e-06
1.124135327596403755e-07
8.194946538177789812e-05
5.974116026331612733e-02
9.105496153530874746e-06
9.105496153530874746e-06
9.105496153530874746e-06
8.194946538177789812e-05
1.011721794836763790e-06
7.375451884360011102e-04
8.194946538177789812e-05
7.375451884360011102e-04
1.124135327596403755e-07
9.105496153530874746e-06
6.637906695924012702e-03
7.375451884360011102e-04
9.105496153530874746e-06
8.194946538177789812e-05
7.375451884360011102e-04
1.011721794836763790e-06
8.194946538177789812e-05
7.375451884360011102e-04
7.375451884360011102e-04
8.194946538177789812e-05
9.105496153530874746e-06
5.974116026331612733e-02
8.194946538177789812e-05
5.974116026331612733e-02
8.194946538177789812e-05
1.011721794836763790e-06
9.105496153530874746e-06
1.011721794836763790e-06
1.011721794836763790e-06
7.375451884360011102e-04
1.011721794836763790e-06
8.194946538177789812e-05
1.011721794836763790e-06
8.194946538177789812e-05
7.375451884360011102e-04
1.124135327596403755e-07
1.011721794836763790e-06
8.194946538177789812e-05
9.105496153530874746e-06
8.194946538177789812e-05
8.194946538177789812e-05
8.194946538177789812e-05
8.194946538177789812e-05
9.105496153530874746e-06
8.194946538177789812e-05
8.194946538177789812e-05
9.105496153530874746e-06
9.105496153530874746e-06
8.194946538177789812e-05
6.637906695924012702e-03
5.974116026331612733e-02
6.637906695924012702e-03
9.105496153530874746e-06
9.105496153530874746e-06
6.637906695924012702e-03
1.011721794836763790e-06
8.194946538177789812e-05
8.194946538177789812e-05
7.375451884360011102e-04
1.124135327596403755e-07
1.011721794836763790e-06
1.011721794836763790e-06
8.194946538177789812e-05
8.194946538177789812e-05
6.637906695924012702e-03
1.011721794836763790e-06
8.194946538177789812e-05
6.637906695924012702e-03
7.375451884360011102e-04
6.637906695924012702e-03
1.011721794836763790e-06
9.105496153530874746e-06
8.194946538177789812e-05
1.249039252884892712e-08
1.011721794836763790e-06
1.011721794836763790e-06
1.387821392094325006e-09
1.011721794836763790e-06
9.105496153530874746e-06
7.375451884360011102e-04
9.105496153530874746e-06
6.637906695924012702e-03
1.124135327596403755e-07
8.194946538177789812e-05
7.375451884360011102e-04
1.011721794836763790e-06
8.194946538177789812e-05
5.376704423698452917e-01
9.105496153530874746e-06
6.637906695924012702e-03
1.011721794836763790e-06
7.375451884360011102e-04
7.375451884360011102e-04
1.011721794836763790e-06
1.011721794836763790e-06
7.375451884360011102e-04
1.011721794836763790e-06
9.105496153530874746e-06
9.105496153530874746e-06
1.011721794836763790e-06
