31099343.17
17882572.84
69031096.59
68713329.75
31030697.38
23874663.05
30149167.24
31479187.32
68107298.85
143359610.98
75501135.76
17976493.16
68608774.83
18045450.14
17774326.39
143708433.2
36078687.47
29030529.12
67859031.6
69291703.55
142714599.21
73605610.87
78443058.06
29996453.07
30067795.7
78675787.31
67706351.57
69495789.56
76838312.25
17695883.61
70139717.61
17953638.69
27228127.68
34886116.93
68930534.62
31852471.76
142838005.43
32097691.91
31338398.6
30996403.62
79320021.2
142183842.42
28888911.51
68717764.23
23873728.82
72852340.5
143120471.98
76415969.47
19393433.37
19056253.42
78965754.71
19055378.23
25384513.17
17966182.45
19060940.32
73932254.4
69543776.54
17910454.45
69209719.46
74639156.11
17694712.98
37615477.79
25876496.38
31912747.16
31330926.0
69899403.84
142730511.14
24758855.52
80272110.26
67073535.96
68707551.51
70338925.07
144055290.18
143981091.33
24283215.32
31790120.48
78863764.76
17758413.65
69431503.05
26987013.29
78077102.51
27900022.17
67388136.8
77750764.21
67201603.95
73542434.64
78223388.46
68988947.77
29718768.53
143057779.27
142316856.42
66506723.53
143738479.16
25754460.83
32111488.2
69298219.01
24851461.72
68716412.4
31352466.0
69154134.7
70981742.72
143789741.97
18046094.71
77814107.41
68346791.86
71427954.75
31937060.78
35687572.25
28061152.83
27385521.61
68042447.66
31698412.04
70570825.64
29385739.53
69350241.23
17858775.19
25332733.43
78893397.02
31079057.99
69407787.0
31760494.37
143186917.33
142576554.96
78682584.01
73266030.82
72858981.85
79468248.97
23011592.1
33319535.43
70976320.95
17750250.19
26549756.53
143394098.3
25258883.69
69118143.75
24991714.83
143574684.52
30295849.26
30707170.72
23594596.23
36267262.36
35807818.04
78293615.78
19436438.98
27053882.3
31378369.75
28527310.89
68645282.75
78483417.31
75077556.47
143609238.81
66407244.24
25400653.94
35711665.62
26299242.91
30964154.01
69287450.42
17773223.14
78696486.74
73827732.78
70620446.39
144156582.54
77863617.74
17715331.27
17761028.78
78106841.13
80140424.11
26230882.91
34121225.37
143146943.44
27146900.59
30086150.27
29783928.3
78350259.48
31340892.51
69739396.92
79399799.59
26594946.56
142876249.06
68670206.17
68315925.13
17750315.36
26056507.1
31950384.76
78267187.39
30313818.17
30451295.3
78516289.91
18992075.79
142753643.42
29979958.25
70863944.29
35496243.22
17780287.99
143670572.98
79789855.6
78981318.46
78313074.99
25392751.62
74719946.19
31127269.31
17892964.36
68685056.71
68525474.66
30424947.16
23669408.36
30584848.22
31145894.46
68904695.54
143581529.88
75761600.78
17903466.38
69321919.75
18051127.2
17737852.61
143379240.07
35374856.14
28907733.61
67643484.27
68969823.61
143789056.07
75233001.93
79430510.67
29914368.82
30216429.68
78828733.51
69031252.18
68650288.94
76369522.62
17720107.32
68896991.68
17856486.99
26754647.33
34911805.56
68015078.89
31510001.69
142937373.03
31633864.44
30394285.31
31616804.31
78545262.99
144109374.74
28841219.76
67466214.0
23306581.5
73759649.95
144593765.41
76580884.23
19471063.68
19093049.17
79061598.27
19089631.24
25203671.71
17900073.69
19029377.49
75169221.09
68705631.25
17905629.51
68443436.71
74131634.39
17716860.3
37455748.21
26195307.86
32752249.76
31519211.68
70206371.54
144266496.02
24864747.49
80850224.44
67517186.23
68650978.0
70369182.37
144555801.93
143046032.19
24554963.61
31955828.22
79273039.21
17703041.78
68659343.21
26612590.71
79110091.67
28641947.2
67251351.99
79016966.89
67125214.04
73957448.67
78600413.59
68215459.99
29403535.89
143080020.44
143639845.26
67991819.94
142970140.55
24621505.63
32086361.19
68656937.77
24493972.28
69268107.4
30469384.72
68438906.32
70288082.61
143436559.25
18020060.07
77968858.14
69016085.59
69465269.14
31442693.35
35392416.32
28657858.15
27921266.63
67270733.39
31914963.29
70710580.86
28925621.05
68498919.34
17871200.63
24713310.48
78379700.17
31086608.22
67449334.93
31395249.32
142256175.44
143681722.95
79043513.31
73279794.0
74735133.03
78790931.1
23333632.16
33499678.67
70273355.39
17673274.28
26977073.34
142913988.26
25199300.34
68762615.56
25377816.15
143269985.93
30349362.71
29928347.87
23785717.19
36049199.01
35859304.48
78489454.39
19397354.59
26696001.07
31210382.87
28511496.09
67944660.39
78378140.37
74635245.76
142471082.18
67051587.23
25955662.11
35691961.03
25744814.66
30914499.03
68619142.66
17776784.97
78884399.66
73407192.33
70345261.64
142760782.84
78711366.93
17678594.8
17711008.76
78180955.59
81336534.48
26352352.55
34643535.86
144555712.8
27121264.76
30259235.32
29750473.31
78687868.37
31971010.83
70201684.7
78755686.57
26306469.89
143164612.78
68498371.63
69545600.1
17756696.34
26729241.73
32007140.96
78589055.39
30187762.0
30010874.26
77722180.68
19053661.53
142818534.08
29391619.18
69960086.0
36031141.39
17788944.78
143383448.81
79919456.23
80765073.26
78364349.78
25571139.25
74842961.38
30513352.78
17882820.84
67889475.41
68868848.4
30722277.83
23521655.66
31049020.83
31043204.13
68489477.29
142659043.81
75653716.25
17948293.23
68823686.54
18052431.15
17732961.96
143622679.02
35113853.63
29135060.39
66956607.45
68564230.4
144291315.79
73759793.11
78791223.12
30680902.19
30311783.18
78351365.25
69597787.33
69793895.45
76363379.66
17729670.17
69128924.64
17838609.52
26308223.37
34983563.62
68011846.04
31236270.79
143956052.98
31595579.94
31391679.29
30802118.47
79088213.15
143380633.44
28748009.28
68966191.0
23618288.82
73493808.82
142847522.29
76265160.08
19373418.46
19087415.35
78880905.52
19067641.97
25343498.96
17946106.1
19050254.2
74747365.53
68333066.11
17913071.74
67883208.57
73917557.47
17693793.47
36795303.92
26026197.41
32163122.56
31797955.47
69766268.9
142301645.0
24760199.02
80246326.91
67410431.27
68078776.42
70454351.97
142989636.18
142737234.01
24838598.5
31720190.19
78804113.44
17698795.05
68487849.31
26819151.3
79382940.23
27885709.61
67374823.03
79516097.09
67902756.91
73461969.74
78679825.41
69261154.34
30003402.81
142410406.31
143201675.64
67391279.51
143325021.87
25182449.12
31801133.1
68930172.38
24913787.11
69331325.87
31093667.73
69166160.19
70646058.48
142227509.51
18043567.27
79639872.37
68518897.83
70745021.57
32002272.33
34834327.15
29016825.16
27395167.38
68027764.75
31451453.37
70817454.77
29294715.01
68479781.49
17885189.21
25178465.81
77906861.01
30978219.35
69016918.51
32258541.16
143358246.1
144085745.52
78302123.14
75781358.52
74321833.48
78644069.41
23262133.99
33084098.62
69272999.17
17688358.13
26605820.71
142384810.87
24610678.36
68569833.84
25831673.76
143771916.62
29407497.39
30199887.32
23689815.45
35740859.62
35149136.94
78949929.85
19412544.17
26361699.98
31515455.61
27946516.2
68087966.35
79317349.78
74610091.54
143894515.19
67634510.57
26034796.97
35582380.7
26325172.01
31208646.82
68557947.19
17711312.09
78592438.81
74238848.08
70612319.41
143927666.28
78694552.21
17724650.57
17725977.75
78385620.0
81499492.6
27020789.18
34448103.13
144718964.69
27541271.08
30039317.78
30161997.97
79286263.22
31727711.3
70329712.85
78042595.47
26236487.78
143138725.12
67994134.01
69740979.53
17752647.31
26561712.84
31829389.83
77882000.23
30296711.94
29684537.0
77643604.3
19013810.67
143684972.33
30045352.43
70164160.47
35002316.26
17754394.16
143258176.86
79072881.06
80029305.94
78584529.53
25573548.47
73980207.68
31339684.43
17899385.66
68097637.49
68764485.26
30475650.29
23471256.74
30957538.75
31427677.55
68687417.21
143457185.28
74999575.91
17942236.17
69467594.85
18045278.76
17746439.7
143169793.54
35335914.6
29266824.88
67684862.34
69136026.95
143589832.73
74381109.44
79437203.35
30361999.3
30056095.7
79035904.49
68662819.06
68243631.08
75326128.61
17722526.54
69286540.7
17904822.8
26523434.32
34255765.3
68620859.9
31452366.25
144137465.64
32303591.62
30540474.48
30497499.71
79214698.51
143314217.86
29321636.02
68800001.82
23082487.88
75063896.64
143166334.66
76415388.41
19407882.7
19070254.2
78292816.58
19035114.48
25094636.38
17927288.57
19032220.02
74503249.58
68615296.52
17894698.96
68634293.72
75031440.86
17693625.16
36930902.85
26161270.14
32678939.21
31546120.23
70086689.52
141569804.6
24322104.46
80290122.88
67725796.89
68761154.49
70247918.64
142999655.14
144492279.31
24448475.47
32302421.05
79014621.1
17736667.48
68997467.77
27144599.4
78397941.3
28204925.27
68113549.62
78520202.18
67066153.39
74025092.13
79300481.01
69260287.81
30299621.48
142661586.01
143639685.8
67444286.08
143779057.16
24856522.94
31212301.34
69538819.32
24789816.21
68355411.86
31426861.65
68601257.43
70237540.5
142462447.79
18031090.89
78284772.53
68060685.57
69854830.87
31729423.22
36101034.64
29545603.79
27492758.9
68049003.58
31427510.28
69922585.61
29301047.85
69003463.34
17896731.13
25164991.77
78187735.3
30652195.68
69006310.17
31575330.65
142257342.96
144024700.77
79364799.81
74103033.37
74150904.62
78789358.77
23659139.89
33132545.04
71112648.13
17688303.43
26577337.85
142461333.39
24589526.96
68712136.61
24443713.46
144065492.99
29927557.94
29743501.77
23596964.44
35435734.66
35747921.4
78342899.05
19421732.11
25910062.78
31844444.87
28466510.01
69196499.69
79197392.99
74885993.76
144346170.52
67458586.1
26159541.22
35895038.99
26455075.97
31461011.02
69117082.02
17765708.02
79268600.73
74144096.8
70011096.48
143298458.27
78912327.81
17703456.59
17769137.5
79129061.79
79268569.27
26916992.8
34767930.09
143594750.34
27002949.25
30044380.48
29796570.76
79089726.3
32575131.87
70527452.36
78723731.45
26947351.95
143145371.89
68051035.69
69019852.79
17739196.43
27038781.27
31482436.48
77734562.14
30076082.84
30596296.62
78337580.81
19028062.71
143125497.67
29761668.01
70834953.76
35486940.3
17720658.0
143357944.52
77735330.31
80759519.54
78661107.41
25185612.98
75046546.34
30930878.17
17916011.45
69032995.93
69676161.45
31590164.35
24361254.2
30277636.33
31159027.48
68541069.27
144553730.05
74959232.21
17928547.66
69612292.9
18009561.78
17748959.58
142138867.68
35809401.43
29551125.09
67054418.6
69172567.4
144154094.2
74228534.75
78817095.95
31042813.06
30277408.18
78181622.17
69435728.47
68598112.59
76452815.4
17698808.03
68961249.51
17888326.76
26974165.95
34905663.54
68144446.4
31676903.29
143422007.23
31381469.13
31046777.98
30913843.44
79297603.59
143884069.6
29192705.26
68132929.32
23782318.5
74670625.35
143409265.48
75777620.34
19391652.69
19040401.39
78028416.34
19049091.23
25666627.2
17952387.99
19012194.09
73234682.89
69086873.89
17923880.21
69249125.87
73452437.54
17710006.96
37610743.38
26179275.97
31985382.65
31490057.02
69832025.6
143962698.94
25602577.5
80480249.14
67024420.64
69439244.92
70288421.99
142937782.49
143703533.57
24409553.5
32252303.62
78825636.22
17682471.44
68106169.29
26732478.82
79489777.26
29379544.4
66697067.64
78675672.65
67978878.64
74109087.54
78558571.45
68990994.84
30027410.92
142996900.08
142676251.55
67367913.27
143834320.93
25075131.42
31496366.4
68954395.81
25035830.83
68986147.6
30800463.31
68991155.85
69313430.26
143700735.92
18059681.86
79451519.89
68869089.51
69769152.47
32103299.39
35684662.48
28232704.64
27546616.6
67845220.1
31988410.18
70430559.74
29571520.62
69643352.26
17845294.45
25267393.8
78683954.72
31381555.81
69504972.49
31748412.59
144554049.82
142406666.61
78174691.54
74826926.59
75163748.35
79193168.99
23271588.79
33489948.34
70470791.99
17724608.9
26348823.97
142959883.63
24978366.88
69093399.84
24371183.27
143004755.16
29911798.37
29940195.98
23724919.34
35775330.61
36699419.54
78867751.0
19362776.88
26054622.73
31585215.76
27951902.36
68802706.19
78750127.55
74071124.85
143344872.72
67155368.49
25498087.93
35279049.0
26665284.5
31558495.26
69359355.38
17782793.46
78581839.0
73755798.43
70867130.37
143217676.35
79349203.8
17724616.36
17758069.07
78451175.31
79976178.14
26278694.15
34418226.52
143399231.94
26421123.21
30506016.87
29943747.11
78840808.84
32188038.83
70715385.18
79107001.23
26833907.58
142828345.82
69203579.72
69037932.49
17817004.83
26444311.93
31234620.83
78369867.06
30306271.74
29784194.39
79188801.44
19052168.66
141485149.4
30820704.48
70017779.29
36059657.01
17717045.07
142204684.8
78823846.32
79984471.53
78542632.47
25682654.78
74810043.42
30604302.2
17883836.24
68996515.35
69116910.78
30233164.45
23616118.8
30926805.39
32458831.1
69348436.04
143460887.03
76408495.61
17908361.22
69801912.8
18074091.22
17757531.48
143164158.91
35189265.92
28992913.68
66976637.75
68298693.77
143661197.07
74505440.69
78664026.63
31015110.36
30161682.17
79130729.84
69602890.65
70143757.02
75572974.38
17722567.89
69399878.99
17932557.22
26201818.14
34367969.5
68529906.67
31403329.31
143938192.29
31633768.15
30741704.03
30521230.25
78791412.61
143520692.73
28504569.54
68375622.51
23081945.81
74744303.54
142678732.72
75295765.75
19346997.61
19053376.35
78135702.62
19061731.6
25327872.61
17873892.06
18994379.39
74796883.85
67902791.65
17901639.6
68461433.41
72996428.99
17730453.71
37598250.73
25747542.23
31950371.99
31275477.11
69388576.71
143332307.91
24779362.83
80402202.8
66781123.69
68402785.9
69661757.85
143250362.43
143289316.6
25004894.56
32757031.82
78452324.34
17700056.07
68466510.08
27088840.85
79108303.59
28712508.97
66650204.56
79214209.88
67722401.51
74072040.73
78027889.77
68980789.29
28908980.51
142842767.19
143131225.28
67570395.99
144035050.4
24863903.63
31652847.54
69154164.63
24808555.09
68917549.78
31193790.91
68595342.06
71269295.9
143287915.09
18021504.95
78055504.3
69209368.93
70890624.22
32037881.06
35647575.6
28813382.67
27464517.28
67038901.3
31093844.71
70843518.53
28994642.03
69245394.28
17865491.7
25253365.92
79195746.37
30397085.15
68402204.0
31869439.21
143192022.28
142163377.36
77971666.09
75707676.64
73814564.74
78540194.59
23526447.72
33028890.76
70360456.61
17717516.9
26665021.98
143806606.51
25186086.86
68530163.87
25055979.07
142865050.36
29924829.51
30480553.75
23945611.1
35471948.82
36216604.9
78264920.4
19400665.95
26282950.97
30874827.52
27999921.92
68377822.18
78436677.19
73665539.27
143834056.72
67227777.13
25579126.81
35909353.85
26507357.85
31002623.6
69574162.37
17718322.39
78704650.33
74645991.41
69943637.66
143575355.26
78401627.41
17715643.99
17743633.1
79038087.29
80299430.35
26374080.07
34227962.74
144619434.31
26184618.39
30110216.57
29984227.26
79398984.65
32013193.47
71029575.47
77814946.41
26203148.25
142914081.76
68471725.8
69324033.46
17747239.84
27081654.78
31467643.62
78939469.05
30882542.17
30287976.92
78347136.05
19029892.99
143826296.05
30012801.23
70511699.48
35279277.34
17800529.14
144233621.97
78578436.75
80139642.49
78559917.48
25341556.8
74511876.05
31108761.11
17890108.45
68809570.82
69798559.4
31390574.72
23937646.52
30632093.44
31299127.41
69281262.74
142228718.4
74935418.57
17970641.61
69142290.79
18015639.22
17777773.0
144126601.73
36348013.95
29191502.0
67888357.82
68824787.61
143045940.12
74548753.68
78515421.85
29770911.31
30748563.55
79245521.27
69467385.47
68947655.28
75519075.56
17704773.04
69265619.83
17889115.05
26035657.9
34566587.44
69979019.88
31300320.73
143928713.32
31466419.89
31051337.64
30570025.66
79185959.19
144203672.42
28920881.51
68320059.2
23369480.27
74646054.35
142976612.63
75740707.23
19424754.71
19071263.47
78899660.93
19054640.8
25105516.82
17899380.1
19023057.99
75402407.66
67446748.6
17875122.37
69097866.94
73102296.57
17745067.72
37501682.84
25779596.36
32254696.72
31115653.2
69637293.23
144162473.97
25506634.53
80209499.4
67533740.38
68631881.11
71206349.76
142141376.57
143091875.49
24256936.04
32243411.75
80098132.49
17702796.42
69622102.38
27359327.99
79031073.84
28679273.35
67129712.94
79614952.19
67502823.06
74633079.67
77884821.82
69464185.44
28998866.79
143150271.26
142795861.33
67521882.66
142779821.02
25189469.59
31751877.49
68569083.93
25278242.27
68100623.0
31352251.06
68521876.51
70337848.46
143138931.13
18010813.77
79085631.16
68774518.51
69894142.05
31938948.62
35822872.88
28506069.64
27500488.24
67853415.32
31502248.29
71630894.4
29562515.01
69130439.03
17891844.98
24653047.75
79649246.15
30839013.66
68745735.75
31288802.55
143015252.24
143254737.05
78640655.31
74310001.19
74430925.91
78674105.98
23421285.86
33148598.61
69960287.05
17676907.82
26634349.1
142773356.92
25062688.78
68101737.18
24791026.99
142984870.16
29911922.27
31135706.7
23416166.49
35961234.52
35890081.48
77901691.12
19388957.34
25943944.47
31521678.0
28051172.13
68969264.04
79176176.51
74773905.37
141879101.59
67096687.62
25645800.28
35596385.86
26167478.48
30651631.97
68368539.66
17745904.62
79164215.07
74521482.65
70661644.58
143988826.81
78946912.28
17705995.74
17734559.78
78071379.38
79675178.41
26223334.14
34420377.61
144323299.92
26876941.47
30504511.43
30391928.5
79666207.71
31979461.29
70026065.66
79251165.86
26687416.81
143923803.04
68747177.43
69035884.01
17744704.55
26643637.68
31804518.16
78876737.51
30181993.44
30278615.86
77962074.99
19015571.78
143222435.34
30368809.59
70023173.66
35449754.81
17799640.6
142233824.0
78854615.26
81110147.71
79441294.24
24809987.07
74827382.42
31526542.39
17872645.53
68488040.96
68310250.54
30631251.25
23512728.37
30973333.97
31176403.16
68717051.53
143982381.84
75340443.46
17942715.22
69192769.92
18005898.32
17794687.93
143020940.25
36002286.61
29131081.6
67532517.1
68665492.8
143652760.47
74634327.36
79304536.83
30910632.6
29996373.98
77970310.39
68717485.38
68486046.68
76700211.36
17744178.78
69258591.55
17901179.05
26401693.08
34141251.03
68654550.68
31334082.29
143552861.61
31996561.75
30630545.57
30703919.88
77556213.66
143256715.78
28582865.52
68488350.57
23740212.16
74243356.35
144053705.47
75162364.86
19421921.53
19078688.43
78104376.51
19055424.64
24804930.52
17881396.49
19058228.7
74089349.15
68780892.92
17859230.33
68508688.26
73612875.3
17718679.76
37915211.63
26188284.31
31899091.09
31206992.58
70345095.45
143381565.43
25014078.89
80159384.41
67704684.66
68632588.73
71125538.65
143774351.99
143981259.08
24517988.33
32069654.64
79096306.94
17757698.72
68466691.55
27431961.53
78650224.68
28845393.78
67378263.21
78754929.08
67338948.6
74776241.85
78717689.16
68684344.15
29001757.99
143112454.34
144430527.5
66986044.98
143428931.92
25111779.03
31281652.09
68435470.32
25097936.24
68533445.35
31491610.0
68806932.12
69374038.87
143120034.2
18105628.76
79244228.58
68223730.95
71207287.09
31974593.4
36003679.9
28325757.18
28027516.48
67725914.1
32095799.97
70202298.31
29200885.45
68948059.85
17876196.63
25103164.3
79193804.61
30879849.13
69413248.7
31477890.36
143443032.62
142649189.36
78624398.44
74643824.33
73734707.23
79324264.08
23541546.85
32977408.37
70210135.57
17726691.05
26834777.78
143496472.72
25284398.82
67951905.09
24510738.74
144287586.84
30488629.26
30566883.47
23327138.46
36360842.17
35148217.6
78473134.34
19389562.58
26621340.24
31119986.46
28466871.21
69086885.87
78514701.31
74172691.28
145035435.71
67764803.71
25676965.33
35447037.56
26850917.24
31144600.92
68184160.19
17767664.05
78878194.85
73713447.16
70473296.8
143070300.05
78403121.27
17671278.42
17784033.73
78583854.62
79603262.57
26236595.59
34104280.96
142733228.57
27583368.12
30548193.83
30108330.56
78456873.67
31169859.29
69352678.75
79514617.07
26641612.7
143845503.83
68790802.3
68263677.51
17745101.54
26799325.1
31719363.3
79413826.6
29761126.34
30230719.47
78862085.81
19012218.05
143401496.8
30090031.37
70298066.8
34973119.44
17718135.2
142547307.59
79252260.97
79138298.46
77172033.91
25096543.46
73672916.1
30859567.75
17880023.71
68652848.72
69751757.28
30718728.07
23350064.66
31089902.62
31603506.52
69131518.72
144701487.09
74785826.67
17870995.66
69223731.39
18062784.4
17765637.31
142546728.67
35746024.08
28956286.14
67965592.96
69715771.27
142660045.11
75374113.54
78181336.66
30095885.24
29613659.5
78159979.14
69093952.83
68986993.39
76647856.3
17721956.63
68885632.74
17905204.2
26437059.55
34836800.64
68444830.43
31563436.74
143325711.5
31955616.42
31732905.61
30650637.84
78144615.37
142249933.4
29743508.33
68689172.88
23341598.52
74346970.76
144109019.25
75632800.04
19418322.06
19038470.17
78910034.66
19052823.55
25462281.99
17881926.04
19019892.22
74817282.33
68687606.35
17904943.47
69402418.03
74846964.86
17708161.3
37275427.03
26092685.39
31998281.47
31899420.55
70723175.95
142963320.77
24430826.3
80801149.12
68015094.7
68727336.03
69963300.17
142825481.49
143488367.51
25157727.93
32647702.19
78487029.69
17725600.64
68331818.15
26482352.54
78351639.77
28590144.9
66803806.61
78144980.0
67884670.24
74475097.2
78611510.73
68646709.52
29536091.19
142819749.84
143004702.09
67149160.45
142410473.93
24975217.15
31278639.38
68817253.46
24684663.56
68990854.87
30775531.26
68243417.09
70961560.31
143133256.65
18041880.74
79328119.3
68792883.37
69976787.86
31717620.12
36869427.44
28127103.87
27838018.4
66775396.21
31345881.95
70523829.32
29718225.67
68216673.35
17851891.32
24766783.78
79459971.37
31058153.77
68575766.29
31500745.02
142910816.6
143351525.73
79515719.72
75223160.52
74398164.95
78312586.89
23912773.31
33373295.25
70348733.02
17689174.34
26453691.96
143131533.27
24985843.84
69382149.61
24751908.7
143602264.44
30324920.26
30053095.76
23785343.57
35745585.81
36134107.05
78526131.52
19388880.43
26555795.48
30879441.82
28290325.63
69156246.04
79908122.48
74727027.62
142963137.01
67105328.35
25822214.2
35850175.31
26504716.71
30556179.8
69319950.57
17743166.83
78383805.66
74548528.05
70629020.8
142194191.34
78360369.61
17716037.7
17760162.88
79274288.33
79114378.56
27107678.94
34854852.27
143647373.97
26808151.18
30767538.5
29976636.25
79139460.35
32056621.31
70387902.94
79306356.58
27069530.06
143295018.96
69054067.16
69698033.59
17771133.81
26455635.5
31203232.92
78102186.61
30238334.97
30125329.96
78573959.81
19036615.13
144063960.84
30355533.84
70672173.47
35777925.25
17782718.87
144057680.18
79088001.55
80514827.95
79641300.87
25124868.72
74472983.16
31007707.97
17874873.58
68727766.74
68336847.1
30913429.0
23141943.1
31227548.84
31245878.92
68680298.05
144573027.8
76394265.31
17935896.53
69524945.68
18045597.43
17741442.38
144454328.55
35260034.34
29060321.67
68407689.5
68993327.73
143364683.17
73880787.38
79403466.34
31282818.48
29549197.35
78843378.7
68225678.37
68698330.11
76138434.11
17690011.93
69499057.21
17876337.42
26352680.75
34634431.42
69089434.67
32426907.5
143710562.21
31465459.98
31008438.09
30881081.46
78599238.07
143232964.38
28903503.67
69410331.73
24281803.7
73318137.88
143142076.05
76251881.31
19403565.22
19060743.17
78750723.66
19069201.11
25265216.77
17904944.11
19021002.95
74740350.29
68954408.92
17928066.16
69267987.65
73779621.78
17738434.06
37114420.08
26317600.02
32355106.59
31312589.72
70856741.46
143820936.56
24868718.2
79315820.25
67933153.33
68620225.12
70294382.49
143668005.58
144050154.89
25462117.24
32654738.7
79813677.76
17697337.18
68860189.75
27028836.65
79017453.51
28791663.94
67662511.29
78561287.04
67280480.88
73594395.77
78544069.78
68408153.41
29677800.19
142895499.72
143714789.41
67382439.45
143870229.25
24603616.27
31604503.38
67988560.12
25234380.37
68368200.89
31091521.57
68971081.51
70044360.42
144052084.13
18107770.26
79030458.71
68820250.73
70457709.17
31765725.91
35678621.7
28665471.09
28238682.77
67558844.88
31450246.27
70282259.77
29212713.68
68681308.2
17872562.45
24344969.4
78468482.91
30616307.97
68713897.92
31388939.16
143383390.18
143153485.55
79430337.05
74330148.07
73725984.97
79132299.75
23857168.63
33105445.85
70129899.86
17749773.43
26426075.81
143762021.86
25407939.28
68700105.89
24987318.01
141956891.99
30195117.14
30266581.57
23623427.36
35684541.99
35659029.96
78808090.49
19416685.41
26624549.59
30998772.87
28135971.95
68687987.57
78952455.82
74118003.28
143776490.61
67392699.58
25734126.3
35977785.75
26764853.9
30787277.25
68825913.63
17751975.19
78989782.19
74974472.71
69803217.8
142765256.46
77760837.01
17692733.6
17736587.65
77804696.01
79756557.89
26705979.0
34724850.23
143432135.93
27258881.7
31058231.88
29872593.7
78368478.55
31342688.54
70476409.88
79315701.49
26413347.43
144132314.75
67736139.12
68380362.66
17780081.03
26984966.22
31820641.98
78498789.3
29888118.52
30015414.17
78912648.79
19035681.66
142869795.68
29726137.52
70729145.24
35351215.18
17796308.2
142761681.25
78922621.54
79352133.84
79650637.99
24829243.34
75036783.43
31737720.51
17890843.52
68757580.73
68481761.7
30812167.97
24159263.23
30985491.34
31496534.28
68904711.85
141818545.62
75089253.78
17961381.67
68552757.6
18029181.15
17759874.75
144216391.29
35016267.47
29879393.4
67066197.49
69922084.1
142067756.14
73611872.66
78502825.48
30258476.82
30087324.63
79662376.69
69119840.23
69530437.28
75980203.47
17742873.41
69853132.14
17854345.4
26448378.91
34124403.2
68860665.66
31592662.12
141844569.4
31220684.97
30908244.23
31020302.21
79256652.86
143679837.08
29381948.65
69165053.91
23259007.18
74354247.3
143314897.02
75865203.77
19385428.1
19092390.49
80215571.14
19069954.23
25442700.0
17889101.4
19072335.91
73865281.65
69014580.95
17876338.94
68303442.97
74584472.86
17700396.46
36794944.14
25801342.86
32136475.77
31598307.45
69529365.44
143272498.09
24333329.43
81107528.79
67682060.55
68866418.55
70099441.95
143611331.8
142678103.02
24868601.5
32626824.66
79111356.24
17694152.53
69232885.15
26845222.78
78197128.07
28868643.24
67710186.64
79103788.42
67253406.63
73975766.94
79358644.61
69013322.83
29609589.83
142258134.66
144313700.1
66818101.68
142516457.94
25500166.11
31157247.01
68705192.36
24731741.87
69232907.95
30779410.3
69383566.34
69978685.49
142870612.1
18023726.74
79136662.18
68455910.25
70854813.58
31331012.68
35043933.56
29194217.21
27865341.86
67680997.41
32151098.87
70255211.69
29873526.34
69291379.79
17835508.94
25110487.78
78710761.94
31039096.18
68370784.55
31215202.37
143285737.56
143169491.09
79067807.65
74633618.2
74620828.03
78779767.27
23778452.04
33521966.63
70189543.81
17699252.42
26509505.68
142416292.5
25195250.98
68401554.16
25326359.95
144097925.81
30336851.54
30354701.75
23529624.78
35660469.3
35310482.57
78754160.6
19385942.71
26224643.07
32178764.51
28297794.08
68102029.23
79394147.51
74208586.83
142639226.82
68242772.01
25274618.93
36293518.97
26780820.58
30714626.49
69188669.19
17746768.12
78268833.84
74447988.5
70778948.64
143306724.43
79204484.9
17712394.56
17744705.14
78405275.59
80322476.75
26774539.53
33986560.69
143505671.11
26429779.1
30593596.04
30216335.37
78942569.06
32797774.54
69341382.72
80406045.55
26794246.52
143960645.97
69662927.16
68221734.26
17784823.6
26852658.82
31200690.58
78809887.89
30477281.02
30275759.89
78202927.33
19055459.67
142563039.71
29406645.04
69248524.25
35613401.4
17750633.92
142563955.76
78494619.0
79709264.52
78397789.57
25239112.78
74347159.05
31022520.5
17881610.16
69327159.13
67931107.56
31440517.12
23220799.32
30402493.04
30616174.84
68105796.59
143858995.42
75278979.61
17934727.45
69199561.96
18040803.96
17757133.22
142825450.25
36004096.54
29377212.29
67721162.27
69027018.4
143019073.06
74465016.27
78100958.95
30627702.02
29970977.29
77643416.65
67650175.79
68752809.32
75971669.25
17683639.92
67570448.23
17860045.66
26482388.71
33543317.45
69192229.83
31283800.06
143867157.98
31440457.27
31817178.49
30668037.8
79413392.31
143323694.53
29118361.05
68618840.64
23306724.29
75296688.74
142557440.77
75695340.4
19437357.68
19072195.83
78710714.28
19048234.13
25353138.44
17911795.92
19067279.46
74497640.09
68271778.43
17931568.83
69118098.14
75346170.49
17707353.6
37340333.83
25361526.49
31850590.27
31081375.7
70169266.45
142963604.3
24736672.47
81069153.16
67620256.77
68247215.5
69923540.74
143500254.78
143346496.89
25101394.95
32582756.87
78153030.97
17693749.82
68961667.28
27223955.11
78895926.62
28273387.27
67033874.08
78718404.61
67149491.08
74413854.06
78754726.28
68631189.65
29110679.02
143094274.63
143203928.95
66821786.95
144331448.86
25120976.46
31390010.19
67436280.52
25099985.12
68935056.59
30874818.55
69080821.0
70971685.52
141712053.77
18016105.31
78094381.21
69001343.75
70959384.31
31710987.68
36699625.43
28565277.07
27391797.0
67653317.32
31206921.7
70115867.81
28746238.76
68350604.72
17807659.42
25182112.85
79119143.2
31170599.98
68470245.94
31810368.8
143528072.29
144040447.19
79002022.89
74380677.31
74406942.41
78879706.54
23808830.81
32894091.77
69580882.58
17680668.74
25922841.05
142754777.25
24818352.6
68709315.36
25210896.26
142899933.47
30215596.57
29893342.47
23911372.94
35903821.77
35586593.21
78909557.55
19371471.39
27098395.23
31183495.53
28208274.79
68544656.24
80413579.34
74450348.1
141887996.13
67208789.99
25564349.18
35125810.56
25961996.18
31690177.99
68694538.38
17768411.51
78728923.98
74382382.21
69640756.92
143271983.37
79757466.93
17707743.37
17716509.59
78436928.59
80326538.75
26479540.45
34347453.55
143495044.74
26618628.32
31023089.69
30905406.82
78006915.58
31719864.3
70234160.8
78160194.58
26671666.71
143343024.15
68424134.68
69598017.3
17733298.0
26557496.67
31693397.51
77942715.84
30005611.48
30424788.29
78730444.29
19050053.51
143727011.31
29851443.9
70880354.91
35668652.36
17756337.99
143550919.08
78839113.62
80336605.4
78561753.2
25368839.85
74373229.85
31537397.29
17878111.09
68336911.45
68748313.75
31444072.76
24103777.39
30947102.71
31372138.96
68939902.97
142934753.52
76091579.29
17902329.02
68390370.87
18012270.52
17732380.19
143215685.81
35465504.24
28264664.66
66759216.0
68509857.34
143496369.83
74325420.13
77945295.25
30512897.69
29527815.32
78270521.26
68555986.89
68861190.81
75453961.33
17699587.7
69328060.0
17885392.31
26112598.85
34506867.04
69071586.22
32091702.59
142605643.06
32108399.24
30820910.64
30129010.42
78819470.69
143044654.77
28198781.71
69564486.54
23300021.25
74840068.74
144179758.17
75977431.36
19493282.03
19103470.6
79372627.27
19103071.92
25263263.99
17938042.54
19025500.65
74561206.43
69328657.25
17893291.17
69446841.45
73789312.16
17731089.67
36858118.11
25912412.87
32063359.74
31285858.69
70546508.74
143435285.0
24469695.05
79824392.89
68225271.94
69133203.25
70117635.38
143944333.23
142721607.36
24890835.69
31582426.46
78576363.93
17716404.76
68586187.94
27311650.15
78502672.64
28917592.23
67341211.88
78810026.77
67675655.77
75059815.61
78828222.16
68537601.4
29664998.63
141801123.87
142717618.06
66963950.84
143336351.01
25784655.41
31581747.15
68792835.57
24121874.44
68874996.44
31062632.4
69374970.53
69850676.85
143758874.84
18023239.2
79006845.22
68282099.19
70230496.67
32266354.3
35384084.41
29140229.53
27975551.25
67163345.48
31889306.28
70233142.98
28711169.12
69359999.39
17909211.41
24626723.04
78894237.17
30647794.19
69332350.66
31304542.31
143376312.56
143350158.42
78620784.55
74400544.5
74213222.87
77934123.03
23562653.77
33353729.76
69332474.85
17758737.05
26616250.23
144115421.56
24603587.34
69265650.42
25229194.04
143778203.55
29511296.78
30760578.27
23460358.97
36010784.79
35425950.5
78680112.71
19373089.32
26242029.7
31829473.53
28218714.36
68863256.97
79217878.81
74753794.3
142893190.78
68149063.54
25619677.68
36054577.48
26465392.13
30947805.94
68692562.63
17737865.62
78709061.03
74037320.56
69740378.95
142843339.75
79778471.98
17701648.34
17753404.63
78179773.91
78924948.7
26483949.09
34410942.34
143902869.16
27396313.5
30177365.85
30390372.8
79670264.82
31847867.29
70513341.92
78604399.13
25880718.8
143354173.4
69038383.83
68461427.52
17777121.71
26469576.19
30987003.0
78553675.4
29608661.35
30028274.19
78732336.93
18989699.76
143172478.22
29991403.84
70181722.82
35652480.13
17722356.58
143291744.25
78094060.9
79884425.03
77928097.7
25362759.26
73979829.55
31107060.83
17876289.79
68750624.79
69536889.93
30912364.49
24468522.38
30524665.59
31126842.41
68698876.25
144670813.55
75905442.45
17918264.87
68771968.49
18094956.62
17779232.06
142782221.89
35651905.97
29341721.02
67775276.44
67771889.28
144992339.39
74988285.22
78276810.45
30498427.36
30265108.11
78412680.52
69384618.72
68808151.23
75169545.15
17700520.19
69572154.1
17895303.79
25618349.45
34509520.27
69253099.99
31494202.52
144755874.12
31530070.96
30680452.25
31087782.42
78633364.76
142483472.18
29035155.62
68189473.93
23340292.63
74624986.58
142500600.73
76166228.84
19369397.95
19101710.12
78496071.24
19035297.65
25016831.31
17941269.81
19026221.08
74878255.86
68949149.09
17898390.27
69283780.75
73787995.26
17698096.25
36880768.75
25870015.94
32671538.11
31472320.01
71036353.22
142252919.31
25065596.22
80435886.32
66962797.16
68299313.18
70296740.75
143778246.55
144005291.0
24715019.91
32383466.56
79380829.88
17702432.22
68514886.6
27187748.26
78715546.01
27858049.9
66194395.52
78395708.87
67403170.89
74173582.6
79354681.38
68657780.27
29264399.52
142418556.99
143350930.2
67597720.14
143582301.47
24927627.59
31798541.43
68785907.04
25032727.28
68025449.24
30941896.04
68091550.05
69673641.85
142866628.3
18034744.58
77682978.73
67721236.28
70256204.51
31791392.05
35535287.68
29558602.75
27941402.31
67512047.09
31595502.2
71027611.34
29193384.87
68673640.28
17901738.5
25224298.16
79696501.92
31394772.72
68429607.18
30909685.9
142608344.08
143208042.76
78217484.63
73846452.02
73631686.17
78735828.05
23296941.43
33403038.32
70190793.57
17738909.35
26529677.7
142954970.22
24875068.99
68687455.67
25126526.2
143012231.48
30507486.99
29914352.19
23300461.33
36204041.98
36028776.07
77558729.68
19435794.5
25723898.19
31231848.16
28591409.72
68001729.47
79182610.74
74939380.23
143926309.84
67204955.49
25174957.67
36411933.63
25966403.5
30593488.28
69148664.04
17759811.69
78802407.02
73753449.96
70676273.18
142191534.76
78271217.89
17750855.0
17745921.3
77312604.34
80139734.72
26584867.78
34196413.64
142402428.08
26320351.81
30085692.15
30934459.48
78719300.27
31781667.35
70370430.91
77864777.58
26308784.78
143923579.13
69370012.6
69338624.99
17791092.11
26682352.85
31859113.42
78822756.72
30380253.29
30925384.36
79180814.04
19014001.46
143232422.86
29511828.36
69631944.93
35362162.15
17790200.57
142489253.42
78982768.78
80088364.77
77912768.12
25575184.88
74241990.19
30955165.03
17881612.79
69726455.82
68989423.02
30634902.29
24061709.75
30755490.33
31484348.12
67986044.93
143121378.67
75743811.47
17949088.23
69151146.37
18032497.37
17762467.39
143535589.32
35580161.13
29294859.85
67385234.61
69936038.16
143301476.56
73977462.6
79188973.59
30508623.18
30665402.54
78148385.83
68894271.57
69003404.91
76122932.29
17707638.9
68275134.91
17860583.5
26267626.14
34697693.43
68464809.96
31767944.03
144453301.86
31383960.38
30391647.74
30990905.03
79060256.58
144268666.43
29112385.97
69028077.61
23853725.12
74524428.29
144031435.56
75990920.48
19394410.41
19065434.0
79110059.3
19086202.34
25326610.47
17941872.44
19064631.56
74416834.88
68612751.31
17891853.85
69358534.76
74616376.12
17689517.32
36879472.77
25088322.84
32627830.83
32525542.97
70097826.53
143692733.95
25117397.53
80042219.22
67509419.81
68513809.63
70614933.02
143623671.75
143051600.41
24446390.7
32294987.37
79230440.52
17733369.07
68298826.74
26884722.23
79346675.68
28512963.45
67376591.17
78225959.88
67416750.39
74379859.78
79454742.08
69382289.8
29293496.59
143564715.94
143977154.74
66047482.85
143447221.27
25279573.53
31772172.15
69360712.01
24418872.33
67678998.23
30915536.23
68835060.32
71028184.43
143314917.96
18042912.09
78700211.37
68776434.66
69860285.44
31754255.9
34697410.02
29070392.05
27503373.29
67792670.36
31643893.85
70603963.23
29479226.98
68548797.08
17859143.05
24963069.29
78887260.74
30647019.53
68787404.89
30962049.24
143852118.81
142047298.37
79043198.56
74066513.21
73365012.55
79778637.18
23712421.69
32959469.38
69684991.88
17688267.85
26931380.58
143050333.92
24859574.32
69524414.25
24684727.63
142535802.06
30044031.04
29856934.31
23593645.89
35932168.21
35529883.51
78575122.8
19384912.92
26144491.84
30802726.19
27916429.61
68719990.97
78437268.75
73892310.88
143322073.15
67286535.27
26089689.12
35865315.21
26477635.31
31279551.76
68865620.76
17779326.46
79105375.72
74483626.63
70108218.61
143488051.51
78620221.09
17667337.23
17786487.57
78470469.35
80192128.29
26435239.68
34816550.99
143203091.3
26752723.58
30066977.56
30420440.45
77612968.57
31889555.35
69965027.68
78099493.27
26511305.95
143735766.22
68400032.89
69537508.33
17761403.25
27110853.38
30983231.56
78220837.95
30296360.44
30655853.86
78861422.99
19041569.43
143811547.58
29906216.09
69918805.02
35795290.7
17743680.7
143929152.09
79866488.96
79559993.43
78926347.8
24912717.73
75107630.15
30404198.02
17872137.36
68811967.68
69108477.43
30639423.99
23638048.98
30818956.71
31823268.46
70027513.71
143390154.12
75084943.38
17929788.26
69107736.61
18073848.19
17731874.58
142337917.47
35772006.67
29028687.54
67537205.07
68545224.38
143960339.22
73859283.6
78571819.42
30201816.76
29697856.1
78643779.85
68755651.3
69099840.13
75172628.94
17750402.57
68957665.32
17911491.34
26714622.57
33591051.76
68116883.27
31289367.72
142538998.88
32026762.29
30266668.34
31596268.69
78438558.96
143169787.75
28578906.3
69643504.92
23530472.99
74293220.89
141606701.26
75879107.16
19414741.55
19045567.71
77783823.91
19044919.74
25751031.62
18002778.24
19047679.31
74782296.18
68344769.24
17929418.01
68596405.77
74385084.39
17701695.13
36849155.52
25349552.75
32091450.54
31591509.13
69769874.19
142796107.77
25342175.21
80021386.71
66654421.28
69000427.96
69922941.14
144079026.92
143269138.03
24516757.33
32458407.92
78692081.38
17724790.32
68756073.36
26385500.75
79141496.03
27920185.73
66876547.8
79203403.57
66776397.91
74884079.16
79032070.04
69049609.87
29227181.13
143215761.35
142919259.36
67203691.5
142631938.77
25061176.41
31435504.12
68183098.62
24173028.22
67908379.23
31456152.09
68833793.09
70113132.33
142749709.43
18030447.18
77863523.2
69237887.28
69966816.86
32232807.03
36593839.28
28297820.68
27375774.57
67116592.12
31652041.68
69930699.62
30022720.32
69009346.15
17878440.26
25048377.67
79527241.77
30607526.38
68328830.65
31395570.64
144129891.6
143142602.39
79034376.48
74475900.34
73690406.52
78685740.23
23664523.93
32701472.68
70934855.49
17683565.88
26014465.01
144482938.04
25656097.78
69155441.21
25073694.34
143926670.35
30276531.35
29844682.84
23646895.68
34508714.25
35930269.09
78707076.55
19379781.32
26249092.52
31377617.1
27724878.77
69138171.77
78851858.74
75001235.73
143542441.29
67453347.66
25618123.97
36089367.86
26311256.26
31518725.55
68829648.46
17796028.84
78417250.08
74531619.61
70972142.55
142721002.41
78259250.8
17711825.46
17748975.38
78445471.36
80190265.27
26421181.9
34660159.44
143599146.85
27139647.23
30229211.2
29469859.34
78703747.76
31835060.52
69756189.2
78648391.25
26282519.63
143730663.03
68162415.68
68469687.5
17721144.15
26854042.48
31998962.42
77727960.47
30401841.02
30347290.51
78467957.63
19058387.08
144843995.59
30023986.1
69600264.68
35422630.06
17739750.24
144219492.56
78516563.78
80237264.32
78368699.65
25109168.38
75454773.87
31412239.6
17863964.27
68350337.75
68367538.94
30799220.28
24110772.0
30708386.93
31506972.78
68725566.98
142708634.35
75833408.07
17919167.85
69110480.71
18014684.81
17766865.99
143684626.83
35331262.32
29291412.27
67424860.17
68925863.83
144296049.97
74417860.51
78449002.43
30285868.22
29979563.24
79008098.56
68108227.43
68204647.45
75580045.85
17690943.57
68748885.06
17907714.0
26879390.38
34707283.36
68567648.28
31862862.69
143031856.08
31383028.64
30564229.74
30193563.99
78301382.25
144952526.56
28485534.76
68794478.44
23841688.78
73893109.64
143272081.8
75815128.02
19474221.78
18996791.73
78990641.8
19085796.22
24969765.82
17919820.09
19069993.65
74794198.87
68394337.39
17879818.36
69697515.12
74620268.62
17708112.35
37734194.03
25684641.92
32710615.84
31439325.09
70369803.32
143192044.32
24139580.14
80082373.35
67505630.81
68114383.88
70163418.42
143276244.39
143039338.8
24897085.71
32900088.1
78135810.12
17690622.44
68236163.63
27139824.69
79052082.49
28579952.9
67388765.12
78302387.53
67431554.39
73569191.3
78141327.87
69383216.56
29162287.94
142219717.39
143710955.41
66806790.56
143828416.82
24925509.11
31554403.55
68529099.09
24666342.16
69244695.17
31319364.57
69492120.94
70717778.04
143538903.85
18040564.5
79202387.85
70234137.23
70076373.12
31613815.11
34801268.95
29029577.06
27727385.92
67442005.7
31544276.59
70663284.39
29014443.59
68966299.57
17886733.81
24988356.14
78692978.59
30836563.24
68417130.08
31642178.34
142895705.94
143716973.48
78462403.18
74271906.28
75021502.61
78598500.33
23383158.88
33144003.45
69799516.79
17699706.18
26439150.5
142872486.16
25311663.11
67749513.33
25271653.11
142497840.22
29755211.25
30150297.67
22956692.49
35423978.45
35647454.14
79119399.66
19447769.92
26047796.93
31751319.78
28365372.29
68916299.12
78624821.98
75199901.02
144155304.49
66843487.57
25594428.1
36612110.39
26224411.27
31610258.36
68967079.92
17744410.88
78257576.17
73604387.0
70549618.04
142892238.11
78948783.4
17756837.87
17738997.05
79859781.3
79778475.68
26979545.03
34817540.24
143973658.1
26964666.01
30289003.54
30214813.93
77329076.9
31737687.58
70055610.85
78323641.81
27120492.04
144025059.33
68798712.84
69774381.33
17786836.93
27110000.19
31212497.7
78591432.52
29984635.01
29576875.79
78948010.47
19013386.68
143032618.94
29637453.13
69933893.5
35193401.11
17767105.01
142350815.46
78769812.51
80205004.06
78861967.69
25404439.27
75386637.16
30991070.26
17879217.96
68853500.53
68565452.83
30989661.81
23385132.81
31139540.19
31245956.34
69541214.56
144061267.7
75332345.71
17946772.59
68393141.73
18061279.94
17764704.39
143349478.6
34940729.8
29132600.25
67651245.03
69596287.11
143531801.58
74411203.0
78569594.44
30174348.2
29913280.56
78995926.04
68491017.34
68737401.75
75956223.87
17738384.95
69274942.45
17902529.68
25551676.0
34262422.17
68818957.97
31607560.83
143382999.96
31575469.64
30804466.23
30527978.01
79445759.32
142547305.29
28729885.36
67868664.85
23603384.63
74533292.79
143489862.3
76159153.6
19397109.47
19052949.15
78629801.02
19069630.03
25442010.84
17895350.7
19070464.61
74999201.68
69023314.17
17885561.62
69590028.16
74931071.98
17711409.56
37312595.4
26497092.39
32537227.59
31524932.27
70522526.8
142878087.06
25060299.02
80845637.08
67785600.9
67898456.92
70450727.24
143451678.83
142421203.75
24630895.56
31564813.71
79180414.99
17716656.95
69287240.61
26716412.21
79072135.29
28017850.09
66776228.65
78582102.97
68106399.6
74783143.51
78881088.46
69122496.18
28876932.06
143060224.2
143456831.4
66807419.3
143634613.08
25348650.89
31454574.0
68704928.67
25073703.42
68662359.35
31204863.46
68397389.09
70214414.51
143345130.27
18041902.11
78104748.48
68559589.24
70811612.06
32223787.46
35546288.55
29545100.03
27739041.08
67175684.31
31666281.32
70379640.75
30225451.28
68611451.36
17864726.32
24859058.03
78911301.76
31346959.34
70449306.54
31435815.85
143869850.65
143767643.12
78208283.58
73544308.87
75275269.7
79939760.48
24014823.15
33230021.49
70272046.6
17699791.16
26531091.85
144095428.84
24826781.47
69764048.59
25113458.22
143013852.35
30265837.75
30222177.42
23561279.15
35766448.87
35566485.53
79302128.36
19370467.84
25888328.61
31100181.88
28152817.36
68746080.45
78865500.53
74009843.54
142048658.2
66544008.48
25576882.05
35667538.45
26429608.02
30582163.5
67903874.66
17750522.41
78600828.98
73532262.47
70383637.86
143107350.4
78671945.24
17719327.91
17793734.08
78774748.73
80133763.8
26409063.1
33693251.07
143621305.76
26642538.35
30285555.91
30058051.62
78409189.62
31426879.09
70369915.66
78780016.09
26875467.53
144094264.35
68816364.28
68806684.79
17779004.66
26716495.34
32185276.02
78965230.17
30539187.42
29927919.01
79427441.83
19014979.14
143470617.91
29342008.93
69564214.45
35685415.47
17737369.04
143809824.98
79438441.15
80034623.68
78673203.09
25321353.73
73358921.51
31504491.09
17879654.65
68909924.05
68093948.16
30953480.09
23683495.3
31026642.47
31426251.13
69553534.54
143539803.02
75186538.86
17872584.39
70370795.53
18007830.46
17775296.77
143378069.17
35844707.73
29583166.64
67550039.79
69038205.18
143606299.17
74289471.17
78806060.85
30210115.18
30769020.15
78986507.29
68495118.77
68679148.87
76708909.64
17714913.61
69091617.0
17854268.79
26410456.56
34592568.66
69552777.76
31563649.99
143297553.97
31747453.44
30897229.74
30299831.92
78894607.04
143410102.8
28910490.22
68831446.23
23658962.93
75171826.85
144211901.15
75803434.53
19406987.5
19040560.53
79184537.79
19086099.46
24557898.36
17910343.29
19069689.23
73531618.98
69153068.76
17902206.38
69159899.01
74440036.86
17737737.75
37012562.47
25950057.7
32304329.91
31116948.38
70276601.33
143478916.03
25174651.91
80814581.96
67245814.83
69475747.24
70279330.5
143428786.64
143298976.78
25410137.05
31760857.54
80069140.16
17689248.55
69011947.06
26970309.15
78979648.64
28255658.07
67380985.09
78555051.52
67264330.23
73938171.78
78607854.23
69111569.98
29295156.47
143769725.73
142423845.07
67383569.72
142353948.56
24971058.3
31674826.63
69062357.42
24964074.37
69004232.16
31278987.38
69105549.33
69529899.34
143310368.98
18011875.56
79157738.64
68715972.71
70024248.83
31887172.5
36061893.71
28960760.82
27925178.88
67257067.55
30643220.28
71431739.7
29836247.93
69105368.55
17877965.01
25100259.76
78376316.43
31034877.6
68693239.17
31228967.7
144496568.73
143391661.06
78402730.12
74473333.53
74999762.29
79402518.35
23492995.17
33186532.72
69690745.57
17710291.47
26498835.93
142837067.45
24540195.83
68238909.59
24778155.31
143264672.57
29965252.45
30582867.61
23483246.91
35577565.98
34731377.29
79125726.24
19368731.68
26786241.54
32097213.67
27403127.73
69236895.42
78915472.88
74187382.12
143827577.44
67591000.94
25330106.55
36099742.7
26686754.41
31251173.26
68959436.54
17759148.82
78975981.31
73735029.63
70498952.03
144196157.92
79079210.59
17737783.33
17731353.09
79175750.77
79865866.18
25960529.88
34490624.89
142418455.74
26981780.84
30266200.19
29523576.23
79065355.98
31750909.14
70145794.96
78600016.97
26209251.79
144468719.92
68491410.61
69501068.94
17754937.34
27032741.98
31329365.23
78235710.17
30387477.46
30651243.99
79380680.8
19019802.74
143572952.99
29755774.92
71007701.67
36011169.83
17728461.64
143273489.62
77627094.69
80314961.58
79154579.08
25744045.39
73729799.88
30867437.59
17905118.83
67926291.2
68839343.06
30889718.93
23840839.75
30679328.44
30976488.75
70269904.15
143677286.01
75268488.29
17901402.23
68934680.45
18061591.77
17756251.1
143107599.23
36208457.23
28723386.26
68107989.51
69695002.35
144265376.15
74899376.56
78049189.97
30222717.53
30731357.26
77916347.56
68590479.48
69160015.51
75365877.51
17715681.38
69025044.02
17859773.36
26643955.96
33769887.54
69155527.47
31592538.09
143987835.61
31354273.36
31074629.91
30822892.09
78926813.78
142802125.69
28974726.16
68970151.49
23602379.81
74091091.6
144106766.35
76153424.86
19386013.02
19018009.46
78079271.82
19039356.44
25195075.24
17925004.18
19010758.89
73813648.46
68589677.04
17924085.69
69153887.66
74719329.26
17737908.9
36811593.49
26170774.68
32642679.87
31619184.39
70057881.34
143814881.01
25358367.58
79151481.34
67197518.7
68954664.18
70081099.6
143842040.79
142045033.12
24562615.85
32179728.26
79155905.04
17724404.19
69264212.65
27066276.02
78916567.63
28377092.43
66837594.63
78247249.47
66817146.78
74034028.69
78362392.25
67505913.5
29314542.92
143551959.88
143489703.39
68262360.94
143743926.83
24930807.17
31719366.73
68899267.19
25080038.99
68682501.71
30957656.55
68959364.8
70002351.25
143345168.73
18047372.05
78882846.88
68830115.63
70296024.13
32353324.01
35479254.1
29030519.36
26496886.49
67662556.67
30966415.34
71028501.74
29062822.01
68027342.63
17875432.45
24367312.14
79124022.14
31234239.78
68981963.46
31463220.76
142037801.01
143564904.46
78359889.24
74300462.25
74507151.72
78686892.45
24218985.28
33359527.45
69978742.65
17701808.91
26817352.11
144032994.51
24981040.49
69317014.55
24892240.39
144288002.39
29813661.49
30581301.78
23657896.3
35552052.75
35451197.39
78612259.61
19438873.44
26570969.41
31161039.02
28602459.91
69054624.63
79262719.55
74307484.41
144193302.41
67219060.02
25588443.27
35852845.98
26240354.28
31244915.64
68759341.54
17744809.98
78298031.77
75106858.65
69706217.2
143784391.22
78065800.46
17677649.08
17737751.82
79761906.95
80733962.99
26141612.32
34237500.89
143222685.99
27446042.8
30266936.28
30467914.7
78186940.61
31628812.4
70137591.74
78917819.8
26864239.85
143045925.9
68445791.1
68383704.82
17742073.63
26989328.99
31184865.07
79340369.56
29807222.3
30060100.68
78656468.18
19035855.08
144114133.6
29313235.37
70649007.86
35801209.02
17745231.68
142901319.93
77870418.82
80630933.43
79048591.93
24511162.65
74762063.48
30605816.18
17869584.35
69045055.21
69269468.74
30823563.87
23515253.49
30842779.43
31595866.33
67957241.31
143666546.62
75262005.22
17947892.33
68973860.24
18035414.87
17787022.05
144071798.45
35272395.78
28805521.39
67420728.71
69015959.47
144401511.49
74789353.22
79013008.64
29800320.71
29950053.1
79228431.28
68253021.57
68791946.17
75884000.07
17747696.39
68918540.26
17914469.89
26269974.71
34863242.4
68042994.57
31445266.01
144273978.94
31002079.22
31450819.99
30719851.67
78797601.31
143428553.42
28747953.85
68580812.71
23404386.34
74294647.29
143549057.58
76386309.27
19413206.03
19040176.53
78392921.43
19060790.39
24838710.33
17937632.73
19027614.74
73910747.11
69163916.95
17882415.16
69133870.67
75129686.17
17677856.52
37217273.85
25281116.82
31882089.31
32110445.78
71236141.0
143735330.99
24276154.47
80962904.64
67322035.87
68668109.39
70927494.11
143193933.86
144491499.38
24697997.22
31951340.38
78852840.62
17712157.4
68650155.45
26725657.86
78688745.99
28671493.42
67558371.09
77868710.8
68089904.53
74336510.75
78395069.19
68478102.33
29079308.23
143753361.28
142662338.81
67834507.27
143430794.13
25380457.07
31777465.47
68547241.55
24828282.87
69343046.8
30754725.81
69364661.56
69849170.93
142282612.06
18027942.22
79247574.02
69085868.97
71024995.97
30829086.58
35648247.26
28951916.64
27046648.17
67346144.27
31129699.95
70026168.51
29620468.99
69834632.29
17869208.64
25271246.55
78477465.95
30993120.45
68608844.66
31391903.51
143138746.15
142620793.55
78896581.08
74934439.41
74047547.68
79544958.11
23343748.88
33528995.1
69558850.4
17713729.22
26740703.81
143953371.63
25187190.64
68914301.64
25449355.03
143825468.96
30186562.75
30524461.48
23621609.42
35418877.86
35454388.51
79378859.62
19377421.61
26729641.39
31731727.99
28027052.5
68240106.58
79640423.77
74248043.46
143107442.82
66237499.99
26189363.53
36143738.44
26390420.58
30335268.35
68812574.41
17759295.89
78572593.03
74216788.66
69891283.22
143424611.18
78382387.92
17721201.16
17760803.64
78388882.22
79612798.32
26717441.0
34467532.36
143287123.45
26932693.07
29299275.95
30322410.89
78691653.11
31617801.96
70173012.09
79845818.43
26299585.19
141656596.16
69216622.16
69995969.11
17767512.93
27081083.86
31924744.74
78238946.2
30012298.94
30656677.26
79087706.1
19036199.57
143309747.97
29522617.32
70409819.18
36149983.01
17723468.29
142666242.7
78478838.1
80209416.31
78286707.63
25304114.03
74703150.85
30891774.08
17906481.7
69438024.37
67858151.64
31494077.79
23320227.22
31442728.4
32117864.18
67976006.31
142948287.2
75319932.22
17936409.21
70024121.55
18039210.75
17753168.71
143569738.24
35178834.48
28748754.89
67046420.41
68785663.86
144498996.99
74632006.83
79572241.62
30831488.52
30570237.33
78199479.47
69263453.23
69027591.03
76370817.65
17704172.7
68907375.34
17889382.09
26771713.84
34464786.49
68064055.07
31788753.55
143644997.84
31969762.93
30408129.53
31794913.61
79890055.57
143001302.44
28771365.4
67641307.53
23547513.5
74896378.17
144027099.24
76593455.7
19413114.81
19104197.62
77724884.96
19048661.06
25810859.2
17907256.64
18966125.52
74942733.78
69801920.93
17874301.15
68727301.13
74967674.45
17715618.41
36878815.08
26163775.12
32403061.15
31076938.3
70292079.95
144014575.43
24553729.55
79410632.79
67088594.98
67875400.31
69011552.77
143263077.98
144530836.0
24611632.17
32060621.05
77706845.52
17720510.55
67995189.99
27610185.99
78520185.51
28414785.22
66997068.07
78621278.23
67360151.83
74646095.71
79561105.73
68267053.57
29561159.51
143557618.95
143418872.94
67477769.07
143919935.31
24702802.83
30835138.45
68042150.0
24951779.79
69103516.52
31234862.75
68365227.56
70708529.08
143469460.92
18076831.61
78111413.43
68912770.11
70476530.71
32045470.99
36431895.79
29536680.39
28406863.79
67518326.73
31588470.63
70773214.95
29117446.31
69228986.39
17896463.11
25266400.07
79072224.71
30688951.13
68252770.88
30873409.59
142452844.09
143730118.36
78340883.81
74220330.93
74322519.08
78371055.52
23184544.89
32876784.13
70054856.58
17725918.92
26578219.35
143298948.13
24765081.89
68818420.47
24085852.0
143735640.97
30280544.07
30384660.67
23443445.51
35702907.75
35398305.76
79089198.23
19375443.71
26533517.28
31267026.66
28042096.61
69513320.53
79722760.39
74305952.56
142824965.03
67576963.5
25507578.33
35678402.76
26045896.93
31242868.63
69153527.24
17790867.78
78493718.35
73445219.96
70581383.74
143929982.61
78634883.69
17709938.36
17739183.54
78835582.03
80621165.92
26934448.98
34266315.08
142165802.63
26743671.97
29912822.74
30215220.54
80015080.7
31757285.41
70910333.19
78515549.85
26828804.28
143577795.56
68534964.93
69133577.35
17779442.57
26365081.67
31375385.4
78618872.72
30035371.83
30911770.11
79505924.89
19020895.21
143295863.92
29840607.71
70735909.0
35268539.87
17749470.25
143292341.89
78581196.89
79749985.72
78598312.85
25590043.43
74999222.26
30726704.8
17848006.26
69285667.5
68597744.5
30698123.03
23493016.28
31068525.38
30877032.5
68839441.56
143297183.19
75457388.14
17937385.36
69329337.87
18037980.11
17773089.8
143992039.99
34859365.93
29344729.14
68205220.73
68618517.4
143041423.02
74437552.01
79358508.46
29715191.84
29677058.39
78657869.48
68689513.69
69551529.26
76363725.0
17672382.41
69130272.76
17917543.14
26323855.18
34794893.13
68411398.26
31688156.64
144114927.84
31650594.12
30745334.55
30503094.24
78624955.55
142807925.03
28586244.61
68742896.23
23314746.42
73740352.21
144055476.4
75660856.45
19410197.02
19060572.37
79339110.22
19091060.03
24959678.21
17914686.89
19036556.8
74339661.81
69006987.56
17919928.52
68512802.38
73627094.25
17705140.59
35972866.03
25605592.81
31996627.32
31544417.54
70093889.62
144095277.76
25046627.01
79606340.68
66891606.74
68828606.72
69984478.05
143236126.15
144127800.45
24934120.38
32233169.18
79121239.01
17687380.35
68520295.17
26353211.58
78960396.38
28900822.43
66978346.18
79367182.62
66958237.57
74502004.66
78769003.47
67734608.94
29315471.21
144073118.77
143721645.3
67442810.22
142740383.12
24777679.42
32093483.92
68511958.69
25163513.42
69205214.0
31333975.06
68426820.63
70337958.84
144166289.16
18009154.97
78762339.56
68526784.01
70318478.63
31692612.66
35607933.18
29448385.89
27407733.01
67909226.21
31544125.74
70386978.6
29115742.76
68904107.28
17868353.43
25061819.21
78150062.87
31175844.05
67418341.8
31596983.31
142690237.64
142912085.1
79424445.2
73448856.86
75103664.78
79169727.96
23006332.66
33079731.73
69350965.83
17689788.07
27054472.25
142778123.46
25458336.98
68113389.26
25010540.75
142605602.79
30530313.13
29745376.07
24582858.74
35211477.82
35674113.13
77630583.3
19384902.45
27013469.16
31189464.94
27592093.0
68180736.1
78208208.95
74369816.56
143855564.87
66994251.87
24743410.59
36493074.15
26631015.79
31010962.66
68897419.92
17729652.86
78594655.14
73635457.6
70040631.21
143969139.62
78953825.47
17740867.79
17709467.59
78008635.98
80039588.4
26162758.17
34625602.52
143786307.01
26918895.09
30696875.55
30312260.28
78370638.24
31933323.16
70924823.78
78061790.87
26526654.71
142734083.15
69207855.49
69033229.52
17754032.57
26886894.74
31613280.51
78484505.32
30397308.08
30142790.3
78985232.44
19041485.38
143349116.24
29476253.62
70029119.31
35898074.68
17745408.26
142846290.39
78159648.96
80046706.1
78267848.05
25274335.8
74331519.68
30779142.43
17880195.15
69228909.37
69185942.37
31001604.03
23548109.09
31120908.88
31613077.05
69075972.37
143636212.06
75718032.74
17928281.72
69379391.49
18039559.6
17741493.22
143152655.78
35988073.21
29475540.65
67148227.34
69075991.35
143882391.92
73995119.96
78291537.0
30869390.31
30257723.18
79035597.54
68970609.81
68771757.24
76420880.83
17667399.6
68392323.47
17886402.31
26816006.97
35447488.09
69175754.11
32091897.99
143192316.85
32015827.37
30267450.02
31220022.93
78029203.61
142669207.06
29583573.46
69310483.8
24199992.05
73743215.31
142567680.86
75491837.78
19416720.17
19045799.02
79678309.86
19067967.02
25208867.4
17951400.39
19011300.03
74416798.07
68967171.26
17872247.7
69129312.67
74253080.78
17685018.67
37341619.78
25983996.56
32313226.01
31617077.98
70259283.89
141944369.2
24605083.45
79496185.39
66883868.53
69119209.53
70584877.48
143622726.27
142228297.9
24842413.09
32129141.41
78560309.76
17701715.54
68424160.01
26840263.76
78962223.9
28673386.31
67728429.11
79469380.78
66807216.88
74241300.76
79154478.87
68957983.64
29461660.99
143595427.07
143325866.56
67538674.05
143098847.98
25070744.75
31693493.11
68957840.37
24651747.66
69479307.33
31728456.78
69247795.22
69879869.46
144296094.79
18017951.57
79051592.92
69408392.17
71079707.33
31628395.21
35652637.22
28823654.26
28018453.19
67642316.34
31646406.51
70808819.79
29494430.43
68395548.82
17852902.2
24427370.27
78421180.08
31051982.25
68885677.16
31353123.3
144094924.19
143733472.94
79043766.07
74294227.98
74489954.74
78995627.38
24067222.79
32469808.56
70125744.74
17741665.77
26494996.35
142622052.17
25598289.02
68573577.43
24865730.29
143530177.63
30647005.21
30084609.11
23852053.74
35841028.24
36540782.25
78812401.73
19433618.5
25775040.94
30490677.1
28033679.38
68543654.46
79075273.57
74060545.34
142521277.44
66521189.27
26229581.7
35614618.32
26525519.82
31197874.46
68429219.31
17731179.2
78988422.26
74032106.27
70495352.74
142796469.46
79483810.04
17722508.87
17743871.48
79356696.9
79516125.45
26473110.86
33516938.41
143840442.7
26435085.64
30016220.57
29737404.45
78762938.23
31531218.69
70322510.38
78677123.21
26666580.83
143950402.42
69385696.32
69479811.55
17740272.65
26659024.92
31549402.79
78686320.77
29763602.55
30401993.45
79761350.1
19031723.42
141843373.03
29778282.92
70749478.27
34879128.2
17781571.43
143892369.32
79207953.93
79143081.08
79584753.79
24598396.22
74150357.89
30836952.87
17891696.26
68262793.72
69431852.06
30943888.18
23632665.26
30797021.61
31693377.98
68383181.54
142879345.42
74927184.92
17937482.13
69343730.69
18034120.93
17728811.99
144303963.84
36057978.98
29645352.13
67185953.49
69354862.7
143956694.33
74918327.23
78345055.16
29755075.8
29660532.9
79529418.73
68985821.54
68916395.42
76987701.11
17725606.25
68835466.68
17906381.88
26490402.02
34219789.1
69131371.48
31518424.69
144120581.88
31215845.28
30618148.92
31045567.45
78359291.16
143381821.75
29062929.28
68493637.91
23711595.11
73977136.44
143572915.47
76581642.02
19372329.1
19059272.56
78736483.42
19055071.0
25202066.25
17877841.35
19021669.38
74210096.69
68951957.98
17872681.11
68246503.15
73879193.83
17699393.07
36965645.21
25531923.0
32580964.05
31758888.27
70009233.99
142472970.74
24763187.15
79912858.6
67117557.28
68985087.13
70000467.45
143491122.13
144668518.36
25207822.76
31909196.63
78672073.99
17732150.44
68745652.73
26039309.22
78789798.49
28751518.45
66872329.42
78933570.25
67615441.07
74772001.36
78859674.95
68354084.16
29112459.39
144282047.79
143960362.47
67581746.01
143138973.77
25308020.12
31472127.42
68859041.81
25246695.77
68101565.81
31059398.54
68693155.77
70763520.2
144536542.81
18029998.58
77579930.37
68131404.4
70027271.59
31868087.81
36106621.27
29034234.98
27747259.31
67016286.85
32241902.7
70983581.45
29449640.33
68774206.16
17910509.66
25272435.82
79446441.19
31374317.26
68315960.44
31709006.28
142932269.41
143522806.86
78917495.46
74445582.66
72999463.47
78349494.18
23178901.82
33395235.15
70546379.37
17681108.22
27421484.13
143494721.06
24409180.69
69512415.1
25312898.1
144202459.78
30277836.44
30109779.44
24091591.28
35281961.02
35739044.01
78161500.68
19389182.17
27038792.26
31686281.95
28556192.74
68657334.97
77544662.29
75025867.17
143109520.72
67140308.31
25368322.68
35897251.25
25930804.46
30984915.63
68342731.68
17747987.88
78306604.7
74182917.16
70131419.73
142737062.59
77891159.35
17676801.01
17766341.58
78643450.26
80829760.51
26283886.88
34319509.69
142607225.02
26476285.04
30627305.07
30285006.25
78337614.42
31560351.5
69291323.74
78664567.83
26711914.15
143381919.64
68710195.65
68756952.61
17755633.63
26070162.7
31694401.07
78131648.0
30257861.1
30087642.87
79199785.71
19006353.96
143255528.8
29718151.84
71010560.32
35460061.89
17763853.8
143237459.12
78294174.21
79940419.59
78620092.86
24996196.0
75263878.89
