2.340116639887827182e-04
2.106104975899044870e-03
2.340116639887827182e-04
2.106104975899044870e-03
2.889032888750402658e-06
3.210036543056001659e-07
2.340116639887827182e-04
2.600129599875362858e-05
3.210036543056001659e-07
2.889032888750402658e-06
2.340116639887827182e-04
2.600129599875362858e-05
2.889032888750402658e-06
2.889032888750402658e-06
2.889032888750402658e-06
2.600129599875362858e-05
2.106104975899044870e-03
3.566707270062223772e-08
2.106104975899044870e-03
3.210036543056001659e-07
2.600129599875362858e-05
1.895494478309140904e-02
2.600129599875362858e-05
2.106104975899044870e-03
2.889032888750402658e-06
2.600129599875362858e-05
2.889032888750402658e-06
1.895494478309140904e-02
2.600129599875362858e-05
2.889032888750402658e-06
2.106104975899044870e-03
2.600129599875362858e-05
2.106104975899044870e-03
2.600129599875362858e-05
2.600129599875362858e-05
2.600129599875362858e-05
2.600129599875362858e-05
2.600129599875362858e-05
2.600129599875362858e-05
2.889032888750402658e-06
1.895494478309140904e-02
2.600129599875362858e-05
2.340116639887827182e-04
2.600129599875362858e-05
3.210036543056001659e-07
1.895494478309140904e-02
2.340116639887827182e-04
2.600129599875362858e-05
2.340116639887827182e-04
2.889032888750402658e-06
2.106104975899044870e-03
2.340116639887827182e-04
2.106104975899044870e-03
1.895494478309140904e-02
2.340116639887827182e-04
2.889032888750402658e-06
2.889032888750402658e-06
2.340116639887827182e-04
3.566707270062223772e-08
2.340116639887827182e-04
2.600129599875362858e-05
2.106104975899044870e-03
2.340116639887827182e-04
2.600129599875362858e-05
1.895494478309140904e-02
2.106104975899044870e-03
2.600129599875362858e-05
2.600129599875362858e-05
2.340116639887827182e-04
2.340116639887827182e-04
1.705945030478227264e-01
2.340116639887827182e-04
2.340116639887827182e-04
2.340116639887827182e-04
2.889032888750402658e-06
2.600129599875362858e-05
2.106104975899044870e-03
2.600129599875362858e-05
2.106104975899044870e-03
2.340116639887827182e-04
2.340116639887827182e-04
2.889032888750402658e-06
2.600129599875362858e-05
2.106104975899044870e-03
3.210036543056001659e-07
2.340116639887827182e-04
2.600129599875362858e-05
2.889032888750402658e-06
3.210036543056001659e-07
1.895494478309140904e-02
2.600129599875362858e-05
2.106104975899044870e-03
2.340116639887827182e-04
2.106104975899044870e-03
2.340116639887827182e-04
2.889032888750402658e-06
3.210036543056001659e-07
2.889032888750402658e-06
2.340116639887827182e-04
2.340116639887827182e-04
2.600129599875362858e-05
2.340116639887827182e-04
2.340116639887827182e-04
2.340116639887827182e-04
2.889032888750402658e-06
2.600129599875362858e-05
2.889032888750402658e-06
2.106104975899044870e-03
2.600129599875362858e-05
2.340116639887827182e-04
2.600129599875362858e-05
2.340116639887827182e-04
2.600129599875362858e-05
2.600129599875362858e-05
2.889032888750402658e-06
2.889032888750402658e-06
2.600129599875362858e-05
2.600129599875362858e-05
2.600129599875362858e-05
1.895494478309140904e-02
2.889032888750402658e-06
2.889032888750402658e-06
2.340116639887827182e-04
2.889032888750402658e-06
2.889032888750402658e-06
2.889032888750402658e-06
3.210036543056001659e-07
2.106104975899044870e-03
2.340116639887827182e-04
2.340116639887827182e-04
2.106104975899044870e-03
1.895494478309140904e-02
2.340116639887827182e-04
2.106104975899044870e-03
2.340116639887827182e-04
2.106104975899044870e-03
2.106104975899044870e-03
2.600129599875362858e-05
2.340116639887827182e-04
2.106104975899044870e-03
2.889032888750402658e-06
2.600129599875362858e-05
2.889032888750402658e-06
2.340116639887827182e-04
2.106104975899044870e-03
2.600129599875362858e-05
2.340116639887827182e-04
2.106104975899044870e-03
2.106104975899044870e-03
2.600129599875362858e-05
1.895494478309140904e-02
2.889032888750402658e-06
2.106104975899044870e-03
1.895494478309140904e-02
1.705945030478227264e-01
1.895494478309140904e-02
2.340116639887827182e-04
2.106104975899044870e-03
2.340116639887827182e-04
2.106104975899044870e-03
3.210036543056001659e-07
2.340116639887827182e-04
2.340116639887827182e-04
2.600129599875362858e-05
2.340116639887827182e-04
2.106104975899044870e-03
2.340116639887827182e-04
2.889032888750402658e-06
2.106104975899044870e-03
2.106104975899044870e-03
2.340116639887827182e-04
2.106104975899044870e-03
2.106104975899044870e-03
2.106104975899044870e-03
2.600129599875362858e-05
2.340116639887827182e-04
1.705945030478227264e-01
2.600129599875362858e-05
2.340116639887827182e-04
2.106104975899044870e-03
2.106104975899044870e-03
2.600129599875362858e-05
2.340116639887827182e-04
2.600129599875362858e-05
2.600129599875362858e-05
2.600129599875362858e-05
2.600129599875362858e-05
2.106104975899044870e-03
2.106104975899044870e-03
2.600129599875362858e-05
2.600129599875362858e-05
3.210036543056001659e-07
2.106104975899044870e-03
2.889032888750402658e-06
2.600129599875362858e-05
2.600129599875362858e-05
2.340116639887827182e-04
2.106104975899044870e-03
2.340116639887827182e-04
3.210036543056001659e-07
2.340116639887827182e-04
3.210036543056001659e-07
2.340116639887827182e-04
2.340116639887827182e-04
2.889032888750402658e-06
3.210036543056001659e-07
2.340116639887827182e-04
2.600129599875362858e-05
2.340116639887827182e-04
3.210036543056001659e-07
2.340116639887827182e-04
2.340116639887827182e-04
2.600129599875362858e-05
2.600129599875362858e-05
2.600129599875362858e-05
3.210036543056001659e-07
2.600129599875362858e-05
2.340116639887827182e-04
1.895494478309140904e-02
2.600129599875362858e-05
2.106104975899044870e-03
2.600129599875362858e-05
2.600129599875362858e-05
2.106104975899044870e-03
2.340116639887827182e-04
2.340116639887827182e-04
3.210036543056001659e-07
2.340116639887827182e-04
1.895494478309140904e-02
2.889032888750402658e-06
2.889032888750402658e-06
2.340116639887827182e-04
2.340116639887827182e-04
2.889032888750402658e-06
2.106104975899044870e-03
2.600129599875362858e-05
2.106104975899044870e-03
2.889032888750402658e-06
3.210036543056001659e-07
2.340116639887827182e-04
2.340116639887827182e-04
2.600129599875362858e-05
2.340116639887827182e-04
2.340116639887827182e-04
2.889032888750402658e-06
2.106104975899044870e-03
1.895494478309140904e-02
1.895494478309140904e-02
2.889032888750402658e-06
3.210036543056001659e-07
2.889032888750402658e-06
2.600129599875362858e-05
2.340116639887827182e-04
2.106104975899044870e-03
2.600129599875362858e-05
2.889032888750402658e-06
2.600129599875362858e-05
2.340116639887827182e-04
2.106104975899044870e-03
2.106104975899044870e-03
2.106104975899044870e-03
2.600129599875362858e-05
2.106104975899044870e-03
2.600129599875362858e-05
2.600129599875362858e-05
2.340116639887827182e-04
2.106104975899044870e-03
2.600129599875362858e-05
2.889032888750402658e-06
2.340116639887827182e-04
2.106104975899044870e-03
3.210036543056001659e-07
3.566707270062223772e-08
2.106104975899044870e-03
2.340116639887827182e-04
2.106104975899044870e-03
2.340116639887827182e-04
2.889032888750402658e-06
2.889032888750402658e-06
2.889032888750402658e-06
2.340116639887827182e-04
2.600129599875362858e-05
2.600129599875362858e-05
2.600129599875362858e-05
2.340116639887827182e-04
2.600129599875362858e-05
2.340116639887827182e-04
2.106104975899044870e-03
2.600129599875362858e-05
2.340116639887827182e-04
2.600129599875362858e-05
3.210036543056001659e-07
2.600129599875362858e-05
2.340116639887827182e-04
2.340116639887827182e-04
2.106104975899044870e-03
2.340116639887827182e-04
2.106104975899044870e-03
2.600129599875362858e-05
2.340116639887827182e-04
2.889032888750402658e-06
3.210036543056001659e-07
2.889032888750402658e-06
1.895494478309140904e-02
3.210036543056001659e-07
2.340116639887827182e-04
2.600129599875362858e-05
2.340116639887827182e-04
2.340116639887827182e-04
3.210036543056001659e-07
2.106104975899044870e-03
2.340116639887827182e-04
2.889032888750402658e-06
2.340116639887827182e-04
2.340116639887827182e-04
2.340116639887827182e-04
1.895494478309140904e-02
2.340116639887827182e-04
2.889032888750402658e-06
2.600129599875362858e-05
