3.889281446212795521e-03
5.335091147068303184e-06
4.321423829125327332e-04
5.335091147068303184e-06
3.889281446212795521e-03
4.801582032361474136e-05
5.335091147068303184e-06
4.321423829125327332e-04
3.889281446212795521e-03
5.927879052298111825e-07
3.889281446212795521e-03
4.321423829125327332e-04
4.801582032361474136e-05
4.801582032361474136e-05
4.801582032361474136e-05
3.500353301591516836e-02
4.801582032361474136e-05
4.321423829125327332e-04
4.801582032361474136e-05
5.335091147068303184e-06
3.889281446212795521e-03
5.335091147068303184e-06
3.889281446212795521e-03
4.801582032361474136e-05
3.889281446212795521e-03
5.335091147068303184e-06
4.321423829125327332e-04
4.321423829125327332e-04
4.321423829125327332e-04
5.335091147068303184e-06
5.335091147068303184e-06
4.801582032361474136e-05
4.321423829125327332e-04
4.321423829125327332e-04
3.889281446212795521e-03
4.321423829125327332e-04
4.321423829125327332e-04
5.335091147068303184e-06
3.889281446212795521e-03
5.335091147068303184e-06
3.889281446212795521e-03
4.801582032361474136e-05
5.335091147068303184e-06
4.321423829125327332e-04
3.889281446212795521e-03
4.321423829125327332e-04
5.335091147068303184e-06
5.335091147068303184e-06
4.321423829125327332e-04
4.321423829125327332e-04
4.801582032361474136e-05
4.321423829125327332e-04
4.321423829125327332e-04
4.321423829125327332e-04
4.801582032361474136e-05
3.889281446212795521e-03
5.335091147068303184e-06
4.321423829125327332e-04
4.321423829125327332e-04
4.321423829125327332e-04
4.801582032361474136e-05
3.889281446212795521e-03
4.321423829125327332e-04
5.335091147068303184e-06
5.335091147068303184e-06
3.889281446212795521e-03
4.321423829125327332e-04
5.335091147068303184e-06
4.801582032361474136e-05
3.889281446212795521e-03
4.321423829125327332e-04
4.321423829125327332e-04
3.889281446212795521e-03
4.321423829125327332e-04
4.801582032361474136e-05
5.335091147068303184e-06
4.801582032361474136e-05
3.889281446212795521e-03
5.335091147068303184e-06
4.801582032361474136e-05
4.321423829125327332e-04
4.321423829125327332e-04
4.801582032361474136e-05
3.500353301591516836e-02
4.321423829125327332e-04
4.801582032361474136e-05
3.889281446212795521e-03
4.321423829125327332e-04
3.889281446212795521e-03
5.335091147068303184e-06
4.801582032361474136e-05
4.801582032361474136e-05
4.801582032361474136e-05
4.801582032361474136e-05
3.500353301591516836e-02
4.321423829125327332e-04
4.321423829125327332e-04
4.321423829125327332e-04
5.335091147068303184e-06
4.801582032361474136e-05
4.321423829125327332e-04
4.321423829125327332e-04
3.500353301591516836e-02
4.321423829125327332e-04
5.335091147068303184e-06
3.500353301591516836e-02
5.335091147068303184e-06
4.801582032361474136e-05
3.889281446212795521e-03
4.801582032361474136e-05
5.335091147068303184e-06
3.889281446212795521e-03
3.889281446212795521e-03
3.500353301591516836e-02
4.321423829125327332e-04
4.801582032361474136e-05
4.801582032361474136e-05
4.321423829125327332e-04
4.321423829125327332e-04
3.500353301591516836e-02
4.801582032361474136e-05
4.801582032361474136e-05
4.801582032361474136e-05
4.801582032361474136e-05
4.801582032361474136e-05
3.889281446212795521e-03
5.927879052298111825e-07
4.801582032361474136e-05
4.801582032361474136e-05
4.801582032361474136e-05
4.321423829125327332e-04
3.500353301591516836e-02
4.801582032361474136e-05
5.335091147068303184e-06
5.335091147068303184e-06
4.801582032361474136e-05
4.801582032361474136e-05
4.321423829125327332e-04
3.889281446212795521e-03
3.889281446212795521e-03
5.335091147068303184e-06
5.335091147068303184e-06
4.801582032361474136e-05
4.801582032361474136e-05
5.335091147068303184e-06
3.500353301591516836e-02
4.321423829125327332e-04
4.801582032361474136e-05
5.927879052298111825e-07
4.801582032361474136e-05
4.321423829125327332e-04
5.927879052298111825e-07
4.321423829125327332e-04
3.889281446212795521e-03
4.801582032361474136e-05
4.801582032361474136e-05
4.321423829125327332e-04
5.335091147068303184e-06
4.321423829125327332e-04
3.889281446212795521e-03
5.927879052298111825e-07
4.321423829125327332e-04
4.801582032361474136e-05
4.321423829125327332e-04
5.927879052298111825e-07
4.321423829125327332e-04
4.321423829125327332e-04
5.335091147068303184e-06
4.801582032361474136e-05
5.335091147068303184e-06
4.321423829125327332e-04
4.801582032361474136e-05
3.889281446212795521e-03
4.321423829125327332e-04
5.335091147068303184e-06
5.335091147068303184e-06
3.889281446212795521e-03
5.927879052298111825e-07
4.321423829125327332e-04
4.321423829125327332e-04
5.335091147068303184e-06
4.801582032361474136e-05
4.801582032361474136e-05
3.150317971432365916e-01
3.889281446212795521e-03
5.335091147068303184e-06
5.927879052298111825e-07
4.321423829125327332e-04
3.500353301591516836e-02
5.335091147068303184e-06
3.889281446212795521e-03
5.335091147068303184e-06
4.321423829125327332e-04
4.321423829125327332e-04
4.321423829125327332e-04
4.321423829125327332e-04
4.321423829125327332e-04
4.321423829125327332e-04
4.321423829125327332e-04
4.801582032361474136e-05
5.335091147068303184e-06
4.321423829125327332e-04
4.321423829125327332e-04
5.335091147068303184e-06
3.889281446212795521e-03
4.801582032361474136e-05
4.801582032361474136e-05
3.889281446212795521e-03
5.927879052298111825e-07
5.335091147068303184e-06
5.335091147068303184e-06
4.321423829125327332e-04
3.500353301591516836e-02
5.335091147068303184e-06
3.889281446212795521e-03
4.801582032361474136e-05
5.927879052298111825e-07
4.801582032361474136e-05
4.321423829125327332e-04
4.801582032361474136e-05
3.500353301591516836e-02
4.321423829125327332e-04
5.927879052298111825e-07
4.801582032361474136e-05
4.801582032361474136e-05
5.335091147068303184e-06
4.801582032361474136e-05
5.335091147068303184e-06
4.321423829125327332e-04
4.321423829125327332e-04
4.321423829125327332e-04
3.500353301591516836e-02
5.335091147068303184e-06
4.801582032361474136e-05
4.321423829125327332e-04
3.889281446212795521e-03
4.801582032361474136e-05
3.889281446212795521e-03
3.889281446212795521e-03
3.889281446212795521e-03
3.889281446212795521e-03
4.801582032361474136e-05
3.500353301591516836e-02
4.801582032361474136e-05
4.801582032361474136e-05
4.801582032361474136e-05
5.335091147068303184e-06
4.801582032361474136e-05
4.321423829125327332e-04
5.335091147068303184e-06
3.889281446212795521e-03
4.801582032361474136e-05
3.889281446212795521e-03
4.801582032361474136e-05
4.321423829125327332e-04
4.321423829125327332e-04
