8.923937206819891350e-05
8.923937206819891350e-05
8.923937206819891350e-05
7.228389137524114487e-03
8.031543486137903299e-04
7.228389137524114487e-03
7.228389137524114487e-03
9.915485785355430880e-06
8.923937206819891350e-05
8.031543486137903299e-04
9.915485785355430880e-06
8.923937206819891350e-05
9.915485785355430880e-06
9.915485785355430880e-06
8.031543486137903299e-04
9.915485785355430880e-06
7.228389137524114487e-03
8.923937206819891350e-05
8.923937206819891350e-05
8.923937206819891350e-05
7.228389137524114487e-03
9.915485785355430880e-06
8.031543486137903299e-04
8.031543486137903299e-04
9.915485785355430880e-06
6.505550223771704166e-02
8.923937206819891350e-05
8.923937206819891350e-05
8.031543486137903299e-04
8.923937206819891350e-05
6.505550223771704166e-02
8.923937206819891350e-05
8.923937206819891350e-05
8.031543486137903299e-04
7.228389137524114487e-03
1.101720642817269792e-06
9.915485785355430880e-06
8.923937206819891350e-05
9.915485785355430880e-06
8.031543486137903299e-04
8.923937206819891350e-05
8.031543486137903299e-04
8.031543486137903299e-04
7.228389137524114487e-03
8.923937206819891350e-05
8.031543486137903299e-04
9.915485785355430880e-06
9.915485785355430880e-06
8.923937206819891350e-05
8.031543486137903299e-04
9.915485785355430880e-06
8.923937206819891350e-05
7.228389137524114487e-03
8.031543486137903299e-04
9.915485785355430880e-06
8.031543486137903299e-04
8.923937206819891350e-05
8.031543486137903299e-04
8.031543486137903299e-04
6.505550223771704166e-02
7.228389137524114487e-03
8.031543486137903299e-04
9.915485785355430880e-06
6.505550223771704166e-02
7.228389137524114487e-03
8.923937206819891350e-05
8.031543486137903299e-04
8.923937206819891350e-05
8.923937206819891350e-05
1.101720642817269792e-06
8.031543486137903299e-04
7.228389137524114487e-03
8.923937206819891350e-05
1.101720642817269792e-06
8.031543486137903299e-04
8.031543486137903299e-04
8.923937206819891350e-05
1.101720642817269792e-06
8.923937206819891350e-05
8.031543486137903299e-04
9.915485785355430880e-06
8.031543486137903299e-04
7.228389137524114487e-03
8.923937206819891350e-05
7.228389137524114487e-03
7.228389137524114487e-03
7.228389137524114487e-03
9.915485785355430880e-06
8.923937206819891350e-05
8.031543486137903299e-04
8.031543486137903299e-04
6.505550223771704166e-02
8.923937206819891350e-05
8.923937206819891350e-05
7.228389137524114487e-03
8.923937206819891350e-05
1.101720642817269792e-06
7.228389137524114487e-03
7.228389137524114487e-03
8.923937206819891350e-05
7.228389137524114487e-03
9.915485785355430880e-06
7.228389137524114487e-03
9.915485785355430880e-06
9.915485785355430880e-06
7.228389137524114487e-03
7.228389137524114487e-03
8.923937206819891350e-05
8.031543486137903299e-04
8.923937206819891350e-05
9.915485785355430880e-06
7.228389137524114487e-03
8.923937206819891350e-05
8.923937206819891350e-05
7.228389137524114487e-03
7.228389137524114487e-03
8.923937206819891350e-05
8.031543486137903299e-04
6.505550223771704166e-02
8.031543486137903299e-04
8.031543486137903299e-04
8.031543486137903299e-04
9.915485785355430880e-06
8.923937206819891350e-05
8.923937206819891350e-05
9.915485785355430880e-06
8.031543486137903299e-04
8.923937206819891350e-05
8.031543486137903299e-04
9.915485785355430880e-06
8.923937206819891350e-05
7.228389137524114487e-03
7.228389137524114487e-03
9.915485785355430880e-06
9.915485785355430880e-06
1.101720642817269792e-06
8.923937206819891350e-05
8.031543486137903299e-04
7.228389137524114487e-03
7.228389137524114487e-03
9.915485785355430880e-06
8.031543486137903299e-04
8.031543486137903299e-04
8.923937206819891350e-05
7.228389137524114487e-03
8.923937206819891350e-05
8.923937206819891350e-05
1.101720642817269792e-06
8.031543486137903299e-04
8.031543486137903299e-04
7.228389137524114487e-03
8.031543486137903299e-04
8.923937206819891350e-05
8.923937206819891350e-05
8.031543486137903299e-04
8.923937206819891350e-05
1.101720642817269792e-06
8.923937206819891350e-05
8.923937206819891350e-05
8.031543486137903299e-04
8.923937206819891350e-05
8.031543486137903299e-04
9.915485785355430880e-06
7.228389137524114487e-03
8.923937206819891350e-05
8.923937206819891350e-05
8.923937206819891350e-05
6.505550223771704166e-02
8.031543486137903299e-04
8.923937206819891350e-05
8.923937206819891350e-05
6.505550223771704166e-02
9.915485785355430880e-06
8.923937206819891350e-05
8.031543486137903299e-04
8.923937206819891350e-05
8.031543486137903299e-04
1.101720642817269792e-06
6.505550223771704166e-02
8.031543486137903299e-04
8.923937206819891350e-05
9.915485785355430880e-06
6.505550223771704166e-02
1.101720642817269792e-06
8.923937206819891350e-05
9.915485785355430880e-06
8.923937206819891350e-05
8.031543486137903299e-04
8.031543486137903299e-04
1.224134047574744154e-07
7.228389137524114487e-03
8.031543486137903299e-04
9.915485785355430880e-06
9.915485785355430880e-06
8.031543486137903299e-04
9.915485785355430880e-06
8.031543486137903299e-04
8.923937206819891350e-05
8.923937206819891350e-05
8.031543486137903299e-04
8.031543486137903299e-04
8.923937206819891350e-05
7.228389137524114487e-03
8.031543486137903299e-04
8.031543486137903299e-04
8.031543486137903299e-04
8.031543486137903299e-04
8.031543486137903299e-04
9.915485785355430880e-06
8.031543486137903299e-04
8.031543486137903299e-04
1.101720642817269792e-06
8.923937206819891350e-05
8.031543486137903299e-04
9.915485785355430880e-06
8.031543486137903299e-04
8.031543486137903299e-04
8.923937206819891350e-05
8.923937206819891350e-05
8.031543486137903299e-04
9.915485785355430880e-06
8.031543486137903299e-04
9.915485785355430880e-06
7.228389137524114487e-03
9.915485785355430880e-06
7.228389137524114487e-03
8.031543486137903299e-04
9.915485785355430880e-06
8.923937206819891350e-05
8.923937206819891350e-05
8.031543486137903299e-04
8.923937206819891350e-05
7.228389137524114487e-03
9.915485785355430880e-06
9.915485785355430880e-06
8.031543486137903299e-04
7.228389137524114487e-03
8.923937206819891350e-05
8.031543486137903299e-04
8.031543486137903299e-04
8.031543486137903299e-04
8.031543486137903299e-04
8.031543486137903299e-04
8.923937206819891350e-05
8.923937206819891350e-05
7.228389137524114487e-03
8.923937206819891350e-05
1.101720642817269792e-06
8.031543486137903299e-04
9.915485785355430880e-06
8.923937206819891350e-05
8.923937206819891350e-05
8.923937206819891350e-05
8.031543486137903299e-04
8.923937206819891350e-05
8.031543486137903299e-04
