3.436673438395702342e-04
4.242806714068766222e-06
3.436673438395702342e-04
3.818526042661891039e-05
3.818526042661891039e-05
4.242806714068766222e-06
2.783705485100520377e-02
3.093006094556133029e-03
3.093006094556133029e-03
3.436673438395702342e-04
3.818526042661891039e-05
3.436673438395702342e-04
3.093006094556133029e-03
3.818526042661891039e-05
3.818526042661891039e-05
3.093006094556133029e-03
3.436673438395702342e-04
3.818526042661891039e-05
4.242806714068766222e-06
3.436673438395702342e-04
4.242806714068766222e-06
4.714229682298627606e-07
3.436673438395702342e-04
4.242806714068766222e-06
3.093006094556133029e-03
3.436673438395702342e-04
4.242806714068766222e-06
3.093006094556133029e-03
3.436673438395702342e-04
3.818526042661891039e-05
4.714229682298627606e-07
3.436673438395702342e-04
3.436673438395702342e-04
3.818526042661891039e-05
3.818526042661891039e-05
4.242806714068766222e-06
3.436673438395702342e-04
3.436673438395702342e-04
3.818526042661891039e-05
4.714229682298627606e-07
3.818526042661891039e-05
4.242806714068766222e-06
2.783705485100520377e-02
3.818526042661891039e-05
3.436673438395702342e-04
3.093006094556133029e-03
3.093006094556133029e-03
3.436673438395702342e-04
3.093006094556133029e-03
3.818526042661891039e-05
5.238032980331808524e-08
3.818526042661891039e-05
4.242806714068766222e-06
4.714229682298627606e-07
3.818526042661891039e-05
3.436673438395702342e-04
3.436673438395702342e-04
3.818526042661891039e-05
3.818526042661891039e-05
3.436673438395702342e-04
3.093006094556133029e-03
3.436673438395702342e-04
4.714229682298627606e-07
4.242806714068766222e-06
3.093006094556133029e-03
3.436673438395702342e-04
3.093006094556133029e-03
3.093006094556133029e-03
3.093006094556133029e-03
3.436673438395702342e-04
2.783705485100520377e-02
4.242806714068766222e-06
3.093006094556133029e-03
4.242806714068766222e-06
2.783705485100520377e-02
3.818526042661891039e-05
4.242806714068766222e-06
3.818526042661891039e-05
3.093006094556133029e-03
4.242806714068766222e-06
3.818526042661891039e-05
3.818526042661891039e-05
3.093006094556133029e-03
4.242806714068766222e-06
3.436673438395702342e-04
4.242806714068766222e-06
3.818526042661891039e-05
3.436673438395702342e-04
3.818526042661891039e-05
3.818526042661891039e-05
2.783705485100520377e-02
3.818526042661891039e-05
4.242806714068766222e-06
3.818526042661891039e-05
3.093006094556133029e-03
3.093006094556133029e-03
3.093006094556133029e-03
3.436673438395702342e-04
3.818526042661891039e-05
3.818526042661891039e-05
3.436673438395702342e-04
3.093006094556133029e-03
3.436673438395702342e-04
3.818526042661891039e-05
3.818526042661891039e-05
4.242806714068766222e-06
3.818526042661891039e-05
3.818526042661891039e-05
3.436673438395702342e-04
4.242806714068766222e-06
3.436673438395702342e-04
2.783705485100520377e-02
4.242806714068766222e-06
3.818526042661891039e-05
3.093006094556133029e-03
3.818526042661891039e-05
2.783705485100520377e-02
3.818526042661891039e-05
4.242806714068766222e-06
3.818526042661891039e-05
3.436673438395702342e-04
3.436673438395702342e-04
3.093006094556133029e-03
4.242806714068766222e-06
3.818526042661891039e-05
3.436673438395702342e-04
3.818526042661891039e-05
3.436673438395702342e-04
3.436673438395702342e-04
4.242806714068766222e-06
3.818526042661891039e-05
4.714229682298627606e-07
2.783705485100520377e-02
3.436673438395702342e-04
3.093006094556133029e-03
3.818526042661891039e-05
3.436673438395702342e-04
2.783705485100520377e-02
3.436673438395702342e-04
3.436673438395702342e-04
3.818526042661891039e-05
3.818526042661891039e-05
3.436673438395702342e-04
3.436673438395702342e-04
3.436673438395702342e-04
4.714229682298627606e-07
3.818526042661891039e-05
3.436673438395702342e-04
2.783705485100520377e-02
3.436673438395702342e-04
3.436673438395702342e-04
3.436673438395702342e-04
4.714229682298627606e-07
3.436673438395702342e-04
3.093006094556133029e-03
3.436673438395702342e-04
3.436673438395702342e-04
3.436673438395702342e-04
2.783705485100520377e-02
3.436673438395702342e-04
3.818526042661891039e-05
3.818526042661891039e-05
4.242806714068766222e-06
3.093006094556133029e-03
4.714229682298627606e-07
4.242806714068766222e-06
3.436673438395702342e-04
4.242806714068766222e-06
3.436673438395702342e-04
3.093006094556133029e-03
3.093006094556133029e-03
3.818526042661891039e-05
3.436673438395702342e-04
3.818526042661891039e-05
3.818526042661891039e-05
2.783705485100520377e-02
3.818526042661891039e-05
3.818526042661891039e-05
3.818526042661891039e-05
3.436673438395702342e-04
3.818526042661891039e-05
4.242806714068766222e-06
3.818526042661891039e-05
4.242806714068766222e-06
3.436673438395702342e-04
3.093006094556133029e-03
3.093006094556133029e-03
3.093006094556133029e-03
3.093006094556133029e-03
3.093006094556133029e-03
4.714229682298627606e-07
3.436673438395702342e-04
3.818526042661891039e-05
3.818526042661891039e-05
3.818526042661891039e-05
3.436673438395702342e-04
2.783705485100520377e-02
4.242806714068766222e-06
3.436673438395702342e-04
3.818526042661891039e-05
4.242806714068766222e-06
3.818526042661891039e-05
3.436673438395702342e-04
4.242806714068766222e-06
3.436673438395702342e-04
4.242806714068766222e-06
3.436673438395702342e-04
3.093006094556133029e-03
3.093006094556133029e-03
3.818526042661891039e-05
3.818526042661891039e-05
4.714229682298627606e-07
3.436673438395702342e-04
3.436673438395702342e-04
3.093006094556133029e-03
3.818526042661891039e-05
3.436673438395702342e-04
2.505334936590469241e-01
3.093006094556133029e-03
3.818526042661891039e-05
3.093006094556133029e-03
3.818526042661891039e-05
3.436673438395702342e-04
3.436673438395702342e-04
3.818526042661891039e-05
3.818526042661891039e-05
2.783705485100520377e-02
3.093006094556133029e-03
3.093006094556133029e-03
3.436673438395702342e-04
3.818526042661891039e-05
4.242806714068766222e-06
3.093006094556133029e-03
3.436673438395702342e-04
3.818526042661891039e-05
4.714229682298627606e-07
3.436673438395702342e-04
3.093006094556133029e-03
4.242806714068766222e-06
4.242806714068766222e-06
3.093006094556133029e-03
3.436673438395702342e-04
3.818526042661891039e-05
3.436673438395702342e-04
3.818526042661891039e-05
3.436673438395702342e-04
3.818526042661891039e-05
3.818526042661891039e-05
3.436673438395702342e-04
5.238032980331808524e-08
4.242806714068766222e-06
3.818526042661891039e-05
3.818526042661891039e-05
4.242806714068766222e-06
4.714229682298627606e-07
3.436673438395702342e-04
3.818526042661891039e-05
2.783705485100520377e-02
3.818526042661891039e-05
5.238032980331808524e-08
3.818526042661891039e-05
4.242806714068766222e-06
3.436673438395702342e-04
3.436673438395702342e-04
3.436673438395702342e-04
3.436673438395702342e-04
4.242806714068766222e-06
3.818526042661891039e-05
3.818526042661891039e-05
3.436673438395702342e-04
3.436673438395702342e-04
3.436673438395702342e-04
3.818526042661891039e-05
3.818526042661891039e-05
3.818526042661891039e-05
2.783705485100520377e-02
3.436673438395702342e-04
3.818526042661891039e-05
2.783705485100520377e-02
3.436673438395702342e-04
3.436673438395702342e-04
2.783705485100520377e-02
3.093006094556133029e-03
4.714229682298627606e-07
3.093006094556133029e-03
3.436673438395702342e-04
3.818526042661891039e-05
3.436673438395702342e-04
4.242806714068766222e-06
3.436673438395702342e-04
3.818526042661891039e-05
3.436673438395702342e-04
3.093006094556133029e-03
3.818526042661891039e-05
4.714229682298627606e-07
4.242806714068766222e-06
4.242806714068766222e-06
3.093006094556133029e-03
3.093006094556133029e-03
3.436673438395702342e-04
3.093006094556133029e-03
4.714229682298627606e-07
3.436673438395702342e-04
2.783705485100520377e-02
3.093006094556133029e-03
3.818526042661891039e-05
3.818526042661891039e-05
4.242806714068766222e-06
4.714229682298627606e-07
2.783705485100520377e-02
3.818526042661891039e-05
3.818526042661891039e-05
3.818526042661891039e-05
3.436673438395702342e-04
3.818526042661891039e-05
3.436673438395702342e-04
4.242806714068766222e-06
3.093006094556133029e-03
4.714229682298627606e-07
3.818526042661891039e-05
