5.383895691208449900e-07
3.532373963001867595e-03
3.924859958890963211e-04
4.360955509878847034e-05
3.924859958890963211e-04
3.924859958890963211e-04
4.845506122087606498e-06
5.383895691208449900e-07
4.360955509878847034e-05
4.845506122087606498e-06
4.360955509878847034e-05
4.845506122087606498e-06
4.360955509878847034e-05
3.924859958890963211e-04
4.360955509878847034e-05
4.845506122087606498e-06
4.845506122087606498e-06
4.360955509878847034e-05
3.532373963001867595e-03
4.360955509878847034e-05
3.179136566701681182e-02
3.924859958890963211e-04
4.360955509878847034e-05
4.845506122087606498e-06
3.179136566701681182e-02
3.924859958890963211e-04
3.532373963001867595e-03
4.360955509878847034e-05
4.360955509878847034e-05
4.845506122087606498e-06
3.924859958890963211e-04
3.532373963001867595e-03
4.360955509878847034e-05
4.360955509878847034e-05
4.360955509878847034e-05
3.924859958890963211e-04
3.924859958890963211e-04
4.845506122087606498e-06
3.924859958890963211e-04
3.179136566701681182e-02
3.532373963001867595e-03
3.532373963001867595e-03
2.861222910031514521e-01
4.360955509878847034e-05
4.360955509878847034e-05
3.924859958890963211e-04
3.924859958890963211e-04
4.360955509878847034e-05
4.845506122087606498e-06
3.924859958890963211e-04
4.845506122087606498e-06
5.383895691208449900e-07
5.383895691208449900e-07
3.532373963001867595e-03
4.360955509878847034e-05
3.924859958890963211e-04
4.360955509878847034e-05
3.924859958890963211e-04
3.532373963001867595e-03
3.532373963001867595e-03
3.532373963001867595e-03
4.360955509878847034e-05
3.532373963001867595e-03
3.179136566701681182e-02
5.383895691208449900e-07
3.532373963001867595e-03
4.360955509878847034e-05
4.360955509878847034e-05
3.532373963001867595e-03
3.924859958890963211e-04
4.360955509878847034e-05
3.532373963001867595e-03
5.383895691208449900e-07
3.924859958890963211e-04
4.360955509878847034e-05
4.360955509878847034e-05
4.360955509878847034e-05
5.383895691208449900e-07
4.360955509878847034e-05
4.360955509878847034e-05
4.360955509878847034e-05
4.360955509878847034e-05
2.861222910031514521e-01
4.360955509878847034e-05
3.532373963001867595e-03
3.532373963001867595e-03
4.845506122087606498e-06
5.383895691208449900e-07
3.924859958890963211e-04
5.383895691208449900e-07
4.845506122087606498e-06
5.982106323564943009e-08
4.360955509878847034e-05
3.532373963001867595e-03
5.383895691208449900e-07
3.532373963001867595e-03
3.179136566701681182e-02
3.532373963001867595e-03
3.924859958890963211e-04
3.924859958890963211e-04
3.179136566701681182e-02
4.360955509878847034e-05
3.924859958890963211e-04
4.845506122087606498e-06
3.179136566701681182e-02
4.360955509878847034e-05
4.360955509878847034e-05
4.360955509878847034e-05
4.360955509878847034e-05
5.383895691208449900e-07
3.532373963001867595e-03
3.924859958890963211e-04
3.924859958890963211e-04
4.845506122087606498e-06
3.924859958890963211e-04
3.924859958890963211e-04
3.532373963001867595e-03
3.532373963001867595e-03
3.924859958890963211e-04
3.532373963001867595e-03
3.532373963001867595e-03
3.924859958890963211e-04
4.360955509878847034e-05
4.845506122087606498e-06
5.383895691208449900e-07
3.924859958890963211e-04
3.924859958890963211e-04
3.924859958890963211e-04
4.360955509878847034e-05
4.360955509878847034e-05
4.360955509878847034e-05
3.924859958890963211e-04
4.360955509878847034e-05
4.360955509878847034e-05
4.360955509878847034e-05
4.360955509878847034e-05
3.924859958890963211e-04
4.845506122087606498e-06
4.360955509878847034e-05
5.383895691208449900e-07
4.360955509878847034e-05
3.532373963001867595e-03
4.360955509878847034e-05
3.924859958890963211e-04
3.924859958890963211e-04
3.924859958890963211e-04
3.532373963001867595e-03
4.360955509878847034e-05
4.360955509878847034e-05
3.532373963001867595e-03
3.924859958890963211e-04
3.924859958890963211e-04
4.360955509878847034e-05
5.383895691208449900e-07
4.360955509878847034e-05
4.845506122087606498e-06
4.360955509878847034e-05
4.360955509878847034e-05
4.845506122087606498e-06
4.845506122087606498e-06
3.532373963001867595e-03
3.924859958890963211e-04
3.532373963001867595e-03
4.360955509878847034e-05
4.360955509878847034e-05
3.532373963001867595e-03
3.532373963001867595e-03
3.924859958890963211e-04
3.179136566701681182e-02
4.360955509878847034e-05
5.383895691208449900e-07
3.924859958890963211e-04
3.924859958890963211e-04
3.532373963001867595e-03
3.924859958890963211e-04
5.383895691208449900e-07
4.845506122087606498e-06
3.924859958890963211e-04
3.532373963001867595e-03
4.845506122087606498e-06
3.532373963001867595e-03
4.845506122087606498e-06
3.179136566701681182e-02
4.845506122087606498e-06
3.924859958890963211e-04
3.924859958890963211e-04
4.360955509878847034e-05
3.924859958890963211e-04
3.924859958890963211e-04
4.360955509878847034e-05
4.360955509878847034e-05
3.924859958890963211e-04
