4.116525078114215293e-04
4.116525078114215293e-04
4.116525078114215293e-04
3.334385313272515694e-02
4.573916753460237860e-05
5.082129726066929637e-06
3.704872570302794252e-03
5.646810806741030695e-07
3.704872570302794252e-03
3.334385313272515694e-02
4.573916753460237860e-05
4.573916753460237860e-05
5.082129726066929637e-06
5.646810806741030695e-07
3.704872570302794252e-03
5.082129726066929637e-06
6.274234229712256475e-08
5.082129726066929637e-06
4.573916753460237860e-05
5.082129726066929637e-06
4.573916753460237860e-05
4.573916753460237860e-05
3.704872570302794252e-03
4.116525078114215293e-04
5.646810806741030695e-07
5.082129726066929637e-06
4.116525078114215293e-04
5.082129726066929637e-06
4.116525078114215293e-04
3.704872570302794252e-03
4.573916753460237860e-05
3.704872570302794252e-03
5.082129726066929637e-06
3.334385313272515694e-02
5.082129726066929637e-06
4.116525078114215293e-04
4.116525078114215293e-04
4.116525078114215293e-04
5.646810806741030695e-07
3.704872570302794252e-03
3.334385313272515694e-02
4.116525078114215293e-04
4.116525078114215293e-04
5.082129726066929637e-06
3.334385313272515694e-02
5.082129726066929637e-06
4.573916753460237860e-05
3.704872570302794252e-03
4.116525078114215293e-04
4.573916753460237860e-05
4.116525078114215293e-04
3.704872570302794252e-03
4.573916753460237860e-05
4.573916753460237860e-05
5.646810806741030695e-07
4.573916753460237860e-05
4.573916753460237860e-05
4.573916753460237860e-05
3.704872570302794252e-03
3.704872570302794252e-03
3.704872570302794252e-03
4.573916753460237860e-05
3.704872570302794252e-03
4.116525078114215293e-04
3.704872570302794252e-03
4.573916753460237860e-05
4.116525078114215293e-04
4.116525078114215293e-04
4.116525078114215293e-04
4.573916753460237860e-05
5.082129726066929637e-06
4.573916753460237860e-05
4.116525078114215293e-04
4.573916753460237860e-05
3.704872570302794252e-03
5.646810806741030695e-07
3.704872570302794252e-03
3.704872570302794252e-03
5.082129726066929637e-06
4.116525078114215293e-04
4.573916753460237860e-05
5.646810806741030695e-07
4.573916753460237860e-05
4.116525078114215293e-04
3.704872570302794252e-03
5.082129726066929637e-06
5.082129726066929637e-06
4.116525078114215293e-04
4.116525078114215293e-04
4.116525078114215293e-04
4.573916753460237860e-05
5.082129726066929637e-06
5.082129726066929637e-06
5.646810806741030695e-07
4.116525078114215293e-04
5.082129726066929637e-06
4.573916753460237860e-05
5.082129726066929637e-06
5.082129726066929637e-06
4.573916753460237860e-05
5.082129726066929637e-06
3.704872570302794252e-03
5.082129726066929637e-06
3.704872570302794252e-03
5.646810806741030695e-07
4.116525078114215293e-04
3.704872570302794252e-03
5.082129726066929637e-06
5.082129726066929637e-06
5.082129726066929637e-06
4.573916753460237860e-05
4.116525078114215293e-04
3.704872570302794252e-03
3.704872570302794252e-03
4.116525078114215293e-04
4.116525078114215293e-04
4.116525078114215293e-04
3.334385313272515694e-02
3.704872570302794252e-03
5.082129726066929637e-06
4.116525078114215293e-04
3.704872570302794252e-03
4.573916753460237860e-05
3.334385313272515694e-02
3.704872570302794252e-03
4.116525078114215293e-04
4.573916753460237860e-05
4.116525078114215293e-04
4.573916753460237860e-05
4.116525078114215293e-04
4.116525078114215293e-04
3.704872570302794252e-03
4.573916753460237860e-05
5.082129726066929637e-06
4.573916753460237860e-05
5.646810806741030695e-07
4.116525078114215293e-04
4.116525078114215293e-04
4.116525078114215293e-04
3.704872570302794252e-03
5.082129726066929637e-06
4.573916753460237860e-05
4.116525078114215293e-04
4.573916753460237860e-05
4.573916753460237860e-05
4.573916753460237860e-05
4.573916753460237860e-05
4.116525078114215293e-04
3.704872570302794252e-03
4.116525078114215293e-04
5.082129726066929637e-06
5.082129726066929637e-06
5.082129726066929637e-06
5.082129726066929637e-06
4.116525078114215293e-04
4.573916753460237860e-05
4.573916753460237860e-05
4.116525078114215293e-04
3.704872570302794252e-03
4.116525078114215293e-04
5.082129726066929637e-06
4.573916753460237860e-05
4.573916753460237860e-05
3.704872570302794252e-03
4.573916753460237860e-05
3.704872570302794252e-03
4.573916753460237860e-05
5.082129726066929637e-06
5.082129726066929637e-06
3.704872570302794252e-03
3.704872570302794252e-03
4.116525078114215293e-04
4.116525078114215293e-04
4.573916753460237860e-05
4.573916753460237860e-05
5.082129726066929637e-06
5.082129726066929637e-06
5.082129726066929637e-06
5.082129726066929637e-06
4.573916753460237860e-05
5.082129726066929637e-06
4.116525078114215293e-04
4.116525078114215293e-04
4.573916753460237860e-05
4.116525078114215293e-04
5.082129726066929637e-06
3.704872570302794252e-03
5.082129726066929637e-06
4.573916753460237860e-05
4.573916753460237860e-05
5.082129726066929637e-06
4.116525078114215293e-04
3.000946781945265096e-01
5.082129726066929637e-06
3.704872570302794252e-03
5.646810806741030695e-07
4.116525078114215293e-04
3.334385313272515694e-02
3.704872570302794252e-03
4.116525078114215293e-04
4.116525078114215293e-04
4.573916753460237860e-05
4.116525078114215293e-04
4.116525078114215293e-04
4.573916753460237860e-05
5.646810806741030695e-07
3.704872570302794252e-03
4.116525078114215293e-04
4.573916753460237860e-05
4.116525078114215293e-04
4.573916753460237860e-05
4.573916753460237860e-05
3.704872570302794252e-03
3.704872570302794252e-03
5.646810806741030695e-07
5.646810806741030695e-07
3.704872570302794252e-03
5.082129726066929637e-06
5.646810806741030695e-07
4.573916753460237860e-05
5.082129726066929637e-06
4.116525078114215293e-04
5.082129726066929637e-06
3.704872570302794252e-03
4.573916753460237860e-05
4.116525078114215293e-04
3.704872570302794252e-03
4.116525078114215293e-04
5.082129726066929637e-06
3.704872570302794252e-03
4.116525078114215293e-04
4.573916753460237860e-05
4.573916753460237860e-05
3.704872570302794252e-03
4.573916753460237860e-05
5.082129726066929637e-06
4.573916753460237860e-05
4.573916753460237860e-05
4.116525078114215293e-04
3.704872570302794252e-03
3.704872570302794252e-03
3.334385313272515694e-02
3.704872570302794252e-03
5.082129726066929637e-06
4.116525078114215293e-04
4.116525078114215293e-04
4.116525078114215293e-04
4.573916753460237860e-05
3.704872570302794252e-03
5.082129726066929637e-06
4.573916753460237860e-05
4.573916753460237860e-05
4.116525078114215293e-04
5.082129726066929637e-06
4.116525078114215293e-04
5.082129726066929637e-06
4.116525078114215293e-04
4.116525078114215293e-04
5.646810806741030695e-07
3.334385313272515694e-02
4.573916753460237860e-05
5.082129726066929637e-06
4.573916753460237860e-05
4.116525078114215293e-04
4.116525078114215293e-04
4.116525078114215293e-04
4.116525078114215293e-04
3.704872570302794252e-03
4.116525078114215293e-04
3.704872570302794252e-03
4.116525078114215293e-04
3.704872570302794252e-03
3.704872570302794252e-03
4.116525078114215293e-04
5.082129726066929637e-06
5.082129726066929637e-06
4.573916753460237860e-05
3.704872570302794252e-03
4.573916753460237860e-05
4.116525078114215293e-04
4.116525078114215293e-04
3.704872570302794252e-03
3.334385313272515694e-02
3.704872570302794252e-03
4.116525078114215293e-04
4.573916753460237860e-05
5.082129726066929637e-06
4.116525078114215293e-04
5.082129726066929637e-06
5.082129726066929637e-06
4.573916753460237860e-05
4.116525078114215293e-04
3.704872570302794252e-03
5.082129726066929637e-06
4.116525078114215293e-04
3.704872570302794252e-03
4.116525078114215293e-04
4.573916753460237860e-05
4.573916753460237860e-05
4.116525078114215293e-04
4.116525078114215293e-04
4.116525078114215293e-04
4.116525078114215293e-04
4.116525078114215293e-04
4.573916753460237860e-05
5.082129726066929637e-06
4.573916753460237860e-05
4.573916753460237860e-05
3.704872570302794252e-03
4.573916753460237860e-05
5.646810806741030695e-07
4.116525078114215293e-04
4.573916753460237860e-05
3.704872570302794252e-03
3.334385313272515694e-02
5.082129726066929637e-06
3.704872570302794252e-03
4.116525078114215293e-04
4.573916753460237860e-05
3.334385313272515694e-02
