6.886893943069554574e-03
6.198204548762600158e-02
8.502338201320434300e-05
7.652104381188392767e-04
6.198204548762600158e-02
7.652104381188392767e-04
9.447042445911590466e-06
9.447042445911590466e-06
9.447042445911590466e-06
9.447042445911590466e-06
8.502338201320434300e-05
1.049671382879065231e-06
9.447042445911590466e-06
9.447042445911590466e-06
9.447042445911590466e-06
8.502338201320434300e-05
6.886893943069554574e-03
7.652104381188392767e-04
7.652104381188392767e-04
8.502338201320434300e-05
6.886893943069554574e-03
9.447042445911590466e-06
6.886893943069554574e-03
8.502338201320434300e-05
8.502338201320434300e-05
7.652104381188392767e-04
6.198204548762600158e-02
7.652104381188392767e-04
7.652104381188392767e-04
5.578384093886342709e-01
9.447042445911590466e-06
6.886893943069554574e-03
1.049671382879065231e-06
7.652104381188392767e-04
8.502338201320434300e-05
7.652104381188392767e-04
7.652104381188392767e-04
8.502338201320434300e-05
7.652104381188392767e-04
9.447042445911590466e-06
6.886893943069554574e-03
7.652104381188392767e-04
8.502338201320434300e-05
9.447042445911590466e-06
7.652104381188392767e-04
6.198204548762600158e-02
8.502338201320434300e-05
8.502338201320434300e-05
6.198204548762600158e-02
7.652104381188392767e-04
9.447042445911590466e-06
8.502338201320434300e-05
9.447042445911590466e-06
8.502338201320434300e-05
7.652104381188392767e-04
6.886893943069554574e-03
7.652104381188392767e-04
7.652104381188392767e-04
6.886893943069554574e-03
1.166301536532294716e-07
7.652104381188392767e-04
6.198204548762600158e-02
8.502338201320434300e-05
8.502338201320434300e-05
