2.750786537958421589e-03
2.750786537958421589e-03
2.750786537958421589e-03
3.056429486620467709e-04
3.056429486620467709e-04
2.750786537958421589e-03
2.228137095746322571e-01
3.056429486620467709e-04
2.750786537958421589e-03
2.750786537958421589e-03
3.773369736568476489e-06
2.750786537958421589e-03
3.056429486620467709e-04
2.750786537958421589e-03
2.475707884162580211e-02
2.475707884162580211e-02
2.475707884162580211e-02
2.475707884162580211e-02
3.056429486620467709e-04
2.750786537958421589e-03
2.475707884162580211e-02
3.056429486620467709e-04
3.056429486620467709e-04
3.056429486620467709e-04
2.475707884162580211e-02
3.056429486620467709e-04
2.750786537958421589e-03
3.396032762911630111e-05
2.475707884162580211e-02
2.750786537958421589e-03
3.056429486620467709e-04
2.750786537958421589e-03
3.056429486620467709e-04
2.750786537958421589e-03
3.056429486620467709e-04
2.750786537958421589e-03
3.396032762911630111e-05
4.192633040631640190e-07
2.750786537958421589e-03
2.750786537958421589e-03
3.396032762911630111e-05
3.396032762911630111e-05
3.056429486620467709e-04
3.396032762911630111e-05
2.475707884162580211e-02
3.056429486620467709e-04
2.750786537958421589e-03
3.056429486620467709e-04
2.475707884162580211e-02
3.056429486620467709e-04
3.396032762911630111e-05
3.056429486620467709e-04
2.750786537958421589e-03
3.056429486620467709e-04
3.056429486620467709e-04
3.056429486620467709e-04
2.475707884162580211e-02
2.228137095746322571e-01
3.056429486620467709e-04
3.056429486620467709e-04
2.475707884162580211e-02
2.228137095746322571e-01
3.396032762911630111e-05
2.750786537958421589e-03
