3.125482327519677676e-04
3.125482327519677676e-04
3.858620157431698764e-06
4.287355730479663588e-07
3.125482327519677676e-04
3.125482327519677676e-04
4.287355730479663588e-07
2.812934094767710180e-03
2.812934094767710180e-03
2.812934094767710180e-03
3.472758141688530074e-05
2.812934094767710180e-03
2.531640685290939899e-02
3.472758141688530074e-05
3.472758141688530074e-05
3.858620157431698764e-06
2.812934094767710180e-03
4.287355730479663588e-07
3.125482327519677676e-04
3.472758141688530074e-05
3.125482327519677676e-04
2.531640685290939899e-02
3.858620157431698764e-06
3.472758141688530074e-05
3.472758141688530074e-05
3.858620157431698764e-06
3.472758141688530074e-05
2.812934094767710180e-03
3.858620157431698764e-06
2.812934094767710180e-03
3.125482327519677676e-04
3.125482327519677676e-04
3.125482327519677676e-04
3.125482327519677676e-04
4.287355730479663588e-07
2.531640685290939899e-02
2.812934094767710180e-03
3.125482327519677676e-04
4.287355730479663588e-07
3.125482327519677676e-04
3.858620157431698764e-06
3.125482327519677676e-04
3.125482327519677676e-04
3.472758141688530074e-05
3.472758141688530074e-05
2.812934094767710180e-03
3.472758141688530074e-05
3.858620157431698764e-06
3.472758141688530074e-05
3.125482327519677676e-04
3.472758141688530074e-05
4.287355730479663588e-07
3.472758141688530074e-05
3.858620157431698764e-06
3.472758141688530074e-05
3.125482327519677676e-04
4.287355730479663588e-07
3.472758141688530074e-05
3.125482327519677676e-04
2.812934094767710180e-03
3.125482327519677676e-04
3.858620157431698764e-06
3.125482327519677676e-04
3.472758141688530074e-05
4.287355730479663588e-07
3.125482327519677676e-04
3.472758141688530074e-05
2.812934094767710180e-03
3.858620157431698764e-06
2.531640685290939899e-02
3.125482327519677676e-04
3.125482327519677676e-04
3.858620157431698764e-06
3.858620157431698764e-06
3.125482327519677676e-04
3.472758141688530074e-05
3.858620157431698764e-06
2.278476616761846707e-01
3.858620157431698764e-06
2.531640685290939899e-02
3.858620157431698764e-06
3.125482327519677676e-04
3.125482327519677676e-04
3.472758141688530074e-05
3.472758141688530074e-05
3.858620157431698764e-06
2.812934094767710180e-03
3.125482327519677676e-04
3.472758141688530074e-05
3.125482327519677676e-04
3.472758141688530074e-05
3.472758141688530074e-05
2.278476616761846707e-01
3.472758141688530074e-05
3.858620157431698764e-06
3.125482327519677676e-04
2.812934094767710180e-03
3.472758141688530074e-05
3.858620157431698764e-06
3.472758141688530074e-05
2.812934094767710180e-03
2.812934094767710180e-03
3.472758141688530074e-05
3.472758141688530074e-05
3.472758141688530074e-05
3.125482327519677676e-04
4.287355730479663588e-07
3.125482327519677676e-04
3.125482327519677676e-04
2.531640685290939899e-02
2.812934094767710180e-03
3.125482327519677676e-04
3.125482327519677676e-04
2.531640685290939899e-02
2.812934094767710180e-03
2.531640685290939899e-02
2.812934094767710180e-03
2.812934094767710180e-03
3.125482327519677676e-04
3.858620157431698764e-06
3.472758141688530074e-05
2.812934094767710180e-03
2.531640685290939899e-02
3.125482327519677676e-04
3.472758141688530074e-05
3.125482327519677676e-04
2.812934094767710180e-03
3.472758141688530074e-05
3.472758141688530074e-05
3.858620157431698764e-06
3.472758141688530074e-05
4.287355730479663588e-07
3.472758141688530074e-05
3.472758141688530074e-05
3.125482327519677676e-04
3.858620157431698764e-06
3.125482327519677676e-04
3.125482327519677676e-04
2.812934094767710180e-03
3.125482327519677676e-04
2.531640685290939899e-02
4.287355730479663588e-07
3.125482327519677676e-04
3.858620157431698764e-06
3.125482327519677676e-04
3.472758141688530074e-05
3.472758141688530074e-05
2.812934094767710180e-03
3.472758141688530074e-05
3.472758141688530074e-05
3.125482327519677676e-04
3.125482327519677676e-04
3.472758141688530074e-05
3.125482327519677676e-04
3.472758141688530074e-05
3.858620157431698764e-06
3.472758141688530074e-05
2.812934094767710180e-03
3.125482327519677676e-04
3.472758141688530074e-05
3.472758141688530074e-05
4.287355730479663588e-07
3.125482327519677676e-04
3.125482327519677676e-04
3.472758141688530074e-05
2.812934094767710180e-03
3.125482327519677676e-04
3.472758141688530074e-05
3.472758141688530074e-05
2.812934094767710180e-03
3.472758141688530074e-05
2.812934094767710180e-03
2.812934094767710180e-03
3.125482327519677676e-04
3.472758141688530074e-05
3.125482327519677676e-04
3.858620157431698764e-06
3.125482327519677676e-04
2.531640685290939899e-02
3.472758141688530074e-05
2.812934094767710180e-03
3.472758141688530074e-05
3.125482327519677676e-04
3.472758141688530074e-05
3.858620157431698764e-06
3.125482327519677676e-04
2.531640685290939899e-02
2.812934094767710180e-03
3.472758141688530074e-05
3.472758141688530074e-05
3.472758141688530074e-05
3.858620157431698764e-06
2.812934094767710180e-03
3.125482327519677676e-04
2.812934094767710180e-03
3.858620157431698764e-06
3.472758141688530074e-05
3.125482327519677676e-04
3.472758141688530074e-05
3.472758141688530074e-05
3.858620157431698764e-06
3.472758141688530074e-05
3.858620157431698764e-06
4.287355730479663588e-07
3.472758141688530074e-05
3.125482327519677676e-04
2.812934094767710180e-03
3.472758141688530074e-05
3.858620157431698764e-06
3.125482327519677676e-04
3.125482327519677676e-04
3.125482327519677676e-04
3.472758141688530074e-05
3.858620157431698764e-06
3.125482327519677676e-04
2.812934094767710180e-03
2.812934094767710180e-03
3.125482327519677676e-04
3.472758141688530074e-05
3.125482327519677676e-04
3.858620157431698764e-06
3.125482327519677676e-04
3.472758141688530074e-05
3.125482327519677676e-04
2.531640685290939899e-02
3.472758141688530074e-05
2.531640685290939899e-02
4.287355730479663588e-07
2.812934094767710180e-03
3.472758141688530074e-05
3.125482327519677676e-04
3.472758141688530074e-05
4.287355730479663588e-07
3.472758141688530074e-05
3.858620157431698764e-06
3.472758141688530074e-05
3.858620157431698764e-06
3.858620157431698764e-06
2.812934094767710180e-03
3.858620157431698764e-06
3.858620157431698764e-06
3.125482327519677676e-04
4.287355730479663588e-07
3.472758141688530074e-05
2.812934094767710180e-03
2.812934094767710180e-03
3.858620157431698764e-06
2.812934094767710180e-03
3.125482327519677676e-04
2.531640685290939899e-02
2.812934094767710180e-03
3.858620157431698764e-06
2.531640685290939899e-02
4.287355730479663588e-07
4.287355730479663588e-07
3.472758141688530074e-05
