5.049626569301716864e-04
5.049626569301716864e-04
5.610696188113018060e-05
5.610696188113018060e-05
5.610696188113018060e-05
6.926785417423474381e-07
6.926785417423474381e-07
4.544663912371546370e-03
5.610696188113018060e-05
6.234106875681129484e-06
4.544663912371546370e-03
5.049626569301716864e-04
5.610696188113018060e-05
5.049626569301716864e-04
5.610696188113018060e-05
4.544663912371546370e-03
5.610696188113018060e-05
4.544663912371546370e-03
5.049626569301716864e-04
6.926785417423474381e-07
6.234106875681129484e-06
4.544663912371546370e-03
5.610696188113018060e-05
4.090197521134392861e-02
5.049626569301716864e-04
5.610696188113018060e-05
5.610696188113018060e-05
5.610696188113018060e-05
4.090197521134392861e-02
5.610696188113018060e-05
4.544663912371546370e-03
5.610696188113018060e-05
6.234106875681129484e-06
5.610696188113018060e-05
6.926785417423474381e-07
4.090197521134392861e-02
4.544663912371546370e-03
5.049626569301716864e-04
6.234106875681129484e-06
6.234106875681129484e-06
4.544663912371546370e-03
5.610696188113018060e-05
5.610696188113018060e-05
6.926785417423474381e-07
5.610696188113018060e-05
5.610696188113018060e-05
4.544663912371546370e-03
5.610696188113018060e-05
5.610696188113018060e-05
5.610696188113018060e-05
6.234106875681129484e-06
4.544663912371546370e-03
6.234106875681129484e-06
6.926785417423474381e-07
5.049626569301716864e-04
7.696428241581637907e-08
5.049626569301716864e-04
5.049626569301716864e-04
5.610696188113018060e-05
4.544663912371546370e-03
6.234106875681129484e-06
5.049626569301716864e-04
6.234106875681129484e-06
5.610696188113018060e-05
5.610696188113018060e-05
5.049626569301716864e-04
5.610696188113018060e-05
6.234106875681129484e-06
5.049626569301716864e-04
4.090197521134392861e-02
5.049626569301716864e-04
4.544663912371546370e-03
4.544663912371546370e-03
6.234106875681129484e-06
4.544663912371546370e-03
5.049626569301716864e-04
5.610696188113018060e-05
5.049626569301716864e-04
6.234106875681129484e-06
4.544663912371546370e-03
5.610696188113018060e-05
5.049626569301716864e-04
4.544663912371546370e-03
4.090197521134392861e-02
5.049626569301716864e-04
4.544663912371546370e-03
4.544663912371546370e-03
4.544663912371546370e-03
5.610696188113018060e-05
4.544663912371546370e-03
5.610696188113018060e-05
4.544663912371546370e-03
4.544663912371546370e-03
5.610696188113018060e-05
4.544663912371546370e-03
5.049626569301716864e-04
6.234106875681129484e-06
6.234106875681129484e-06
5.610696188113018060e-05
5.610696188113018060e-05
5.049626569301716864e-04
6.234106875681129484e-06
5.049626569301716864e-04
6.926785417423474381e-07
5.610696188113018060e-05
6.234106875681129484e-06
4.544663912371546370e-03
4.544663912371546370e-03
5.049626569301716864e-04
5.049626569301716864e-04
6.926785417423474381e-07
5.610696188113018060e-05
5.610696188113018060e-05
5.049626569301716864e-04
6.234106875681129484e-06
6.926785417423474381e-07
4.090197521134392861e-02
6.234106875681129484e-06
5.049626569301716864e-04
6.234106875681129484e-06
5.610696188113018060e-05
5.610696188113018060e-05
5.049626569301716864e-04
5.049626569301716864e-04
4.544663912371546370e-03
4.544663912371546370e-03
4.544663912371546370e-03
4.544663912371546370e-03
4.544663912371546370e-03
5.049626569301716864e-04
5.049626569301716864e-04
5.610696188113018060e-05
5.610696188113018060e-05
5.049626569301716864e-04
6.234106875681129484e-06
5.610696188113018060e-05
5.610696188113018060e-05
4.544663912371546370e-03
5.049626569301716864e-04
5.610696188113018060e-05
5.610696188113018060e-05
4.544663912371546370e-03
6.234106875681129484e-06
5.610696188113018060e-05
4.090197521134392861e-02
5.610696188113018060e-05
6.234106875681129484e-06
4.544663912371546370e-03
4.544663912371546370e-03
4.544663912371546370e-03
5.049626569301716864e-04
5.610696188113018060e-05
4.544663912371546370e-03
5.610696188113018060e-05
5.610696188113018060e-05
5.049626569301716864e-04
4.544663912371546370e-03
4.090197521134392861e-02
5.610696188113018060e-05
5.049626569301716864e-04
5.610696188113018060e-05
5.610696188113018060e-05
5.049626569301716864e-04
5.610696188113018060e-05
6.234106875681129484e-06
5.049626569301716864e-04
4.544663912371546370e-03
5.049626569301716864e-04
5.049626569301716864e-04
6.926785417423474381e-07
4.544663912371546370e-03
5.610696188113018060e-05
5.610696188113018060e-05
5.049626569301716864e-04
5.049626569301716864e-04
5.049626569301716864e-04
6.234106875681129484e-06
4.544663912371546370e-03
4.544663912371546370e-03
6.926785417423474381e-07
4.544663912371546370e-03
5.049626569301716864e-04
4.544663912371546370e-03
6.234106875681129484e-06
6.234106875681129484e-06
5.049626569301716864e-04
5.049626569301716864e-04
5.049626569301716864e-04
5.049626569301716864e-04
5.049626569301716864e-04
5.610696188113018060e-05
4.090197521134392861e-02
5.049626569301716864e-04
4.090197521134392861e-02
6.234106875681129484e-06
5.049626569301716864e-04
5.049626569301716864e-04
6.234106875681129484e-06
5.610696188113018060e-05
4.544663912371546370e-03
5.049626569301716864e-04
5.049626569301716864e-04
5.610696188113018060e-05
4.544663912371546370e-03
6.926785417423474381e-07
5.610696188113018060e-05
5.610696188113018060e-05
4.544663912371546370e-03
6.234106875681129484e-06
4.544663912371546370e-03
5.049626569301716864e-04
4.544663912371546370e-03
5.610696188113018060e-05
5.610696188113018060e-05
5.049626569301716864e-04
4.544663912371546370e-03
5.049626569301716864e-04
4.544663912371546370e-03
5.610696188113018060e-05
6.926785417423474381e-07
6.234106875681129484e-06
5.049626569301716864e-04
5.610696188113018060e-05
4.544663912371546370e-03
6.234106875681129484e-06
5.610696188113018060e-05
4.544663912371546370e-03
6.926785417423474381e-07
5.049626569301716864e-04
5.049626569301716864e-04
5.610696188113018060e-05
5.610696188113018060e-05
5.610696188113018060e-05
6.234106875681129484e-06
5.049626569301716864e-04
5.049626569301716864e-04
4.544663912371546370e-03
5.049626569301716864e-04
6.234106875681129484e-06
5.049626569301716864e-04
4.544663912371546370e-03
6.234106875681129484e-06
5.610696188113018060e-05
5.610696188113018060e-05
5.049626569301716864e-04
6.234106875681129484e-06
6.234106875681129484e-06
6.234106875681129484e-06
5.610696188113018060e-05
5.049626569301716864e-04
6.234106875681129484e-06
6.234106875681129484e-06
5.610696188113018060e-05
4.544663912371546370e-03
6.234106875681129484e-06
5.610696188113018060e-05
5.049626569301716864e-04
6.234106875681129484e-06
5.610696188113018060e-05
5.610696188113018060e-05
5.610696188113018060e-05
5.610696188113018060e-05
5.049626569301716864e-04
5.610696188113018060e-05
5.610696188113018060e-05
4.544663912371546370e-03
4.544663912371546370e-03
5.049626569301716864e-04
5.610696188113018060e-05
5.049626569301716864e-04
5.049626569301716864e-04
5.610696188113018060e-05
6.234106875681129484e-06
5.049626569301716864e-04
5.610696188113018060e-05
4.090197521134392861e-02
6.234106875681129484e-06
5.610696188113018060e-05
4.544663912371546370e-03
6.234106875681129484e-06
5.610696188113018060e-05
5.610696188113018060e-05
5.049626569301716864e-04
4.090197521134392861e-02
6.234106875681129484e-06
6.234106875681129484e-06
5.610696188113018060e-05
5.049626569301716864e-04
6.234106875681129484e-06
5.610696188113018060e-05
5.610696188113018060e-05
5.610696188113018060e-05
5.049626569301716864e-04
5.610696188113018060e-05
4.090197521134392861e-02
5.049626569301716864e-04
4.544663912371546370e-03
4.544663912371546370e-03
4.544663912371546370e-03
5.610696188113018060e-05
5.610696188113018060e-05
5.610696188113018060e-05
5.049626569301716864e-04
5.610696188113018060e-05
5.610696188113018060e-05
4.544663912371546370e-03
5.610696188113018060e-05
5.049626569301716864e-04
6.926785417423474381e-07
5.049626569301716864e-04
5.049626569301716864e-04
5.049626569301716864e-04
6.234106875681129484e-06
6.234106875681129484e-06
5.049626569301716864e-04
6.926785417423474381e-07
5.049626569301716864e-04
5.610696188113018060e-05
5.049626569301716864e-04
6.234106875681129484e-06
5.610696188113018060e-05
4.544663912371546370e-03
5.610696188113018060e-05
6.234106875681129484e-06
6.234106875681129484e-06
6.234106875681129484e-06
6.234106875681129484e-06
5.610696188113018060e-05
6.234106875681129484e-06
5.049626569301716864e-04
5.049626569301716864e-04
5.049626569301716864e-04
4.544663912371546370e-03
6.234106875681129484e-06
6.234106875681129484e-06
4.544663912371546370e-03
5.049626569301716864e-04
5.049626569301716864e-04
5.610696188113018060e-05
5.049626569301716864e-04
5.049626569301716864e-04
5.610696188113018060e-05
5.049626569301716864e-04
5.610696188113018060e-05
5.049626569301716864e-04
5.049626569301716864e-04
5.610696188113018060e-05
5.610696188113018060e-05
4.544663912371546370e-03
5.610696188113018060e-05
5.049626569301716864e-04
5.610696188113018060e-05
5.049626569301716864e-04
4.544663912371546370e-03
5.049626569301716864e-04
5.049626569301716864e-04
6.234106875681129484e-06
5.610696188113018060e-05
4.544663912371546370e-03
5.610696188113018060e-05
5.049626569301716864e-04
5.049626569301716864e-04
5.049626569301716864e-04
4.544663912371546370e-03
5.049626569301716864e-04
6.926785417423474381e-07
5.049626569301716864e-04
4.090197521134392861e-02
4.544663912371546370e-03
5.049626569301716864e-04
6.234106875681129484e-06
4.090197521134392861e-02
6.234106875681129484e-06
4.544663912371546370e-03
5.610696188113018060e-05
5.610696188113018060e-05
6.234106875681129484e-06
5.049626569301716864e-04
5.610696188113018060e-05
5.049626569301716864e-04
4.544663912371546370e-03
5.610696188113018060e-05
5.610696188113018060e-05
6.234106875681129484e-06
