1.462482925439400434e-03
1.462482925439400434e-03
2.006149417612344844e-06
1.462482925439400434e-03
1.184611169605915004e-01
1.805534475851110953e-05
2.006149417612344844e-06
1.462482925439400434e-03
1.805534475851110953e-05
1.316234632895460673e-02
1.316234632895460673e-02
1.624981028266000061e-04
1.805534475851110953e-05
1.805534475851110953e-05
1.462482925439400434e-03
1.805534475851110953e-05
1.462482925439400434e-03
1.624981028266000061e-04
1.805534475851110953e-05
1.805534475851110953e-05
2.006149417612344844e-06
1.462482925439400434e-03
2.006149417612344844e-06
2.006149417612344844e-06
1.624981028266000061e-04
1.462482925439400434e-03
1.624981028266000061e-04
2.006149417612344844e-06
1.462482925439400434e-03
1.624981028266000061e-04
1.805534475851110953e-05
1.624981028266000061e-04
1.462482925439400434e-03
1.462482925439400434e-03
1.316234632895460673e-02
1.316234632895460673e-02
1.805534475851110953e-05
2.006149417612344844e-06
1.805534475851110953e-05
1.624981028266000061e-04
1.624981028266000061e-04
2.006149417612344844e-06
2.006149417612344844e-06
2.006149417612344844e-06
1.624981028266000061e-04
1.805534475851110953e-05
1.624981028266000061e-04
1.316234632895460673e-02
1.805534475851110953e-05
1.805534475851110953e-05
1.805534475851110953e-05
1.624981028266000061e-04
2.006149417612344844e-06
1.462482925439400434e-03
1.805534475851110953e-05
2.006149417612344844e-06
1.462482925439400434e-03
1.624981028266000061e-04
1.805534475851110953e-05
1.805534475851110953e-05
2.006149417612344844e-06
1.805534475851110953e-05
2.006149417612344844e-06
2.229054908458160261e-07
1.805534475851110953e-05
1.624981028266000061e-04
1.624981028266000061e-04
1.624981028266000061e-04
2.006149417612344844e-06
1.805534475851110953e-05
1.805534475851110953e-05
1.624981028266000061e-04
1.805534475851110953e-05
1.462482925439400434e-03
1.624981028266000061e-04
1.624981028266000061e-04
1.462482925439400434e-03
1.624981028266000061e-04
1.624981028266000061e-04
1.805534475851110953e-05
1.624981028266000061e-04
1.805534475851110953e-05
1.805534475851110953e-05
1.462482925439400434e-03
1.805534475851110953e-05
1.805534475851110953e-05
1.624981028266000061e-04
1.805534475851110953e-05
1.624981028266000061e-04
1.624981028266000061e-04
1.805534475851110953e-05
1.805534475851110953e-05
1.805534475851110953e-05
1.805534475851110953e-05
2.006149417612344844e-06
2.229054908458160261e-07
1.462482925439400434e-03
1.184611169605915004e-01
1.624981028266000061e-04
1.462482925439400434e-03
1.462482925439400434e-03
1.805534475851110953e-05
1.624981028266000061e-04
1.624981028266000061e-04
1.316234632895460673e-02
1.624981028266000061e-04
1.624981028266000061e-04
1.624981028266000061e-04
2.006149417612344844e-06
1.805534475851110953e-05
2.229054908458160261e-07
1.462482925439400434e-03
1.805534475851110953e-05
1.805534475851110953e-05
1.624981028266000061e-04
1.462482925439400434e-03
1.624981028266000061e-04
2.006149417612344844e-06
1.624981028266000061e-04
1.624981028266000061e-04
2.006149417612344844e-06
1.805534475851110953e-05
1.316234632895460673e-02
2.006149417612344844e-06
1.316234632895460673e-02
1.805534475851110953e-05
2.006149417612344844e-06
1.805534475851110953e-05
2.006149417612344844e-06
2.006149417612344844e-06
1.624981028266000061e-04
1.805534475851110953e-05
1.624981028266000061e-04
2.229054908458160261e-07
1.316234632895460673e-02
1.624981028266000061e-04
1.624981028266000061e-04
1.805534475851110953e-05
1.624981028266000061e-04
1.805534475851110953e-05
1.316234632895460673e-02
2.229054908458160261e-07
2.006149417612344844e-06
1.624981028266000061e-04
2.006149417612344844e-06
1.624981028266000061e-04
1.462482925439400434e-03
2.006149417612344844e-06
2.006149417612344844e-06
2.006149417612344844e-06
1.805534475851110953e-05
1.805534475851110953e-05
1.462482925439400434e-03
2.006149417612344844e-06
2.006149417612344844e-06
1.316234632895460673e-02
1.462482925439400434e-03
2.006149417612344844e-06
1.624981028266000061e-04
1.624981028266000061e-04
1.805534475851110953e-05
2.006149417612344844e-06
2.006149417612344844e-06
1.805534475851110953e-05
1.624981028266000061e-04
1.805534475851110953e-05
1.462482925439400434e-03
1.805534475851110953e-05
1.805534475851110953e-05
2.006149417612344844e-06
2.006149417612344844e-06
1.624981028266000061e-04
1.462482925439400434e-03
1.624981028266000061e-04
1.462482925439400434e-03
1.624981028266000061e-04
1.624981028266000061e-04
1.624981028266000061e-04
1.462482925439400434e-03
2.006149417612344844e-06
1.805534475851110953e-05
2.229054908458160261e-07
1.462482925439400434e-03
1.805534475851110953e-05
1.462482925439400434e-03
1.462482925439400434e-03
1.805534475851110953e-05
2.006149417612344844e-06
1.462482925439400434e-03
2.229054908458160261e-07
1.805534475851110953e-05
1.462482925439400434e-03
1.316234632895460673e-02
1.805534475851110953e-05
1.316234632895460673e-02
1.805534475851110953e-05
2.229054908458160261e-07
1.805534475851110953e-05
1.805534475851110953e-05
1.624981028266000061e-04
1.184611169605915004e-01
1.624981028266000061e-04
1.624981028266000061e-04
1.805534475851110953e-05
1.462482925439400434e-03
1.316234632895460673e-02
1.624981028266000061e-04
1.462482925439400434e-03
1.462482925439400434e-03
1.805534475851110953e-05
1.316234632895460673e-02
2.229054908458160261e-07
1.805534475851110953e-05
2.006149417612344844e-06
2.006149417612344844e-06
2.006149417612344844e-06
2.006149417612344844e-06
1.805534475851110953e-05
1.624981028266000061e-04
2.229054908458160261e-07
1.316234632895460673e-02
2.006149417612344844e-06
2.006149417612344844e-06
2.006149417612344844e-06
2.229054908458160261e-07
1.462482925439400434e-03
1.624981028266000061e-04
1.624981028266000061e-04
1.805534475851110953e-05
1.316234632895460673e-02
1.805534475851110953e-05
1.624981028266000061e-04
2.006149417612344844e-06
2.006149417612344844e-06
2.476727676064622219e-08
1.805534475851110953e-05
1.462482925439400434e-03
2.006149417612344844e-06
1.624981028266000061e-04
2.006149417612344844e-06
1.805534475851110953e-05
2.006149417612344844e-06
1.624981028266000061e-04
2.229054908458160261e-07
1.805534475851110953e-05
1.805534475851110953e-05
2.006149417612344844e-06
1.316234632895460673e-02
2.229054908458160261e-07
1.462482925439400434e-03
1.624981028266000061e-04
1.805534475851110953e-05
1.805534475851110953e-05
2.006149417612344844e-06
1.805534475851110953e-05
2.006149417612344844e-06
1.624981028266000061e-04
1.462482925439400434e-03
2.006149417612344844e-06
1.805534475851110953e-05
1.184611169605915004e-01
1.805534475851110953e-05
1.805534475851110953e-05
1.624981028266000061e-04
1.462482925439400434e-03
1.462482925439400434e-03
1.805534475851110953e-05
2.006149417612344844e-06
1.624981028266000061e-04
1.624981028266000061e-04
1.805534475851110953e-05
1.805534475851110953e-05
1.462482925439400434e-03
1.462482925439400434e-03
1.805534475851110953e-05
1.805534475851110953e-05
2.006149417612344844e-06
1.462482925439400434e-03
1.805534475851110953e-05
1.805534475851110953e-05
1.624981028266000061e-04
2.229054908458160261e-07
1.805534475851110953e-05
1.184611169605915004e-01
1.805534475851110953e-05
1.624981028266000061e-04
1.624981028266000061e-04
1.624981028266000061e-04
2.229054908458160261e-07
1.624981028266000061e-04
1.805534475851110953e-05
2.006149417612344844e-06
2.006149417612344844e-06
1.805534475851110953e-05
2.006149417612344844e-06
2.006149417612344844e-06
1.805534475851110953e-05
1.624981028266000061e-04
1.805534475851110953e-05
2.006149417612344844e-06
1.462482925439400434e-03
1.805534475851110953e-05
1.805534475851110953e-05
2.006149417612344844e-06
1.624981028266000061e-04
2.006149417612344844e-06
1.316234632895460673e-02
1.462482925439400434e-03
1.462482925439400434e-03
1.805534475851110953e-05
1.805534475851110953e-05
2.006149417612344844e-06
1.624981028266000061e-04
1.624981028266000061e-04
1.462482925439400434e-03
1.624981028266000061e-04
1.624981028266000061e-04
2.229054908458160261e-07
1.805534475851110953e-05
1.624981028266000061e-04
1.805534475851110953e-05
2.229054908458160261e-07
1.624981028266000061e-04
1.805534475851110953e-05
1.316234632895460673e-02
1.316234632895460673e-02
1.462482925439400434e-03
1.624981028266000061e-04
2.006149417612344844e-06
1.462482925439400434e-03
1.624981028266000061e-04
2.006149417612344844e-06
1.805534475851110953e-05
2.229054908458160261e-07
1.805534475851110953e-05
1.316234632895460673e-02
1.624981028266000061e-04
2.229054908458160261e-07
2.006149417612344844e-06
1.624981028266000061e-04
1.805534475851110953e-05
2.006149417612344844e-06
2.006149417612344844e-06
1.624981028266000061e-04
1.624981028266000061e-04
2.006149417612344844e-06
1.624981028266000061e-04
1.805534475851110953e-05
1.462482925439400434e-03
2.229054908458160261e-07
1.805534475851110953e-05
1.805534475851110953e-05
1.462482925439400434e-03
1.805534475851110953e-05
1.462482925439400434e-03
1.624981028266000061e-04
2.006149417612344844e-06
1.624981028266000061e-04
1.462482925439400434e-03
1.316234632895460673e-02
1.805534475851110953e-05
2.006149417612344844e-06
1.462482925439400434e-03
1.624981028266000061e-04
1.462482925439400434e-03
1.805534475851110953e-05
2.229054908458160261e-07
2.476727676064622219e-08
2.006149417612344844e-06
1.462482925439400434e-03
1.624981028266000061e-04
1.805534475851110953e-05
1.805534475851110953e-05
1.624981028266000061e-04
1.805534475851110953e-05
1.624981028266000061e-04
1.624981028266000061e-04
1.805534475851110953e-05
1.462482925439400434e-03
1.805534475851110953e-05
1.462482925439400434e-03
1.624981028266000061e-04
1.624981028266000061e-04
1.805534475851110953e-05
