2.223335292796236881e-06
1.800901587164952607e-04
2.001001763516613744e-05
1.312857257043251458e-01
2.223335292796236881e-06
2.470372547551373489e-07
2.001001763516613744e-05
1.800901587164952607e-04
1.800901587164952607e-04
1.620811428448457698e-03
1.800901587164952607e-04
1.800901587164952607e-04
1.800901587164952607e-04
2.001001763516613744e-05
1.800901587164952607e-04
2.470372547551373489e-07
2.223335292796236881e-06
2.223335292796236881e-06
1.800901587164952607e-04
2.001001763516613744e-05
1.800901587164952607e-04
1.800901587164952607e-04
1.800901587164952607e-04
1.620811428448457698e-03
1.620811428448457698e-03
2.001001763516613744e-05
2.223335292796236881e-06
1.620811428448457698e-03
1.800901587164952607e-04
2.001001763516613744e-05
2.223335292796236881e-06
1.620811428448457698e-03
2.001001763516613744e-05
1.620811428448457698e-03
2.001001763516613744e-05
1.800901587164952607e-04
1.800901587164952607e-04
1.800901587164952607e-04
1.620811428448457698e-03
1.458730285603612384e-02
1.800901587164952607e-04
2.223335292796236881e-06
2.001001763516613744e-05
2.001001763516613744e-05
2.223335292796236881e-06
2.001001763516613744e-05
1.458730285603612384e-02
1.800901587164952607e-04
2.470372547551373489e-07
1.620811428448457698e-03
2.001001763516613744e-05
2.001001763516613744e-05
1.312857257043251458e-01
2.001001763516613744e-05
1.620811428448457698e-03
1.620811428448457698e-03
2.223335292796236881e-06
1.458730285603612384e-02
1.620811428448457698e-03
1.800901587164952607e-04
2.001001763516613744e-05
2.001001763516613744e-05
2.001001763516613744e-05
2.001001763516613744e-05
1.620811428448457698e-03
2.001001763516613744e-05
1.620811428448457698e-03
1.800901587164952607e-04
2.001001763516613744e-05
2.223335292796236881e-06
2.223335292796236881e-06
2.223335292796236881e-06
1.800901587164952607e-04
2.223335292796236881e-06
2.001001763516613744e-05
1.620811428448457698e-03
1.620811428448457698e-03
1.458730285603612384e-02
2.001001763516613744e-05
1.800901587164952607e-04
2.223335292796236881e-06
1.800901587164952607e-04
2.001001763516613744e-05
2.001001763516613744e-05
1.800901587164952607e-04
2.223335292796236881e-06
1.458730285603612384e-02
2.001001763516613744e-05
2.001001763516613744e-05
2.223335292796236881e-06
1.800901587164952607e-04
2.223335292796236881e-06
1.620811428448457698e-03
1.800901587164952607e-04
1.800901587164952607e-04
2.223335292796236881e-06
1.620811428448457698e-03
2.223335292796236881e-06
1.800901587164952607e-04
2.470372547551373489e-07
1.800901587164952607e-04
1.312857257043251458e-01
2.001001763516613744e-05
1.458730285603612384e-02
2.001001763516613744e-05
1.800901587164952607e-04
1.800901587164952607e-04
1.800901587164952607e-04
2.001001763516613744e-05
1.620811428448457698e-03
2.223335292796236881e-06
1.458730285603612384e-02
2.223335292796236881e-06
2.001001763516613744e-05
2.001001763516613744e-05
2.001001763516613744e-05
1.458730285603612384e-02
1.800901587164952607e-04
2.001001763516613744e-05
1.800901587164952607e-04
1.620811428448457698e-03
1.800901587164952607e-04
1.800901587164952607e-04
2.470372547551373489e-07
1.800901587164952607e-04
1.620811428448457698e-03
2.001001763516613744e-05
1.458730285603612384e-02
1.800901587164952607e-04
2.744858386168192472e-08
1.800901587164952607e-04
2.223335292796236881e-06
1.458730285603612384e-02
2.001001763516613744e-05
1.620811428448457698e-03
2.223335292796236881e-06
2.223335292796236881e-06
2.470372547551373489e-07
1.800901587164952607e-04
1.800901587164952607e-04
1.458730285603612384e-02
1.620811428448457698e-03
2.001001763516613744e-05
1.800901587164952607e-04
1.620811428448457698e-03
1.620811428448457698e-03
1.800901587164952607e-04
2.001001763516613744e-05
1.620811428448457698e-03
2.223335292796236881e-06
2.223335292796236881e-06
2.001001763516613744e-05
2.223335292796236881e-06
2.001001763516613744e-05
2.001001763516613744e-05
1.620811428448457698e-03
1.800901587164952607e-04
1.800901587164952607e-04
2.223335292796236881e-06
1.800901587164952607e-04
2.744858386168192472e-08
2.001001763516613744e-05
1.800901587164952607e-04
2.001001763516613744e-05
1.620811428448457698e-03
2.001001763516613744e-05
2.001001763516613744e-05
1.800901587164952607e-04
2.223335292796236881e-06
1.620811428448457698e-03
1.620811428448457698e-03
2.001001763516613744e-05
2.001001763516613744e-05
2.001001763516613744e-05
1.800901587164952607e-04
1.620811428448457698e-03
2.001001763516613744e-05
2.223335292796236881e-06
2.001001763516613744e-05
2.001001763516613744e-05
2.001001763516613744e-05
1.800901587164952607e-04
1.800901587164952607e-04
2.001001763516613744e-05
2.470372547551373489e-07
2.001001763516613744e-05
1.800901587164952607e-04
2.001001763516613744e-05
2.470372547551373489e-07
2.223335292796236881e-06
1.800901587164952607e-04
1.800901587164952607e-04
1.800901587164952607e-04
1.800901587164952607e-04
2.223335292796236881e-06
2.001001763516613744e-05
1.800901587164952607e-04
2.001001763516613744e-05
1.620811428448457698e-03
2.470372547551373489e-07
2.223335292796236881e-06
2.001001763516613744e-05
2.223335292796236881e-06
2.001001763516613744e-05
1.800901587164952607e-04
2.223335292796236881e-06
2.223335292796236881e-06
2.001001763516613744e-05
1.620811428448457698e-03
1.800901587164952607e-04
2.223335292796236881e-06
2.470372547551373489e-07
2.001001763516613744e-05
2.001001763516613744e-05
1.800901587164952607e-04
2.001001763516613744e-05
2.001001763516613744e-05
1.800901587164952607e-04
2.223335292796236881e-06
1.620811428448457698e-03
1.800901587164952607e-04
1.800901587164952607e-04
1.800901587164952607e-04
2.001001763516613744e-05
1.800901587164952607e-04
2.001001763516613744e-05
2.001001763516613744e-05
1.620811428448457698e-03
2.470372547551373489e-07
2.001001763516613744e-05
1.800901587164952607e-04
1.800901587164952607e-04
1.620811428448457698e-03
2.223335292796236881e-06
2.223335292796236881e-06
1.800901587164952607e-04
2.001001763516613744e-05
1.620811428448457698e-03
2.001001763516613744e-05
1.800901587164952607e-04
1.800901587164952607e-04
1.800901587164952607e-04
1.800901587164952607e-04
1.620811428448457698e-03
1.800901587164952607e-04
1.800901587164952607e-04
2.001001763516613744e-05
1.620811428448457698e-03
2.223335292796236881e-06
2.223335292796236881e-06
1.800901587164952607e-04
1.620811428448457698e-03
2.001001763516613744e-05
2.001001763516613744e-05
2.001001763516613744e-05
1.620811428448457698e-03
1.800901587164952607e-04
1.620811428448457698e-03
1.800901587164952607e-04
2.223335292796236881e-06
2.223335292796236881e-06
1.458730285603612384e-02
2.223335292796236881e-06
2.223335292796236881e-06
1.620811428448457698e-03
2.001001763516613744e-05
1.800901587164952607e-04
1.800901587164952607e-04
1.620811428448457698e-03
2.223335292796236881e-06
1.800901587164952607e-04
2.001001763516613744e-05
1.800901587164952607e-04
1.800901587164952607e-04
1.800901587164952607e-04
2.001001763516613744e-05
2.001001763516613744e-05
2.470372547551373489e-07
2.223335292796236881e-06
2.001001763516613744e-05
2.001001763516613744e-05
1.800901587164952607e-04
1.620811428448457698e-03
2.001001763516613744e-05
1.800901587164952607e-04
2.001001763516613744e-05
2.001001763516613744e-05
1.620811428448457698e-03
1.620811428448457698e-03
2.223335292796236881e-06
2.001001763516613744e-05
2.470372547551373489e-07
2.001001763516613744e-05
1.620811428448457698e-03
1.800901587164952607e-04
1.800901587164952607e-04
1.620811428448457698e-03
1.620811428448457698e-03
2.001001763516613744e-05
2.744858386168192472e-08
2.001001763516613744e-05
2.001001763516613744e-05
1.800901587164952607e-04
2.223335292796236881e-06
1.800901587164952607e-04
1.800901587164952607e-04
1.458730285603612384e-02
1.800901587164952607e-04
1.620811428448457698e-03
1.800901587164952607e-04
2.223335292796236881e-06
1.620811428448457698e-03
1.800901587164952607e-04
1.620811428448457698e-03
1.800901587164952607e-04
2.001001763516613744e-05
2.001001763516613744e-05
1.800901587164952607e-04
1.312857257043251458e-01
1.800901587164952607e-04
1.800901587164952607e-04
2.001001763516613744e-05
1.620811428448457698e-03
1.800901587164952607e-04
1.620811428448457698e-03
1.800901587164952607e-04
2.001001763516613744e-05
2.001001763516613744e-05
2.744858386168192472e-08
2.223335292796236881e-06
2.223335292796236881e-06
1.620811428448457698e-03
1.620811428448457698e-03
1.800901587164952607e-04
1.800901587164952607e-04
2.001001763516613744e-05
1.800901587164952607e-04
1.312857257043251458e-01
1.800901587164952607e-04
1.800901587164952607e-04
2.001001763516613744e-05
2.223335292796236881e-06
2.223335292796236881e-06
2.223335292796236881e-06
2.001001763516613744e-05
2.001001763516613744e-05
2.001001763516613744e-05
1.800901587164952607e-04
2.470372547551373489e-07
1.620811428448457698e-03
2.223335292796236881e-06
1.620811428448457698e-03
1.458730285603612384e-02
1.800901587164952607e-04
1.800901587164952607e-04
2.470372547551373489e-07
1.800901587164952607e-04
2.001001763516613744e-05
1.800901587164952607e-04
2.001001763516613744e-05
2.001001763516613744e-05
2.223335292796236881e-06
2.001001763516613744e-05
1.620811428448457698e-03
1.620811428448457698e-03
2.001001763516613744e-05
2.001001763516613744e-05
2.001001763516613744e-05
2.001001763516613744e-05
2.223335292796236881e-06
1.800901587164952607e-04
1.800901587164952607e-04
2.001001763516613744e-05
2.001001763516613744e-05
2.223335292796236881e-06
1.620811428448457698e-03
1.620811428448457698e-03
1.458730285603612384e-02
1.800901587164952607e-04
2.223335292796236881e-06
1.620811428448457698e-03
2.001001763516613744e-05
1.800901587164952607e-04
1.800901587164952607e-04
