1.040243288504411599e-04
9.362189596539706015e-04
1.040243288504411599e-04
1.040243288504411599e-04
7.583373573197164930e-02
1.155825876116012455e-05
9.362189596539706015e-04
1.155825876116012455e-05
8.425970636885736498e-03
1.040243288504411599e-04
1.155825876116012455e-05
9.362189596539706015e-04
1.155825876116012455e-05
1.155825876116012455e-05
1.155825876116012455e-05
9.362189596539706015e-04
1.040243288504411599e-04
6.825036215877451351e-01
9.362189596539706015e-04
9.362189596539706015e-04
8.425970636885736498e-03
9.362189596539706015e-04
9.362189596539706015e-04
8.425970636885736498e-03
9.362189596539706015e-04
1.155825876116012455e-05
9.362189596539706015e-04
8.425970636885736498e-03
8.425970636885736498e-03
9.362189596539706015e-04
9.362189596539706015e-04
8.425970636885736498e-03
7.583373573197164930e-02
9.362189596539706015e-04
1.155825876116012455e-05
1.040243288504411599e-04
9.362189596539706015e-04
8.425970636885736498e-03
8.425970636885736498e-03
1.040243288504411599e-04
1.284250973462235684e-06
9.362189596539706015e-04
9.362189596539706015e-04
1.040243288504411599e-04
9.362189596539706015e-04
8.425970636885736498e-03
8.425970636885736498e-03
9.362189596539706015e-04
1.040243288504411599e-04
8.425970636885736498e-03
8.425970636885736498e-03
9.362189596539706015e-04
8.425970636885736498e-03
1.155825876116012455e-05
1.284250973462235684e-06
8.425970636885736498e-03
9.362189596539706015e-04
9.362189596539706015e-04
1.155825876116012455e-05
9.362189596539706015e-04
8.425970636885736498e-03
9.362189596539706015e-04
8.425970636885736498e-03
8.425970636885736498e-03
