7.125215751084065449e-03
7.916906390093404007e-04
6.412694175975659772e-02
8.796562655659335376e-05
7.916906390093404007e-04
7.125215751084065449e-03
1.085995389587571680e-06
7.916906390093404007e-04
7.916906390093404007e-04
7.916906390093404007e-04
8.796562655659335376e-05
7.916906390093404007e-04
8.796562655659335376e-05
8.796562655659335376e-05
7.125215751084065449e-03
7.916906390093404007e-04
8.796562655659335376e-05
8.796562655659335376e-05
7.916906390093404007e-04
9.773958506288148724e-06
8.796562655659335376e-05
7.916906390093404007e-04
8.796562655659335376e-05
7.916906390093404007e-04
9.773958506288148724e-06
7.125215751084065449e-03
9.773958506288148724e-06
7.916906390093404007e-04
9.773958506288148724e-06
8.796562655659335376e-05
8.796562655659335376e-05
6.412694175975659772e-02
8.796562655659335376e-05
8.796562655659335376e-05
8.796562655659335376e-05
7.916906390093404007e-04
7.125215751084065449e-03
8.796562655659335376e-05
7.125215751084065449e-03
9.773958506288148724e-06
1.085995389587571680e-06
9.773958506288148724e-06
7.125215751084065449e-03
8.796562655659335376e-05
7.125215751084065449e-03
8.796562655659335376e-05
8.796562655659335376e-05
7.916906390093404007e-04
7.916906390093404007e-04
8.796562655659335376e-05
8.796562655659335376e-05
9.773958506288148724e-06
7.125215751084065449e-03
7.916906390093404007e-04
7.916906390093404007e-04
7.125215751084065449e-03
1.085995389587571680e-06
7.916906390093404007e-04
1.085995389587571680e-06
8.796562655659335376e-05
8.796562655659335376e-05
7.916906390093404007e-04
7.916906390093404007e-04
7.125215751084065449e-03
8.796562655659335376e-05
7.916906390093404007e-04
8.796562655659335376e-05
1.085995389587571680e-06
8.796562655659335376e-05
7.916906390093404007e-04
6.412694175975659772e-02
7.916906390093404007e-04
7.916906390093404007e-04
7.125215751084065449e-03
8.796562655659335376e-05
8.796562655659335376e-05
8.796562655659335376e-05
8.796562655659335376e-05
9.773958506288148724e-06
7.916906390093404007e-04
7.916906390093404007e-04
1.085995389587571680e-06
9.773958506288148724e-06
1.085995389587571680e-06
8.796562655659335376e-05
9.773958506288148724e-06
7.125215751084065449e-03
8.796562655659335376e-05
8.796562655659335376e-05
8.796562655659335376e-05
8.796562655659335376e-05
8.796562655659335376e-05
7.125215751084065449e-03
7.125215751084065449e-03
7.916906390093404007e-04
8.796562655659335376e-05
1.206661543986190580e-07
6.412694175975659772e-02
7.916906390093404007e-04
8.796562655659335376e-05
8.796562655659335376e-05
8.796562655659335376e-05
6.412694175975659772e-02
7.916906390093404007e-04
7.916906390093404007e-04
8.796562655659335376e-05
7.125215751084065449e-03
1.085995389587571680e-06
1.206661543986190580e-07
7.916906390093404007e-04
8.796562655659335376e-05
7.916906390093404007e-04
7.916906390093404007e-04
7.916906390093404007e-04
7.916906390093404007e-04
7.125215751084065449e-03
8.796562655659335376e-05
9.773958506288148724e-06
8.796562655659335376e-05
9.773958506288148724e-06
7.916906390093404007e-04
8.796562655659335376e-05
9.773958506288148724e-06
7.125215751084065449e-03
8.796562655659335376e-05
7.916906390093404007e-04
9.773958506288148724e-06
8.796562655659335376e-05
7.916906390093404007e-04
9.773958506288148724e-06
7.916906390093404007e-04
7.125215751084065449e-03
9.773958506288148724e-06
1.085995389587571680e-06
9.773958506288148724e-06
8.796562655659335376e-05
8.796562655659335376e-05
8.796562655659335376e-05
7.916906390093404007e-04
8.796562655659335376e-05
9.773958506288148724e-06
9.773958506288148724e-06
9.773958506288148724e-06
1.085995389587571680e-06
1.085995389587571680e-06
7.916906390093404007e-04
7.916906390093404007e-04
7.125215751084065449e-03
8.796562655659335376e-05
1.085995389587571680e-06
7.916906390093404007e-04
8.796562655659335376e-05
8.796562655659335376e-05
7.916906390093404007e-04
7.916906390093404007e-04
7.916906390093404007e-04
1.085995389587571680e-06
1.085995389587571680e-06
8.796562655659335376e-05
1.085995389587571680e-06
6.412694175975659772e-02
9.773958506288148724e-06
7.916906390093404007e-04
8.796562655659335376e-05
8.796562655659335376e-05
8.796562655659335376e-05
7.125215751084065449e-03
7.916906390093404007e-04
9.773958506288148724e-06
1.085995389587571680e-06
7.916906390093404007e-04
6.412694175975659772e-02
8.796562655659335376e-05
7.916906390093404007e-04
7.916906390093404007e-04
8.796562655659335376e-05
1.085995389587571680e-06
9.773958506288148724e-06
7.125215751084065449e-03
8.796562655659335376e-05
1.085995389587571680e-06
6.412694175975659772e-02
7.916906390093404007e-04
7.916906390093404007e-04
8.796562655659335376e-05
1.085995389587571680e-06
7.125215751084065449e-03
7.916906390093404007e-04
7.916906390093404007e-04
9.773958506288148724e-06
9.773958506288148724e-06
7.125215751084065449e-03
6.412694175975659772e-02
9.773958506288148724e-06
7.916906390093404007e-04
8.796562655659335376e-05
7.125215751084065449e-03
1.085995389587571680e-06
7.916906390093404007e-04
7.125215751084065449e-03
7.916906390093404007e-04
7.916906390093404007e-04
8.796562655659335376e-05
8.796562655659335376e-05
7.916906390093404007e-04
7.125215751084065449e-03
1.085995389587571680e-06
1.085995389587571680e-06
9.773958506288148724e-06
7.916906390093404007e-04
6.412694175975659772e-02
8.796562655659335376e-05
7.916906390093404007e-04
7.916906390093404007e-04
8.796562655659335376e-05
8.796562655659335376e-05
8.796562655659335376e-05
8.796562655659335376e-05
1.085995389587571680e-06
7.916906390093404007e-04
8.796562655659335376e-05
9.773958506288148724e-06
7.916906390093404007e-04
7.916906390093404007e-04
9.773958506288148724e-06
9.773958506288148724e-06
7.125215751084065449e-03
9.773958506288148724e-06
7.916906390093404007e-04
8.796562655659335376e-05
8.796562655659335376e-05
8.796562655659335376e-05
9.773958506288148724e-06
8.796562655659335376e-05
7.916906390093404007e-04
1.085995389587571680e-06
7.916906390093404007e-04
7.916906390093404007e-04
7.125215751084065449e-03
7.125215751084065449e-03
8.796562655659335376e-05
7.916906390093404007e-04
8.796562655659335376e-05
7.916906390093404007e-04
9.773958506288148724e-06
8.796562655659335376e-05
9.773958506288148724e-06
8.796562655659335376e-05
7.125215751084065449e-03
7.125215751084065449e-03
7.916906390093404007e-04
7.916906390093404007e-04
7.916906390093404007e-04
6.412694175975659772e-02
7.916906390093404007e-04
8.796562655659335376e-05
