6.141477812432893093e-06
5.527330031189604885e-05
4.974597028070646158e-04
4.477137325263582518e-03
4.974597028070646158e-04
6.141477812432893093e-06
4.974597028070646158e-04
4.029423592737224613e-02
6.141477812432893093e-06
5.527330031189604885e-05
5.527330031189604885e-05
4.974597028070646158e-04
4.974597028070646158e-04
6.141477812432893093e-06
4.477137325263582518e-03
4.974597028070646158e-04
6.823864236036545528e-07
5.527330031189604885e-05
4.477137325263582518e-03
4.477137325263582518e-03
4.974597028070646158e-04
4.974597028070646158e-04
4.974597028070646158e-04
6.823864236036545528e-07
4.974597028070646158e-04
4.974597028070646158e-04
4.974597028070646158e-04
5.527330031189604885e-05
4.974597028070646158e-04
4.974597028070646158e-04
6.141477812432893093e-06
4.974597028070646158e-04
4.029423592737224613e-02
6.141477812432893093e-06
5.527330031189604885e-05
4.974597028070646158e-04
5.527330031189604885e-05
5.527330031189604885e-05
6.141477812432893093e-06
5.527330031189604885e-05
4.477137325263582518e-03
4.974597028070646158e-04
5.527330031189604885e-05
4.974597028070646158e-04
6.141477812432893093e-06
5.527330031189604885e-05
4.974597028070646158e-04
4.974597028070646158e-04
4.974597028070646158e-04
5.527330031189604885e-05
4.974597028070646158e-04
5.527330031189604885e-05
6.823864236036545528e-07
4.974597028070646158e-04
4.974597028070646158e-04
5.527330031189604885e-05
4.477137325263582518e-03
4.974597028070646158e-04
3.626481233463503262e-01
5.527330031189604885e-05
4.477137325263582518e-03
6.823864236036545528e-07
4.477137325263582518e-03
4.974597028070646158e-04
5.527330031189604885e-05
4.974597028070646158e-04
4.974597028070646158e-04
4.974597028070646158e-04
6.823864236036545528e-07
4.974597028070646158e-04
6.823864236036545528e-07
4.974597028070646158e-04
4.974597028070646158e-04
6.141477812432893093e-06
5.527330031189604885e-05
6.141477812432893093e-06
4.974597028070646158e-04
6.141477812432893093e-06
4.477137325263582518e-03
4.974597028070646158e-04
6.141477812432893093e-06
5.527330031189604885e-05
5.527330031189604885e-05
4.974597028070646158e-04
6.141477812432893093e-06
5.527330031189604885e-05
6.141477812432893093e-06
4.477137325263582518e-03
4.974597028070646158e-04
7.582071373373938446e-08
4.477137325263582518e-03
4.974597028070646158e-04
5.527330031189604885e-05
6.141477812432893093e-06
5.527330031189604885e-05
5.527330031189604885e-05
5.527330031189604885e-05
4.974597028070646158e-04
6.141477812432893093e-06
4.974597028070646158e-04
4.974597028070646158e-04
4.029423592737224613e-02
4.974597028070646158e-04
4.974597028070646158e-04
5.527330031189604885e-05
6.141477812432893093e-06
4.974597028070646158e-04
4.477137325263582518e-03
4.974597028070646158e-04
5.527330031189604885e-05
5.527330031189604885e-05
6.141477812432893093e-06
6.141477812432893093e-06
6.141477812432893093e-06
5.527330031189604885e-05
6.823864236036545528e-07
6.823864236036545528e-07
5.527330031189604885e-05
5.527330031189604885e-05
4.974597028070646158e-04
6.141477812432893093e-06
4.974597028070646158e-04
6.141477812432893093e-06
6.141477812432893093e-06
4.974597028070646158e-04
6.141477812432893093e-06
4.974597028070646158e-04
4.477137325263582518e-03
4.477137325263582518e-03
5.527330031189604885e-05
5.527330031189604885e-05
4.974597028070646158e-04
5.527330031189604885e-05
6.141477812432893093e-06
4.477137325263582518e-03
5.527330031189604885e-05
4.477137325263582518e-03
4.477137325263582518e-03
4.974597028070646158e-04
5.527330031189604885e-05
4.974597028070646158e-04
4.477137325263582518e-03
6.141477812432893093e-06
5.527330031189604885e-05
6.823864236036545528e-07
4.974597028070646158e-04
4.974597028070646158e-04
5.527330031189604885e-05
4.477137325263582518e-03
5.527330031189604885e-05
4.029423592737224613e-02
4.477137325263582518e-03
4.477137325263582518e-03
6.141477812432893093e-06
6.141477812432893093e-06
6.141477812432893093e-06
4.029423592737224613e-02
4.974597028070646158e-04
4.477137325263582518e-03
4.974597028070646158e-04
6.141477812432893093e-06
5.527330031189604885e-05
4.974597028070646158e-04
4.477137325263582518e-03
6.823864236036545528e-07
7.582071373373938446e-08
4.974597028070646158e-04
4.974597028070646158e-04
6.141477812432893093e-06
4.477137325263582518e-03
4.974597028070646158e-04
5.527330031189604885e-05
5.527330031189604885e-05
4.974597028070646158e-04
6.141477812432893093e-06
4.974597028070646158e-04
7.582071373373938446e-08
5.527330031189604885e-05
4.029423592737224613e-02
5.527330031189604885e-05
4.477137325263582518e-03
5.527330031189604885e-05
6.823864236036545528e-07
5.527330031189604885e-05
6.141477812432893093e-06
5.527330031189604885e-05
6.141477812432893093e-06
6.823864236036545528e-07
4.974597028070646158e-04
6.823864236036545528e-07
5.527330031189604885e-05
5.527330031189604885e-05
4.974597028070646158e-04
6.141477812432893093e-06
5.527330031189604885e-05
5.527330031189604885e-05
4.974597028070646158e-04
4.974597028070646158e-04
5.527330031189604885e-05
4.974597028070646158e-04
6.141477812432893093e-06
5.527330031189604885e-05
6.141477812432893093e-06
6.823864236036545528e-07
6.141477812432893093e-06
6.823864236036545528e-07
4.477137325263582518e-03
5.527330031189604885e-05
4.477137325263582518e-03
4.029423592737224613e-02
4.477137325263582518e-03
4.974597028070646158e-04
6.141477812432893093e-06
4.974597028070646158e-04
4.974597028070646158e-04
4.477137325263582518e-03
4.974597028070646158e-04
6.823864236036545528e-07
6.141477812432893093e-06
4.974597028070646158e-04
4.974597028070646158e-04
4.029423592737224613e-02
4.974597028070646158e-04
6.141477812432893093e-06
5.527330031189604885e-05
4.974597028070646158e-04
4.477137325263582518e-03
6.823864236036545528e-07
4.974597028070646158e-04
5.527330031189604885e-05
4.974597028070646158e-04
4.974597028070646158e-04
4.477137325263582518e-03
5.527330031189604885e-05
4.974597028070646158e-04
4.974597028070646158e-04
4.029423592737224613e-02
4.974597028070646158e-04
4.477137325263582518e-03
6.141477812432893093e-06
6.141477812432893093e-06
6.141477812432893093e-06
6.141477812432893093e-06
4.974597028070646158e-04
6.141477812432893093e-06
4.974597028070646158e-04
6.141477812432893093e-06
6.823864236036545528e-07
4.974597028070646158e-04
5.527330031189604885e-05
4.974597028070646158e-04
4.974597028070646158e-04
6.141477812432893093e-06
6.141477812432893093e-06
5.527330031189604885e-05
4.974597028070646158e-04
5.527330031189604885e-05
4.477137325263582518e-03
4.477137325263582518e-03
5.527330031189604885e-05
5.527330031189604885e-05
6.823864236036545528e-07
5.527330031189604885e-05
6.141477812432893093e-06
4.974597028070646158e-04
6.141477812432893093e-06
4.974597028070646158e-04
4.974597028070646158e-04
4.974597028070646158e-04
4.974597028070646158e-04
4.974597028070646158e-04
6.141477812432893093e-06
4.477137325263582518e-03
4.974597028070646158e-04
4.974597028070646158e-04
5.527330031189604885e-05
5.527330031189604885e-05
6.141477812432893093e-06
5.527330031189604885e-05
6.141477812432893093e-06
4.974597028070646158e-04
4.974597028070646158e-04
4.974597028070646158e-04
5.527330031189604885e-05
5.527330031189604885e-05
4.974597028070646158e-04
4.477137325263582518e-03
4.477137325263582518e-03
5.527330031189604885e-05
4.974597028070646158e-04
5.527330031189604885e-05
6.823864236036545528e-07
5.527330031189604885e-05
5.527330031189604885e-05
4.974597028070646158e-04
4.974597028070646158e-04
4.974597028070646158e-04
4.974597028070646158e-04
4.974597028070646158e-04
6.141477812432893093e-06
4.974597028070646158e-04
6.141477812432893093e-06
4.974597028070646158e-04
5.527330031189604885e-05
4.477137325263582518e-03
6.141477812432893093e-06
5.527330031189604885e-05
4.477137325263582518e-03
6.141477812432893093e-06
4.974597028070646158e-04
6.141477812432893093e-06
4.974597028070646158e-04
4.029423592737224613e-02
4.974597028070646158e-04
5.527330031189604885e-05
5.527330031189604885e-05
4.974597028070646158e-04
5.527330031189604885e-05
6.141477812432893093e-06
4.974597028070646158e-04
