3.324639240411395762e-04
2.992175316370256945e-03
3.324639240411395762e-04
3.694043600457105198e-05
2.992175316370256945e-03
3.324639240411395762e-04
2.692957784733231510e-02
2.692957784733231510e-02
4.104492889396782612e-06
3.694043600457105198e-05
3.324639240411395762e-04
3.694043600457105198e-05
3.694043600457105198e-05
4.104492889396782612e-06
2.992175316370256945e-03
3.694043600457105198e-05
4.104492889396782612e-06
3.324639240411395762e-04
3.694043600457105198e-05
3.324639240411395762e-04
4.104492889396782612e-06
3.324639240411395762e-04
3.324639240411395762e-04
3.694043600457105198e-05
3.324639240411395762e-04
2.992175316370256945e-03
3.694043600457105198e-05
3.694043600457105198e-05
3.324639240411395762e-04
2.992175316370256945e-03
4.104492889396782612e-06
4.104492889396782612e-06
3.324639240411395762e-04
3.324639240411395762e-04
3.324639240411395762e-04
4.104492889396782612e-06
2.992175316370256945e-03
2.992175316370256945e-03
4.560547654885312660e-07
3.694043600457105198e-05
2.692957784733231510e-02
2.992175316370256945e-03
2.992175316370256945e-03
4.104492889396782612e-06
3.324639240411395762e-04
5.067275172094791403e-08
4.104492889396782612e-06
3.694043600457105198e-05
4.104492889396782612e-06
3.694043600457105198e-05
3.694043600457105198e-05
2.992175316370256945e-03
3.694043600457105198e-05
4.560547654885312660e-07
3.324639240411395762e-04
2.992175316370256945e-03
4.560547654885312660e-07
3.324639240411395762e-04
3.694043600457105198e-05
3.324639240411395762e-04
3.324639240411395762e-04
4.104492889396782612e-06
3.324639240411395762e-04
4.104492889396782612e-06
4.104492889396782612e-06
4.104492889396782612e-06
3.324639240411395762e-04
3.324639240411395762e-04
3.694043600457105198e-05
2.692957784733231510e-02
2.992175316370256945e-03
3.324639240411395762e-04
3.694043600457105198e-05
2.992175316370256945e-03
4.560547654885312660e-07
3.694043600457105198e-05
2.992175316370256945e-03
3.694043600457105198e-05
4.560547654885312660e-07
2.692957784733231510e-02
3.694043600457105198e-05
3.694043600457105198e-05
2.992175316370256945e-03
4.104492889396782612e-06
2.692957784733231510e-02
3.694043600457105198e-05
3.324639240411395762e-04
4.104492889396782612e-06
3.694043600457105198e-05
3.324639240411395762e-04
3.694043600457105198e-05
4.104492889396782612e-06
3.694043600457105198e-05
4.104492889396782612e-06
3.694043600457105198e-05
3.324639240411395762e-04
3.324639240411395762e-04
3.694043600457105198e-05
2.692957784733231510e-02
3.324639240411395762e-04
2.692957784733231510e-02
2.992175316370256945e-03
2.992175316370256945e-03
4.104492889396782612e-06
2.692957784733231510e-02
3.694043600457105198e-05
4.560547654885312660e-07
3.694043600457105198e-05
2.992175316370256945e-03
4.560547654885312660e-07
3.324639240411395762e-04
2.692957784733231510e-02
2.692957784733231510e-02
3.694043600457105198e-05
4.560547654885312660e-07
2.992175316370256945e-03
3.694043600457105198e-05
3.694043600457105198e-05
2.992175316370256945e-03
4.104492889396782612e-06
2.692957784733231510e-02
3.694043600457105198e-05
3.324639240411395762e-04
3.324639240411395762e-04
3.324639240411395762e-04
4.560547654885312660e-07
3.694043600457105198e-05
4.104492889396782612e-06
3.694043600457105198e-05
3.694043600457105198e-05
2.992175316370256945e-03
3.694043600457105198e-05
3.324639240411395762e-04
3.694043600457105198e-05
2.992175316370256945e-03
2.992175316370256945e-03
3.694043600457105198e-05
2.992175316370256945e-03
3.694043600457105198e-05
2.992175316370256945e-03
3.324639240411395762e-04
3.694043600457105198e-05
4.560547654885312660e-07
2.992175316370256945e-03
3.694043600457105198e-05
2.992175316370256945e-03
3.694043600457105198e-05
4.560547654885312660e-07
2.992175316370256945e-03
2.992175316370256945e-03
4.560547654885312660e-07
3.694043600457105198e-05
3.324639240411395762e-04
3.324639240411395762e-04
2.692957784733231510e-02
3.694043600457105198e-05
3.324639240411395762e-04
3.324639240411395762e-04
3.694043600457105198e-05
3.324639240411395762e-04
3.324639240411395762e-04
3.694043600457105198e-05
3.694043600457105198e-05
3.324639240411395762e-04
3.324639240411395762e-04
3.324639240411395762e-04
2.423662006259909296e-01
4.104492889396782612e-06
3.324639240411395762e-04
3.324639240411395762e-04
3.694043600457105198e-05
3.324639240411395762e-04
3.694043600457105198e-05
3.694043600457105198e-05
3.694043600457105198e-05
2.692957784733231510e-02
3.324639240411395762e-04
3.694043600457105198e-05
3.694043600457105198e-05
2.992175316370256945e-03
3.324639240411395762e-04
2.692957784733231510e-02
2.423662006259909296e-01
3.324639240411395762e-04
3.694043600457105198e-05
3.694043600457105198e-05
3.694043600457105198e-05
3.694043600457105198e-05
3.694043600457105198e-05
3.324639240411395762e-04
4.560547654885312660e-07
2.992175316370256945e-03
