36224070.8
34142255.65
37143733.11
44362710.65
36748211.18
36903209.02
54349666.63
43050146.71
23143972.2
52325303.09
18621800.7
52125424.99
16686421.15
52701236.32
36603233.3
16895154.17
24644598.55
53233028.01
80367955.49
36998717.16
27120342.31
79391216.15
49861542.14
82321434.15
17555252.03
22176700.18
18518273.86
16458321.57
28109217.0
16943855.32
24827332.73
44043950.92
30340160.22
30753064.38
18732314.01
87506046.41
37842438.2
24641635.8
16720084.33
16656311.4
71251721.72
77437737.49
22770511.89
69623822.83
28917446.23
49122045.45
25603741.47
30744254.14
34509654.92
50451112.85
17688084.72
28210759.43
27738059.29
17296564.17
86116832.9
57676908.12
79065636.38
88895259.92
17328027.52
26246396.61
46741334.3
36480399.29
18782101.47
45108631.21
36726631.01
37542889.92
47299712.74
35323778.75
86116832.9
74181939.71
47930012.68
40559230.31
30269242.37
53490366.05
85422226.15
24190020.47
54022115.45
29285905.16
17040763.92
78414476.82
50730158.69
94799417.34
87506046.41
56256677.22
48228554.51
17584193.89
55045885.19
40059740.03
42389629.16
36182593.87
16884582.15
89937170.05
23409454.01
96883237.6
49122987.83
76786577.93
24354492.29
57172893.23
29871198.73
87506046.41
17583290.71
85074922.77
55214076.55
33946372.31
17614117.46
25639313.06
76786577.93
56793074.91
23366585.16
28484553.15
17104777.57
79065636.38
34596535.6
34397178.25
33563343.29
42685529.45
94799417.34
16441276.07
71902881.27
36969960.29
35446844.55
16504527.82
28674633.61
35149266.12
16690852.2
75158679.05
54836281.83
16681754.28
60973622.16
39569067.68
57630824.12
52444781.75
37159200.16
19818044.85
40419950.59
72554040.83
37938889.42
24426157.64
37511341.92
37719512.25
16478496.96
16712088.56
44954696.65
48540720.23
16620910.26
74181939.71
58031338.99
16457114.84
37037120.97
68647083.5
33296205.4
65065705.95
37395678.32
60285384.7
31706083.42
26481932.55
44733724.16
40490683.85
39751144.65
35902262.38
16659131.93
85769529.52
17366447.23
64088966.61
49472247.0
52979339.11
16662854.62
39475066.03
37624110.2
32236715.23
16516410.65
43205305.44
33945159.5
58600347.22
20341761.66
57092179.55
40361913.04
44099015.19
22111800.64
48137281.63
65065705.95
43112388.84
48021072.59
50981924.29
38631293.75
53539526.83
57681286.54
37498962.05
23259040.75
57420785.55
46523738.4
17282835.84
19794973.31
36217281.34
17048960.66
73205200.38
67670344.17
54889642.95
93062900.45
45756470.02
34862201.79
18300362.76
28849221.42
19483210.94
50009151.84
88547956.54
25371165.46
30033442.88
85422226.15
77437737.49
37417465.96
42706638.41
22944620.66
16762291.81
33516874.31
50444781.41
91673686.94
32070937.16
19038562.59
51920338.99
69623822.83
35870632.67
97230540.98
41145823.52
16863570.15
40490683.85
19644920.53
22379951.78
16780656.29
17086358.27
34174080.24
38903458.64
48974851.76
55696617.31
16478496.96
21318255.08
22308554.22
57450191.8
82321434.15
35025850.96
24788527.0
17786517.74
51575293.05
21272692.49
90284473.43
56083436.91
37226302.59
43749104.64
24936493.93
93062900.45
24433917.01
40576685.53
54450331.72
58239709.72
64088966.61
37170397.81
16668549.4
80042375.71
17299532.04
16626737.01
39840808.91
30108572.16
42333357.59
37308208.38
22537794.43
18238923.1
18624283.87
16534423.15
16936982.68
38686969.94
38882252.3
36041942.28
21874664.56
16808436.47
49024282.87
54300409.23
48507956.46
30957784.71
41598894.5
29431564.46
31073238.59
44042166.91
18519287.47
54859309.77
41512408.27
72554040.83
35827873.69
16994704.4
51253379.89
50247455.77
36581177.9
52699149.56
51510070.91
33003503.74
16891006.5
30069436.26
52756305.63
21179069.69
16534127.16
92020990.32
49125932.84
79065636.38
64740126.17
50465838.44
17804860.56
30123311.28
79065636.38
16751324.26
93410203.83
43772257.42
43052142.83
33105267.97
54908000.38
27676607.62
67995923.94
36028673.35
21238970.64
39244319.42
55447939.89
16449768.46
28928666.0
33096218.12
16882247.78
34605087.66
26304281.34
47445195.06
38095457.98
56905502.05
17308316.85
34965388.83
31410882.03
42235928.68
32792292.12
48812707.99
21157450.25
59829601.31
18157833.02
20256335.26
57371323.17
30213395.55
71902881.27
19047276.66
29019076.6
26680671.8
23558893.38
55975724.0
28858969.21
69623822.83
58850251.79
22408751.72
16864730.41
17833186.71
16818526.78
35977907.95
38393495.77
34196948.39
89937170.05
25299208.17
32755685.24
44836716.2
18534034.21
55185113.9
38410391.18
16903516.41
30338812.79
92020990.32
28407241.12
58208754.04
59425867.0
56726670.74
51484921.97
41916718.22
26020527.33
16934815.39
40927890.42
79391216.15
41762699.16
84033012.64
52724313.03
26067107.92
62546792.57
36019580.28
45400017.95
84380316.01
19017611.45
76135418.38
16941255.54
38883917.91
16629195.92
16971426.99
57244465.11
22145588.87
50981924.29
48992791.82
36182593.87
92715597.07
93757507.21
18378303.77
88547956.54
33770075.06
50952745.43
16848008.03
38482189.65
25841020.62
20198380.92
31888928.97
19916534.99
29907805.39
33534437.18
16729353.27
55727090.49
91326383.56
32602395.71
36826783.03
76135418.38
80042375.71
38931249.78
55762362.12
60295474.14
55117637.65
25003747.61
26969884.47
19357442.21
31061077.07
44099015.19
20855884.52
70274982.39
54916763.44
61159234.65
48992791.82
34728663.99
43275573.3
52322648.69
22745107.63
19887749.13
30743110.48
74507519.49
36748211.18
17152282.85
16943855.32
17481736.48
16730452.51
49900724.99
78740056.6
52436867.72
39415456.64
16807023.93
52092818.15
47738367.15
17915100.98
16658985.21
52046073.51
44564809.71
36101175.61
22663843.73
17403182.44
58514399.42
37770831.3
29795390.4
16733929.43
27440006.03
41209157.58
94104810.58
40249307.74
27664918.25
36633730.49
91326383.56
52911023.2
44362710.65
50981924.29
23943942.45
35281283.71
58568353.36
18487722.53
35291663.8
94799417.34
22287210.81
30307018.44
17261353.31
19385384.49
25402426.95
92368293.7
79716795.93
17815785.0
35169025.77
42117744.28
48524199.05
17127123.74
35684879.12
47299712.74
33910711.93
37013682.23
35181316.93
16794462.12
27263756.7
39199691.86
95146720.71
54122144.43
89589866.68
45771005.39
20446631.4
39402564.04
80042375.71
51861648.26
20851910.65
75484258.82
19730462.03
17274821.16
17705218.27
16667806.8
47882927.76
33946372.31
35686386.83
32261475.45
53816833.63
92715597.07
50988884.6
47606481.54
59129875.03
48767199.6
52142379.09
37842438.2
29402219.23
62207670.39
41381234.17
17962164.32
25783984.74
32574375.21
26318057.61
86464136.28
54303189.23
31520128.72
34699626.57
41066445.99
51558152.78
28484553.15
92715597.07
45845496.92
29282719.34
23163343.33
85074922.77
82991102.5
16640696.13
34650319.66
29860338.5
18634398.77
78414476.82
42015127.41
20559526.22
27609302.04
39762681.75
56070417.58
17272555.27
34692919.17
16849109.74
66042445.28
36856787.96
84727619.39
49199980.16
48570599.76
58619247.62
44370834.46
70274982.39
16638178.14
41030229.3
34401599.06
29322822.55
36038317.05
64581752.44
37227135.64
53003872.8
79716795.93
55815635.56
46279614.31
21416067.06
34324505.53
47167858.57
30450334.31
33508418.83
19517040.74
84033012.64
18201535.3
86464136.28
17400834.88
76460998.16
17960895.37
16761276.68
24655857.02
76460998.16
43275573.3
59156013.69
76786577.93
53743057.23
31045997.81
59726092.0
17490802.72
67670344.17
29196139.9
17716460.22
72554040.83
16864730.41
17627837.23
86116832.9
17055785.78
32384011.51
56820075.53
35555847.74
43256419.89
65716865.5
22308554.22
16934815.39
34401599.06
38883917.91
85769529.52
16782117.72
33980826.96
19048585.52
17829741.56
56053356.38
26077624.78
43555489.86
43483729.83
24826322.06
24454341.11
67019184.61
43412386.74
28447874.67
45026467.84
37122932.57
48161925.41
28449542.39
76135418.38
17037805.43
17017961.33
94452113.96
96883237.6
90979080.19
38340359.15
75158679.05
25062749.26
22161947.27
67995923.94
40601789.21
17048960.66
16951818.31
38502660.53
28486772.19
37328832.49
34397654.66
69623822.83
18481477.44
24226827.07
41690509.6
55759111.78
17287677.86
45499577.0
49900724.99
43074330.52
75484258.82
37352244.1
31717593.16
29147162.13
35220889.99
19780575.08
56535787.4
16845596.27
36174335.88
23755036.6
94452113.96
35203501.55
90631776.81
55974940.04
24118105.72
50423713.4
52691770.22
17341854.9
38229087.2
16935310.48
16971470.79
76786577.93
25639210.4
84033012.64
71251721.72
16762291.81
43618693.22
47732003.69
17063137.14
20367777.56
40676297.42
23084675.38
16922372.04
16834576.99
32792292.12
20638290.01
60024627.94
38156967.67
78740056.6
36872374.31
60142364.41
55287968.51
49383796.44
38133974.19
51318920.38
16847388.13
39536237.67
55115631.38
80042375.71
17628985.37
42439656.31
95841327.47
53184986.27
17079060.13
21630587.35
77112157.71
72228461.05
30463845.85
18366675.29
20088718.11
18485321.38
43922514.34
19609371.99
21571197.09
45796239.0
22663185.85
16750914.72
19948529.66
46117632.25
16638287.49
20909911.82
36454571.93
44189932.51
33665950.34
30206266.39
65716865.5
16803615.22
44634502.96
91326383.56
17766451.22
66368025.06
37557953.04
59414831.44
17557130.61
16997494.3
28792624.89
40624844.32
69298243.05
23506963.33
85769529.52
32651321.22
68647083.5
17235115.8
91326383.56
94104810.58
30101415.91
16864730.41
19138850.94
66042445.28
45449894.1
47327479.93
47883617.38
33627551.31
42117744.28
50702818.85
52883762.59
55699683.74
34915789.59
17723583.16
29383857.63
86464136.28
34052475.52
49626295.79
48295017.92
17362227.38
47020523.38
36988288.89
45130755.31
45827046.35
30934711.38
82649757.48
65716865.5
39674584.09
28859783.96
58816849.09
36885437.63
17079071.12
17209444.19
16989808.87
38486947.18
96188630.85
17272237.45
59426715.73
27535972.88
19255380.57
16780489.36
20480034.22
16542793.47
55168791.42
78414476.82
41924719.78
17532799.05
16808436.47
20112226.7
45671726.62
60173141.53
18407020.27
16868775.34
91673686.94
29161448.19
66042445.28
29739667.84
73856359.94
16725328.62
47603935.86
40762729.77
17171829.0
65065705.95
69623822.83
55676113.88
26785185.07
51304095.85
33080396.93
16850360.49
19603107.83
86811439.66
16807424.93
85769529.52
43547351.48
32233446.96
49280558.34
18946798.94
69623822.83
44021005.19
17352088.45
16766516.9
38773215.44
27978711.72
68647083.5
22568848.53
95494024.09
47045956.76
43374306.22
17506566.85
57922400.51
20038569.74
32668770.94
22869963.74
47724859.63
52628939.93
91326383.56
46099160.92
39870631.03
27504138.07
85074922.77
56054747.28
39860528.38
50201001.54
68321503.72
58468599.63
17797255.99
72554040.83
19746244.72
26257559.04
38788691.57
16760021.68
47724859.63
24826924.9
37359961.37
81670274.6
35418654.75
80367955.49
21536263.68
41713473.36
35181316.93
87506046.41
18812574.9
65464918.31
43668643.9
42290753.33
17017382.13
35507978.36
23645456.12
22309760.66
29907805.39
93757507.21
38936420.63
62073439.96
17160650.88
17740678.89
34994563.65
65065705.95
31567739.67
87158743.03
42939458.12
20417740.11
71902881.27
49628696.79
52098385.84
16474087.37
34877171.18
35750671.43
53162996.39
16458321.57
25025638.89
93757507.21
57731986.64
29558549.22
30145565.38
66042445.28
41924719.78
39769655.2
52046073.51
16777450.36
65391285.72
36875334.06
21260232.37
68321503.72
69623822.83
54655949.09
36679384.05
49893038.74
71577301.49
34462773.48
93062900.45
48507956.46
53773114.06
26119585.75
41381234.17
20108698.28
16847388.13
55466368.05
75484258.82
54170190.43
32403694.4
33298007.69
27665992.75
26258550.9
55838394.67
40309878.6
16660527.92
17523729.01
19389123.84
55494368.09
68972663.28
54672839.66
93757507.21
25409699.28
16461154.23
39786036.12
26350451.41
42434877.23
41480966.75
38087078.1
37624326.97
49628696.79
88895259.92
17601134.92
72228461.05
16908525.7
40906206.46
58630608.61
40132427.61
27025698.23
27444230.04
17250141.17
16855989.82
29398824.28
53890248.98
40557999.52
55674330.47
39045487.99
38594978.55
83685709.26
82321434.15
38385272.56
29398824.28
52420493.42
47724859.63
44914478.27
33799915.51
20568582.33
26021152.89
53538188.98
34088941.51
28200696.35
40058469.25
52758732.98
54610494.48
54440014.94
51964906.46
36828164.98
19562378.89
43065100.58
16759036.92
17138296.82
23894571.63
34596587.36
34613895.33
32792292.12
20219827.4
58906890.39
66368025.06
24827332.73
17613751.3
22961975.25
56254048.4
54559166.91
78088897.04
47677904.71
34384853.56
45464528.47
50647302.5
39704599.56
32652303.93
22379941.63
95146720.71
17072563.11
69298243.05
21634200.49
16880702.9
20362739.02
52133528.01
44906295.26
35554577.46
16920297.77
34006827.39
17781506.75
82649757.48
43827195.93
95146720.71
16718265.52
49697696.06
17569069.78
40659967.85
39588629.14
51078398.08
33903783.73
22132443.68
72228461.05
30360724.98
19669945.41
77763317.27
95494024.09
33945159.5
93757507.21
23639837.05
17017382.13
16882247.78
21942251.53
54934605.72
16996847.02
32176978.86
66368025.06
37870510.29
36059052.95
74181939.71
35686386.83
33462927.76
25639210.4
28375871.65
16889795.74
47774132.41
23719884.84
44836716.2
29570193.14
44041522.83
42235928.68
16768832.72
22723118.57
38855396.83
16579479.41
29817127.74
49533235.97
16962551.75
31955333.36
31536206.5
55606141.9
32575623.96
66042445.28
16855989.82
17333417.54
81995854.37
46317271.94
73530780.16
85422226.15
75158679.05
67995923.94
43521934.24
17477115.6
46817519.69
28957304.3
30111125.89
56566538.98
66693604.83
56564549.21
82991102.5
93757507.21
38992037.1
23844525.37
16989009.31
64786548.22
17422462.03
18898108.69
17644052.25
54000698.01
17040775.09
39717305.49
23472807.89
73856359.94
31455227.69
33588555.25
62669125.18
19327387.83
56833202.71
24314213.24
16542793.47
56833202.71
21756519.32
57697850.06
16962551.75
36133731.18
35860275.27
37094033.85
81995854.37
32708511.5
69623822.83
33183700.24
76786577.93
50201001.54
33231006.3
41235999.49
58011536.34
16495846.67
31020052.31
44698023.41
21778931.02
38776237.14
35764750.47
17109366.14
22433251.34
34622961.69
89589866.68
43205305.44
16898684.68
54657310.52
17115238.92
28644627.49
26065539.53
27015925.98
33399622.37
18675589.66
16835008.53
32565381.78
16803615.22
46196326.19
32518062.08
16634892.69
47996811.3
35965598.3
51081953.63
64242567.4
36510250.86
35597203.55
17962164.32
58816849.09
28069566.59
32518054.38
29860338.5
81995854.37
49111598.96
45652468.04
39155264.07
65260165.31
57397755.8
52604532.66
17093297.62
16534423.15
88895259.92
22444918.72
35720386.67
22989720.86
46093264.72
16646815.16
16851132.71
16699144.09
52140310.95
43646172.11
16873489.09
38210527.69
28109217.0
16963268.58
53315339.14
33316135.07
39670891.12
73530780.16
51640877.2
37921710.56
17369720.39
57072316.42
38887595.25
80693535.26
37037120.97
26541510.18
75484258.82
88547956.54
55272081.84
16977250.26
32767353.13
17598517.57
54049882.48
29194422.8
49900724.99
45728856.87
18438297.73
20133869.64
45674187.85
36243458.77
51931551.92
43816596.26
17310488.18
32852410.27
38699591.3
32904600.56
17354164.32
81995854.37
51791823.81
91326383.56
27298858.86
20428180.71
49835953.34
35621057.64
38773215.44
78414476.82
35951829.95
64740126.17
22726099.22
18640465.93
71577301.49
20135218.4
53187021.82
27665992.75
87853349.79
52962622.71
21127859.17
82321434.15
29272337.7
48508671.71
19793081.56
38903412.47
50988884.6
44123236.03
20664501.76
44090923.51
90631776.81
39256927.26
96535934.22
58208754.04
16468818.03
30008015.34
41324888.1
59443827.6
87158743.03
48470019.21
57402095.92
74833099.27
60973622.16
40238527.61
39424352.62
58288812.97
82991102.5
43544981.6
49401522.78
30338812.79
31195361.8
92020990.32
16740627.91
50650010.22
51022637.53
37950930.82
82991102.5
75809838.6
25784763.49
48720871.5
18456594.08
48440923.05
37262649.23
40874416.83
54610494.48
92020990.32
16933101.57
68647083.5
47403745.97
32721765.22
16943855.32
90284473.43
49046263.73
25355709.3
17803599.45
80042375.71
82649757.48
89937170.05
61529459.13
45162282.86
30337202.06
42957206.53
17211791.03
60481321.16
73530780.16
18583834.97
59495056.31
16922268.47
17433297.54
82649757.48
53330249.3
55743464.73
22444834.32
29533240.48
34964206.02
16836742.98
17072563.11
59145543.31
62885914.76
35237035.23
43396570.18
36053874.55
21368080.8
55847083.47
32904667.75
45251831.71
33125093.1
16997455.73
39514238.54
27932491.06
67995923.94
34887824.83
64414546.39
44956748.17
17267965.38
53537412.12
22873611.85
80693535.26
40404356.72
42389629.16
16950323.43
50743219.6
33410059.28
49083120.21
80693535.26
56083436.91
19173312.39
35227891.18
34844170.69
52935748.0
34983999.27
47996811.3
56812265.11
24432594.5
26645823.78
18348564.12
57931472.82
16794337.49
43275573.3
80693535.26
50926507.43
40140986.41
17250151.88
31173705.91
48470019.21
34943338.98
54277655.56
38318288.57
16778698.56
89937170.05
77437737.49
40022766.72
77763317.27
41713473.36
45449894.1
50720777.9
31330258.17
28393092.97
16943855.32
23645456.12
67344764.39
49967956.87
39332234.12
54401728.73
79065636.38
73856359.94
94104810.58
44634502.96
17647518.55
73856359.94
17035769.6
32993333.25
90284473.43
22290339.82
21655906.75
17090964.47
83338405.88
44717213.83
80367955.49
16771664.16
29389264.25
19820834.6
50185119.7
36480399.29
16767512.55
80693535.26
17108256.23
43890879.0
56813058.83
17423279.66
54582231.79
41220271.04
55416737.34
52935748.0
21004714.14
17074330.07
89937170.05
17811628.5
21353033.83
72554040.83
21873445.08
31410882.03
17265182.87
37037120.97
48300496.86
56533841.69
20400343.21
37333725.81
75158679.05
47905130.25
89937170.05
16715665.57
38878717.47
57437442.96
19048585.52
16824376.62
16465601.1
51819265.91
57910082.41
83685709.26
44042166.91
19081401.73
67019184.61
52092818.15
16647213.15
19523590.79
51813476.66
17294962.71
16710002.43
38942301.84
69949402.61
84033012.64
31465694.96
16508188.31
50759960.16
42565919.08
40839392.53
37369475.6
17164058.13
51261029.74
38141501.55
67019184.61
46859481.58
18050880.33
22816456.65
54836281.83
97577844.36
48508671.71
42939458.12
16477669.64
32714922.36
27727342.56
29165434.81
66368025.06
36217281.34
43918052.31
52883762.59
78414476.82
39868835.13
17123292.35
17933295.67
35575400.38
71902881.27
70274982.39
40059740.03
31969122.23
77437737.49
40112564.49
75158679.05
16791111.79
79391216.15
17713658.42
49307298.2
57800067.9
39044972.89
78414476.82
19677817.5
50716832.78
38656718.8
41598894.5
32122998.79
36581177.9
34879604.41
23980578.44
34776957.8
17220981.99
35039448.84
49881571.48
95146720.71
16599524.95
26555203.54
46875406.66
54580231.89
26020527.33
17060115.9
35586833.33
24117111.01
20689430.69
17045313.69
33734871.2
16878282.98
34890105.82
64088966.61
16541140.76
16866339.57
44090923.51
70274982.39
46895553.56
17063364.14
36144078.03
31298632.66
16589723.74
35694285.39
17026168.65
32361367.15
40388277.14
47566524.1
94104810.58
71577301.49
55833473.85
81995854.37
95146720.71
48448954.25
31302787.95
18366977.05
17075747.5
25310975.93
81670274.6
48218957.67
59495056.31
35140696.33
22240820.02
37298476.41
50745251.17
17426421.24
93410203.83
65716865.5
16662912.81
54858538.82
45498899.39
20653404.17
81344694.82
38855396.83
32995950.44
35747544.24
33956794.26
28142450.27
38501493.7
16541140.76
32767619.6
17197762.43
58139041.26
37011308.63
39242471.16
60042560.08
17128413.04
60634537.37
16725937.28
31454068.08
38508100.3
57730560.38
38605234.04
73856359.94
40806210.08
36133731.18
56581020.04
34115842.35
80693535.26
50208823.56
34643263.11
21375588.36
58239709.72
35953192.29
24217446.14
34622431.46
46043801.25
16648581.9
34533563.22
68647083.5
19930062.22
24848161.82
87158743.03
22726282.99
46001873.86
24595973.81
16719907.04
16474087.37
69623822.83
38217285.39
38664940.35
70926141.94
57286986.6
18916008.38
39674584.09
32755685.24
42780067.72
45924397.12
27964093.97
64088966.61
16981400.4
17044059.25
61071801.16
39220719.3
61641213.28
16836932.71
19605221.41
17054608.07
20976941.47
37599324.35
44086532.43
55140349.41
20332872.35
20787325.92
45388907.16
21972236.29
74507519.49
87853349.79
22505085.95
52322648.69
46637102.58
22655074.03
17063364.14
27439822.52
58627233.65
84033012.64
45771686.42
41055603.51
65382497.92
20544388.14
54000698.01
27901537.5
93410203.83
32835003.16
82991102.5
50806477.27
81670274.6
17072563.11
25250614.21
17149472.77
95146720.71
55815635.56
16441276.07
39696310.86
27860186.4
17081763.65
82991102.5
67670344.17
49307298.2
17531868.21
25829951.07
29194422.8
34841636.74
40510689.68
18893306.14
72879620.6
47206286.6
17397829.46
40116587.06
16698895.17
47466170.57
16991728.57
53890049.14
38972566.68
85074922.77
64108178.14
57006816.1
16508188.31
43109891.72
27727497.86
60963298.19
60085718.36
18407020.27
26482980.46
92715597.07
37655408.05
21852398.54
31939817.28
33902947.62
46340667.6
87506046.41
16467990.94
47905130.25
86811439.66
46365183.65
39264116.26
36537176.1
16954561.13
43755874.8
37864940.05
56659142.12
20691198.32
85074922.77
39698004.38
17044966.22
45549438.77
17242708.55
38063721.73
16871347.45
16659130.84
53721463.99
58261373.86
48177042.25
96883237.6
16715556.59
17029357.33
30226960.06
71902881.27
87158743.03
43596299.89
42506661.92
53529169.03
65716865.5
29333361.46
77763317.27
19575258.98
29048363.5
18954144.65
38928190.22
22651548.68
74507519.49
82321434.15
23181464.48
36696527.53
17463441.59
58127500.51
33588555.25
24892823.59
32839563.87
49296054.48
33508418.83
73205200.38
42811525.71
16930585.84
60851289.55
29159358.43
38936420.63
16986757.31
76135418.38
34978451.02
92020990.32
19428108.34
66042445.28
45444990.53
37052787.51
29431564.46
52716362.71
37040133.52
31753171.47
57231286.89
46934109.56
39786641.86
31995960.97
55231846.96
52141070.7
86464136.28
83685709.26
97577844.36
35859025.22
53876779.53
57327150.27
94104810.58
18998665.48
64088966.61
38586589.71
21261686.92
64740126.17
31218205.8
50759960.16
65065705.95
20145406.03
32016575.11
18131821.73
57371323.17
21073497.26
16637089.29
54485643.04
35412783.0
96883237.6
25971366.96
43827195.93
97230540.98
24928757.95
17332676.95
92368293.7
37315111.22
31548397.26
71577301.49
45380546.21
16794337.49
17041403.47
72879620.6
70600562.16
30352685.86
28572750.66
33718765.95
33057707.12
31095296.69
42018873.93
18645837.0
39210191.63
88547956.54
16699144.09
16570458.71
38361295.79
17332676.95
95841327.47
16649130.27
90284473.43
16432784.26
37702647.68
19340684.04
51231045.47
41109501.51
37253899.78
73856359.94
16858769.64
17221747.9
34065442.21
59278346.3
18339117.99
34360814.2
69298243.05
87853349.79
74181939.71
16556239.46
24218374.8
84380316.01
71577301.49
72554040.83
21874664.56
23088491.88
17083319.21
96188630.85
18178156.36
18990744.54
54122144.43
34692919.17
58643387.52
18200656.82
42506021.95
50847320.41
76786577.93
35585588.6
34098232.54
37963817.7
35498914.83
56879050.4
26778679.69
31631368.55
69623822.83
57583428.17
17186526.29
44682606.12
75809838.6
53645333.65
26113108.62
29626634.83
47193988.48
17521283.1
34357583.62
29908171.29
71577301.49
91326383.56
53539526.83
54916264.39
94104810.58
17697770.82
69298243.05
16712788.21
94104810.58
35231750.11
52070862.5
19917875.77
57956060.45
16736785.81
59129875.03
25165192.83
23045331.72
84033012.64
79391216.15
85769529.52
32253523.76
36058507.61
47475591.88
37810495.15
56611594.06
17177002.25
42059696.25
57091382.58
81995854.37
57681286.54
39446441.83
52980665.17
19827405.39
17553945.87
42197295.22
16780140.5
32868129.61
64088966.61
38122058.45
16655672.94
25974196.6
97577844.36
51260936.43
28680948.08
16673059.87
39573236.54
19164571.68
19768026.95
16981504.93
33371507.52
38229779.22
16855989.82
35260493.38
30102566.77
17366447.23
88895259.92
24431199.65
37042931.82
49729762.85
65065705.95
33429255.75
17444673.96
68972663.28
38656718.8
73205200.38
34778021.25
60024627.94
52902844.8
86464136.28
17164260.9
16566193.11
37655408.05
33399622.37
41347937.46
23456168.36
36040871.08
34330982.08
22444834.32
17355184.91
16694192.56
60512204.76
36773325.33
38887595.25
82991102.5
31329459.61
16637089.29
57419568.83
32483990.29
32120925.44
16681754.28
43867013.84
18126929.51
22527362.19
41373197.28
38229779.22
16636925.96
21222123.41
18374944.37
46537111.34
41961909.12
49688469.54
68647083.5
18427170.87
17796699.67
58139041.26
40927890.42
43594936.3
25559578.17
16778698.56
29402933.96
73205200.38
17032889.63
30112654.79
46272265.67
36296444.62
51205712.36
23557973.16
91673686.94
26829601.9
33086635.3
36501209.07
35787565.09
81670274.6
29085981.06
24314348.78
31928192.91
27374332.1
31929363.16
54992534.15
16864335.86
55493567.28
17130368.58
97577844.36
41704438.17
38393495.77
46488004.91
75809838.6
18516706.43
27913213.2
39174937.54
22226300.87
19391341.47
17157073.32
31969619.93
41962542.24
39414137.44
36826214.94
80042375.71
94104810.58
28911720.92
33057707.12
37151447.12
55483200.26
35682338.75
33032676.46
72554040.83
17072464.03
96883237.6
86464136.28
22816456.65
22007777.25
84727619.39
47996811.3
18178156.36
47404447.54
50140634.56
31805289.0
70600562.16
17049811.42
50980942.44
23880782.27
74181939.71
16443825.3
34690447.64
38074612.95
25262766.2
34507787.73
22090991.41
16699639.45
50926507.43
17185831.58
30033442.88
28849221.42
16449768.46
65391285.72
41619667.05
50172753.2
54329744.69
53038943.27
35514905.73
86116832.9
38392273.74
26781170.41
67995923.94
63429895.58
17097227.68
50743962.23
36921102.43
42216227.61
51860891.94
19141238.11
23047307.09
89937170.05
16586168.76
31885919.32
68972663.28
57452436.93
71577301.49
38868469.94
25378733.4
66042445.28
57800067.9
55522766.46
75158679.05
58210623.95
27271675.16
61395270.38
57122132.51
36133731.18
88200653.17
54393341.34
17550184.04
36494957.69
61498192.99
74181939.71
16586168.76
96535934.22
24893083.23
24766819.55
66042445.28
17444757.56
52656626.92
16918289.26
55886272.38
17282036.92
36329851.46
32261475.45
59443827.6
80367955.49
53610724.25
19890882.88
17013406.53
17231471.66
18150132.52
17313187.08
36494957.69
18821747.79
70600562.16
33310801.21
17119151.68
43306703.52
36089121.06
21754220.24
17071398.37
25732122.14
48162618.28
44395437.65
56812265.11
41652976.37
24839435.8
51598400.9
32586293.15
89937170.05
16941778.93
89242563.3
35366670.14
67995923.94
81019115.04
61312706.95
81344694.82
55727090.49
46767652.1
87853349.79
75484258.82
47068329.47
31192885.38
21127859.17
57960479.57
18404167.87
20352572.8
89589866.68
54626776.3
42955418.2
38396801.69
17560389.69
18592059.55
17164058.13
57118603.47
41053255.16
44139091.39
33715117.86
35712374.79
78088897.04
22648913.94
71577301.49
36876860.3
40080537.62
39969421.33
84380316.01
49586400.27
51582226.71
50423713.4
56564549.21
41053863.46
52157372.73
42205189.82
50465838.44
18565329.2
55516011.52
57731986.64
27017746.81
92715597.07
33876788.24
27026621.67
94452113.96
54170190.43
17415468.4
34622431.46
16786171.98
95494024.09
84033012.64
34421948.7
36036427.47
81019115.04
46374585.96
47494772.56
58139041.26
25590857.65
29807028.62
16629618.35
29906061.35
48226477.58
49812428.07
56843714.69
34503564.83
36754365.59
21438370.19
52935748.0
33826348.68
60634537.37
57650466.8
36237718.86
36955343.85
44484929.89
16660527.92
57960479.57
58847960.08
27192771.08
40286269.35
60481321.16
30700751.14
75158679.05
29623160.34
16847258.84
80367955.49
40239126.15
16431659.37
74833099.27
56862342.41
41780061.43
64088966.61
39256317.34
32070937.16
43355943.63
19167688.89
47180974.83
16848629.95
55447939.89
38971324.46
27397429.09
27035013.81
35349064.46
18022518.03
16835814.16
35235899.32
20480495.63
39808387.07
95494024.09
95494024.09
44906295.26
41596521.04
37773236.08
20446326.71
42830592.68
34868610.91
16668549.4
81344694.82
48567207.07
95494024.09
16516720.85
72554040.83
82649757.48
41034802.26
52881185.43
90979080.19
56234591.88
55695836.6
17422462.03
16725232.18
54156291.6
73205200.38
45696187.55
82991102.5
24463347.04
52907980.87
84727619.39
54655158.55
36954111.33
38928190.22
52372159.64
55773862.23
58330969.51
74833099.27
31296967.13
19382378.48
41573980.81
26829601.9
23753947.37
34421948.7
53442230.19
92715597.07
34241958.86
33846982.72
16740441.01
37277394.83
70926141.94
60963298.19
40782264.31
27741422.69
22102448.38
20851910.65
90631776.81
33609217.03
17125130.84
32384011.51
16707839.59
31217051.5
82649757.48
63105574.44
32993333.25
36000681.37
21397200.13
24226827.07
33858447.91
44642656.37
29579717.77
55773862.23
49068778.7
38263761.19
90631776.81
53770020.28
44197996.71
20253733.04
17137614.93
48284726.7
82321434.15
31989090.63
16899765.22
31217051.5
54885513.22
38759780.9
96535934.22
55242444.57
17178878.97
30823536.8
29770625.8
33926099.52
51378453.52
16599524.95
21995914.6
26245354.02
37253899.78
45402467.11
57731708.48
37957758.74
45227472.21
35902262.38
17063364.14
21884908.0
51296189.83
31242210.73
57266183.34
44139091.39
29863816.56
72879620.6
40288152.72
56814897.58
16768728.99
54556962.7
52325303.09
21490857.67
36981638.94
88200653.17
34384853.56
64414546.39
17518177.03
31908292.71
56166405.17
54916763.44
37808297.49
64414546.39
38210527.69
32126010.26
78088897.04
40022766.72
36952840.0
16657501.62
51835325.42
35494151.77
42834567.01
16891006.5
43800937.94
56893352.24
32246355.0
90631776.81
16874257.71
85769529.52
88547956.54
27297986.23
16645602.05
44906295.26
20759071.85
93757507.21
19164571.68
33689756.75
39432254.18
18293574.0
25535700.99
36856518.18
16526564.64
23945817.16
17121719.98
16765555.06
17100315.66
26350067.93
17395362.53
57986751.34
38656718.8
44088250.79
71902881.27
81344694.82
32249224.92
44989492.94
29636204.95
56365183.24
38720700.79
16926473.22
36509009.86
55516011.52
55447939.89
57931472.82
18171408.67
58031338.99
43283839.85
58330969.51
48383210.11
43940737.05
17647518.55
25118630.93
90979080.19
17093609.3
31868916.76
86811439.66
54889642.95
39545542.78
92368293.7
17504489.86
31770794.84
21726404.24
16794893.6
28439835.9
21709066.5
44189932.51
39604046.88
21318255.08
46643400.13
32471340.14
75809838.6
95146720.71
41662179.39
36554016.13
81995854.37
29871198.73
54376498.5
29084874.64
69623822.83
20907291.76
77763317.27
50463801.76
34278792.96
35575400.38
16691485.19
50288540.84
45861073.4
17227749.17
43769828.31
32254493.59
26508502.88
26304579.87
45786691.12
34092212.99
16525474.59
61749714.65
47299712.74
83685709.26
65716865.5
17615090.1
74181939.71
78414476.82
58630608.61
17205101.94
96188630.85
35507289.98
53322288.53
74507519.49
64242567.4
31533543.32
46812066.71
39094493.57
48720871.5
17933295.67
19493436.68
49681000.11
53493990.81
69949402.61
39172859.59
43374306.22
16664366.4
16778771.67
17103705.51
35953192.29
59671251.5
16516720.85
45861073.4
31702732.06
28684998.08
17206073.14
77112157.71
17373103.19
55138412.28
16625246.53
16657653.77
45721697.25
50289153.95
17238950.44
16818126.25
95841327.47
32360101.27
55955352.0
36190809.27
91326383.56
57716654.27
71577301.49
21655906.75
39800040.54
16646980.18
19058842.11
78088897.04
33323131.08
39153589.15
16866826.84
33902417.17
16989808.87
31172385.55
19952748.1
45730015.68
65391285.72
93062900.45
46350945.36
16808550.59
19481886.12
31463968.74
40616031.0
39204196.08
27973705.87
16698848.49
54994867.35
38535886.44
27626596.12
24550490.82
49362588.27
48998931.02
92368293.7
71577301.49
35139145.8
39399026.95
35233082.11
78414476.82
65065705.95
52770516.25
17285970.03
33105788.16
65043270.09
16977496.85
16720084.33
35813819.32
25129822.35
56538915.93
83685709.26
39569067.68
19405788.72
48053502.3
17774855.03
89589866.68
30937723.95
51024668.4
55280661.21
20329454.76
55117637.65
94799417.34
24903769.75
43394170.76
52373448.1
16917288.93
20995082.06
59786309.85
23063500.86
69298243.05
39597019.2
36165147.18
76135418.38
17208998.57
84380316.01
43050146.71
16696096.38
18428072.55
18604951.38
45924397.12
68972663.28
77112157.71
38776237.14
76786577.93
16648581.9
61868548.2
32639677.27
18519570.68
43273368.11
56365183.24
44410517.79
18079327.44
18395421.11
59495056.31
52604532.66
35219749.93
34119414.91
16619272.27
50929207.8
24878921.72
93757507.21
23892606.98
88895259.92
70600562.16
54859309.77
25402180.35
25968525.73
39334415.67
20698250.45
49627601.73
35176537.56
38169912.16
51231045.47
16699225.01
22537794.43
17285884.72
24936493.93
25536727.62
21003377.33
52213124.3
56401536.88
48230576.79
78088897.04
16820252.35
22000254.34
38321489.23
56390314.11
35031528.11
16806487.29
78088897.04
48722515.7
57092179.55
55216387.48
16525416.9
19299209.4
45016829.73
93757507.21
16751324.26
95146720.71
85422226.15
16781491.65
16609393.81
32888518.83
25841020.62
50239956.22
35349064.46
16892909.6
17310177.4
21741640.14
74833099.27
39316798.53
16469825.27
17448355.16
17173050.45
46387005.33
59115838.17
35204192.1
85422226.15
27776467.89
35786978.5
16899512.23
19382378.48
24182592.34
51606223.55
32234927.55
42460251.09
45449894.1
93757507.21
17743651.14
55280661.21
17119329.0
19700538.46
16911055.99
36562301.41
46659135.56
31701009.51
40034013.04
85769529.52
32707340.8
91673686.94
47675884.44
16686421.15
16577487.19
23129890.04
32897651.5
17868279.62
46512714.53
47947437.38
93757507.21
42852436.79
53745104.12
22925133.18
31425214.36
16499598.87
42188482.49
33126289.95
21789417.21
39516097.36
95841327.47
17097227.68
72879620.6
24080718.85
84033012.64
67019184.61
56006243.4
91673686.94
16688470.79
60026956.92
95841327.47
45388907.16
57122132.51
64740126.17
16686656.99
17677653.66
78088897.04
33039201.33
41432329.83
47361319.46
26789282.84
51764164.21
16628065.44
24416563.68
18994506.32
44411181.71
24167213.26
41203489.42
32386614.33
96883237.6
22226655.21
90631776.81
16808534.48
57122905.31
29105006.34
18344259.56
49929353.61
40218639.07
17029730.66
31941712.8
28461620.06
49929353.61
45730015.68
22333055.82
58239709.72
21125171.49
61837160.14
76135418.38
59194083.53
95146720.71
16771664.16
36456617.1
86811439.66
32346957.58
45108631.21
26448551.72
16570458.71
58319231.48
41925711.96
16989808.87
32166527.28
81344694.82
56032734.75
25737043.78
36745851.38
16731708.08
16672421.94
76460998.16
17674711.72
80693535.26
26444221.44
50439756.94
26548727.37
16712788.21
52349901.2
56117976.89
47070823.99
23881771.66
36758968.02
86464136.28
52699149.56
41691823.22
62658114.73
36226611.1
17297141.08
51024668.4
36040871.08
54327271.58
92715597.07
16965291.32
17199244.58
33431066.08
88895259.92
17387814.72
39514840.86
47180974.83
21438370.19
48244738.84
55516011.52
16742626.85
25357255.39
77763317.27
58569191.82
55974940.04
16794893.6
96188630.85
87506046.41
27252438.23
50647302.5
73856359.94
84033012.64
18185985.39
87506046.41
28686788.82
59640657.82
52114460.0
16950771.4
20698606.87
23550970.38
29627156.78
35312156.95
27390104.96
29165522.22
23282541.68
16701042.23
54449326.38
46058869.34
43666173.97
16440143.68
80042375.71
81344694.82
56965405.65
37534740.01
41573980.81
18645837.0
44461825.54
17054165.18
74833099.27
41053255.16
55493567.28
17103705.51
45730015.68
32336663.78
43770469.14
41101521.58
27150736.0
17698408.46
73205200.38
16594850.53
52244829.27
32472600.9
32736973.17
49642056.33
32123486.8
17508623.68
20797457.03
37542564.16
47404447.54
62885914.76
33718765.95
50162575.75
56956813.03
17152197.31
16892395.79
94452113.96
46365183.65
81670274.6
47712502.97
75158679.05
53742299.29
38516960.59
51233790.52
81995854.37
67344764.39
19448406.94
37921710.56
31805234.27
47353687.95
20044305.8
23973734.83
71577301.49
30278402.2
88547956.54
16738588.68
42957206.53
46265306.21
86811439.66
27772020.52
28437565.36
55216247.16
42167405.17
16704929.06
23281468.58
54098397.55
47349880.4
33231006.3
32765049.25
59829601.31
32878066.45
54049882.48
27192771.08
47371929.44
26587543.95
79065636.38
70926141.94
72228461.05
40783995.06
27386325.02
45175025.15
17723648.89
46921815.89
45796239.0
41109501.51
80367955.49
30754739.76
18800716.49
32166527.28
36900761.08
38337168.38
17138296.82
85769529.52
19385384.49
78088897.04
35767491.55
16526564.64
25840673.66
94799417.34
17092060.59
34954296.18
39152201.91
53442230.19
18736681.37
53319157.43
23234786.6
24881577.02
58586332.88
38122058.45
33125093.1
77112157.71
16432784.26
48137281.63
50929207.8
19825456.72
74833099.27
86116832.9
72554040.83
71902881.27
24196137.99
47949868.42
37276832.07
54485643.04
80042375.71
39696310.86
49812428.07
52716362.71
33853979.61
77763317.27
35250259.2
45226798.02
36964430.61
24192620.12
76786577.93
25771264.58
96535934.22
23234786.6
32416160.35
53051674.78
79716795.93
17255468.1
16751324.26
82321434.15
28346515.62
31051307.39
17538834.37
27429376.21
61529459.13
79391216.15
31692272.33
52063961.21
40036545.02
37860246.96
44212833.47
50929207.8
96883237.6
34348187.64
17927658.73
36826214.94
38903412.47
16796483.63
31723688.02
72228461.05
30813753.93
30586062.96
34295685.58
23981696.78
50458904.61
43226465.97
37681942.57
33828679.26
40965134.16
39604046.88
16965291.32
91326383.56
22289123.45
27845918.45
33268963.88
41471491.62
44617732.32
44189932.51
76460998.16
30381564.1
62207670.39
46007911.39
39037191.33
37279194.87
80367955.49
57468067.72
23656298.29
71251721.72
27203409.35
80042375.71
17076420.59
92368293.7
20995082.06
49812428.07
81019115.04
33867583.23
39840808.91
33696855.65
67995923.94
58291086.05
29396602.36
17423279.66
17954690.22
36904547.25
34573975.32
19172135.44
58075388.8
64088966.61
31058380.82
17145138.64
39424352.62
39256317.34
54588886.62
20785963.37
16647463.69
20448749.13
31566532.78
53257990.61
17660018.57
52483657.69
29796512.78
61190374.34
81670274.6
37890828.12
34094016.78
16860254.14
72879620.6
52404487.34
47735136.92
35305283.98
58289648.01
62515094.44
17150699.29
58127500.51
43050793.52
44901557.43
53493990.81
18366977.05
31465694.96
85769529.52
68647083.5
49557658.67
28821151.77
71251721.72
48268762.96
19740765.02
56254048.4
42412068.79
35630199.59
88895259.92
34650319.66
17094326.28
36107033.26
23827904.77
28323226.44
56566538.98
74181939.71
36718490.97
48022828.76
21782120.39
59128419.3
33672988.12
16919939.27
30697056.13
21343058.27
36766039.33
42778082.16
17130401.84
74833099.27
36309741.15
28139242.94
40804515.31
75809838.6
33183622.74
32025090.26
74507519.49
16725232.18
30857856.81
48787358.41
34181027.5
97577844.36
40837768.85
94799417.34
27745048.37
43322211.26
68972663.28
40352690.97
30346002.2
45228846.99
50464540.97
16560135.42
27066303.09
41055603.51
39596686.11
54838401.36
34330982.08
33126289.95
86811439.66
34112406.98
81670274.6
36215498.89
37305973.7
37691369.8
55745552.96
53085131.07
32640863.48
47206286.6
17196928.01
93062900.45
38780242.94
58850251.79
16588518.92
16913269.69
46831433.63
70600562.16
27664918.25
44189932.51
17044966.22
22030379.78
16899765.22
31411796.68
26304579.87
40934252.57
22250893.42
49408982.22
64414546.39
51789097.15
27490512.88
21733698.13
16688470.79
77112157.71
17708272.91
20931947.82
51079272.63
22349691.05
28249985.24
57072316.42
24648269.68
56320702.41
35297404.67
79065636.38
18734778.77
22597966.2
36214949.14
37850633.23
57452436.93
39786641.86
16690449.19
53770020.28
51510070.91
73205200.38
28623074.82
41573980.81
17152826.01
86464136.28
16812336.84
16638287.49
20323389.19
35953192.29
22597966.2
62319147.58
51917774.9
45228846.99
42411444.22
46588042.5
90979080.19
84380316.01
16657501.62
17090964.47
88895259.92
24365292.77
28149830.28
27964791.36
71902881.27
31332743.1
92368293.7
20256751.74
86116832.9
82649757.48
32011526.64
17040763.92
43646172.11
49362588.27
77763317.27
24077949.53
42933411.83
50423713.4
88547956.54
17280215.94
32575623.96
47494772.56
29731343.83
46909035.46
30808961.41
74833099.27
39060447.74
26966876.73
31676295.14
27015446.63
39332234.12
37124131.0
53210778.61
38698999.24
79391216.15
83338405.88
54393341.34
49067482.57
87506046.41
16888887.06
38584345.75
22930043.89
61159234.65
35712374.79
39844907.95
36722429.51
41883646.45
42852436.79
59699994.52
17180165.11
54617142.17
69298243.05
16953224.18
37170397.81
34452028.18
46769484.98
32412199.54
32785304.7
58630608.61
22548278.41
33129431.02
56121316.64
16497119.63
16707839.59
72228461.05
60285384.7
87506046.41
47650968.31
39399026.95
37277394.83
46001873.86
52656626.92
50117624.42
38612602.02
16609393.81
37436522.74
16768728.99
53808304.27
38676191.1
91673686.94
45806355.57
39127190.76
24077086.06
79391216.15
38584345.75
46340667.6
52626922.0
38482189.65
59230104.96
36480952.29
48801835.4
59829601.31
37227579.23
47676589.43
38156382.46
16432784.26
48291149.64
16616551.5
95494024.09
50716832.78
18189760.81
32653909.33
50394699.54
71251721.72
53038943.27
20474113.57
40417873.83
37867195.08
33039201.33
44300193.37
32822109.2
17189059.84
18782101.47
22745107.63
54301173.67
32640863.48
26315236.19
47180974.83
81019115.04
46196326.19
43483729.83
71577301.49
58747866.06
82991102.5
64414546.39
42683743.5
16868931.88
25876278.06
34140123.51
49642056.33
17381482.49
55396875.77
31995595.55
23265371.27
37786211.2
48011700.82
55979418.91
81019115.04
16845596.27
17640675.62
74181939.71
95841327.47
86116832.9
74833099.27
37870510.29
47403745.97
33212536.3
86116832.9
17539980.28
43918052.31
58306764.77
19285086.91
32837193.62
74507519.49
16875264.84
88200653.17
44707439.76
57370522.95
90631776.81
93757507.21
19057814.43
25547457.38
56681758.76
51487634.99
51583523.3
28958898.69
21381173.87
33442401.01
57149256.79
35638642.0
44649481.27
22069469.42
35498914.83
82649757.48
24365292.77
25142169.29
38245242.05
48789376.96
67995923.94
17008190.9
92368293.7
40112564.49
26674241.37
43594936.3
46133161.98
51837288.94
19631197.15
41743309.51
27967694.26
34461650.69
71251721.72
54052237.3
35316988.95
17109955.37
23601100.95
27489433.54
49084695.75
51357896.9
17324211.88
25357255.39
43755874.8
17217107.88
50799786.65
52623216.94
54096264.21
23282273.08
88200653.17
16762628.94
16927537.34
38389918.6
25300229.48
28216026.53
16733929.43
16941724.81
37589704.34
22973626.85
41119401.11
17992580.63
68647083.5
16629598.52
34879604.41
57795726.21
27061749.34
42740004.3
31092396.76
52347150.41
25714674.17
57666113.33
63225036.94
75158679.05
36423098.75
75484258.82
37040133.52
43003795.12
48567207.07
23088491.88
22893236.77
17051946.83
41644956.46
51540145.99
81344694.82
37686462.92
54765756.84
38359184.05
36601015.51
16648732.47
17524708.52
58239709.72
55115631.38
33695063.64
31941712.8
17161546.81
20580087.34
31900849.5
63347369.55
94799417.34
69298243.05
20124000.41
44738684.28
72879620.6
51582226.71
36437269.22
32261475.45
88200653.17
58816987.97
36417526.75
54377854.04
43412386.74
47340625.11
51789832.32
49568360.42
26777655.59
93062900.45
57384935.71
24699915.52
16733630.22
42234600.79
54580231.89
42506021.95
34138487.37
79716795.93
53330249.3
47578902.33
17081763.65
18821747.79
58683022.08
32008737.56
16998999.87
21505912.72
16888062.2
68647083.5
19517040.74
44903302.15
33307858.1
48190933.33
55168791.42
17545559.87
17255401.81
16606713.46
37949825.39
60039037.13
28483145.99
56546087.08
21459359.9
36058695.79
19980612.43
58407710.54
38076250.65
16617828.52
41219096.17
55159094.32
43346509.35
32547438.6
76786577.93
35162119.5
34405592.29
25025638.89
27262601.2
32042856.99
88895259.92
17986858.33
34938705.26
89589866.68
18863615.98
90979080.19
49346163.66
19928078.8
25829951.07
20699651.44
51766848.59
48283619.63
40089785.73
23990360.87
16847258.84
43019844.48
16679445.03
24611056.19
20253733.04
47048478.31
16431659.37
65065705.95
84380316.01
16534127.16
20863305.55
95494024.09
17008231.28
17559255.26
45990220.79
64414546.39
58210623.95
16779530.29
35231202.55
16980617.93
59671251.5
41961909.12
48788077.09
34080889.93
42740004.3
51525817.79
16625197.89
39424941.4
54376498.5
54610494.48
16805581.86
36314274.27
16893733.52
93410203.83
35780582.08
20503274.87
20916738.25
27986992.67
75158679.05
17175290.25
52204117.72
34691964.2
55008417.06
40557999.52
35213661.55
48441619.19
88547956.54
45178090.95
39744418.73
41764300.21
19775620.8
51326736.78
24182446.51
37501049.15
29670931.63
17178189.35
32952655.94
20067223.02
19276138.01
61529459.13
24118105.72
69949402.61
20984827.32
70600562.16
54433451.13
16653435.21
20135218.4
46813871.81
84727619.39
35485206.45
16452489.76
16638287.49
21657127.32
53489911.03
29668793.6
72879620.6
39479522.57
73205200.38
21353910.47
36861230.22
88895259.92
44642656.37
67344764.39
26718519.32
16942535.44
56793074.91
41147745.71
39297326.72
23506963.33
44629843.61
84727619.39
27298858.86
24353492.26
33204563.29
44228591.18
43228889.07
16965336.39
52931191.17
35127846.29
25085278.18
88895259.92
53210778.61
56256677.22
80367955.49
18471145.5
28960380.01
21667376.76
16527366.9
58468599.63
34613895.33
53818957.66
28673919.12
52479280.82
44028034.09
36828164.98
17993735.2
43498784.72
32376581.75
87158743.03
22677423.72
64088966.61
42683115.68
16603534.86
36360425.89
34092212.99
27539734.42
37810495.15
54934605.72
59414831.44
16513208.98
30506174.41
20263510.0
81019115.04
81019115.04
93062900.45
16821066.5
87158743.03
42683115.68
24601694.31
34007806.01
17313187.08
92020990.32
28622387.37
16720832.45
35393518.78
19215653.1
51819265.91
34393936.15
66368025.06
86811439.66
16465601.1
17018973.93
20764131.56
17373446.68
58487905.4
59414831.44
18189760.81
17077229.44
33163448.03
67995923.94
16688488.81
69949402.61
49346163.66
32290468.54
85422226.15
16568810.42
49729762.85
26778679.69
34776957.8
50702818.85
45993501.09
49536636.98
50243619.06
68972663.28
59370530.98
86464136.28
17061907.09
16926052.16
17599318.01
66693604.83
26078122.47
17149472.77
57681286.54
44300193.37
47080735.99
81344694.82
32724658.98
33107053.55
29623160.34
17229913.93
82321434.15
63008247.36
89589866.68
30620418.03
82321434.15
60142364.41
16826097.82
24181954.84
33799915.51
69623822.83
16478496.96
42015127.41
36494957.69
56783169.44
37798422.48
32207154.19
74507519.49
96188630.85
18388169.49
53512182.93
32470993.1
38169912.16
19170933.63
20916738.25
36132475.81
38393495.77
16715665.57
16704929.06
53773114.06
23253489.22
68321503.72
52978569.1
68647083.5
19818044.85
46767652.1
19607289.72
85769529.52
21202235.22
45005622.78
39588629.14
22800550.16
34718013.04
61980180.43
16889299.88
16994704.4
89242563.3
84033012.64
17784563.7
57847327.59
73856359.94
52325303.09
81995854.37
28096682.83
16926052.16
21972236.29
22160538.05
36174335.88
39840808.91
22611863.26
17518177.03
47578902.33
20471581.0
23340479.64
54301173.67
48416471.67
23281468.58
35233082.11
93062900.45
61868548.2
25835020.7
48655446.47
16616631.39
72879620.6
29433414.05
25876210.33
47080735.99
33896694.13
18082509.92
22072585.39
17131044.57
17531868.21
52198313.11
41868774.95
78740056.6
82991102.5
21003377.33
44041522.83
53050382.78
35910615.81
90979080.19
44362710.65
23092255.52
36797444.5
54610494.48
58265916.19
42578298.6
54715342.1
64414546.39
33688231.86
89937170.05
18954144.65
34983999.27
42778725.55
26071527.41
34359367.25
40058469.25
73530780.16
22408441.23
16698848.49
67670344.17
36873796.65
62176127.29
37270803.31
51598400.9
16987484.61
59727559.51
17769513.94
34814035.1
95146720.71
34270104.74
25592815.03
42059696.25
84727619.39
30981198.81
83338405.88
39860528.38
51304095.85
40384330.19
62088672.99
53769030.6
18949999.56
24590907.99
51556197.83
35684625.47
48470019.21
52626922.0
30810785.2
31455227.69
74507519.49
67995923.94
37305973.7
94799417.34
17096717.89
44425861.91
44098803.84
89242563.3
47089419.58
40758360.98
31175454.44
19207979.37
35043775.92
17205376.74
32840080.64
16739556.52
18841556.63
41373197.28
55937618.02
41101464.02
67670344.17
42558766.48
17035181.57
70274982.39
70274982.39
42740004.3
38662491.69
42596210.29
37262649.23
28720205.62
58330969.51
27500903.77
48257159.92
17026575.87
49904970.03
69298243.05
41654128.69
41622919.57
26541470.28
16981817.68
81019115.04
47020523.38
45108631.21
18220383.56
47110409.54
16950797.58
19577055.4
17940734.85
49066760.47
16491094.16
57461095.57
18977239.09
48440923.05
53490366.05
51257030.2
33399614.37
19092180.11
55396875.77
87853349.79
33715117.86
34896117.09
28848120.31
35038735.95
81670274.6
52524929.17
16716535.09
67670344.17
46749875.21
35467481.86
47419771.72
26662899.63
25593961.35
42580392.5
51022637.53
37892041.79
64740126.17
17160650.88
65125733.27
24411649.49
20148180.82
42792956.91
16766516.9
52652552.99
53490366.05
48749112.21
39220185.53
39207969.12
40656097.02
21232356.51
76460998.16
22973626.85
17148541.19
43866356.77
90979080.19
49586400.27
25547457.38
91326383.56
50368100.57
25240693.06
58235212.77
42034511.87
32520561.31
16508188.31
67344764.39
18296985.04
88547956.54
33617431.99
83685709.26
96535934.22
37060854.5
42955418.2
34669653.59
34052475.52
16686656.99
42933411.83
39699175.69
21884908.0
54052237.3
83685709.26
85074922.77
46317271.94
52043406.45
33003503.74
45044817.17
52068123.78
20917726.63
52352143.98
38949004.17
43050793.52
30577756.13
93757507.21
32472600.9
44587339.9
68647083.5
85074922.77
55953706.68
17138477.11
32918000.5
39751144.65
43956520.01
45524031.94
37166801.11
19964270.34
72228461.05
20569943.98
31440768.69
20145406.03
53610115.83
27253217.07
45282856.15
18777733.78
85769529.52
45242353.0
19665739.06
34904622.88
85769529.52
44684654.45
41030229.3
19870686.46
44970185.63
35435120.48
16934851.44
16831661.12
34384853.56
32232761.24
39967718.5
23092255.52
38331753.99
46488678.27
34446826.93
37516832.26
38320191.31
28013212.78
30598193.21
18161181.54
26171326.3
16980617.93
23644472.05
30245410.79
71251721.72
37892041.79
18891979.44
40294418.67
56334270.25
67670344.17
59529853.14
92368293.7
77763317.27
22051872.98
34261898.12
17043490.62
40214624.56
83338405.88
34419989.67
51009204.54
55394980.92
36314274.27
70600562.16
39402564.04
29639014.58
16718265.52
25165591.37
24655857.02
48749112.21
67670344.17
93062900.45
19170980.62
17082443.7
51487634.99
90631776.81
18898108.69
40557999.52
23045331.72
36560927.79
16487168.65
31969122.23
16465601.1
29761075.84
47633219.34
83338405.88
57583428.17
37861836.86
37774523.36
24373974.94
32555857.23
49891300.25
41418476.96
59829601.31
40118650.84
36835701.49
52979339.11
16766179.34
29993067.29
18839800.01
39717970.51
23938787.96
58783054.96
37054099.46
65382497.92
39753174.96
79716795.93
17569419.25
83338405.88
17325405.22
93062900.45
49809714.99
45298563.8
31503786.33
45945908.59
18422532.36
54738008.29
34512270.4
34246547.0
16917288.93
79065636.38
65716865.5
37790276.22
59971972.02
17208814.95
35992315.55
84380316.01
64581752.44
27918609.63
42123155.59
48720871.5
35127846.29
42024607.66
42021973.26
42830592.68
50088907.78
18038383.48
45242353.0
39432254.18
18127546.56
25259409.2
22433251.34
55274398.78
38971324.46
16638302.38
17436121.88
31533842.88
73530780.16
41101464.02
16951925.25
64088966.61
81344694.82
89242563.3
17317383.25
81019115.04
55815635.56
83685709.26
21972375.18
55494368.09
33428159.77
37609829.05
35977907.95
36327176.49
37770831.3
57747633.41
19255380.57
16560458.23
17136652.46
28202251.57
20351216.06
16908525.7
55168791.42
94104810.58
17527689.25
56446537.96
17395142.31
16636030.84
48567167.37
95494024.09
82649757.48
81019115.04
44500663.07
46490502.34
23180247.51
59743191.75
16792649.58
17352350.78
21479142.63
27871932.91
57188527.18
42142191.5
49838601.86
18082509.92
86811439.66
38274204.91
26113364.39
34947671.47
17910841.73
84380316.01
39688956.43
54169781.04
58816849.09
77763317.27
16938584.96
65391285.72
32758234.24
16877444.52
70600562.16
39130555.11
32526880.3
16629598.52
25843802.63
39141961.62
41030229.3
37134799.24
75809838.6
53719041.28
54889642.95
34384853.56
16809487.11
57236432.68
23603398.31
29084874.64
55138412.28
17020229.17
22160538.05
46260178.23
60419823.69
35712374.79
43814886.48
17585955.84
19013797.04
38052231.38
20481578.78
17698408.46
29390584.5
88200653.17
67344764.39
32279845.84
39175534.28
25830817.25
81670274.6
16594850.53
42296515.34
34233921.0
58930356.78
16612222.14
59115838.17
55511370.5
44584914.8
29502855.52
17230258.32
21134883.39
45500945.8
16792649.58
68972663.28
49835959.66
26685759.7
25495758.04
65391285.72
17276676.24
70600562.16
16879094.12
76786577.93
52995857.8
56234480.67
31526485.71
66368025.06
24418903.01
49199980.16
49604392.77
56052548.72
17016976.18
22582199.62
40896997.85
87158743.03
18998876.53
64740126.17
26257084.98
35841215.36
16646815.16
28379693.25
72228461.05
17755486.44
30270375.39
95146720.71
54347621.37
22131937.39
59370530.98
41914140.19
38042731.31
82321434.15
51205712.36
46468260.01
42732019.69
34955887.13
44913807.82
26119585.75
90631776.81
23332489.88
19068182.18
39025596.88
17158650.54
16487168.65
31521157.66
43500572.99
79065636.38
16626860.34
31566532.78
34151706.63
67019184.61
23709190.18
84727619.39
67995923.94
41399175.68
26304281.34
31703819.12
36680650.05
33295691.43
93062900.45
39687631.91
19413188.08
70926141.94
26436908.46
37037120.97
16710631.72
34163985.71
37798422.48
17178878.97
17755264.22
95146720.71
21102618.02
41597135.84
96188630.85
62515094.44
30291967.39
24928222.91
20166604.46
33853979.61
18736186.79
35216520.26
17253945.44
19699205.66
69949402.61
33030880.9
42802151.68
24157783.49
74833099.27
71902881.27
17477115.6
48470019.21
40873797.39
16794182.16
19713010.29
39591342.04
51534135.17
17149477.31
27263756.7
35925004.84
17018973.93
42286946.91
48891620.55
17116460.7
25603741.47
32011526.64
17241374.55
16879481.12
49278646.16
45671726.62
37237883.77
54861282.79
16482589.44
41916718.22
38048001.7
96883237.6
26113364.39
47020523.38
49809714.99
33444515.97
37122932.57
16920697.22
67670344.17
32852072.36
20820864.55
43122196.14
38429119.3
78740056.6
21069848.48
50523062.43
22844954.98
42568441.34
16725232.18
20511806.64
24419412.19
17141100.97
16767512.55
47949160.0
42732019.69
47885485.51
45771686.42
17054165.18
44370834.46
49028205.2
42488591.16
35526451.09
16617828.52
45988441.12
33998142.1
16742626.85
52907980.87
31174745.86
37861836.86
33915228.26
36294518.07
35563282.51
24893083.23
35485676.88
86116832.9
22330030.15
43011786.82
86116832.9
42324156.94
71902881.27
35439684.04
17647126.24
23840326.27
36239011.69
35712374.79
52393594.58
51484921.97
35115094.47
34333020.56
18511303.39
47951182.04
33238815.6
18344852.27
33904237.99
56397576.22
71577301.49
50088907.78
33399614.37
46315228.19
49346889.18
16560135.42
53462152.79
89937170.05
64088966.61
29770625.8
28809338.51
24411649.49
52377505.85
44292907.43
38593675.31
44856614.96
16586201.04
45458157.51
16730346.23
47147586.85
17003928.85
53750800.39
39141961.62
29636204.95
33410059.28
17509441.38
54205539.91
96535934.22
50112976.84
42837899.37
57373170.55
64414546.39
32956138.68
30334745.33
52626177.08
17048776.37
40041594.28
42730234.8
23063500.86
16953045.1
22508232.4
16626860.34
17615501.84
17175105.78
94799417.34
50115685.8
16819991.06
95841327.47
16876112.47
51862950.75
35312156.95
58939320.57
20285242.78
32518054.38
35732964.96
17241707.84
42507996.95
45128972.21
18021256.32
23776171.36
36102829.42
44683273.46
68972663.28
26956560.9
50115505.56
68647083.5
26350451.41
24788527.0
16729353.27
66693604.83
81670274.6
16805214.26
77763317.27
44585565.39
17148541.19
17784928.96
48283619.63
64414546.39
16616631.39
17585955.84
84727619.39
22527362.19
84033012.64
24413334.74
34720635.7
45424395.83
16653435.21
45570659.76
77763317.27
25773269.46
43547351.48
53210778.61
22941243.98
22190288.23
66368025.06
19917875.77
26563483.7
30823228.06
38048001.7
34491936.21
32633297.78
17100165.29
92020990.32
67995923.94
29342342.1
55137638.08
17647045.13
28616940.56
17614117.46
35597203.55
56234591.88
16579479.41
57139402.46
17236813.91
41302102.84
33566490.4
51918107.83
47419771.72
39569067.68
26314592.98
17880365.51
41508017.51
31676295.14
24217446.14
16996516.82
68321503.72
17821031.53
16525474.59
35659243.42
22320078.14
42140414.23
46315228.19
43102449.45
59425867.0
16807424.93
17043490.62
21927325.16
38414816.22
17012871.69
17115950.65
52651603.73
70600562.16
36243458.77
48719921.76
34128658.06
55975724.0
71902881.27
38497266.55
17070023.28
40331715.15
32995950.44
16911643.06
40112564.49
36307847.58
48268762.96
58189340.7
20976941.47
87853349.79
31570221.56
97577844.36
31647872.56
16751673.44
17566708.96
38516960.59
17086358.27
64740126.17
37371540.77
52805030.12
42661518.22
17020552.01
26075958.42
26561732.38
52377505.85
30981198.81
43769828.31
38342969.07
92368293.7
89589866.68
86116832.9
17367823.4
53818957.66
36229098.06
93410203.83
39207969.12
49840666.36
89589866.68
21306658.5
59286778.63
95494024.09
20263510.0
76786577.93
16487386.07
41053863.46
37667268.49
52372159.64
28444465.3
47882927.76
45277529.95
20721325.62
75484258.82
20124000.41
55727090.49
32477211.75
25534491.62
38052231.38
38615278.4
50954710.48
30443742.49
34228447.54
50184383.91
27220442.89
36243458.77
95146720.71
39704599.56
53466062.76
42490262.11
27203409.35
93410203.83
37859532.89
20149495.45
35776039.59
16788633.91
84727619.39
16829228.56
42389629.16
55773058.0
93410203.83
41475272.19
42308348.21
18105528.86
16491094.16
87158743.03
31989851.52
46588042.5
96535934.22
17109366.14
38664940.35
16878311.24
34359367.25
16772921.13
96883237.6
38122058.45
25876210.33
26798365.6
69949402.61
44836716.2
16685609.08
46661949.8
47445195.06
32767619.6
42732019.69
35231202.55
19822393.11
33582936.0
67670344.17
35411610.47
17242708.55
16918070.68
26956169.59
47996811.3
21199005.47
33665372.9
92368293.7
39337462.09
18131821.73
18955286.82
65065705.95
33976137.37
49278646.16
39231280.42
23525864.82
29796512.78
36309741.15
40691499.26
20481578.78
21260232.37
21789417.21
46741334.3
41199683.82
35684625.47
34701482.64
88895259.92
36904547.25
39688956.43
34065442.21
37326534.71
86811439.66
38631293.75
46537111.34
20797457.03
17858210.21
18075866.35
47389406.02
23180247.51
59586751.78
24590907.99
41302102.84
85769529.52
25262766.2
34613895.33
33244846.08
17056400.92
35153228.36
48416471.67
32336663.78
30620418.03
89242563.3
43594282.64
45773048.62
88895259.92
39044296.63
36988288.89
53214869.07
16645602.05
56234480.67
16987746.36
17176586.03
48053502.3
24691931.45
54303189.23
38126260.34
38000782.41
39323408.35
16594850.53
45773048.62
37054099.46
59529853.14
23382183.28
16664366.4
16838848.52
40384330.19
33398420.2
28455177.88
40781659.26
90631776.81
34446826.93
37526160.71
16570194.33
18637415.17
17118567.21
79716795.93
28867677.49
24985339.92
35998454.54
28453354.77
16739556.52
34967256.64
17107934.79
49625566.84
33372781.23
57141548.95
53816833.63
45186300.18
53741821.02
65391285.72
32830799.78
18396706.02
51813476.66
23980578.44
42267116.16
46196326.19
36679384.05
38788691.57
35086074.73
47089419.58
16607475.1
53162996.39
93757507.21
53770020.28
97230540.98
58816987.97
38936420.63
36647792.91
38113838.77
31528512.94
41371306.98
18874186.8
91326383.56
34140862.05
17220105.56
55522766.46
52478523.04
16989627.44
26113108.62
46477677.2
32045335.21
84727619.39
32109768.94
57370522.95
16795921.62
30280876.12
71902881.27
49264712.13
17471395.99
19600206.74
66042445.28
23880782.27
19673101.91
16954561.13
60119689.89
16986757.31
47668414.56
44772740.12
50672994.58
96883237.6
41883646.45
19906272.6
44642127.04
25840673.66
89589866.68
93757507.21
50743962.23
33268963.88
45044817.17
76786577.93
41691823.22
18891979.44
18210443.26
26245354.02
18831278.89
64088966.61
21508756.66
78088897.04
16656311.4
32652303.93
16780489.36
43205305.44
97577844.36
39426625.62
38320191.31
37308208.38
37175303.89
67019184.61
92715597.07
30809278.98
19689035.6
41985637.18
47676589.43
18796517.44
35682338.75
56406216.07
51766848.59
56115259.6
86464136.28
94799417.34
23408337.88
96188630.85
87853349.79
76460998.16
28202491.24
17968378.2
40888118.3
16461154.23
42233964.24
16961021.31
16673059.87
49348190.21
36330245.69
17000094.0
46589388.8
34143898.11
72228461.05
87158743.03
36140205.35
31195361.8
17118567.21
45458157.51
16777450.36
87853349.79
57402095.92
23536588.6
20182300.33
64414546.39
17005966.41
54579464.19
47294305.64
96188630.85
56843714.69
31778063.69
72554040.83
23114095.38
66693604.83
38933335.08
16911227.99
54366586.77
91326383.56
44683273.46
17767003.84
16893733.52
40015486.9
35762847.42
16443825.3
39942756.44
96188630.85
79065636.38
42780067.72
33198014.44
54868482.66
39787905.5
20907291.76
17096717.89
23840326.27
34512270.4
54052237.3
53184234.83
95494024.09
39699175.69
16468818.03
41611245.87
38427891.36
48229266.34
40758360.98
40261183.27
59021995.44
32814944.56
81344694.82
17152551.39
53879585.75
58930356.78
36454571.93
42412068.79
59156013.69
57072316.42
17710538.99
16804817.89
27021665.16
36600481.58
41306874.75
55955352.0
87158743.03
89242563.3
42732019.69
20294478.3
34568651.73
30809278.98
41373197.28
17295275.78
33904237.99
