47283104.67
41774002.38
48539348.7
42018887.15
43745274.05
23283710.81
41332897.47
44116485.88
24397403.1
42392400.13
20687234.67
42199595.31
23830001.49
43271681.03
24808485.94
26426984.4
21699358.41
41365358.19
79139088.88
24741797.7
21605148.07
78006525.09
42096129.96
78143557.83
25140469.8
25926561.13
25860932.5
23315277.49
25889335.75
24621977.8
47374402.79
41332126.14
27036968.58
27233217.45
24222706.33
76450019.13
43175391.74
25960321.51
25346117.95
22154892.25
77979436.6
80388654.64
27166384.68
80083305.47
25750760.47
43023843.56
23381440.06
47669748.32
26326940.06
41106974.65
25900292.91
24835288.71
25444012.96
15067638.4
80281807.98
43268720.77
76420028.74
79272239.17
24194849.5
24411491.28
43060289.39
43504014.13
24551940.53
44714316.59
23851297.86
23839012.86
43151464.84
48734989.56
80281807.98
76555906.62
42529472.74
43013096.02
47583389.51
47094798.37
78268646.3
24276235.56
43618092.52
24886457.06
15195097.64
77972273.13
42735185.91
78384116.04
76450019.13
42759750.23
43548235.05
25620758.65
44721308.84
46113833.89
44138630.64
24884306.19
26612560.21
77767392.61
25915188.09
79859285.84
43322579.15
78507099.35
46815485.06
43422586.84
24109978.87
76450019.13
25513336.87
77651650.42
45046316.44
47135958.01
26367683.1
22771880.51
78507099.35
42809576.34
26831095.44
24309744.08
24360020.82
76420028.74
23823135.92
48025662.15
45284953.39
44115403.88
78384116.04
26538719.2
78739606.12
27018419.55
42390574.66
25635275.73
24762254.95
25927459.03
25440647.6
78142970.56
46721547.86
15169789.64
47125292.5
46568066.7
43046808.69
47693447.08
45364070.63
21694554.0
42588552.01
78134546.65
49007283.29
21230333.79
46924743.83
24494327.6
22457908.19
26867323.37
42608583.67
46194648.11
15098028.69
76555906.62
46813436.02
15046618.45
46664669.54
78623298.45
42494428.01
76804226.87
46824732.37
46050691.85
41889805.95
47790883.46
46359470.62
46788258.9
46825328.51
22478038.27
24530523.85
77947673.23
25442360.74
79562932.1
47527075.73
44860197.89
23825252.0
41519021.61
42863281.1
41230047.07
25167175.72
42419063.78
47135121.97
46091847.09
15330343.22
44231572.52
48272172.66
45205506.44
22860981.73
42740105.06
76804226.87
44179500.57
44336499.08
44363549.63
25692019.33
43598221.64
42532159.23
46959901.42
47513239.71
42837331.23
46128913.47
24678305.37
25097611.98
41410756.46
25225497.25
80843569.13
77531527.85
44483828.36
77789400.17
46113402.35
41777277.07
26021419.5
25864489.07
24832121.31
43604811.98
77595734.28
26260670.99
25530996.8
78268646.3
80388654.64
44340375.65
44136281.63
24714506.88
24205331.89
24751026.48
47967003.41
79672252.69
42397025.07
24768547.34
42564391.87
80083305.47
46440320.19
79859285.84
42773579.91
24553099.49
46788258.9
24103336.26
48921283.55
25257956.55
15211115.16
24668876.24
43656187.89
42770995.46
41962097.64
15098174.81
23558801.62
48781827.57
43233410.86
78143557.83
46805186.6
26106983.71
26485492.81
43465278.11
24976305.45
78829862.76
48048644.86
47109638.71
41404820.98
46500997.85
77789400.17
21238172.31
43030716.69
49410235.09
43659263.19
79562932.1
42519441.26
23351622.89
78428726.39
25163363.07
25186654.31
47736112.5
24548141.68
27323752.38
45047066.39
46253498.27
23671509.12
47282829.33
23882023.43
25750760.4
25229101.97
43632270.62
42997050.24
46569953.9
20545413.68
42520800.12
41286196.29
44361091.09
26601789.41
42660255.15
23392452.21
21108118.47
41330324.29
20584229.39
41945200.63
28085450.93
78134546.65
25828743.18
24567261.2
47743908.06
44038830.72
46929523.71
43269618.71
43400514.35
42637854.72
24762418.88
25474160.29
43327748.6
25513850.5
15089915.55
79528763.99
43326463.64
76420028.74
77059709.26
43954999.78
24651636.94
21163043.04
76420028.74
15170008.68
80143606.43
42639688.93
44118480.09
43341168.81
41990449.0
47154466.49
77367632.21
42982161.41
21654603.76
43756966.64
44356957.06
15136997.13
47991056.02
44026035.57
23927105.23
23944020.0
21452700.95
43394873.7
42344589.41
48582151.91
24022323.81
46746586.5
43747013.02
43347961.11
42218599.24
47676783.62
21573646.88
46076291.37
50470170.67
25074261.41
42792062.19
47654639.43
78739606.12
47840520.08
21814260.3
47819917.92
21993620.08
41774887.79
26030487.83
80083305.47
44251810.49
21319733.66
24854163.29
25509685.46
23483423.26
44702523.1
47154745.55
43849986.37
77767392.61
46753170.55
22734194.19
43346240.9
20599032.13
43946545.2
45416384.27
20647851.24
21818552.75
79528763.99
24856556.16
43821708.22
44705493.12
43065092.71
45752241.22
44511054.82
46046664.39
23888415.09
47868817.31
78006525.09
44370502.21
77530491.33
47722471.19
20945509.91
47799707.04
23581711.34
42924073.36
78479464.39
15079287.17
79415446.61
24867895.24
43634083.78
15228838.34
24296389.03
47213490.72
23847373.68
44363549.63
45487499.08
24884306.19
79565330.43
78760902.66
48527064.83
77595734.28
21691084.41
42823955.66
25338568.41
50330723.33
23549780.99
24369508.95
47255067.59
47971672.58
27995210.72
42745086.43
20728146.1
42810340.09
77695606.15
46589708.41
43065489.64
79415446.61
78428726.39
43674570.41
42024859.67
46469825.62
42196735.86
24049331.85
23433680.02
23473735.42
26513337.64
45205506.44
27702008.41
76738372.27
47115075.81
45487499.08
42634023.02
42468188.9
45815829.84
46631364.09
23647052.7
47668944.15
76771129.8
43745274.05
22368290.07
15128510.2
15137143.4
15083337.49
49509279.98
76454798.46
44297175.35
48389126.84
24757653.68
47946909.66
43990876.08
15186557.19
46507018.0
42282904.0
42601258.93
25043259.36
27230613.31
26182687.11
42248272.59
47565827.58
46959739.14
15128930.91
49616496.77
42835063.51
77882578.62
27139517.61
47152296.62
25175781.34
77695606.15
49038427.03
42018887.15
44363549.63
24781592.92
25055411.5
45692058.42
26618258.81
44862259.26
78384116.04
49839816.67
22838661.72
24691784.41
23650580.66
26244524.45
76829412.22
77089663.64
24497370.27
48157821.18
42475880.07
44378023.0
15272165.58
22955949.74
43151464.84
24889407.33
42313864.52
42990222.47
20990383.09
26725869.21
42286772.03
78534661.22
47875020.02
77301676.68
43808199.09
23366582.09
47312280.94
78428726.39
42505333.85
24315195.81
78652396.39
27006500.49
15291063.45
24962628.81
24813762.47
42485809.2
25170450.56
43841347.4
45124955.8
43443792.73
79565330.43
47786662.59
41812077.3
44267689.4
42565398.27
44136084.85
43175391.74
48074681.96
46818898.57
45642581.72
27960965.2
47319130.84
44954936.58
21468111.42
76542442.23
41288432.58
26679336.7
43951067.05
43447888.83
23604917.69
79565330.43
46796098.24
47265018.03
25192981.36
77651650.42
78222900.74
23498024.46
44209960.2
24122286.1
77972273.13
47353785.58
49634305.39
41382697.9
44967955.76
15089143.7
21811960.6
26710314.11
78201089.76
48863782.35
78109080.09
46510596.66
44425282.6
47389542.53
46964784.54
76738372.27
27102141.78
42143091.69
26289297.61
48042135.58
48540008.35
48290781.97
46408681.95
46315054.43
77089663.64
47720925.36
42534957.77
24625520.83
25095974.83
48238359.98
47604038.64
24554214.5
26158207.67
77530491.33
26682419.86
76542442.23
15130608.38
77211777.52
50425669.86
15166432.54
24767469.12
77211777.52
42468188.9
47039639.58
78507099.35
43586292.66
25275852.94
45282298.56
25500579.15
77531527.85
23655129.55
15045136.45
78134546.65
15143037.79
25143046.23
80281807.98
20709916.83
26618776.41
44798424.37
43241472.61
44322739.43
77793938.39
48781827.57
23888415.09
46232644.57
43634083.78
77947673.23
24698800.78
49128159.39
25702495.03
25713915.8
44952355.14
23490453.92
41211192.59
46601154.11
47373493.36
22882471.01
81898117.69
46775263.79
24091724.25
42679678.72
44246086.91
42432494.7
24956863.51
79415446.61
15195447.08
22558643.98
77703486.43
49276283.9
76925903.9
41421150.18
78142970.56
49028693.81
28415842.31
77367632.21
42564196.85
15230247.42
26041926.81
48671511.46
47819318.51
42890964.56
22944926.71
80083305.47
26721946.22
48811265.72
44301017.15
49078476.54
15103798.56
42788495.83
49509279.98
49471700.42
78652396.39
25048992.03
23070366.09
25152242.1
26951849.58
26669560.07
42560698.01
15241474.7
23110280.66
77703486.43
22929674.88
76379834.81
41774296.31
26593132.22
41981382.42
42920652.73
23351221.45
46469070.09
28132813.96
15245496.73
78507099.35
24867895.24
77530491.33
77979436.6
15164897.25
41397185.58
43984057.77
15135702.84
26646998.29
48035299.8
25491156.11
23290632.71
24832121.31
42218599.24
26698264.44
43681562.6
45203910.53
76454798.46
50471329.36
45878417.12
45116163.48
47932901.19
23398587.69
43544723.29
15240560.8
41606532.52
45352501.19
78428726.39
25159765.35
43557134.47
15194711.54
41318191.76
24828151.47
15177481.69
77839518.82
78065545.96
47626260.95
24524616.2
25575293.56
21456234.78
43112989.49
20656456.58
27292348.47
48285811.86
20432647.12
15114668.49
27175376.68
49307705.85
15137038.31
23748312.01
23974096.38
46148464.19
21585928.51
21243357.3
77793938.39
15189027.74
43502946.96
77695606.15
25182247.74
80107042.94
44488915.92
43089130.19
24911476.57
15189505.49
47643879.33
48212718.68
77441857.2
24647672.73
77947673.23
47973828.29
78623298.45
26934669.9
77695606.15
77882578.62
21140600.89
24854163.29
22594223.6
78201089.76
43959602.4
43463796.5
42486589.67
26083620.32
42475880.07
42936908.35
43110132.8
45927036.33
42591797.98
26368642.95
25592150.39
76542442.23
22470466.77
43890680.51
47960963.39
25451626.35
42338611.97
43997039.14
42009316.87
43864024.42
26339113.57
78368796.65
77793938.39
46710691.65
47964194.78
44109722.28
43122068.91
22667988.14
15079287.17
15083659.24
43824878.0
23018069.08
26087539.19
44706224.45
23902196.07
23858679.82
22924140.33
26720015.88
23466038.1
42149200.94
77972273.13
47971537.88
21438139.43
20545413.68
48016335.11
42168737.83
46328713.81
46879196.17
15260731.12
79672252.69
25303786.1
78201089.76
48633362.58
77128357.86
25474031.49
41809623.28
49018340.43
23069659.66
76804226.87
80083305.47
43108353.03
25289504.35
43531509.82
44008604.01
21368093.79
24313449.44
77689961.51
48685462.67
77947673.23
44977225.19
25194606.97
44234095.74
23142126.18
80083305.47
42889774.2
15140260.47
22146097.62
46800636.13
21107634.38
78623298.45
24226733.71
78534661.22
42897601.32
46464076.01
47576929.91
47165068.55
23555733.15
22194772.74
23473021.95
49159542.37
42859200.28
77695606.15
44613410.61
46954426.79
22911929.75
77651650.42
44953744.23
48698026.26
43993784.24
76950892.36
44077177.98
24255611.64
78134546.65
23811166.25
24692461.52
47466983.53
15066967.81
49159542.37
21881006.42
44284597.55
77687489.6
41606319.09
79139088.88
21447803.67
42169272.31
42990222.47
76450019.13
47311995.89
49402193.92
48043460.53
43400089.37
25831476.58
21289631.23
48117122.02
26564832.3
48104968.69
78760902.66
47161424.12
48437391.05
15231312.49
26526741.95
42034188.58
76804226.87
22910518.58
79359442.93
47480179.07
22515651.45
78739606.12
48141252.68
42674791.47
15068011.1
24572672.46
43903990.5
41156613.38
15106252.69
26912656.21
78760902.66
44216377.08
48612690.04
23223338.97
78201089.76
47971537.88
46720488.18
42282904.0
15093130.4
76944144.42
26433315.82
24792980.49
76950892.36
80083305.47
42774731.9
49048164.81
42129879.46
78996286.7
47088031.2
77789400.17
44361091.09
41771002.74
28591340.13
45642581.72
25691434.74
25343670.75
42903418.28
78652396.39
47681185.16
47832134.95
42496270.23
47153006.66
23922168.63
42804647.44
27538270.09
24382147.49
25216486.68
25827006.12
45077592.36
79613943.67
42787816.2
78760902.66
48030614.21
15138308.76
42879164.6
24775910.81
41627401.91
43848980.62
26456212.1
48141252.68
79272239.17
27063867.56
78065545.96
15124584.09
47186206.01
47222989.09
48934312.06
26036250.28
23048386.9
25214135.51
15102336.65
25893657.67
43513861.96
42182397.55
45303430.89
44591162.27
46850406.91
79099798.98
78143557.83
43925831.08
25893657.67
44283202.37
49159542.37
45979258.43
45537683.48
48890458.43
25871134.75
43596861.02
23524534.47
26456493.91
46112648.06
47348199.3
44452170.31
44122741.66
47990608.08
43066990.97
25043423.01
44130626.0
24205972.01
23202470.53
25024432.89
42374848.88
47580680.97
42218599.24
25357030.37
25779150.43
80107042.94
47374402.79
24435918.31
46470571.82
41535729.02
80102823.79
43931422.72
46149538.45
42988485.11
46780966.28
26359802.25
42998205.23
22913734.72
15243492.63
24580520.78
77441857.2
23868045.44
24688298.49
48654743.59
42207232.39
42195873.91
25634481.2
23466863.67
26463478.36
78368796.65
46286613.61
15178186.0
25266697.7
43961550.32
25062710.74
42620071.21
44906529.33
43182837.54
47601680.38
26014215.13
78065545.96
21840756.0
15076314.22
77187691.93
78534661.22
47135121.97
78760902.66
22075536.06
15198849.29
15087783.61
23161465.08
43452173.08
24600359.3
46204273.93
80107042.94
79623816.69
24159752.63
76555906.62
43841347.4
24881262.52
24162959.37
47887968.6
26822138.23
43185810.58
22150739.38
43346240.9
48614875.06
41329589.46
43347961.11
23440288.36
46294618.5
44903512.04
15324813.65
22361144.96
44485876.79
23658051.43
23228629.24
24596032.29
44592395.84
44956030.06
78201089.76
24206428.37
23771208.51
78854430.29
45924040.0
79387389.99
78268646.3
78142970.56
77367632.21
41178194.82
25579376.28
44471827.6
24469914.55
24943774.36
46995473.61
78140728.73
42827754.36
78222900.74
78760902.66
45150883.96
48148893.04
23826431.24
46684370.23
24969834.18
26873021.28
23800780.79
43840668.82
21728718.81
43985864.25
24493713.45
77128357.86
46271838.18
43250912.98
77703486.43
24780532.17
45316253.55
48838029.66
15056581.85
45316253.55
26813683.42
42835852.2
22953555.66
48639572.79
46439062.18
45302717.82
78854430.29
23957156.66
80083305.47
42332357.56
78507099.35
43993784.24
25496717.82
43957191.46
24537714.86
15165852.25
22704449.54
42363103.14
25873589.41
47124452.11
43581750.31
24069479.29
20301051.15
41527365.85
77301676.68
42419063.78
23191216.42
42775933.81
25929462.5
23383607.43
26753927.92
21502100.39
47181890.74
22606031.87
24696297.31
41843723.02
25690331.14
42991112.78
22106042.36
24696756.65
47210418.42
25764254.95
42633186.83
46278929.29
48768461.25
50426535.01
44109722.28
21196823.59
47234461.5
21012452.07
78854430.29
47364403.7
43175708.92
41106717.2
47266153.94
44484157.99
42238727.29
46927226.61
15203311.54
79272239.17
20131236.93
25590701.38
27517232.31
48688680.84
23998775.94
20862133.44
23545366.07
44134254.81
49695769.17
26044190.65
47537085.5
25889335.75
21607430.88
43546454.28
42517708.7
41727351.04
79387389.99
45015707.9
43567048.36
22628894.34
44250259.02
28154396.66
80257958.23
46664669.54
20960599.36
78652396.39
77595734.28
45100379.94
27466796.26
42388228.98
27075442.64
47538882.91
26031845.96
49509279.98
42224936.13
23245094.02
46562091.37
42171102.74
42470827.36
47265218.83
42681351.52
47535669.33
25578151.26
44306175.68
26983663.51
25507497.02
78854430.29
42034256.35
77695606.15
23940229.91
48684699.69
44098260.67
26620089.92
45101406.94
77972273.13
42825829.55
77059709.26
23914026.18
25005662.9
78996286.7
24676896.47
41319798.34
47153006.66
78175595.57
40963492.96
22241691.92
78143557.83
25721973.87
44361920.51
24118150.44
44077177.98
47786662.59
46734454.97
25542756.98
41755655.03
76379834.81
25998197.56
78498694.04
24316837.86
23992194.65
26748123.41
41663016.2
44722663.89
79359442.93
42673973.84
47909000.26
77877738.56
47125292.5
42845346.11
41474145.44
48138077.67
78222900.74
41200808.2
47860864.77
21818552.75
27335190.56
79528763.99
23558801.62
41302366.59
42573109.2
45021968.23
78222900.74
77581733.05
24581807.97
46243435.15
24672636.01
42052761.79
24329550.91
42928179.22
44452170.31
79528763.99
24211000.57
78623298.45
44201022.56
24113416.83
15128510.2
78829862.76
42543239.41
21064405.01
23849249.07
78428726.39
78368796.65
77767392.61
47901514.8
42815930.76
24464097.77
42169809.37
22448188.12
47725455.69
79387389.99
15039619.16
48628957.96
25398677.36
25257972.92
78368796.65
47615327.77
26877699.87
26640201.32
25676217.88
15156246.1
15124337.63
44305002.5
25919358.5
47178510.33
47526546.79
46481089.26
21276205.47
42814189.65
45783220.3
44967135.85
48549563.13
21024921.75
43779080.42
23534939.73
77367632.21
42691959.26
80486505.19
42610566.06
26663381.92
43596190.51
24287481.81
80257958.23
47505818.54
44138630.64
26486714.6
45692054.27
47183125.89
43282521.17
80257958.23
46349108.9
20190803.76
22570694.26
21780455.72
43007036.47
45388992.37
47210418.42
42615189.84
46845796.6
21525321.4
24623065.24
43245436.3
25500264.71
42468188.9
80257958.23
45128456.33
25088445.05
23948737.69
43494496.46
42673973.84
46486823.58
46144736.4
42570911.59
26322721.5
77767392.61
80388654.64
47063111.58
77187691.93
47026012.33
43959602.4
42724437.93
24111477.92
23456841.91
24621977.8
48117122.02
79076530.48
43570955.89
42524821.34
46317448.01
76420028.74
77128357.86
77703486.43
43502946.96
21631186.56
77128357.86
15083014.6
24087973.15
78829862.76
49828509.47
47469942.66
15156259.31
79450778.99
46685197.54
79139088.88
15195601.36
22231966.15
22955190.59
43977657.05
43504014.13
26075264.0
80257958.23
25300204.93
41663706.98
23648845.69
21506519.29
43493611.95
45793263.5
43007036.47
25750760.4
15173835.36
77767392.61
48673595.34
28194157.86
78134546.65
46569029.32
43747013.02
24682808.22
46664669.54
43620162.43
44638117.7
23757080.88
42901657.05
78142970.56
46417733.46
77767392.61
47074409.92
44230922.65
24160716.97
47841474.9
15180767.93
23148676.07
43687086.3
21137195.13
79099798.98
41330324.29
26178080.76
81898117.69
47946909.66
24169267.1
25981928.31
47131577.91
15145163.9
23071635.29
49421020.23
78773662.38
77530491.33
46273159.58
26727216.01
45708644.73
45162939.37
41945089.75
46926728.89
15230045.29
41915362.39
42386400.88
81898117.69
44382041.71
22905151.74
48022279.05
46721547.86
77979566.41
44361920.51
47480179.07
15128287.63
28690623.86
47264415.88
80107042.94
41410756.46
48673582.32
43110132.8
77972273.13
26484566.88
25647492.37
23891143.65
46699505.63
78739606.12
76738372.27
46113833.89
41353054.53
80388654.64
48878546.74
78142970.56
24699774.58
78006525.09
27234166.37
42917671.12
47026950.03
47330471.68
77972273.13
46799561.32
47210794.75
43161863.69
42660255.15
48691077.97
46929523.71
45206537.14
25704016.86
46470944.81
20872435.26
46818229.34
42117390.26
78384116.04
25489893.22
21436098.52
44397398.26
43491750.51
46046664.39
23749579.48
48766949.5
48795507.52
20710076.45
21550321.51
23212404.2
24676896.47
42694465.37
79562932.1
23658051.43
25823749.71
41755655.03
76738372.27
47239091.53
24556197.04
48640909.99
23870075.27
23609558.42
43393442.59
26576603.64
25091295.59
45144141.52
46783980.11
78384116.04
78996286.7
42801703.97
78854430.29
80143606.43
45328767.94
22336815.96
15165698.94
46408454.6
46755438.75
77687489.6
42489850.93
48628957.96
43959562.06
21151840.82
42870191.49
45694034.65
24336919.38
15244212.98
77793938.39
15193610.85
41944513.61
42787722.75
22578377.12
78649167.4
44903512.04
22571948.51
45095324.58
47137417.28
21277053.97
49028855.01
15130603.92
47699990.72
15189664.79
47900780.64
42311414.82
43754995.19
43697918.1
24678305.37
48672339.54
27959935.01
46271102.0
45878417.12
43234033.13
46862658.12
77128357.86
42773494.55
48639572.79
42757904.98
24237608.39
80257958.23
45578348.82
41549843.59
21283927.25
80386550.47
45704668.73
23277493.97
41526717.93
44557195.87
25038556.5
27266639.81
78623298.45
21474231.02
22517265.86
79359442.93
46283258.81
47435628.0
21397521.79
15238462.94
23638864.96
80083305.47
45261795.08
44927345.93
79797694.5
77703486.43
24688298.49
46710691.65
24093940.7
43121607.76
42418995.37
25869859.93
79562932.1
21629899.83
15220844.74
24604974.62
47985895.48
22796434.3
26214085.65
24642545.67
28491549.44
43119570.77
41374215.72
45264220.42
46592894.72
25398677.36
48031570.21
23991366.19
76771129.8
78175595.57
48823322.28
45815829.84
47702871.8
24616771.62
15123794.12
26167627.42
43126557.73
77530491.33
43808960.89
43647592.21
47404597.49
24678178.35
43840668.82
48074157.36
26809735.7
48015758.36
78222900.74
45752573.89
77687489.6
24580520.78
26333889.16
15145577.9
23696219.0
47720925.36
15271724.08
41318343.86
47196515.32
23715626.85
78222900.74
77531527.85
42917671.12
25146989.31
22306782.62
24670985.72
46500420.21
42966097.11
24338479.69
77284993.39
46133662.87
23479528.29
46167315.47
15110941.58
44264739.34
20828636.84
47700794.88
44520931.41
77651650.42
23648845.69
77882578.62
15252798.05
44176081.59
25135525.26
43141035.18
43739969.94
46879196.17
47791680.21
48204895.65
26742943.56
48649548.72
43239887.48
48096847.75
76450019.13
15096786.98
46417733.46
77689961.51
46705764.95
48993924.83
43560666.96
15282556.61
49828767.97
42354309.33
48404541.62
26735713.37
77651650.42
41320297.55
25222892.83
48009855.97
24073959.95
26732681.79
26414205.04
24556213.31
42245025.83
48036493.35
47785840.08
79623816.69
24410057.81
22872194.24
47674702.58
78739606.12
79359442.93
45350311.62
45104246.5
42060295.61
77793938.39
48043092.82
77187691.93
24530523.85
25629382.45
26918891.72
43185439.38
21490819.83
76771129.8
78143557.83
47483901.23
21675535.99
25139499.81
43125864.06
43250912.98
26021036.99
45719965.32
46817050.8
25259222.47
80843569.13
48427325.26
15165539.93
23940272.86
47161424.12
15156124.93
79415446.61
46763929.19
79528763.99
80386550.47
78201089.76
42968638.41
46386815.19
22039932.67
43283786.91
42274697.13
41934508.86
78498694.04
46351457.97
42879959.79
45063254.97
44134851.03
76542442.23
79099798.98
77979566.41
46438306.65
43502327.71
48980781.21
44315587.13
24465206.09
79562932.1
50459035.23
25518890.86
77059709.26
49380222.12
45708644.73
76804226.87
46564369.46
41397039.05
45268197.71
49276283.9
28728888.89
25025813.88
43099271.68
21923544.14
79623816.69
47347964.56
46286613.61
79859285.84
24408122.87
15095053.19
76829412.22
26265170.23
22393176.99
78996286.7
42259098.74
22945969.63
24192609.78
77284993.39
79402589.52
21832925.76
47920358.91
26627529.72
42092466.71
24594076.22
44479796.79
24147515.59
41160812.73
77595734.28
15062482.11
15230168.36
41445965.49
23165788.73
76829412.22
24178553.82
78829862.76
25761273.95
48911345.77
49015676.02
41811605.22
45618354.03
26604726.64
77128357.86
15200379.07
24769909.19
43596909.66
47178775.76
25496428.73
23777445.04
77441857.2
78175595.57
76555906.62
23470523.7
22020825.94
78479464.39
78996286.7
78134546.65
24588881.97
24392790.26
24986714.18
80386550.47
48494804.56
26713598.67
46176091.13
25036091.54
44326451.49
24624304.69
45103463.56
43178056.65
78507099.35
48766158.91
43446641.53
24882124.15
43187512.19
43422742.56
21089113.52
22471663.28
80083305.47
47329148.51
24560578.84
42349215.5
77581733.05
48025662.15
22879671.25
21099152.61
43686180.83
23980572.3
42126357.71
23202470.53
78996286.7
77695606.15
43598221.64
48659398.3
78760902.66
24496459.67
77441857.2
25461219.13
78760902.66
44803077.79
42145004.66
25811693.51
24089824.23
46535321.51
43659380.59
22595088.39
28041880.75
77530491.33
78006525.09
77947673.23
26315288.67
44338984.88
44273715.36
42299279.76
43464715.84
26921810.01
28719658.46
46712122.57
78854430.29
21585928.51
41500096.99
44861707.36
21371774.43
26537296.04
43942281.75
24721960.74
47137050.04
79562932.1
46011865.12
24114732.22
28072775.47
77979566.41
47514986.32
25311715.79
26234314.75
43836507.48
20663019.56
50458170.08
20564269.37
42809422.12
46184733.79
24206428.37
43196437.36
27763804.16
45264220.42
79272239.17
25418843.73
26012025.12
47690497.73
76804226.87
42863568.09
21349249.76
79613943.67
43161863.69
80843569.13
44449672.86
43681562.6
46387469.39
76542442.23
26007468.05
24472889.25
43347189.35
25144129.0
41687285.38
27114700.85
47328368.9
41978532.89
26877699.87
22164068.76
48673310.29
77435382.61
77979566.41
78222900.74
48074945.08
25025813.88
45889693.23
25338898.91
44594773.71
15169789.64
43059496.85
27722654.86
46252090.8
43829507.53
47884357.06
25385148.95
48213189.67
48538452.83
43032969.94
44422900.45
43951954.14
78623298.45
15157408.38
25235668.8
47900780.64
47868817.31
45348975.05
22934253.2
15363627.84
22246774.53
80843569.13
25440332.68
47662576.79
42527429.15
44153608.19
45803883.5
26233615.64
79672252.69
47403487.92
44018663.4
26119771.36
45272583.65
77687489.6
47234322.66
25671406.7
48647425.84
24443072.91
48648251.2
43509390.91
22690133.08
45076912.41
25836045.07
45281300.01
44317620.53
47154745.55
42809701.19
77581733.05
25927044.69
48076425.48
41128700.61
28094516.85
20792297.17
22751776.59
41353765.97
44423494.44
48388276.51
43064867.25
78428726.39
78760902.66
23897448.02
42092466.71
45357351.12
49048928.14
45100796.29
43964327.56
78134546.65
46419878.49
79623816.69
76542442.23
27750149.11
27897226.93
78109080.09
47210418.42
48494804.56
44201714.94
43522645.46
22779312.99
79402589.52
20792352.61
48501595.29
47038201.58
76555906.62
25092782.78
46091572.43
42321346.35
27395592.55
45494416.11
49796771.41
23366582.09
45128456.33
15334929.46
47634492.51
47962832.81
24475706.25
76944144.42
42680265.85
47052970.18
49275487.56
48217470.77
26242289.5
80281807.98
41466890.58
25282397.55
77367632.21
24721928.56
15260430.26
45692829.26
28487123.2
42504545.06
28315292.31
24865762.18
77767392.61
24577832.19
47266752.23
79613943.67
24975054.6
78996286.7
49398002.06
46782926.28
78201089.76
47026950.03
47341342.16
78142970.56
43823719.44
48275191.33
44356957.06
47076281.23
42743015.71
78764341.93
42377824.36
24452875.67
45813766.46
78498694.04
76555906.62
15126431.27
78498694.04
25893561.37
25846858.83
78201089.76
42809576.34
42896930.75
25611214.49
79565330.43
24411491.28
49153056.93
45124955.8
44722663.89
79139088.88
43667434.48
23958394.0
21551557.86
15148497.06
15163485.5
25995328.27
45813766.46
21016126.76
79402589.52
49409334.0
15166964.91
45358742.49
43042383.47
24214754.67
24631906.52
49306720.13
42433234.59
46859950.86
47601680.38
44740260.95
24940533.75
44973072.85
44970235.8
77767392.61
25589138.93
77884938.62
23673177.58
77367632.21
78272924.62
43403885.92
78649167.4
44356957.06
42088140.95
78175595.57
78652396.39
44589997.1
43518329.77
23600401.39
41667971.21
26795432.0
48653225.05
77301676.68
46468858.9
42167845.88
41477162.01
24613947.77
46919519.28
25227331.62
41667971.21
43645272.89
45573182.18
43489571.53
43558573.48
80102823.79
25026050.55
78996286.7
77789400.17
46681700.04
42333550.93
78479464.39
43385041.2
44957653.22
41981382.42
48037850.9
43646017.09
44147788.9
43949561.64
43954999.78
48968524.16
46090624.22
26086522.55
25801006.15
15285533.89
43391017.61
25535608.9
41961337.92
47681185.16
21675535.99
41526717.93
15170284.13
45264220.42
77530491.33
15251577.85
43288825.97
78272924.62
45981486.12
47981368.89
47900780.64
27683899.7
46961859.8
23979425.55
24062620.83
42497076.26
41367226.48
47140653.22
46061243.25
77789400.17
47446772.34
43007036.47
43344220.68
76829412.22
42792062.19
43744076.91
46536408.72
47139698.81
24382147.49
79528763.99
45747687.7
48244459.61
42340699.94
25804665.77
47246452.42
78142970.56
24253212.44
15047721.89
79139088.88
42846127.64
15153022.12
77877738.56
48796024.52
47061475.53
79562932.1
43770740.76
47253504.31
47876798.51
24718385.09
48931522.83
24773929.48
42149200.94
44519345.95
28405416.14
47525928.01
27850117.05
22762125.06
47075131.94
21140063.39
26178229.32
46844666.04
78534661.22
78534661.22
42195873.91
42657874.64
46922580.61
21981033.02
47341896.75
42008021.7
23351622.89
78649167.4
47197647.13
25753815.72
15330435.53
78134546.65
78368796.65
48004792.83
44437215.0
76925903.9
20952799.08
42858097.35
24969834.18
24682858.65
44375036.76
80843569.13
42192124.74
78222900.74
26192749.69
40908735.76
78109080.09
42774132.18
80143606.43
43185439.38
48504467.78
25308641.53
26478875.64
77877738.56
49409128.58
20528082.73
41913922.05
27317700.14
46600229.53
24636333.09
41565246.81
26571840.59
43914756.05
43369092.78
21063519.38
42844869.34
79797694.5
77435382.61
41888717.5
20471202.91
49798935.59
24315195.81
76379834.81
45327318.27
20872896.74
26618776.41
23396571.73
49379321.03
78368796.65
24436342.13
41994692.25
42871338.81
25806378.86
28563119.75
25782361.12
44982638.36
24985217.31
25308641.53
43269387.65
25131430.56
76379834.81
47562270.21
45633005.22
20820985.61
20790998.9
43604338.21
78143557.83
41377833.15
15093273.62
49379321.03
41945200.63
44364753.16
78498694.04
45526334.78
43588164.16
24951110.73
27475195.33
42809576.34
47654490.89
15247749.48
26090175.24
46308966.21
42926620.15
79528763.99
45026036.83
44093136.43
43422742.56
15123794.12
46571129.91
41878040.21
22876602.1
15163485.5
45573182.18
25320458.61
77284993.39
42891586.03
42809576.34
24414788.55
45134244.64
42392400.13
22604953.27
25975317.73
78764341.93
46149538.45
80486505.19
24423111.2
27005771.16
43611844.55
47115075.81
42296883.08
80486505.19
47537085.5
48679773.13
80102823.79
47063111.58
80143606.43
15184663.48
42076751.29
48581377.36
43175998.07
15136243.72
45557950.13
47800224.89
23918204.37
76379834.81
23027668.84
77947673.23
77595734.28
24824182.96
23997305.32
42195873.91
46712122.57
15197902.2
23732725.38
43516106.15
42920417.89
20456023.32
49261485.04
77789400.17
15221832.03
24618011.3
24888075.48
25245188.94
25926561.13
24755032.65
25257956.55
43301044.73
43161863.69
41375770.63
78739606.12
78649167.4
25237664.49
47042747.65
24417462.47
46104038.55
46781838.37
28110719.73
44704873.64
46090624.22
42391250.56
43245436.3
43673731.42
46482127.86
40949924.86
46813436.02
46075144.59
48161620.75
21631186.56
21769877.34
23920540.66
26698151.54
77689961.51
48763248.28
47305720.82
20251025.45
27062786.95
47254371.71
48004121.2
15062183.52
20315187.82
23193959.06
46148464.19
45750069.28
22854427.69
43525442.18
43403163.14
77581733.05
15176772.64
42722917.37
49077057.95
78854430.29
24109978.87
42362844.07
47233720.52
80083305.47
24596188.65
77187691.93
43952893.26
41317621.71
42634124.86
15180555.0
49400458.13
49634305.39
15149221.57
42637063.84
41251671.67
23575489.35
21294700.13
43825359.4
41728068.24
15068397.66
25788146.85
43151464.84
79099798.98
77793938.39
21519439.99
76555906.62
77972273.13
47973701.07
26583636.64
80386550.47
24965609.11
43553082.39
76771129.8
79528763.99
23261639.09
42132260.28
80143606.43
46243435.15
42180041.16
46757632.19
49592792.53
43722809.51
78773662.38
44727353.28
46464076.01
15052030.51
24698757.15
46928760.72
45704668.73
77882578.62
26731700.61
45567924.73
47225891.04
24826373.88
21208083.37
77839518.82
24614661.82
46987969.54
25283826.52
23515920.28
45328469.7
47185156.0
15155516.71
20558856.43
41714116.05
46244623.79
48005434.13
43073042.51
24095642.93
42855756.25
78996286.7
47469942.66
42896315.04
15095000.2
47842788.67
80102823.79
42644716.8
41104948.56
15261675.29
43239217.15
23907017.17
23706488.04
24124002.44
44920044.48
76944144.42
15205231.98
47463521.31
15187489.25
46755399.38
26625479.88
42580220.26
41151097.08
24478320.09
25452483.95
23262787.35
23736473.73
49647594.36
46858053.51
43962236.19
42497099.14
15162305.15
78996286.7
27583088.83
41357113.32
44804463.03
77972273.13
76804226.87
46990630.2
15213426.02
43341789.79
44605572.56
22563683.35
15239674.57
44277410.72
24217191.33
46752162.49
79099798.98
46568066.7
20806633.83
43994050.59
27409473.77
77301676.68
47711870.78
42575078.25
45010892.52
46604088.87
43548107.63
15121106.54
21450445.74
43749411.98
42010350.57
15104345.36
15273567.26
45339901.41
24428480.75
77441857.2
78760902.66
26646261.01
79415446.61
23719892.7
78479464.39
44116485.88
24413505.12
24695308.62
22252068.74
42418995.37
79613943.67
77839518.82
49074979.42
78507099.35
47045925.78
43108353.03
47971795.03
24849136.84
40938860.8
43625649.0
23418929.51
46877050.75
77695606.15
42238727.29
43899230.97
43358592.55
15116565.61
42926856.06
26545805.45
80143606.43
47040428.48
79272239.17
79402589.52
48850746.16
23515060.22
47359513.16
47984981.74
25323043.02
43891830.72
44089320.64
45219310.02
41811605.22
25822787.29
46253498.27
27274810.94
26628934.15
26922691.67
47990305.85
44205885.72
43420594.56
43550320.92
80102823.79
26406900.33
23955583.99
47749908.02
25095974.83
46809109.82
28054781.87
80102823.79
42521471.14
41733242.22
48542909.67
25945582.95
24277248.28
42669928.32
15131007.62
15170008.68
78384116.04
78268646.3
22937446.35
24591507.43
46963443.95
23549780.99
47435777.46
27850117.05
26415165.92
42018357.33
24643700.78
77877738.56
48017314.75
15106828.93
26090114.25
21013394.89
45994731.31
44688925.7
43880878.96
78268646.3
47347556.84
44687454.93
24173350.33
23584276.02
24289432.79
45928322.22
41228306.8
43521179.22
43959602.4
46440320.19
47645354.68
79565330.43
15200843.39
48985324.83
25749706.82
45295527.44
43541267.2
24462938.27
42396199.6
77947673.23
42364071.01
23895640.16
43929332.89
23830001.49
25476441.86
26826433.87
45776914.02
25007588.43
42832753.22
42547854.99
45000124.78
44973367.28
47178006.62
24545544.14
26827351.8
15101972.92
42528049.75
48550337.68
26153603.83
43781023.36
23199967.82
24709655.72
77284993.39
47068221.14
77530491.33
81898117.69
24566157.14
27958523.6
24408507.51
43683772.61
43182757.94
48031570.21
47076281.23
77059709.26
25439696.27
25789711.87
80102823.79
47680423.68
43801397.65
44648658.62
25680053.37
45371587.96
49404635.64
25214135.51
43626243.83
29235290.66
42829116.11
49425664.17
41776672.11
21137297.78
20314883.34
21012633.27
21030824.82
23503821.36
21370223.77
46305320.36
49016801.49
15145265.0
42136960.38
20337421.29
48004289.3
44920044.48
28183782.82
15194711.54
24273905.24
79415446.61
48369226.95
47938840.0
24696240.67
41661262.4
77689961.51
46224326.57
44714316.59
27128079.18
24293567.78
79528763.99
42278149.86
23907017.17
24290745.22
78649167.4
45281300.01
26465025.9
43742730.35
23923060.26
25567854.45
77211777.52
25801600.53
80257958.23
46339023.11
41094512.78
25646024.01
25461219.13
47146076.66
42923041.52
47039146.94
45505038.57
76542442.23
43269618.71
44302234.09
77703486.43
43189481.46
24157044.43
42575078.25
27300317.07
48795034.29
42418722.13
23931472.89
20384690.17
42867644.88
79272239.17
25996365.35
43779858.72
48931522.83
47446772.34
43562613.76
46090624.22
23753799.35
24808730.01
77187691.93
77789400.17
41962097.64
23535715.75
80386550.47
76450019.13
26015770.84
46780966.28
77128357.86
77530491.33
21380854.88
76450019.13
25313194.19
42187207.45
25347686.71
27182016.08
21985472.72
24597859.9
47972796.13
48275851.74
20934865.19
20708757.32
25271395.05
43722809.51
44570404.01
45420269.48
25857009.93
78428726.39
78649167.4
24103336.26
22930789.67
41913922.05
24147515.59
46512787.06
15032072.15
77877738.56
43645272.89
45023841.15
46928760.72
44920044.48
41861973.3
42637715.18
43690692.3
47537958.04
23784629.44
80843569.13
15056371.44
42913822.75
41479331.62
79672252.69
43906168.69
25070101.11
25955635.66
47464659.25
43061310.08
44201714.94
21774816.11
26627529.72
43544980.94
25437992.07
23171827.29
23791872.24
22490066.53
46705764.95
77687489.6
49471382.79
78142970.56
47147474.48
48232361.7
42779412.47
78854430.29
79076530.48
49007845.34
48424297.86
49617964.98
43673598.13
26357380.5
21130964.22
78996286.7
77595734.28
27972758.82
42169809.37
43788822.24
77689961.51
22579310.32
21581917.04
42948788.02
44630098.67
27183721.67
47479331.23
41985551.96
43485740.27
22321477.64
42385728.8
25780290.86
46962016.93
47538882.91
48244459.61
43507466.01
23346180.37
76420028.74
79797694.5
78065545.96
41890532.21
25851709.69
42054392.12
49151858.61
44443464.78
43428856.34
45618354.03
79139088.88
47671221.22
48420864.02
46202857.43
43137794.48
25335803.11
15099723.52
77947673.23
25011111.92
80102823.79
27141057.81
25085343.25
24672434.82
23379997.15
46926447.21
42756062.21
47944622.01
46079454.39
26587297.69
78829862.76
25364571.38
21427921.35
43125864.06
46011865.12
48549563.13
77839518.82
15222317.45
42740105.06
42926856.06
27101612.01
77877738.56
80281807.98
78134546.65
78739606.12
48825826.79
44266814.45
42844150.06
76925903.9
78428726.39
41318343.86
41367226.48
43283786.91
44827057.87
77187691.93
44849787.56
44092451.18
49079818.4
21901156.62
78507099.35
21933270.32
43744076.91
25364571.38
26326940.06
44931477.42
77089663.64
26763203.34
25360222.99
78143557.83
27180831.35
42421261.03
25950872.83
49614829.99
76379834.81
78006525.09
47224347.32
46325502.18
47403636.75
42344983.22
45381388.81
42926856.06
79623816.69
46815531.84
47665312.68
43064867.25
47705196.65
26462267.24
41910693.47
78065545.96
26242512.52
25027998.1
77767392.61
21714515.32
41114446.09
40892770.85
77695606.15
43346758.24
80386550.47
49817188.85
15149629.99
46469654.15
23470644.28
47170647.86
44214086.88
48549096.27
43833929.48
46148464.19
77211777.52
27789034.77
47152786.59
42805661.3
44580946.53
42846781.16
79139088.88
43482198.82
48118547.01
77979436.6
48245881.28
78428726.39
27561008.62
25535006.41
24939989.13
41367226.48
78272924.62
15092429.66
47736112.5
42744226.24
77367632.21
78534661.22
24501937.17
24702034.09
43648626.06
47989154.76
44484157.99
28336457.87
24551322.69
79562932.1
24118476.13
26604558.48
41474145.44
43770740.76
27392403.49
47462562.4
24543540.3
45047072.95
48643620.06
27155941.97
44345778.28
46960513.35
25056078.27
77687489.6
44963848.07
41729710.13
24554560.06
77284993.39
48734989.56
43987013.71
44874575.39
44089719.09
44378167.57
24433314.55
44117075.81
44510115.6
43847986.84
42856516.28
46273159.58
77947673.23
78623298.45
41118395.56
26920620.82
77979436.6
45934278.29
24848151.7
46850153.03
41602576.43
27250565.32
79272239.17
44209960.2
26564473.31
44941739.32
48135666.75
24786473.64
46995473.61
76555906.62
79859285.84
46589152.89
23526791.78
26234561.45
77884938.62
23299476.07
24778494.48
22277847.67
48604998.42
43119494.95
24380957.57
77877738.56
49304982.67
47321953.03
41914847.96
77581733.05
42638424.85
41409909.02
76771129.8
24682858.65
23864957.2
44918552.15
43860116.27
78534661.22
46381381.81
42025397.26
47184164.37
43679369.21
79613943.67
42837089.97
24471276.06
44094682.08
43953548.18
25496261.32
49060319.52
43647592.21
24262239.12
41535729.02
41978532.89
77689961.51
41750942.89
77687489.6
41409132.39
44369458.81
42924361.23
48049033.2
78760902.66
47972577.91
47832294.99
23277283.55
46984498.04
44988797.91
45763473.67
24319414.56
26369040.96
42152176.12
79402589.52
47152296.62
46148464.19
15162562.4
22778847.26
24037393.84
49421348.9
24447923.71
42986176.75
25350636.83
44004956.3
80486505.19
42814183.57
22897958.1
47502810.99
23048414.57
77839518.82
24950502.77
20854364.52
42629907.31
24950485.54
26409819.38
42605370.78
21302886.73
45095324.58
44864452.5
76420028.74
25005662.9
47492673.39
41408363.67
44844928.18
26368642.95
42879959.79
15028051.2
47562270.21
80843569.13
47625238.89
41913922.05
23918949.57
76542442.23
15086844.74
24809457.34
78384116.04
45704668.73
27397622.44
47312455.17
42560672.58
44094682.08
41601897.01
43468999.31
44638117.7
78479464.39
24521555.34
48445150.39
46816910.44
47323297.38
26970141.5
78739606.12
23729305.27
79528763.99
24761375.81
80281807.98
78368796.65
23737740.91
24626663.32
49695769.17
43962236.19
77187691.93
47079471.27
44364144.11
41981382.42
24423342.08
44956030.06
43915460.63
44860197.89
47264187.74
42569121.21
77877738.56
43424107.95
27445621.93
44513157.72
21283377.46
46590662.79
46269746.92
47475877.24
44305418.95
78006525.09
79450778.99
25487807.69
43267992.03
76450019.13
21094539.66
41673356.87
46653433.79
22862465.59
43558573.48
42934704.97
43755498.79
28200637.65
46671707.84
41317621.71
24027344.77
46160114.5
77441857.2
46407658.48
46584524.58
48686610.66
42090138.06
25120975.85
42410063.49
41946932.36
20233371.63
47901514.8
44315587.13
25626151.62
23396571.73
78065545.96
25216229.01
76450019.13
41855394.96
41357113.32
42844869.34
47435628.0
79272239.17
43500502.42
44653060.27
15191337.24
48673214.42
15115950.77
78829862.76
26394792.47
41995321.02
48418839.15
43884010.44
21234787.31
78006525.09
41673356.87
43239387.53
47176295.45
50330723.33
79528763.99
43504656.84
46467709.16
46966539.56
48006583.84
43930009.46
45203194.05
25084032.52
43610324.55
23447212.9
15128639.38
47210794.75
48496937.2
25043423.01
41049810.26
77979436.6
45877449.18
24172547.89
78384116.04
45621249.64
27501661.78
46283528.85
47990608.08
43618092.52
25976152.24
24779020.69
77882578.62
25814349.74
25151245.83
48931522.83
78272924.62
42991112.78
46601154.11
78996286.7
42475592.01
78222900.74
80486505.19
44113469.5
15306122.26
26057850.35
41772196.05
43906168.69
25122481.67
48754469.21
76925903.9
25660394.59
43313296.26
44326567.09
42031967.95
78272924.62
25352750.94
24992082.75
76555906.62
77435382.61
80281807.98
77877738.56
44201022.56
23660636.45
80281807.98
25495992.36
48673582.32
43959504.75
47026950.03
43330009.21
76771129.8
25047400.61
42849969.9
23342056.19
22199560.84
45378752.82
22512396.75
49263717.73
76925903.9
44958988.61
23215826.86
25472275.79
24645990.95
41670305.08
49378481.56
43161679.15
46612010.9
43187512.19
78368796.65
46816910.44
49060107.17
48012382.79
44920725.01
77367632.21
15104648.36
76829412.22
48878546.74
25467143.58
45348975.05
43103832.46
79272239.17
20678879.04
48787426.76
25297206.35
43419747.69
77979436.6
76379834.81
22659101.95
24852978.33
24266643.1
20325638.3
46372197.31
43821708.22
21623451.96
49828767.97
24873114.05
45746742.54
46412430.19
45303430.89
24099216.45
24655181.9
20871915.81
41464997.76
46754001.65
22326775.34
24685147.81
26463984.37
24159395.87
46472858.18
43709510.46
25762539.4
78623298.45
24517038.35
45206537.14
42823315.65
23583995.37
44789752.75
47264616.68
47299190.14
23383349.39
43401147.55
42560698.01
78142970.56
42056040.7
78652396.39
42274697.13
44750150.13
45497563.61
21252486.55
27523284.98
15229241.98
42755609.61
43540794.34
78649167.4
45625827.36
47574055.29
24749658.42
47689255.6
24544628.68
25530996.8
80386550.47
48551796.94
42740621.55
42136960.38
24853959.69
48892689.51
24912589.32
78534661.22
77703486.43
77441857.2
44953744.23
42404899.23
77284993.39
44957653.22
47135958.01
45124955.8
76379834.81
78498694.04
43478958.56
42709725.43
43831909.78
48582151.91
46059637.88
27415579.33
76925903.9
24685163.6
26774880.92
27960965.2
43346528.73
46439062.18
45103463.56
45642868.24
77089663.64
47615327.77
43713276.9
48004483.0
47911199.11
78829862.76
15109912.66
26436756.46
22882471.01
78623298.45
26158207.67
44511823.0
24949690.61
44326617.5
28293065.4
26455266.6
24452875.67
25169068.29
45019404.19
77695606.15
24108369.96
25285246.52
26597513.92
45878986.63
25585084.72
80386550.47
42322986.87
48642288.11
42844829.34
46692553.78
47528520.16
41824716.87
78507099.35
46957675.43
42170405.61
26912656.21
24966434.17
42851188.05
24293031.98
44951642.95
42737962.75
24751026.48
25150024.07
24393403.98
43945864.08
47973686.45
22306782.62
22440311.7
42312545.06
42989911.61
47100496.51
49827915.64
15047721.89
42231395.38
23842875.63
23614403.04
23941701.96
42899898.39
15153022.12
76804226.87
78479464.39
24013751.06
47492485.28
24514295.71
24279768.2
24289638.92
42788491.71
80486505.19
41812136.61
26949109.4
44802327.09
15104761.69
43629765.5
44422900.45
44919227.99
24870925.0
44789752.75
48324053.3
15216280.82
41474875.64
46176776.33
47178775.76
25702495.03
24272028.94
23874369.14
15175648.49
79672252.69
20969413.06
28211010.58
21115753.99
78142970.56
15089652.77
21864064.63
44768836.12
42182397.55
22555713.54
42053383.55
24714746.07
43214307.75
41362740.67
46613206.09
49017204.59
47675742.31
24220863.38
47111834.86
47184445.96
24891222.53
24326697.67
21842095.65
48987188.92
43902293.45
48796417.86
78773662.38
47493153.19
79402589.52
25359941.13
25585264.91
46563031.7
42133924.15
78109080.09
41672043.03
15272582.94
24809457.34
47470847.59
46501117.52
22757000.67
77284993.39
44726057.59
80843569.13
21261494.31
78764341.93
28137392.38
44982638.36
79076530.48
46479171.82
21209298.51
46076291.37
42775771.5
47167372.85
25352750.94
43142234.93
78109080.09
24645138.29
46814672.6
21725924.99
46062920.18
40895282.19
25052898.71
47528309.08
42945846.16
22826051.96
79272239.17
47475877.24
79859285.84
79139088.88
46907330.47
27442285.62
47472064.62
26740796.57
44077177.98
47580680.97
42166341.16
25542393.44
25914358.42
48812033.19
43066990.97
43621076.33
41154950.72
24056179.02
79359442.93
20446811.14
79562932.1
44112904.18
25182187.15
45364569.36
41728068.24
49294518.82
42299279.76
23446237.19
43089130.19
24243556.54
47204176.66
21797908.48
78272924.62
78272924.62
23175055.88
15023446.98
79359442.93
44112904.18
47809516.24
25421378.29
25995328.27
28006498.9
25293929.36
26928279.31
44090365.42
42149200.94
78175595.57
44732001.69
80107042.94
77689961.51
15040766.08
15193549.32
48933313.08
47222989.09
42224022.68
76450019.13
48496937.2
22365480.66
43397100.02
77367632.21
24119323.5
78773662.38
43945864.08
41284512.6
78268646.3
15066048.26
43624525.1
21089113.52
42936908.35
42870634.91
45791498.3
44035166.3
79613943.67
78760902.66
76542442.23
24681011.49
24631622.72
25589147.81
78140728.73
23858992.92
23928149.82
42557900.77
46283528.85
43337447.35
78649167.4
25914358.42
43343307.51
15131007.62
28154396.66
78143557.83
44228966.53
25068080.95
78143557.83
42780251.32
24419088.21
24300875.35
45537683.48
80083305.47
23162283.77
47353785.58
45813766.46
23735196.11
21439677.03
41605387.22
76771129.8
46204273.93
20488740.4
46513798.56
80143606.43
45219310.02
25571765.61
28211010.58
76829412.22
47154745.55
25119847.61
49436532.43
78829862.76
23957688.25
76950892.36
80143606.43
78623298.45
24868124.82
42088140.95
25041894.96
77947673.23
48022966.18
47373006.4
46605010.53
23400177.53
49449900.1
46733321.8
24502927.9
15190523.7
47561945.02
77530491.33
23113454.92
78534661.22
77128357.86
77884938.62
78854430.29
48117009.38
15126747.36
24696240.67
23750259.16
42532159.23
47736112.5
24999303.05
24423111.2
43713276.9
22318212.74
21402008.42
23731518.2
42684321.76
27346269.97
44804463.03
78498694.04
48216450.53
26100504.09
46339265.45
48641366.0
77284993.39
24283134.78
24964771.8
43337447.35
42506628.28
26506276.23
46600865.6
24725149.1
25146989.31
25224773.92
42222817.82
76454798.46
78222900.74
47990305.85
41329589.46
47663764.6
43840668.82
20513637.23
42018887.15
24180475.95
43788472.55
47039639.58
43877722.67
45174736.35
43445865.89
80486505.19
22370808.08
21042277.45
26918891.72
47087600.52
43120193.71
27287662.47
42127989.64
46112648.06
79387389.99
23062501.41
25452483.95
77531527.85
77789400.17
47140919.93
27250565.32
24849494.36
42678432.45
21820868.82
43235410.89
41946932.36
21746890.22
48999396.7
78109080.09
47650805.11
79450778.99
46998593.36
43531509.82
46650822.64
24328511.05
47213217.21
24367982.85
25648352.98
77595734.28
43839413.14
42673973.84
43653687.45
47720925.36
24424027.86
76771129.8
77367632.21
44369458.81
23069659.66
23911443.45
43640889.25
41386664.12
23819502.14
45953689.75
43216018.55
43496073.46
24341699.74
42830591.36
48003512.02
45720659.15
15268895.07
46682127.19
43829507.53
46232434.54
43712038.61
77531527.85
48104654.28
21297432.22
76738372.27
76738372.27
44789752.75
44696731.32
47825815.34
42837566.76
24546490.31
43538423.12
24608492.0
49695932.29
15040436.86
43509719.45
77441857.2
42715109.47
43994772.71
21421567.77
23374604.39
78272924.62
42338611.97
44714316.59
25139320.37
42962924.09
15144792.15
45363912.86
47688230.1
43267326.17
25621656.92
77884938.62
22432456.83
42052761.79
47094798.37
78764341.93
49319590.83
23091105.17
21103516.27
46415948.79
47555600.23
44158921.48
47962079.8
76925903.9
77687489.6
42674791.47
24201057.26
77531527.85
47840123.91
41652223.11
44216154.4
24719354.58
25395765.14
46295779.1
42573109.2
44965241.75
77059709.26
47267675.02
48829867.54
21216043.94
21922820.95
43135396.54
22146097.62
43234033.13
47094798.37
43351795.89
41168443.96
46145251.44
48885903.43
48214713.92
77211777.52
46472858.18
20396894.41
43058782.06
25975317.73
43385041.2
49263717.73
23276339.35
46221188.33
26199001.8
46904764.41
44495530.61
25019498.73
15252798.05
79076530.48
23645036.28
77301676.68
45338867.59
79099798.98
25817069.2
42355995.57
42167845.88
21690403.61
44483828.36
25439696.27
44364144.11
48970995.43
46571129.91
76379834.81
79099798.98
77651650.42
45924040.0
45838642.82
42637854.72
46500848.38
47183125.89
20840167.46
42269757.71
43695132.77
44117075.81
27556210.57
80143606.43
41479331.62
43099100.13
78623298.45
77651650.42
47156273.49
25189760.04
42461823.79
46825328.51
47336617.84
47363299.29
45373082.1
24161160.07
78065545.96
48891291.5
44260952.77
46564369.46
47235222.05
21412676.4
44146395.27
25974851.42
77947673.23
44109031.75
46775374.7
24581556.07
77947673.23
42351307.6
42143091.69
26473074.93
42624260.94
45776184.16
21195158.34
26709249.45
46149538.45
44915757.72
42331621.05
25541489.92
78534661.22
42810316.78
45438565.69
43737897.9
47737335.41
46074522.59
43360194.23
50458812.51
21047426.09
15104761.69
48116431.37
27267832.89
77979436.6
44965241.75
23802433.2
45630533.93
25082474.11
77531527.85
42464807.93
48004294.9
77187691.93
24353027.59
45028333.21
25433457.63
42581706.26
79450778.99
24927326.47
42245025.83
47181027.06
42638424.85
79402589.52
47312280.94
48643419.26
22055711.81
25056025.64
24767469.12
43351795.89
77531527.85
79565330.43
25943207.4
15169196.48
44297175.35
22317434.01
46959122.01
42182397.55
48243413.06
45294105.38
23652371.16
41353054.53
23148676.07
26209280.06
45668591.35
79450778.99
78384116.04
25501266.86
77703486.43
25332964.75
41835787.4
47929865.86
43787987.09
25362228.52
46170803.41
25416842.84
41812136.61
25532371.94
46990368.24
23404746.45
41341661.41
23286813.4
43189436.17
22006023.82
43498729.41
41374982.86
77089663.64
28131315.17
79450778.99
25453960.28
24596497.02
46127762.57
44162104.5
44323628.25
42742893.65
77689961.51
50447191.1
47665312.68
15104345.36
76420028.74
77793938.39
26096688.94
43305982.15
23310445.45
26407647.76
78479464.39
48290781.97
24368843.69
47493341.29
46243435.15
42945846.16
44486163.26
44482806.32
47341896.75
45408093.93
48437145.09
44109031.75
23840295.56
24537714.86
49072470.59
23361851.99
15185759.56
44519345.95
25026732.79
25529823.98
20456744.27
79387389.99
43712038.61
26057850.35
79562932.1
78649167.4
23217704.22
22424891.19
78272924.62
24761184.85
79099798.98
20939621.57
15137817.14
24881195.04
43126841.15
44702523.1
76829412.22
47565827.58
43248424.83
46177478.83
15117555.78
25318512.34
25869885.05
48652438.86
24553722.31
48787653.97
48537893.78
49108787.16
80143606.43
25857221.23
26059061.18
44420993.68
78534661.22
78368796.65
78272924.62
42264413.26
42811996.05
47483247.44
45299663.45
23767161.72
25632910.89
24760410.51
25579650.2
25495156.08
43887544.12
76450019.13
26506276.23
25147893.66
23236135.57
49381452.18
23660636.45
78479464.39
47201249.97
26646261.01
44109722.28
77187691.93
25762439.97
76944144.42
78829862.76
23982321.18
79402589.52
46908389.06
42751499.6
15120457.03
22320810.52
25791715.87
42143091.69
23008087.75
77581733.05
43493611.95
48763248.28
46149538.45
20560542.41
45019402.26
26064604.79
47233720.52
47125055.92
21706802.13
23750259.16
42515938.86
23849675.18
43558573.48
42679924.24
25285289.4
46699505.63
42547959.24
20947278.74
23079895.6
42521665.14
79076530.48
47614422.71
47833445.7
20815372.09
77687489.6
23442557.33
43405487.31
43905200.95
24324250.5
25380679.29
44688925.7
77789400.17
43096772.8
48061385.93
46992809.36
26306923.03
42789876.87
15136657.46
79613943.67
15210425.27
26797838.7
46794991.24
76944144.42
46947046.23
79402589.52
23708032.8
78507099.35
41833924.2
44333107.58
26490574.32
80107042.94
25096209.1
46510596.66
15040436.86
23161413.34
24777946.03
24329425.41
48326700.65
42936908.35
24560703.48
77059709.26
46311183.9
43795798.87
23998775.94
77689961.51
78065545.96
43007536.71
25495992.36
25941798.79
43620106.21
24363441.95
44314819.39
42265768.07
49140808.41
78143557.83
45803883.5
42723045.35
43089438.31
21950450.64
44521148.67
48826057.6
20158966.71
21394051.88
24850791.75
46770560.67
42875654.66
15129151.3
43659901.67
41156653.94
76420028.74
27089309.44
28444475.81
20368637.01
81898117.69
23822639.23
78109080.09
77367632.21
23583022.12
21452700.95
41887299.0
77789400.17
42493830.46
79565330.43
43422742.56
20814268.83
79797694.5
24177504.05
46664669.54
25468482.06
41918031.46
46904764.41
22344271.44
47647521.96
77884938.62
27005553.05
42658435.38
15119750.49
79359442.93
23737740.91
23778412.93
42881939.36
44827057.87
26351612.28
24739600.86
42846792.99
48984470.57
78773662.38
43962650.05
46965998.61
21312354.22
77877738.56
78739606.12
25579376.28
42673973.84
42927411.01
23758413.09
27231707.14
47973886.87
47851090.15
25526507.27
26725869.21
44092169.72
24636054.53
47889685.89
43588236.07
25917527.22
23381440.06
44973072.85
47551997.34
23973071.34
77703486.43
42168737.83
48025929.05
48638744.71
15101605.65
44511054.82
47951189.9
79623816.69
23940671.45
42338611.97
46127762.57
42879288.27
49103966.69
20857113.76
77531527.85
45736959.9
25324001.9
44188999.52
43770759.81
76454798.46
24317151.04
23633019.74
45164532.95
15129474.15
25139962.53
25542873.63
21792600.94
22161302.55
44266166.81
43089438.31
42488340.06
43808960.89
48649548.72
46964784.54
43297937.64
24302291.91
44342946.03
26311990.67
42786648.49
46469654.15
23753799.35
24796275.38
42856493.28
21692762.33
43255315.51
44151501.82
43247649.48
25893561.37
21267614.64
27234413.58
21240606.01
44636393.76
44734981.71
46835547.14
78739606.12
41629972.47
27793542.33
28949101.92
45676491.57
43558573.48
76829412.22
45752241.22
42491172.9
46176776.33
26416774.26
44268102.72
27060627.98
26077981.49
43241379.98
25864938.63
78996286.7
45408093.93
44461980.38
45921821.93
43946685.18
25496261.32
46059153.97
77767392.61
79562932.1
27475195.33
47654220.85
21216043.94
76829412.22
41582969.43
47110568.03
44463595.48
15127533.17
47206667.1
15084520.58
43640109.55
25843582.98
48010114.02
47943124.97
24417462.47
43585559.51
24970778.26
42245025.83
24547338.59
46364728.53
43179041.42
44295023.48
80486505.19
15199248.52
20967447.42
47164881.6
22263613.43
45296829.17
44160920.69
23723627.62
25212005.24
48811812.77
49403828.92
24481627.04
25660394.59
15252679.61
77689961.51
49448763.05
77435382.61
24383089.35
48678947.76
44073959.33
21093742.07
21820401.89
27138417.08
43884761.5
23989155.28
45105413.44
42007491.29
24215659.94
27421879.58
43054172.68
42349750.46
79613943.67
21271844.71
43717395.44
78623298.45
24071059.28
26106983.71
23829619.7
78140728.73
77687489.6
26727331.42
77187691.93
43097312.69
40952649.86
25768476.44
47847330.53
80486505.19
48641366.0
25285289.4
78109080.09
46252090.8
77530491.33
21569930.82
43659137.39
42948015.16
15311590.02
42858821.62
77187691.93
47317546.19
44977225.19
47475877.24
46670844.53
23993857.17
80107042.94
47972344.22
21443852.81
47394472.67
25924904.8
78829862.76
78175595.57
49398002.06
45047072.95
77367632.21
42118862.44
47124215.54
23466863.67
77435382.61
23715626.85
25295150.23
25004529.94
25710491.51
41668630.57
26922691.67
43899091.81
43017802.35
42060149.26
44216154.4
46568066.7
24410106.76
21936616.02
48135666.75
44513157.72
23982321.18
24588881.97
76950892.36
21695184.72
15068397.66
41857808.03
48784086.46
43885654.9
45921821.93
47366239.58
46857405.34
26484937.83
25433457.63
23046147.7
44988797.91
15348901.22
43979150.26
46851751.62
79402589.52
42470827.36
44485876.79
24378655.82
78268646.3
78739606.12
43661365.84
25916626.17
45091674.68
44226612.51
15181442.88
48878546.74
44168575.93
45934278.29
43498161.08
28491549.44
25961723.75
24962628.81
77979566.41
22231966.15
23401027.74
23659812.22
44166219.61
23976935.27
77059709.26
44296182.37
22751753.21
41854421.99
20960749.5
25119577.5
47819121.17
24406676.45
46302474.66
42637063.84
77979566.41
46328713.81
41839450.24
25332993.32
25863509.25
48004541.46
21685918.69
27041572.42
46145251.44
46639031.56
23805968.33
24204439.13
48991542.12
44483828.36
21797908.48
78507099.35
24210967.53
43646017.09
47428135.15
48504467.78
22320916.42
47692382.65
43979150.26
45378752.82
25259290.31
80083305.47
42362844.07
21616683.81
78829862.76
47140919.93
77284993.39
43107965.79
15127922.1
26456212.1
15173649.62
78507099.35
47301141.1
26852774.14
25163189.12
44364144.11
43461736.76
48086832.36
26907440.8
24301035.66
78428726.39
47909716.08
22958457.22
42196735.86
46464076.01
42755609.61
45095324.58
24433314.55
44134851.03
42137428.96
20671405.96
26878674.29
79272239.17
43814654.12
47820115.26
45274294.4
25880629.38
45100796.29
25303786.1
23689180.49
26332013.76
20547702.04
47428135.15
24481627.04
79272239.17
26313846.85
48035641.1
78175595.57
15183671.34
24328511.05
25917527.22
47799707.04
42072364.78
24290537.77
28200637.65
43461272.27
47177255.96
41608807.79
44463595.48
42945846.16
47094798.37
78764341.93
24531349.04
78649167.4
41915362.39
24695308.62
42871242.04
41791141.01
44596445.03
22897958.1
21274299.03
78764341.93
76555906.62
42745086.43
45095324.58
44076878.47
25860932.5
25440647.6
20856947.14
44138630.64
15178141.45
47428135.15
80107042.94
24297776.31
44520931.41
44778589.54
43401107.25
41944350.3
42562662.34
24099216.45
44150775.44
79387389.99
43007036.47
25385086.34
20839583.29
42149493.68
79613943.67
24947279.46
42818381.65
77793938.39
21085945.36
45568650.25
49015912.59
78384116.04
26934669.9
78739606.12
23373931.83
26975899.62
46857405.34
76542442.23
44226612.51
25500862.91
77089663.64
25295782.52
41074682.29
77884938.62
78006525.09
24118476.13
45791498.3
23256631.89
79359442.93
46359470.62
42970152.72
26443793.91
20959953.23
77947673.23
27182016.08
46044368.64
80388654.64
44093136.43
24736406.68
80486505.19
42751499.6
15152807.28
78175595.57
42419063.78
46449255.13
47447620.19
41149248.98
46815531.84
23292294.26
15126431.27
24792980.49
26153603.83
43060289.39
46449255.13
43839413.14
43953085.89
47628481.19
43922985.5
48969421.98
43596909.66
42889313.03
25159765.35
25054863.1
43032969.94
47464659.25
24295279.27
42938087.4
43525790.49
47483247.44
43328533.64
47808124.19
43899091.81
25513336.87
27395592.55
47580680.97
48581906.1
24779020.69
43834891.23
46718694.68
79359442.93
77435382.61
45348308.25
43810330.0
44226612.51
42810340.09
43997039.14
25471520.82
22637401.11
44688925.7
22578286.81
25648352.98
48061385.93
22129528.3
48768461.25
42369098.75
24882677.18
45363912.86
15056371.44
43810330.0
42881255.12
47322167.94
25195183.79
23353219.36
20854440.62
46650822.64
21873728.8
47919553.87
41887944.66
78268646.3
45438565.69
45316253.55
24275450.94
27913877.03
47299190.14
77089663.64
44802327.09
21529443.86
42869746.42
45048504.88
24897899.16
46748753.92
47528309.08
78175595.57
42810546.92
40906401.38
42143235.08
45540572.98
43948274.02
76944144.42
42449397.82
46877847.38
47131577.91
24998906.58
49324373.46
42991112.78
42851188.05
77651650.42
24136227.82
45953689.75
22023612.35
42756513.29
47652285.09
24002710.12
79859285.84
24879394.55
47161424.12
25338898.91
43711137.74
27622650.91
41708782.25
24223088.24
25847232.36
24384756.73
24781592.92
23908995.49
15154514.76
22324505.39
24239565.41
46846814.48
46935507.24
47662809.9
47255278.78
44275651.47
22418395.15
15186364.25
26815570.48
46062620.33
25547876.65
24384342.71
78201089.76
47038201.58
25087890.94
26048504.87
42214103.84
24041880.64
41873849.49
47812705.6
41319798.34
79623816.69
76379834.81
43154067.29
24672434.82
45752241.22
47633537.81
47650043.63
44214086.88
42435233.53
78507099.35
44302234.09
23802433.2
80386550.47
46308966.21
46680828.45
79562932.1
49017486.17
80102823.79
23513955.94
47063632.04
22924140.33
78479464.39
77979566.41
41476718.31
47737079.22
45047066.39
77435382.61
81898117.69
42362142.25
41382873.23
25669837.14
43159086.2
43930009.46
47301141.1
77789400.17
25170487.88
47169590.05
77301676.68
77703486.43
47999952.57
44484157.99
77211777.52
43591249.33
28078934.24
42944776.71
23103101.65
43345715.67
26325416.16
15224237.99
78175595.57
25416455.2
43470329.32
77301676.68
78065545.96
47832134.95
48674517.44
27335190.56
21524138.36
47206667.1
24085808.46
21711049.6
21693800.08
21971358.57
24454073.88
80486505.19
22544666.18
46438306.65
49061094.81
80386550.47
43419747.69
26539442.59
78134546.65
20539948.07
78140728.73
43676236.78
25610431.52
48807359.8
77695606.15
42349750.46
23974096.38
21391070.93
42375650.52
43579814.68
24387748.35
41568595.5
76420028.74
43121607.76
43108353.03
47909000.26
42881157.92
21421953.03
49304982.67
28949101.92
46378894.18
76379834.81
46090756.41
78534661.22
48970995.43
23992194.65
27565925.6
43769237.25
43548752.93
43216018.55
43889902.11
42859200.28
42431193.08
78649167.4
47601680.38
43400514.35
49048928.14
45303430.89
41602576.43
25124945.59
27428558.14
49128159.39
25364853.51
42076880.24
