45283104.67
39774002.38
46539348.7
74420028.74
41806502.24
42988797.91
39332897.47
42179500.57
44359470.62
40392400.13
18687234.67
40199595.31
44269746.92
41343467.08
44987969.54
24587297.69
19803018.69
39365358.19
77139088.88
22741797.7
19605148.07
76006525.09
40324348.45
76143557.83
23310345.56
44344802.74
23860932.5
21515920.28
23889335.75
22709655.72
45404206.93
39393881.65
25036968.58
25233217.45
22222706.33
74450019.13
75979436.6
23960321.51
23533181.32
20154892.25
75979436.6
78388654.64
25166384.68
78083305.47
23750760.47
41023843.56
21381440.06
45700571.0
44984498.04
39106974.65
41347189.35
22835288.71
45967003.41
13194120.51
78281807.98
41498161.08
74420028.74
77272239.17
22194849.5
44339265.45
41060289.39
41549420.43
22751543.11
42714316.59
21851297.86
21839012.86
41151464.84
46775392.59
78281807.98
74555906.62
40529472.74
41013096.02
45614144.59
45094798.37
76268646.3
22276235.56
46659520.01
45131577.91
22826373.88
75972273.13
40735185.91
76384116.04
74450019.13
40821352.49
41610324.55
23620758.65
77528763.99
44183092.9
42138630.64
22884306.19
24706938.13
75767392.61
46031570.21
77859285.84
41322579.15
76507099.35
44846814.48
41491473.15
22109978.87
74450019.13
23671909.74
75651650.42
43100379.94
45165068.55
24463478.36
20771880.51
76507099.35
40809576.34
24831095.44
43803883.5
22546490.31
74420028.74
43264220.42
46217470.77
43346508.98
45435628.0
76384116.04
47304982.67
76739606.12
45722085.71
74950892.36
23822787.29
41073237.16
46628957.96
23611214.49
76142970.56
44721547.86
13303729.44
45125292.5
44568066.7
41046808.69
45693447.08
43364070.63
41097616.61
74555906.62
76134546.65
47007283.29
22549791.82
44966539.56
44565783.13
42546409.52
25026928.68
40664028.64
44194648.11
13226961.53
74555906.62
44813436.02
13170763.17
44664669.54
76623298.45
40551107.72
74804226.87
44824732.37
44050691.85
43206537.14
45819121.17
44359470.62
44788258.9
44825328.51
20478038.27
22718385.09
75947673.23
23639641.26
77562932.1
45527075.73
46980781.21
40030374.28
39519021.61
40919020.57
39291828.5
23167175.72
40419063.78
45164045.56
44091847.09
13330343.22
47276283.9
46272172.66
43205506.44
20860981.73
40740105.06
74804226.87
42179500.57
42336499.08
77359442.93
23692019.33
44029809.11
75435382.61
44959901.42
45513239.71
40837331.23
44128913.47
25392403.49
23097611.98
39473462.01
23413099.54
78843569.13
75531527.85
77528763.99
75789400.17
44113402.35
39777277.07
24021419.5
45992013.3
44788258.9
75947673.23
75595734.28
24260670.99
45663764.6
76268646.3
78388654.64
42340375.65
42364144.11
22714506.88
22405699.37
45183182.11
45967003.41
77672252.69
40397025.07
22768547.34
40564391.87
78083305.47
44482127.86
77859285.84
40829116.11
22553099.49
44788258.9
22290537.77
46921283.55
23416455.2
13211115.16
22668876.24
41884010.44
40770995.46
40017551.85
19990917.6
42789752.75
46811045.3
41290197.42
76143557.83
44805186.6
24106983.71
24485492.81
41465278.11
44950011.7
76829862.76
46048644.86
45140862.1
39404820.98
44500997.85
75789400.17
21197241.92
41030716.69
47410235.09
76498694.04
77562932.1
74738372.27
21351622.89
76428726.39
25163341.65
23385086.34
45736112.5
22548141.68
25323752.38
43047066.39
44295779.1
21671509.12
45323053.57
21882023.43
23921330.97
45834789.27
41688086.49
74950892.36
44601154.11
18647851.24
40747435.79
39332897.47
42425282.6
24601789.41
40722917.37
21392452.21
21052871.24
39386664.12
24354458.12
40001060.15
26085450.93
76134546.65
23828743.18
22755032.65
45743908.06
42038830.72
44929523.71
41327748.6
41447888.83
40637854.72
22850822.02
45551106.55
41327748.6
45889685.89
13216280.82
77528763.99
41326463.64
74420028.74
75059709.26
44387469.39
22651636.94
21098005.1
74420028.74
26072775.47
78143606.43
40700519.15
44553769.34
41403330.9
39990449.0
45196515.32
75367632.21
41043616.93
19654603.76
41827738.33
77565330.43
21998775.94
45991056.02
42026035.57
24640201.32
44361089.34
25294118.9
41394873.7
40570911.59
46582151.91
22022323.81
44809109.82
41747013.02
41415805.53
74804226.87
45676783.62
21573211.44
44076291.37
48470170.67
23074261.41
40848568.58
45847330.53
76739606.12
45871404.98
19814260.3
45819917.92
22012510.42
39831735.38
24030487.83
78083305.47
44684370.23
40419063.78
25568753.3
45154745.55
21483423.26
77613943.67
45154745.55
41849986.37
75767392.61
44783149.01
20734194.19
41346240.9
21868045.44
41946545.2
43416384.27
18647851.24
19922011.95
77528763.99
44780966.28
46865376.88
42762792.3
75882578.62
43752241.22
77415446.61
44086654.08
21976935.27
45868817.31
76006525.09
42370502.21
75530491.33
45722471.19
19047426.09
45799707.04
21581711.34
40968638.41
76479464.39
24520793.48
77415446.61
23056025.64
41695132.77
22022948.87
25005771.16
45213490.72
43649969.14
77359442.93
43487499.08
22884306.19
77565330.43
76760902.66
46527064.83
75595734.28
19691084.41
45868392.32
23338568.41
48330723.33
43934278.29
22369508.95
45255067.59
46003926.17
25995210.72
40745086.43
39978532.89
75789400.17
75695606.15
44589708.41
45186206.01
77415446.61
76428726.39
41674570.41
40024859.67
44469825.62
40196735.86
22049331.85
21433680.02
43630533.93
47275487.56
43205506.44
25702008.41
74738372.27
45115075.81
43487499.08
40634023.02
75187691.93
43815829.84
44659749.8
24359802.25
45699990.72
74771129.8
45063111.58
20368290.07
13260430.26
21974096.38
21161465.08
47509279.98
74454798.46
42489092.78
46421476.62
41073042.51
45946909.66
41990876.08
22741797.7
44536191.77
40282904.0
40601258.93
23043259.36
25230613.31
24182687.11
40475592.01
45565827.58
44989594.02
25399464.46
47660202.01
40835063.51
75882578.62
25139517.61
45184164.37
23175781.34
75695606.15
47038427.03
74420028.74
77359442.93
43097272.64
23055411.5
43754084.37
24618258.81
42862259.26
76384116.04
47839816.67
42437215.0
22879394.55
21650580.66
24244524.45
74829412.22
75089663.64
22668876.24
46157821.18
40475880.07
77450778.99
22670985.72
43095324.58
41151464.84
44904764.41
43630533.93
75367632.21
24795432.0
47509279.98
75284993.39
76534661.22
45875020.02
75301676.68
41864024.42
42740260.95
45312280.94
76428726.39
40564391.87
22315195.81
76652396.39
25175376.68
13291063.45
23122818.44
23012242.93
40529472.74
45165068.55
41903990.5
78486505.19
41498102.64
77565330.43
45786662.59
43128456.33
42461035.7
40565398.27
44569757.51
75979436.6
46074681.96
44818898.57
43642581.72
48459035.23
45360666.1
43013662.95
22810051.31
74542442.23
39350717.45
42122741.66
42007106.16
41447888.83
43803883.5
77565330.43
44796098.24
45265018.03
23192981.36
75651650.42
76222900.74
39605387.22
77076530.48
40238727.29
75972273.13
45353785.58
47824591.76
39382697.9
43160817.44
19873728.8
41498161.08
24879963.03
76201089.76
46863782.35
76109080.09
44510596.66
42425282.6
45389542.53
44964784.54
74738372.27
45749919.75
40143091.69
24289297.61
46075909.45
46540008.35
46290781.97
44408681.95
44315054.43
75089663.64
45720925.36
40534957.77
22625520.83
44813436.02
46238359.98
45795036.77
44904764.41
46885903.43
75530491.33
24841547.95
74542442.23
20490066.53
75211777.52
48458170.08
21044458.91
45264187.74
75211777.52
75187691.93
45039639.58
76507099.35
41642009.17
40498479.95
43339901.41
25501661.78
75531527.85
43838642.82
23975317.73
76134546.65
25568753.3
25141057.81
78281807.98
20606031.87
24618776.41
42798424.37
41241472.61
42322739.43
75793938.39
46811265.72
24601789.41
44232644.57
44950011.7
75947673.23
22887288.46
78107042.94
45872359.8
44184733.79
47074979.42
21490453.92
39211192.59
44601154.11
45403297.5
42211353.84
79898117.69
75187691.93
22091724.25
40679678.72
42246086.91
40479034.37
45514986.32
77415446.61
21464080.57
23984688.27
75703486.43
47276283.9
74925903.9
39477162.01
76142970.56
47060107.17
26415842.31
75367632.21
40626599.66
22052643.96
24212308.79
46671511.46
45819318.51
40890964.56
20944926.71
78083305.47
45330471.68
46811265.72
42358513.58
47078476.54
21466863.67
40846723.74
47509279.98
47471700.42
76652396.39
23048992.03
21070366.09
43548644.88
24951849.58
26672500.21
43878417.12
22180475.95
21216062.17
75703486.43
20929674.88
74379834.81
39821383.04
46826967.94
74542442.23
40920652.73
21351221.45
44469070.09
26132813.96
13245496.73
76507099.35
44417733.46
75530491.33
75979436.6
22405699.37
39397185.58
41984057.77
21940272.86
24646998.29
46035299.8
23491156.11
21490453.92
23006132.94
74804226.87
24698264.44
41736818.7
43261795.08
74454798.46
48471329.36
43878417.12
43116163.48
45932901.19
43542775.8
75689961.51
23542873.63
39606532.52
43352501.19
76428726.39
23320458.61
41557134.47
13330343.22
39374960.1
39919366.99
26200637.65
75839518.82
76065545.96
45626260.95
22524616.2
45868817.31
40570911.59
41112989.49
18759408.13
25292348.47
46285811.86
18536527.53
20241691.92
25175376.68
47307705.85
13268895.07
21748312.01
21974096.38
44148464.19
25428558.14
19243357.3
75793938.39
26405416.14
76006525.09
75695606.15
23343531.84
78107042.94
42488915.92
75979566.41
45537085.5
22756782.58
45833907.02
46212718.68
75441857.2
45206667.1
75947673.23
46016817.31
76623298.45
25095917.58
75695606.15
75882578.62
19243357.3
22943671.37
41884010.44
76201089.76
77139088.88
41525790.49
45528309.08
24083620.32
40475880.07
75689961.51
41110132.8
43927036.33
75531527.85
24539446.63
44013795.33
74542442.23
42605572.56
46010114.02
45960963.39
23638405.67
40338611.97
41997039.14
43328767.94
41864024.42
24339113.57
76368796.65
75793938.39
44710691.65
46003324.42
77623816.69
41122068.91
20667988.14
13205231.98
13209515.5
41824878.0
42484157.99
24182687.11
42765802.44
43408093.93
21858679.82
21027668.84
24813683.42
24178229.32
74829412.22
75972273.13
45971537.88
19438139.43
24311381.28
46016335.11
40214463.81
44328713.81
44919519.28
23893561.37
77672252.69
45946909.66
76201089.76
46824680.41
75128357.86
23634481.2
39853609.27
47018340.43
21259677.96
74804226.87
78083305.47
41108353.03
40558741.68
41601289.17
42008604.01
25207282.36
22313449.44
75689961.51
46685462.67
75947673.23
78102823.79
40448393.06
42294881.27
39357113.32
78083305.47
40889774.2
13273567.26
26078934.24
44800636.13
22426881.01
76623298.45
44512787.06
76534661.22
40945893.38
44464076.01
45576929.91
45165068.55
21555733.15
20194772.74
39582969.43
47159542.37
44176776.33
75695606.15
42613410.61
44954426.79
24339113.57
75651650.42
45389542.53
46698026.26
42185438.81
74950892.36
42077177.98
22416995.38
76134546.65
43630533.93
22692461.52
76065545.96
24332013.76
47159542.37
40991112.78
42356139.69
75687489.6
39653956.54
77139088.88
40475880.07
40169272.31
75367632.21
74450019.13
45311995.89
47402193.92
46043460.53
41400089.37
23918667.95
21249217.05
46149172.32
46812033.19
46104968.69
76760902.66
45161424.12
46437391.05
22062620.83
24618258.81
40034188.58
74804226.87
20910518.58
77359442.93
45480179.07
20515651.45
76739606.12
46141252.68
75595734.28
13194361.36
45039639.58
41903990.5
39156613.38
21515920.28
24912656.21
76760902.66
42285516.23
46643620.06
43391814.67
76201089.76
45971537.88
44720488.18
40282904.0
13220707.14
74944144.42
46947358.83
45341896.75
74950892.36
78083305.47
40833995.71
47079055.07
40129879.46
76996286.7
45088031.2
75789400.17
42418356.02
74379834.81
26591340.13
43642581.72
23691434.74
23542873.63
40903418.28
76652396.39
45681185.16
45862611.84
40558499.12
45185156.0
21922168.63
40804647.44
25538270.09
24381897.51
23216486.68
23827006.12
43134862.26
77613943.67
74925903.9
76760902.66
46030614.21
20637401.11
40941161.27
44243435.15
39854421.99
41848980.62
47276283.9
46141252.68
77272239.17
25233217.45
76065545.96
13255294.08
45186206.01
45222989.09
46934312.06
24036250.28
21048386.9
23374622.88
13230987.01
46504467.78
41513861.96
74771129.8
43303430.89
42591162.27
44850406.91
77099798.98
76143557.83
76739606.12
46504467.78
42341747.5
47159542.37
43979258.43
43537683.48
46921283.55
23871134.75
45713709.85
21524534.47
44957536.22
48233678.47
45348199.3
77672252.69
42122741.66
76764341.93
41137794.48
25041572.42
42322739.43
22205972.01
21392452.21
23024432.89
40374848.88
45580680.97
74804226.87
43793263.5
25779952.04
78107042.94
45404397.34
22597859.9
44500741.66
39535729.02
78102823.79
41999747.52
79898117.69
40988485.11
44780966.28
24359802.25
75059709.26
20913734.72
13243492.63
22670224.33
75441857.2
21868045.44
22849136.84
46696841.08
40207232.39
75089663.64
23634481.2
21466863.67
24463478.36
76368796.65
44286613.61
21263209.16
41596909.66
41961550.32
23062710.74
40620071.21
42906529.33
41182837.54
45601680.38
46673582.32
76065545.96
21837120.89
24483360.44
75187691.93
76534661.22
45164232.51
76760902.66
20075536.06
26544873.06
24640201.32
21161465.08
41516106.15
22761375.81
44245553.6
78107042.94
77623816.69
44328713.81
74555906.62
45161424.12
22881262.52
44417733.46
45920572.41
24822138.23
76222900.74
41346240.9
41346240.9
46655563.2
39374215.72
43778880.01
21440288.36
44294618.5
42903512.04
13324813.65
20361144.96
42485876.79
43047066.39
21228629.24
45115075.81
77565330.43
45391602.35
76201089.76
24920620.82
21858679.82
76854430.29
43994731.31
77387389.99
76268646.3
76142970.56
75367632.21
39404820.98
25580545.79
42471827.6
22469914.55
45475877.24
44995473.61
76140728.73
75882578.62
76222900.74
76760902.66
43150883.96
46148893.04
21826431.24
44684370.23
23062710.74
24873021.28
21800780.79
41840668.82
21735519.76
41985864.25
22493713.45
75128357.86
44302722.78
76201089.76
75703486.43
22780532.17
43316253.55
46838029.66
24178229.32
43316253.55
24813683.42
40835852.2
43047066.39
46672339.54
44469614.44
45738672.76
76854430.29
40214103.84
78083305.47
74944144.42
76507099.35
76268646.3
23496717.82
76142970.56
22625593.24
21048414.57
42367479.79
74454798.46
42364144.11
45124452.11
44014431.27
24781505.23
39404820.98
44568066.7
75301676.68
40419063.78
21379798.36
40846792.99
24090175.24
43128456.33
24753927.92
25349054.36
45213490.72
20606031.87
39861973.3
39843723.02
26405416.14
40991112.78
20106042.36
22696756.65
45210418.42
46537893.78
40633186.83
44278929.29
46807359.8
48459035.23
77623816.69
19196823.59
45234461.5
40238727.29
76854430.29
45364403.7
41175708.92
42424762.35
45266153.94
42484157.99
40238727.29
44959622.14
13203311.54
77272239.17
23869885.05
23590701.38
25517232.31
46688680.84
21998775.94
20800144.15
24254528.87
42196102.77
47695769.17
26762313.39
45537085.5
23889335.75
25469857.98
41546454.28
40745086.43
39727351.04
77387389.99
43015707.9
41567048.36
20628894.34
42308456.4
26154396.66
78257958.23
44664669.54
40304011.63
76652396.39
75595734.28
43100379.94
27468359.19
43704668.73
25234413.58
45538882.91
24031845.96
47509279.98
40224936.13
42927345.93
44592143.65
40232059.07
75441857.2
45265218.83
40681351.52
45565540.22
45868392.32
42364753.16
24983663.51
25506468.73
76854430.29
43352501.19
75695606.15
44127762.57
46684699.69
42098260.67
24620089.92
43101406.94
75972273.13
40889280.41
75059709.26
21914026.18
23175781.34
76996286.7
44593083.98
39382873.23
45184874.42
76175595.57
38963492.96
20241691.92
76143557.83
23721973.87
46487095.31
44381381.81
42077177.98
45786662.59
44734454.97
45971537.88
74454798.46
74379834.81
23998197.56
76498694.04
44712122.57
44394112.16
24748123.41
39710330.82
42916759.27
77359442.93
75530491.33
45938840.0
75877738.56
45125292.5
40889565.04
39517635.18
46138077.67
76222900.74
39200808.2
45860864.77
25680897.19
25335190.56
77528763.99
21748312.01
39302366.59
40636055.38
43021968.23
76222900.74
75581733.05
22581807.97
44243435.15
22672636.01
40098709.69
22329550.91
45042747.65
77672252.69
77528763.99
22410106.76
76623298.45
42257961.77
22113416.83
25335190.56
76829862.76
40543239.41
24890032.98
21849249.07
76428726.39
76368796.65
75767392.61
45901514.8
40815930.76
22464097.77
40231395.38
26380659.77
45916988.08
77387389.99
23875096.48
46628957.96
23570235.4
23257972.92
76368796.65
45615327.77
24877699.87
24640201.32
42077177.98
22289432.79
13255330.45
42305002.5
41261913.16
45178510.33
45526546.79
44481089.26
22598332.1
40814189.65
43783220.3
42967135.85
46581377.36
40030374.28
41836507.48
43408093.93
75367632.21
40736256.85
78486505.19
40679678.72
24663381.92
41657189.44
22287481.81
78257958.23
45505818.54
42138630.64
24486714.6
43752573.89
45224389.08
75530491.33
78257958.23
44349108.9
18294323.95
23998197.56
19780455.72
75301676.68
43388992.37
45210418.42
40615189.84
44845796.6
19525321.4
22623065.24
44565783.13
45580680.97
75187691.93
78257958.23
43128456.33
45266153.94
22138625.24
41551113.58
75530491.33
44676598.61
44144736.4
40570911.59
24322721.5
75767392.61
78388654.64
45063111.58
75187691.93
45026012.33
77139088.88
40724437.93
22111477.92
21456841.91
25335190.56
46148893.04
77076530.48
41570955.89
75284993.39
44317448.01
74420028.74
75128357.86
75703486.43
76006525.09
25517232.31
75128357.86
13210425.27
22087973.15
76829862.76
47828509.47
45503037.18
13291063.45
77450778.99
44685197.54
77139088.88
21523126.66
26137392.38
20955190.59
42035166.3
41551328.05
46540008.35
78257958.23
23300204.93
39663706.98
42988797.91
41099347.49
41555723.91
43793263.5
75301676.68
46023158.9
22501937.17
75767392.61
46673595.34
26194157.86
76134546.65
44600229.53
41747013.02
22881262.52
44664669.54
41620162.43
42638117.7
43618354.03
40901657.05
76142970.56
44417733.46
75767392.61
45074409.92
42275651.47
22160716.97
45872359.8
21256631.89
23860932.5
76764341.93
40214103.84
77099798.98
44372197.31
46878546.74
79898117.69
45946909.66
22369508.95
23981928.31
45131577.91
20734194.19
21071635.29
47421020.23
76773662.38
75530491.33
44315054.43
27443729.97
43902459.13
43162939.37
39945089.75
44926728.89
23424728.99
74450019.13
40386400.88
79898117.69
42437639.19
42927345.93
46022279.05
44721547.86
75979566.41
42420993.68
45480179.07
21842875.63
26690623.86
45264415.88
78107042.94
42726057.59
46673582.32
41110132.8
75972273.13
46865376.88
23741136.97
24604726.64
74950892.36
76739606.12
74738372.27
46548467.09
39398588.77
78388654.64
46878546.74
76142970.56
22871821.58
76006525.09
25234166.37
75651650.42
45026950.03
45330471.68
75972273.13
44799561.32
45210794.75
76065545.96
43979258.43
46691077.97
44929523.71
43206537.14
45435628.0
44512683.77
39661262.4
44818229.34
40117390.26
76384116.04
23676766.81
22774208.97
42589997.1
41548107.63
44087677.59
21938636.55
46796024.52
46825826.79
39913922.05
40745086.43
21212404.2
22848151.7
44011865.12
77562932.1
21847453.41
23983615.56
74454798.46
74738372.27
45239091.53
22642329.04
46684578.24
44160114.5
21800780.79
41393442.59
24735713.37
23091295.59
43144141.52
44783980.11
76384116.04
76996286.7
40801703.97
76854430.29
78143606.43
43328767.94
23756541.26
26006498.9
44408454.6
44794991.24
75687489.6
40489850.93
46628957.96
41959562.06
22480523.74
41099347.49
46127041.49
22336919.38
23639641.26
75793938.39
13193610.85
39988609.88
40843113.79
22644655.77
76649167.4
42903512.04
42638117.7
43095324.58
45176295.45
40324348.45
47028855.01
20488191.8
45699990.72
22783442.7
45900780.64
40357373.95
41818601.38
41890130.2
22767386.64
46672339.54
26054781.87
44301738.48
43878417.12
45354956.19
44862658.12
75128357.86
40773494.55
46672109.89
45799707.04
22237608.39
78257958.23
43578348.82
39777277.07
21245316.99
78386550.47
43704668.73
43487067.79
39573064.62
42616342.37
43388992.37
25266639.81
76623298.45
19474231.02
42211353.84
77359442.93
44283258.81
45435628.0
40418995.37
23534684.64
24351612.28
78083305.47
43261795.08
42927345.93
77797694.5
75703486.43
42906529.33
44710691.65
22093940.7
43554990.18
40418995.37
44386788.93
77562932.1
21627397.88
13220844.74
40809576.34
45985895.48
42546409.52
24214085.65
22642545.67
26491549.44
41119570.77
39374215.72
43264220.42
44592894.72
45493341.29
46031570.21
44163917.71
74771129.8
76175595.57
46823322.28
43815829.84
45702871.8
22616771.62
25266639.81
24167627.42
45247023.17
75530491.33
45929865.86
44964784.54
45404597.49
22678178.35
41840668.82
46104968.69
24809735.7
46015758.36
76222900.74
43752573.89
75687489.6
25295498.38
46931522.83
20757000.67
21696219.0
45720925.36
24059061.18
44359470.62
45196515.32
21805968.33
76222900.74
75531527.85
75651650.42
23240921.64
26213338.9
22670985.72
44500420.21
41023146.17
22338479.69
75284993.39
44133662.87
42844928.18
44167315.47
21557881.15
42264739.34
18931890.55
45700794.88
44954650.54
75651650.42
21837221.16
75882578.62
13395525.9
42176081.59
43578348.82
41332574.49
41739969.94
44920652.47
45820115.26
46204895.65
24742943.56
46691077.97
45361406.3
46096847.75
74450019.13
21351622.89
44417733.46
75689961.51
44705764.95
46993924.83
41560666.96
24245438.53
47828767.97
40354309.33
46404541.62
24735713.37
75651650.42
39382697.9
25938687.93
46009855.97
22272028.94
45312455.17
24509290.72
22717392.16
40245025.83
46036493.35
45785840.08
77623816.69
22410057.81
42214086.88
45674702.58
76739606.12
77359442.93
45785544.69
47223579.87
40060295.61
75793938.39
46088030.91
75187691.93
44165361.7
45851090.15
24918891.72
76134546.65
40889774.2
74771129.8
76143557.83
45514089.68
19780455.72
25138417.08
41182757.94
76201089.76
46931522.83
43783220.3
44817050.8
44904764.41
78843569.13
46427325.26
21048381.85
21940272.86
45161424.12
22241181.71
77415446.61
79898117.69
77528763.99
78386550.47
76201089.76
40968638.41
44386815.19
20039932.67
41474862.5
74738372.27
39934508.86
76498694.04
44351457.97
40938020.67
77672252.69
46253889.37
74542442.23
77099798.98
75979566.41
44468858.9
41502327.71
46980781.21
46437391.05
44568066.7
77562932.1
48459035.23
23518890.86
75059709.26
47410235.09
78281807.98
74804226.87
44605010.53
39397039.05
43268197.71
47276283.9
26728888.89
25024894.07
75695606.15
19923544.14
77623816.69
45347964.56
44286613.61
77859285.84
22408122.87
21364272.52
74829412.22
24265170.23
22451267.86
76996286.7
40259098.74
23011936.44
22363441.95
75284993.39
77402589.52
23189760.04
45920358.91
24627529.72
74944144.42
44144736.4
42479796.79
44568066.7
39160812.73
75595734.28
24254528.87
13230168.36
39673356.87
21364272.52
74829412.22
22367982.85
76829862.76
46540008.35
77797694.5
47015676.02
39859176.25
43618354.03
24604726.64
75128357.86
13200379.07
22940533.75
41596909.66
45178775.76
40822944.95
21777445.04
75441857.2
76175595.57
74555906.62
21671509.12
20020825.94
76479464.39
76996286.7
76134546.65
44601154.11
40601258.93
24985191.52
78386550.47
46526370.86
42136785.41
44176091.13
41498161.08
42326451.49
22624304.69
43159000.98
75689961.51
76507099.35
46795233.93
41446641.53
23053939.46
43621249.64
76534661.22
19190679.69
20471663.28
78083305.47
45329148.51
22761184.85
40404899.23
75581733.05
76829862.76
20879671.25
24909196.46
41686180.83
21980572.3
45167372.85
42437215.0
76996286.7
75695606.15
41667434.48
46850746.16
76760902.66
22590500.01
75441857.2
23556728.5
76760902.66
42862259.26
43460252.88
46004792.83
24803307.63
44535321.51
76534661.22
42648658.62
26041880.75
75530491.33
76006525.09
75947673.23
24485788.75
42338984.88
42273715.36
43618354.03
41464715.84
25016539.54
26719658.46
44712122.57
76854430.29
19691084.41
39727351.04
42931477.42
19474231.02
24537296.04
41942281.75
44815531.84
45137050.04
77562932.1
44011865.12
22205972.01
26072775.47
75979566.41
45514986.32
23311715.79
24322721.5
41836507.48
39727351.04
48458170.08
39479331.62
44926728.89
44184733.79
22295496.97
41196437.36
25763804.16
43264220.42
77272239.17
40674716.91
24012025.12
76268646.3
74804226.87
40863568.09
22678178.35
77613943.67
76065545.96
78843569.13
77076530.48
41743116.51
44387469.39
74542442.23
24007468.05
22672636.01
41347189.35
45213490.72
39913922.05
25114700.85
45328368.9
39978532.89
24877699.87
23590701.38
46673310.29
75435382.61
75979566.41
76222900.74
46074945.08
23119847.61
43889693.23
23338898.91
77562932.1
26044802.4
45176971.29
48330723.33
44283258.81
76652396.39
45884357.06
23585084.72
46244091.15
46538452.83
75687489.6
42486163.26
41951954.14
76623298.45
20930789.67
23235668.8
45900780.64
45868817.31
47471382.79
42648658.62
13363627.84
23646242.26
78843569.13
23440332.68
45662576.79
40527429.15
44586947.34
43803883.5
41595399.97
77672252.69
45403487.92
42018663.4
46947358.83
43272583.65
75687489.6
45265018.03
23671406.7
46678947.76
22443072.91
46680023.55
41509390.91
20794000.39
43130735.59
24033573.02
43281300.01
42508980.55
45154745.55
40854529.62
75581733.05
44350671.5
46117009.38
39357113.32
26094516.85
18894109.73
42090365.42
44394112.16
42482806.32
46420864.02
41122068.91
76428726.39
76760902.66
40060149.26
74944144.42
43357351.12
47079594.52
43100796.29
42026035.57
76134546.65
44419878.49
77623816.69
74542442.23
25750149.11
25897226.93
76109080.09
45210418.42
46526191.98
46324053.3
41749695.67
20779312.99
77402589.52
18792352.61
46501595.29
45067478.89
74555906.62
23281975.07
44091572.43
45366239.58
25395592.55
43494416.11
47827915.64
21555733.15
43128456.33
13334929.46
45663764.6
45992013.3
44929523.71
74944144.42
40907499.21
45052970.18
47275487.56
46217470.77
46628957.96
78281807.98
39466890.58
43665559.33
75367632.21
41007536.71
13260430.26
47812401.43
26487123.2
40560672.58
26315292.31
43160322.89
75767392.61
25292348.47
45266752.23
77613943.67
22975054.6
76996286.7
47590072.91
44782926.28
76201089.76
45026950.03
45341342.16
76142970.56
41884549.36
46275191.33
77565330.43
45076281.23
44862004.93
76764341.93
74379834.81
45005430.22
43813766.46
76498694.04
74555906.62
13257215.23
76498694.04
23893561.37
23846858.83
76201089.76
40809576.34
75884938.62
23611214.49
77565330.43
22581807.97
47153056.93
78486505.19
77623816.69
77139088.88
41667434.48
21958394.0
40637854.72
22113416.83
25958523.6
25995210.72
43813766.46
22322038.77
77402589.52
47409334.0
22471276.06
43358742.49
41042383.47
43649969.14
22804653.72
47306720.13
45475877.24
44859950.86
45601680.38
42740260.95
22940533.75
77359442.93
77562932.1
75767392.61
23589138.93
75884938.62
21673177.58
75367632.21
76272924.62
45523417.39
76649167.4
77565330.43
45131577.91
76175595.57
76652396.39
42589997.1
41747013.02
21600401.39
39714116.05
24795432.0
46685485.89
75301676.68
44468858.9
45210418.42
39477162.01
22613947.77
44919519.28
23424728.99
39716048.09
41690692.3
43633005.22
76201089.76
76623298.45
78102823.79
23026050.55
76996286.7
75789400.17
44681700.04
40396199.6
76479464.39
76268646.3
47078476.54
74542442.23
46037850.9
41702639.96
76175595.57
41949561.64
42024203.98
46999172.82
44090624.22
24086522.55
44233144.89
13285533.89
41391017.61
46141252.68
40007374.83
45681185.16
25548623.19
39571715.62
26052386.45
43264220.42
75530491.33
13251577.85
41288825.97
76272924.62
43981486.12
76368796.65
45900780.64
25683899.7
45002908.91
40136960.38
22062620.83
40497076.26
39367226.48
45140653.22
44102841.89
75789400.17
45479331.23
75301676.68
41389564.63
74829412.22
45834789.27
41744076.91
44536408.72
45139698.81
22475749.39
77528763.99
43747687.7
46276054.84
74555906.62
41059580.61
45246452.42
76142970.56
40392400.13
23997894.72
77139088.88
40901808.47
25793542.33
75877738.56
46796024.52
75581733.05
77562932.1
76065545.96
45253504.31
45876798.51
22718385.09
46931522.83
22773929.48
74829412.22
42579179.47
26405416.14
45525928.01
25850117.05
20762125.06
45075131.94
40475592.01
24178229.32
44844666.04
76534661.22
76534661.22
75089663.64
40705149.75
44954426.79
41216018.55
45341896.75
40008021.7
21351622.89
76649167.4
45197647.13
23753815.72
24929869.57
76134546.65
76368796.65
46004792.83
42437215.0
74925903.9
19054866.99
44177478.83
24968534.67
22770574.73
42375036.76
78843569.13
40418995.37
76222900.74
24192749.69
38971651.06
76109080.09
40831061.64
78143606.43
76134546.65
46504467.78
44935507.24
24650425.09
75877738.56
47409128.58
39568595.5
39913922.05
25317700.14
44600229.53
22636333.09
39565246.81
24571840.59
41914756.05
41596909.66
40374848.88
45889685.89
77797694.5
75435382.61
44929171.79
21706488.04
47839816.67
22315195.81
74379834.81
43327318.27
39777277.07
24618776.41
24106983.71
47409128.58
76368796.65
43878417.12
40043132.24
40871338.81
46104654.28
26563119.75
44252990.46
42982638.36
22985217.31
23496717.82
41338327.75
45140919.93
74379834.81
45562270.21
43633005.22
40143091.69
18790998.9
41604338.21
76143557.83
39605387.22
13220844.74
47409334.0
44987969.54
42364753.16
76498694.04
43526334.78
41648626.06
45538882.91
25475195.33
40809576.34
45654490.89
22315923.3
24090175.24
44338234.69
40988485.11
77528763.99
43026036.83
46208811.16
76534661.22
13255575.64
44612010.9
39878040.21
20876602.1
13298954.0
47695932.29
23320458.61
75284993.39
40891586.03
40809576.34
25128079.18
43134244.64
40392400.13
42424762.35
23975317.73
76764341.93
79898117.69
78486505.19
24422947.73
25005771.16
41611844.55
45115075.81
40343228.52
78486505.19
45537085.5
46679773.13
78102823.79
45063111.58
78143606.43
22720013.25
40076751.29
46581377.36
41175998.07
13269562.64
43557950.13
45800224.89
21918204.37
74379834.81
21027668.84
75947673.23
75595734.28
22824182.96
21997305.32
75089663.64
44712122.57
21522396.69
39727351.04
41516106.15
40920417.89
39673356.87
47294518.82
75789400.17
23285289.4
22618011.3
45428135.15
23338568.41
24085401.09
22755032.65
43625827.36
41301044.73
76065545.96
39375770.63
76739606.12
76649167.4
45720925.36
45042747.65
44851751.62
44104038.55
44781838.37
43780410.64
78083305.47
44090624.22
74829412.22
41308465.11
41673731.42
44482127.86
38949924.86
44813436.02
44075144.59
46161620.75
19734167.85
25630956.72
22108369.96
24698151.54
75689961.51
46763248.28
45305720.82
39535729.02
25155941.97
45254371.71
46004121.2
24245957.18
24059069.0
42789752.75
44148464.19
78843569.13
42789752.75
41525442.18
41458229.66
75581733.05
22624304.69
40722917.37
47077057.95
76854430.29
22109978.87
40421517.76
45264415.88
78083305.47
40907499.21
75187691.93
42008513.42
39365358.19
74950892.36
13180555.0
78281807.98
78257958.23
20751753.21
40681351.52
39479331.62
43328767.94
40684321.76
76428726.39
39784522.05
24357380.5
23974851.42
41151464.84
77099798.98
75793938.39
40562662.34
74555906.62
75972273.13
45973701.07
24744854.88
78386550.47
22965609.11
41553082.39
74771129.8
77528763.99
21261639.09
40132260.28
78143606.43
44243435.15
74925903.9
44800636.13
47592792.53
76829862.76
76773662.38
42727353.28
44464076.01
13176202.6
24698264.44
44972240.68
43704668.73
75882578.62
24929869.57
78257958.23
45266752.23
22826373.88
40562662.34
75839518.82
22614661.82
44987969.54
23283826.52
21515920.28
78257958.23
45185156.0
20910518.58
39661262.4
39714116.05
44244623.79
46037850.9
41073042.51
22095642.93
40855756.25
76996286.7
45502810.99
41088548.57
13224348.39
45884357.06
78102823.79
75793938.39
39160812.73
22531349.04
41295351.2
24618776.41
21706488.04
44449255.13
42920044.48
74944144.42
13205231.98
45463521.31
13187489.25
44787307.9
24625479.88
40773494.55
39151097.08
22478320.09
43878986.63
23975317.73
43542775.8
47647594.36
44858053.51
76479464.39
40541550.99
13162305.15
76996286.7
25583088.83
39357113.32
42874575.39
75972273.13
74804226.87
44990630.2
13213426.02
45460142.34
42605572.56
26497301.25
22172547.89
42277410.72
44643385.66
44752162.49
77099798.98
44568066.7
22061518.56
77450778.99
48330723.33
75301676.68
45711870.78
43008680.55
43010892.52
44604088.87
41548107.63
13252679.61
21433680.02
41749411.98
40238727.29
13232023.71
13273567.26
43339901.41
43979258.43
75441857.2
76760902.66
24646261.01
77415446.61
21918204.37
76479464.39
42173249.35
40745086.43
45167372.85
20252068.74
40418995.37
77613943.67
75839518.82
47074979.42
76507099.35
45087600.52
41108353.03
46003700.12
22849136.84
38938860.8
41681239.72
21418929.51
44907592.43
75695606.15
40238727.29
41899230.97
76140728.73
20286067.12
40926856.06
24545805.45
78143606.43
45079471.27
77272239.17
77402589.52
46850746.16
43668591.35
45359513.16
45984981.74
23417211.8
41961550.32
42089320.64
43413651.17
39861097.88
23822787.29
44294618.5
25371290.1
24628934.15
47295210.35
46022086.33
42205885.72
41475790.34
41620162.43
78102823.79
24406900.33
21955583.99
45749908.02
23283479.49
44809109.82
26054781.87
78102823.79
43838642.82
39733242.22
46542909.67
23945582.95
44650822.64
40669928.32
25393377.01
13306122.26
76384116.04
76268646.3
24364972.41
22779193.37
45006827.6
43934278.29
45435777.46
25850117.05
24585692.91
40245025.83
42815292.22
75877738.56
46017314.75
20154892.25
24090114.25
39857808.03
43994731.31
77859285.84
41880878.96
76268646.3
45347556.84
77672252.69
22173350.33
39568595.5
22289432.79
43928322.22
39284512.6
76507099.35
77139088.88
44481089.26
45675986.77
77565330.43
13200843.39
47018058.84
25750149.11
45728686.39
41541267.2
22462938.27
40396199.6
75947673.23
42798424.37
22095642.93
41984057.77
44269746.92
26194157.86
24826433.87
43776914.02
23007588.43
41060289.39
40547854.99
78143606.43
42973367.28
45178006.62
44512787.06
47275487.56
13231149.68
75211777.52
46582151.91
24153603.83
41852169.73
43316253.55
22709655.72
75284993.39
45068221.14
75530491.33
79898117.69
22566157.14
25958523.6
22408507.51
44116609.29
41182757.94
46031570.21
45076281.23
75059709.26
23532371.94
23961723.75
78102823.79
45680423.68
75877738.56
42648658.62
23680053.37
43371587.96
47437339.16
43661523.7
41684561.04
27235290.66
40829116.11
78486505.19
43095324.58
19240606.01
20194772.74
20954966.85
40025397.26
21503821.36
19370223.77
44305320.36
47016801.49
22091724.25
40136960.38
20220441.18
46004289.3
42920044.48
26183782.82
26491549.44
40475880.07
77415446.61
46369226.95
45938840.0
22883325.32
39661262.4
75689961.51
44415948.79
42714316.59
25128079.18
22293567.78
77528763.99
40278149.86
21993898.14
44233561.71
76649167.4
43281300.01
24465025.9
41786840.86
21923060.26
23567854.45
75211777.52
23963188.25
78257958.23
44339023.11
39094512.78
40938087.4
25462880.89
45178510.33
41151464.84
45068221.14
43505038.57
74542442.23
41334706.47
44734454.97
75703486.43
41189481.46
22157044.43
40645607.21
25300317.07
46795034.29
40418722.13
22132848.9
18488740.4
40867644.88
77272239.17
24167627.42
41839209.23
46931522.83
45479096.96
41755765.15
44090624.22
21840597.21
41151464.84
75187691.93
75789400.17
45005430.22
24245957.18
78386550.47
74450019.13
42485876.79
44780966.28
75128357.86
75530491.33
19380854.88
74450019.13
45851090.15
40187207.45
25350839.8
25182016.08
23364852.74
22597859.9
45972796.13
46275851.74
22228181.2
39582969.43
23271395.05
76829862.76
42762776.56
43420269.48
26572177.8
76428726.39
76649167.4
43542775.8
20930789.67
39913922.05
44568066.7
44512787.06
23768476.44
75877738.56
41689140.76
43023841.15
44970968.69
42920044.48
39861973.3
40693648.97
41690692.3
45537958.04
43281300.01
78843569.13
13180555.0
75595734.28
39479331.62
77672252.69
76109080.09
23070101.11
23955635.66
45504960.18
41107965.79
42260569.19
19774816.11
24627529.72
41544980.94
26154396.66
21171827.29
21896104.26
20490066.53
44705764.95
75687489.6
47471382.79
76142970.56
45191089.89
76739606.12
40779412.47
76854430.29
77076530.48
47200186.26
46424297.86
47617964.98
76368796.65
24357380.5
19234787.31
76996286.7
75595734.28
26132813.96
43487067.79
76649167.4
75689961.51
20579310.32
40926856.06
40948788.02
42630098.67
25183721.67
45479331.23
40028659.29
41713276.9
26244962.51
40429331.51
45973886.87
44995238.19
45538882.91
46275851.74
41507466.01
43487499.08
74420028.74
77797694.5
76065545.96
43205506.44
46141252.68
40054392.12
47151858.61
42443464.78
41428856.34
43618354.03
77139088.88
45711870.78
46420864.02
44233561.71
41137794.48
43717846.95
20039932.67
75947673.23
23011111.92
78102823.79
25141057.81
23285289.4
22672434.82
21379997.15
44959122.01
40756062.21
45984981.74
74379834.81
24587297.69
76829862.76
45887329.24
19529443.86
41189436.17
44011865.12
46581131.55
75839518.82
23283826.52
40740105.06
40926856.06
25101612.01
75877738.56
78281807.98
76134546.65
76739606.12
46825826.79
46384488.67
40890964.56
74925903.9
76428726.39
39374982.86
39367226.48
75595734.28
78107042.94
75187691.93
42849787.56
42151790.2
47079818.4
20005209.85
76507099.35
41151464.84
41744076.91
45887329.24
24487028.13
42931477.42
75089663.64
42246086.91
26072775.47
76143557.83
25180831.35
74925903.9
23950872.83
47647775.54
74379834.81
76006525.09
45255067.59
44325502.18
45403636.75
40344983.22
43381388.81
40926856.06
77623816.69
44815531.84
45856445.18
41127988.9
45736453.03
41995881.65
40136960.38
76065545.96
24242512.52
45562270.21
75767392.61
19714515.32
39114446.09
38937192.71
75695606.15
44664669.54
78386550.47
78843569.13
22132848.9
44501117.52
21470644.28
45363299.29
42214086.88
46549096.27
41833929.48
44148464.19
75211777.52
25789034.77
45152786.59
40805661.3
42580946.53
40908924.05
77139088.88
41482198.82
46161620.75
75979436.6
46287613.17
76428726.39
25561008.62
45799707.04
22939989.13
39367226.48
76272924.62
13219654.01
45736112.5
40744226.24
75367632.21
76534661.22
22501937.17
41099347.49
41648626.06
76773662.38
42484157.99
26336457.87
22740145.31
77562932.1
22118476.13
24765593.41
39519021.61
41962592.67
25392403.49
45492673.39
22636635.48
47166132.09
46643620.06
25155941.97
42345778.28
44990368.24
43438167.81
75687489.6
47084931.55
39791973.99
22554560.06
75284993.39
46774334.81
41987013.71
42874575.39
42089719.09
42378167.57
22433314.55
46238359.98
42510115.6
42077177.98
40901326.98
44313946.66
75947673.23
76623298.45
44160114.5
24920620.82
75979436.6
43934278.29
22848151.7
44850153.03
39657446.73
25250565.32
77272239.17
77076530.48
42006481.5
77613943.67
46326700.65
22786473.64
44995473.61
74555906.62
77859285.84
44589152.89
21526791.78
41743485.15
75884938.62
21488471.01
22778494.48
42138630.64
46604998.42
41175998.07
22380957.57
75877738.56
47304982.67
45352003.12
40143091.69
75581733.05
75703486.43
39409909.02
74771129.8
25395592.55
43997767.85
42980190.79
42052822.63
76534661.22
44381381.81
40025397.26
45184164.37
41733759.24
77613943.67
40837089.97
22471276.06
42162104.5
42011936.04
23585264.91
47060319.52
41709510.46
44361089.34
39535729.02
39978532.89
75689961.51
39978532.89
75687489.6
39465975.07
77402589.52
40924361.23
46049033.2
76760902.66
46004483.0
45832294.99
21277283.55
44984498.04
42988797.91
43763473.67
22319414.56
46604998.42
40152176.12
77402589.52
45184445.96
44148464.19
25938687.93
22846036.44
24748123.41
47421348.9
40684321.76
40986176.75
40671223.5
42004956.3
78486505.19
40814183.57
21000363.32
45502810.99
21048414.57
75839518.82
23120975.85
22133039.91
40629907.31
22950485.54
24409819.38
40605370.78
40723045.35
43095324.58
42864452.5
74420028.74
45141791.42
45492673.39
39453273.29
42844928.18
46582151.91
44999663.25
23671406.7
45562270.21
78843569.13
45665545.34
39913922.05
22118476.13
74542442.23
24682030.88
25523284.98
76384116.04
43704668.73
25397622.44
45312455.17
40560672.58
44524744.03
39647358.97
45591342.25
42638117.7
76479464.39
22720013.25
46445150.39
44859015.51
45364403.7
24970141.5
76739606.12
43134244.64
77528763.99
22761375.81
78281807.98
76368796.65
44090624.22
22826373.88
47695769.17
42156271.57
75187691.93
45079471.27
42364144.11
74542442.23
22583316.1
43026216.86
76368796.65
42918787.81
45264187.74
40569121.21
75877738.56
76134546.65
25445621.93
42513157.72
40747435.79
75284993.39
44269746.92
45475877.24
42361477.35
76006525.09
77450778.99
23575090.73
41326463.64
74450019.13
19094539.66
39673356.87
44844666.04
22927326.47
76623298.45
40934704.97
41755498.79
26200637.65
44671707.84
39363570.55
43444273.32
44160114.5
75441857.2
44407658.48
74738372.27
46686610.66
40152176.12
23120975.85
40637854.72
43264220.42
18233371.63
45901514.8
42374260.13
23824195.09
21483423.26
76065545.96
23216229.01
74450019.13
39855394.96
39357113.32
40901657.05
45435628.0
77272239.17
44819071.65
45971537.88
21418929.51
77402589.52
13246120.59
76829862.76
24394792.47
40052309.16
46418839.15
41884010.44
19234787.31
76006525.09
39673356.87
41239387.53
45176295.45
48330723.33
77528763.99
46549096.27
44467709.16
44966539.56
46050212.74
41987013.71
43264468.4
23283826.52
41610324.55
21647169.2
20478038.27
45210794.75
46538452.83
23135986.12
44090624.22
75979436.6
43877449.18
22172547.89
76384116.04
43621249.64
25501661.78
44283528.85
46181170.76
41673731.42
23976152.24
44659749.8
75882578.62
46004483.0
45676783.62
46931522.83
76272924.62
40991112.78
44601154.11
76996286.7
40475592.01
76222900.74
78486505.19
47159542.37
13306122.26
45785840.08
39772196.05
42098260.67
23216486.68
77672252.69
74925903.9
44153134.76
41313296.26
42326567.09
40078743.13
76272924.62
23541489.92
41313296.26
74555906.62
75435382.61
78281807.98
75877738.56
42264739.34
21849675.18
78281807.98
23666811.03
46673582.32
76829862.76
45026950.03
41330009.21
74771129.8
23047400.61
40849969.9
39535729.02
41840668.82
78143606.43
20512396.75
47307705.85
74925903.9
43028333.21
43371587.96
40730397.96
44818898.57
42988797.91
47409560.27
41161679.15
44612010.9
41257212.84
76368796.65
44858053.51
47060107.17
76996286.7
45353950.03
75367632.21
24983663.51
74829412.22
46878546.74
45676783.62
43407738.53
76272924.62
77272239.17
20562634.09
46787426.76
40578859.77
41611844.55
75979436.6
74379834.81
20659101.95
22947279.46
22266643.1
39367226.48
44372197.31
41877722.67
41151464.84
47828767.97
22873114.05
43746742.54
44412430.19
43303430.89
43540572.98
40945846.16
22159323.39
39464997.76
44783980.11
23731540.21
22773929.48
41849986.37
44565783.13
44512955.35
41709510.46
46388488.36
76623298.45
22604995.17
43206537.14
40869079.41
43791498.3
42789752.75
45264616.68
45329148.51
21383349.39
46445150.39
40623194.42
76142970.56
40282904.0
76652396.39
74738372.27
78388654.64
43497563.61
40601258.93
25523284.98
23414746.22
75581733.05
76175595.57
76649167.4
43625827.36
45574055.29
22749658.42
45689255.6
22716210.49
23702903.4
78386550.47
46594452.54
40740621.55
40136960.38
23024432.89
46933313.08
45115075.81
76534661.22
75703486.43
75441857.2
43023841.15
40404899.23
75284993.39
43015707.9
45164881.6
78486505.19
74379834.81
76498694.04
41478958.56
75187691.93
41831909.78
46582151.91
44059637.88
25415579.33
74925903.9
22884306.19
24774880.92
26131315.17
41404598.19
44469825.62
43164532.95
43642868.24
75089663.64
45615327.77
41713276.9
46004483.0
45952157.46
76829862.76
13237864.87
24436756.46
21071649.11
76623298.45
46885903.43
42511823.0
24951849.58
77099798.98
26293065.4
26457741.56
45005430.22
23169068.29
43019404.19
75695606.15
22108369.96
23285246.52
24597513.92
43878986.63
23585084.72
78386550.47
40386400.88
46674517.44
40844829.34
44692553.78
45528520.16
39824716.87
76507099.35
44957675.43
40170405.61
24912656.21
22966434.17
75767392.61
22293031.98
43008102.16
40737962.75
45183182.11
45736112.5
39412904.78
41998964.56
46016335.11
20408933.03
26359753.44
40312545.06
40989911.61
45100496.51
47827915.64
13171420.42
40231395.38
21842875.63
43487067.79
40143091.69
40962924.09
13287611.74
74804226.87
76479464.39
24727061.7
45492485.28
22514295.71
22478320.09
24289297.61
40788491.71
78486505.19
44857405.34
24949109.4
42864452.5
24975899.62
41629765.5
42479796.79
47038427.03
44850406.91
42789752.75
46324053.3
13216280.82
44512787.06
44176776.33
45178775.76
23874062.64
22272028.94
43813766.46
13310003.76
77672252.69
20913734.72
26211010.58
21074407.52
76142970.56
21261639.09
41046808.69
42768836.12
74771129.8
20659101.95
40109438.17
44857405.34
76428726.39
39362740.67
44613206.09
47017204.59
45675742.31
40418995.37
45153820.6
45184445.96
43221520.64
44177478.83
21839750.19
47028855.01
41948274.02
46826967.94
76773662.38
45493153.19
77402589.52
45900780.64
23585264.91
44593083.98
40133924.15
76109080.09
39672043.03
22696756.65
22897899.16
45503942.11
44501117.52
20757000.67
75284993.39
42726057.59
78843569.13
19364162.37
76764341.93
26137392.38
42982638.36
77076530.48
44509697.79
22524616.2
44076291.37
43208057.33
45167372.85
45206667.1
41142234.93
76109080.09
44127762.57
44846002.02
23070101.11
74454798.46
38957386.68
23052898.71
45528309.08
40945846.16
42471827.6
77272239.17
45475877.24
77859285.84
77139088.88
44907330.47
25442285.62
45516023.71
46604998.42
42077177.98
45580680.97
40392400.13
43975958.14
25913877.03
46812033.19
43501752.14
76384116.04
44194648.11
44090624.22
77359442.93
21692438.43
77562932.1
42160920.69
23271395.05
43423218.86
44770560.67
47294518.82
40362313.4
39565246.81
75979566.41
43813766.46
45234245.7
25686404.14
76272924.62
76272924.62
42605572.56
13144792.15
77359442.93
42159338.09
45852593.5
45601680.38
24090114.25
26006498.9
23293929.36
24928279.31
42090365.42
74829412.22
76175595.57
42732001.69
78107042.94
75689961.51
13162200.44
22835288.71
46933313.08
45222989.09
40279871.57
74450019.13
46539348.7
41596909.66
41397100.02
75367632.21
22317151.04
76773662.38
42004956.3
39284512.6
76268646.3
13193610.85
76268646.3
24907440.8
75689961.51
76272924.62
43791498.3
42035166.3
77613943.67
76760902.66
74542442.23
22681011.49
25342709.42
23589147.81
76140728.73
44194648.11
22116859.77
40603548.02
44283528.85
76143557.83
76649167.4
24008150.55
43776184.16
13262387.77
26154396.66
76143557.83
42421193.07
45183182.11
76143557.83
41007536.71
22618011.3
44705764.95
43537683.48
78083305.47
42546409.52
45353785.58
43813766.46
21735196.11
40392400.13
39605387.22
74771129.8
44244623.79
18488740.4
44513798.56
78143606.43
77797694.5
23571765.61
26211010.58
74829412.22
45154745.55
23119847.61
47436532.43
76829862.76
21957688.25
74950892.36
78143606.43
76623298.45
41097616.61
40144591.08
23041894.96
75947673.23
46022966.18
45373006.4
44605010.53
43205506.44
47449900.1
44733321.8
22502927.9
21395068.8
45561945.02
75530491.33
42844928.18
76534661.22
75128357.86
75884938.62
76854430.29
46117009.38
13257034.26
44163917.71
21750259.16
75435382.61
45736112.5
43381388.81
22517899.24
41713276.9
41899091.81
21366890.42
43878417.12
40684321.76
25346269.97
45238325.75
76498694.04
46216450.53
44589152.89
44339265.45
46673595.34
75284993.39
43815829.84
22964771.8
76143557.83
40576330.52
24506276.23
44600865.6
44664669.54
25147094.65
23224773.92
45264187.74
74454798.46
76222900.74
46022279.05
39375770.63
45663764.6
41840668.82
21777445.04
74420028.74
22180475.95
41788472.55
45039639.58
41877722.67
43174736.35
41513861.96
78486505.19
26293065.4
39918031.46
24918891.72
45087600.52
45239091.53
45960963.39
43444273.32
44170803.41
77387389.99
43205506.44
23612623.46
75531527.85
75789400.17
45140919.93
25250565.32
40034188.58
40722905.04
19923544.14
43670404.26
40008021.7
19850280.72
46999396.7
76109080.09
45681185.16
77450778.99
44998593.36
43964647.81
44650822.64
44818898.57
45213217.21
22367982.85
45840123.91
75595734.28
46885903.43
75530491.33
41653687.45
45720925.36
44302722.78
74771129.8
75367632.21
77402589.52
42367479.79
22109978.87
41833929.48
39386664.12
39918031.46
43953689.75
41216018.55
44815531.84
39606532.52
75531527.85
46003512.02
43779663.05
13268895.07
44722070.18
76652396.39
44232434.54
76142970.56
75531527.85
46104654.28
19297432.22
74738372.27
74738372.27
42789752.75
42696731.32
76507099.35
40837566.76
22546490.31
41538423.12
45052970.18
47695932.29
13164989.85
41564845.06
75441857.2
40715109.47
41994772.71
19525321.4
21374604.39
76272924.62
40338611.97
42714316.59
45154745.55
40962924.09
13144792.15
43419469.82
45688230.1
41322579.15
23710491.51
75884938.62
22487570.67
40097001.11
45094798.37
76764341.93
47319590.83
42726057.59
19103516.27
44415948.79
76201089.76
42158921.48
45991056.02
74925903.9
75687489.6
75595734.28
22287901.16
75531527.85
45840123.91
39652223.11
76854430.29
22719354.58
41713276.9
44295779.1
40629907.31
45400186.11
75059709.26
45267675.02
46829867.54
25036968.58
19922820.95
75211777.52
20249813.97
41293177.13
45094798.37
76479464.39
39168443.96
44145251.44
46885903.43
46256520.87
75211777.52
44514036.77
18396894.41
41119476.05
23975317.73
76268646.3
47306720.13
21465219.07
44221188.33
24199001.8
44904764.41
42495530.61
40170641.4
27443729.97
77076530.48
21645036.28
75301676.68
43338867.59
77099798.98
46445150.39
40355995.57
40224059.53
23058667.49
77528763.99
25438999.98
42364144.11
47012403.33
44613206.09
74379834.81
77099798.98
75651650.42
46359644.0
43838642.82
40637854.72
75089663.64
45225632.03
24622003.1
40269757.71
41695132.77
42176081.59
25556210.57
78143606.43
39479331.62
44417733.46
76623298.45
75651650.42
45348199.3
23189760.04
74804226.87
44825328.51
75972273.13
45363299.29
43373082.1
44165361.7
76065545.96
46922116.62
42323628.25
44604088.87
45235222.05
19516114.58
42146395.27
23974851.42
75947673.23
76006525.09
44966702.43
22581556.07
75947673.23
42783809.83
40143091.69
46885903.43
40815930.76
43776184.16
25015985.37
26713587.2
79898117.69
42915757.72
40388694.98
23541489.92
76534661.22
45851090.15
43631297.41
41737897.9
45737335.41
44074522.59
41360194.23
48458812.51
19047426.09
13234289.89
46148481.67
25267832.89
75979436.6
43035104.49
21802433.2
43630533.93
23170487.88
75531527.85
40464807.93
46004294.9
75187691.93
44464076.01
43028333.21
25432287.95
40581706.26
77450778.99
22927326.47
40245025.83
45212627.04
75703486.43
77402589.52
45312280.94
46643419.26
41596909.66
23056025.64
45264187.74
76479464.39
75531527.85
77565330.43
23943207.4
21103926.41
76764341.93
42226612.51
44959122.01
74771129.8
46243413.06
47413464.19
43100796.29
39397039.05
21236814.82
46504467.78
43668591.35
77450778.99
76384116.04
45140919.93
75703486.43
45435628.0
39835787.4
45929865.86
41847231.99
45901514.8
44170803.41
45551997.34
39869643.13
23532371.94
44990368.24
21404746.45
39568595.5
42714316.59
41189436.17
41108353.03
46542909.67
39374982.86
75089663.64
26131315.17
77450778.99
23614185.22
22596497.02
44127762.57
42162104.5
42323628.25
40805661.3
75689961.51
79898117.69
76140728.73
24987168.4
74420028.74
75793938.39
44733321.8
41305982.15
21310445.45
24407647.76
76479464.39
46290781.97
22368843.69
45493341.29
44243435.15
40945846.16
42486163.26
42482806.32
45341896.75
43408093.93
46437145.09
42301636.46
21840295.56
25250565.32
47072470.59
39404820.98
22751543.11
46638898.84
45075330.44
23620758.65
18560704.65
77387389.99
76142970.56
24244524.45
77562932.1
76649167.4
43352501.19
20424891.19
76272924.62
22761184.85
77099798.98
39854421.99
20612334.98
22975054.6
41126841.15
77613943.67
74829412.22
45565827.58
75703486.43
44177478.83
20310340.18
25317700.14
23869885.05
46684952.42
25267832.89
77528763.99
46537893.78
47140562.61
78143606.43
23950872.83
24059061.18
42420993.68
76534661.22
76368796.65
76272924.62
74420028.74
40873011.99
45513435.89
77859285.84
21955583.99
23632910.89
22760410.51
23579650.2
23495156.08
41949561.64
74450019.13
24506276.23
23318962.09
43328767.94
47422315.04
43095324.58
76479464.39
45391626.28
24646261.01
77623816.69
75187691.93
23922689.95
74944144.42
76829862.76
22170923.22
77402589.52
44908389.06
75059709.26
25230613.31
23721973.87
44286635.68
40143091.69
21096685.67
75581733.05
44813436.02
46763248.28
79898117.69
21826431.24
43019402.26
24064604.79
45264616.68
45125055.92
25579862.48
21750259.16
40515938.86
21849675.18
76623298.45
40679924.24
23285289.4
44890888.77
40547959.24
24753927.92
43281300.01
40714354.99
77076530.48
45614422.71
45875020.02
40060950.0
75687489.6
21529886.62
41405487.31
41905200.95
44176776.33
23468482.06
77859285.84
75789400.17
41142234.93
46252866.5
44992809.36
24306923.03
43222517.24
20595952.19
77613943.67
13210425.27
24797838.7
44794991.24
74944144.42
45137050.04
77402589.52
21708032.8
76507099.35
40060149.26
42526141.04
45075670.55
78107042.94
45702871.8
44510596.66
23901204.72
21250749.46
24774880.92
44286613.61
46326700.65
75689961.51
22749658.42
75059709.26
44350404.05
76623298.45
21998775.94
75689961.51
76065545.96
41007536.71
45615327.77
23941798.79
41680392.79
22363441.95
42378167.57
40265768.07
47140808.41
76143557.83
43803883.5
40723045.35
75839518.82
23360610.42
42521148.67
46826057.6
39156613.38
22719354.58
22939989.13
44770560.67
75703486.43
20481431.36
41659901.67
42471827.6
74420028.74
25183721.67
26444475.81
39565246.81
79898117.69
21822639.23
76109080.09
75367632.21
43303430.89
19553168.67
39932837.43
75789400.17
40540549.28
77565330.43
76534661.22
20709219.86
77797694.5
44194648.11
44664669.54
23468482.06
39918031.46
44904764.41
22403058.44
45688230.1
75884938.62
27009428.61
40715109.47
13251577.85
77359442.93
44090624.22
43953689.75
41110132.8
78107042.94
24351612.28
40926856.06
40846792.99
47017204.59
76773662.38
42018663.4
44965998.61
40259098.74
75877738.56
76739606.12
23673718.93
75530491.33
40986652.18
21957688.25
25231707.14
45973886.87
45851090.15
23526507.27
47509279.98
42092169.72
22835288.71
45889685.89
76479464.39
24088484.04
21381440.06
43165018.8
45551997.34
22172399.49
75703486.43
40212639.01
76760902.66
46671281.81
24918891.72
77415446.61
45951189.9
77623816.69
43328767.94
40338611.97
44127762.57
40879288.27
47103966.69
24646998.29
75531527.85
78486505.19
23493787.52
42188999.52
44203735.08
74454798.46
22317151.04
42982638.36
43164532.95
25395592.55
40396661.04
23542873.63
40945846.16
23589138.93
42320797.56
75839518.82
40547854.99
41867427.79
46692233.75
44964784.54
76109080.09
22464097.77
42342946.03
46674517.44
40786648.49
44501364.48
24465025.9
45140919.93
45901514.8
41110132.8
75793938.39
42212834.26
41247649.48
23893561.37
19370223.77
25234413.58
19240606.01
42636393.76
42734981.71
75211777.52
76739606.12
39857808.03
25793542.33
26949101.92
43676491.57
76623298.45
74829412.22
43752241.22
40491172.9
44176776.33
42903512.04
44700186.24
25060627.98
46388488.36
43676491.57
23864938.63
76996286.7
43408093.93
42461980.38
43985475.62
46064819.94
26211010.58
44091031.07
75767392.61
77562932.1
25475195.33
45654220.85
19317861.73
74829412.22
39582969.43
45141582.54
42510115.6
21802433.2
45206667.1
19800638.67
41831909.78
23843582.98
46010114.02
45973886.87
44851751.62
41585559.51
23142001.1
40245025.83
22636333.09
44364728.53
41179041.42
42295023.48
78486505.19
13199248.52
22282315.37
45164881.6
26183782.82
43296829.17
42160920.69
43979258.43
25925972.28
46811812.77
47436532.43
44011865.12
23820922.5
13252679.61
75689961.51
47448763.05
75435382.61
44408681.95
46678947.76
42073959.33
19196823.59
21842654.14
25138417.08
41884761.5
44177478.83
43174736.35
40064717.62
22215659.94
42967135.85
41054172.68
40408443.74
77613943.67
40304011.63
41717395.44
76623298.45
44243435.15
24106983.71
39978532.89
76140728.73
75687489.6
26728888.89
75187691.93
46141252.68
38952649.86
23768476.44
45847330.53
78486505.19
46673310.29
23285289.4
76109080.09
44283528.85
75530491.33
40991112.78
41659137.39
41175708.92
13311590.02
40858821.62
75187691.93
45347964.56
78102823.79
45475877.24
44670844.53
44286613.61
78107042.94
46004792.83
21421400.85
75979566.41
44349108.9
76829862.76
76175595.57
78386550.47
43104517.78
75367632.21
40118862.44
45124215.54
21466863.67
75435382.61
24430815.14
23380729.3
23097611.98
23710491.51
44712122.57
25094166.85
41899091.81
41017802.35
40060149.26
42408090.22
44568066.7
22410106.76
23319442.17
76652396.39
42513157.72
43487067.79
22760410.51
74950892.36
41108353.03
13194742.71
39857808.03
46824356.45
41942281.75
43979045.4
45366239.58
44857405.34
24484937.83
23526507.27
42636393.76
42988797.91
13348901.22
42047826.26
44851751.62
77402589.52
75441857.2
42485876.79
22378655.82
76268646.3
76739606.12
41661365.84
25917738.43
43159941.75
42226612.51
22672434.82
46878546.74
76623298.45
43934278.29
41498161.08
26491549.44
23961723.75
43308939.45
75979566.41
20336452.3
21602135.55
43444273.32
76739606.12
21976935.27
75059709.26
42488915.92
20751753.21
39854421.99
18960749.5
40314148.83
45819121.17
42783319.56
44302474.66
40679924.24
75979566.41
44328713.81
39839450.24
23332993.32
25861791.93
46036958.24
23048992.03
25041572.42
44145251.44
44639031.56
21805968.33
42596445.03
77859285.84
77528763.99
19902103.94
76507099.35
22410057.81
46688680.84
45428135.15
46504467.78
20320916.42
45692382.65
44412430.19
43572595.71
45868817.31
78083305.47
44482633.88
19718063.22
76829862.76
45140919.93
75284993.39
41107965.79
20461794.52
47276283.9
21186439.75
76507099.35
75367632.21
24852774.14
45353785.58
42364144.11
41461736.76
46086832.36
24907440.8
22501937.17
76428726.39
45939555.81
42670852.46
40196735.86
44464076.01
75581733.05
43095324.58
22433314.55
42193401.18
40137428.96
21914026.18
24878674.29
77272239.17
41814654.12
45820115.26
43274294.4
23880629.38
43100796.29
45946909.66
43949847.88
24332013.76
20448527.43
45428135.15
22670518.15
77272239.17
24485492.81
46035641.1
76175595.57
21310445.45
44818898.57
46149172.32
45799707.04
40072364.78
22290537.77
26200637.65
41505683.24
45177255.96
42927345.93
42511823.0
40945846.16
45094798.37
76764341.93
22531349.04
76649167.4
74450019.13
45167372.85
41097616.61
39791141.01
42596445.03
26830493.26
25119098.45
76764341.93
74555906.62
40745086.43
43095324.58
42076878.47
23860932.5
45565827.58
18856947.14
42138630.64
13313585.93
45428135.15
78107042.94
40570911.59
42591162.27
42778589.54
76065545.96
39944350.3
40562662.34
22287481.81
42150775.44
77387389.99
75301676.68
23385086.34
24640575.83
40374848.88
77613943.67
22947279.46
41046808.69
75793938.39
40418995.37
43568650.25
47015912.59
76384116.04
45607915.7
76739606.12
39367226.48
24975899.62
44857405.34
74542442.23
42226612.51
23699418.99
75089663.64
23295782.52
39302366.59
75884938.62
76006525.09
22118476.13
43791498.3
21256631.89
77359442.93
44359470.62
40970152.72
24537296.04
22250164.87
75947673.23
25182016.08
44074522.59
78388654.64
42150775.44
40991112.78
78486505.19
75059709.26
13285533.89
76175595.57
40419063.78
44449255.13
45479944.81
39149248.98
44815531.84
43047066.39
25292348.47
45341896.75
24153603.83
41060289.39
44449255.13
41895969.59
42022813.74
45628481.19
76773662.38
47000294.52
41596909.66
40889313.03
43568650.25
23054863.1
75687489.6
45505818.54
40547959.24
40938087.4
41525790.49
45513239.71
75979566.41
45839920.8
41899091.81
43994770.64
25395592.55
45580680.97
46581906.1
22950485.54
41880878.96
44718694.68
77359442.93
75435382.61
43404404.94
41879766.21
42226612.51
75789400.17
41997039.14
23471520.82
20637401.11
77859285.84
24005334.28
23819178.44
77450778.99
20129528.3
46808272.09
40369098.75
43163709.41
43425520.73
24153603.83
44244752.3
41108353.03
45322167.94
23195183.79
21440288.36
22152250.54
44650822.64
19873728.8
45919553.87
39932602.13
76268646.3
78107042.94
43316253.55
43752241.22
25913877.03
45328973.1
75089663.64
42858865.55
19529443.86
40869746.42
43116163.48
22897899.16
47184592.45
45528309.08
76175595.57
40879288.27
38954557.91
40199595.31
43540572.98
41948274.02
74944144.42
40449397.82
44908389.06
45131577.91
45435628.0
47324373.46
40991112.78
75767392.61
75651650.42
22136227.82
43953689.75
41747013.02
74829412.22
45692382.65
22002710.12
77859285.84
22879394.55
45161424.12
23338898.91
76996286.7
25622650.91
39708782.25
44145251.44
46290781.97
22384756.73
22941795.0
24620089.92
22272028.94
41997039.14
22239565.41
44846814.48
44935507.24
45662809.9
45255278.78
42275651.47
42092169.72
21389338.58
42401636.01
44062620.33
40816532.23
40581706.26
76201089.76
45067275.78
23087890.94
24245438.53
40214103.84
22241181.71
39873849.49
76006525.09
42638117.7
77623816.69
74379834.81
41154067.29
22672434.82
43752241.22
45662576.79
45680169.79
42214086.88
75089663.64
76507099.35
42370502.21
21802433.2
78386550.47
44338477.04
44710691.65
77562932.1
47017486.17
78102823.79
21513955.94
75059709.26
26857857.55
76479464.39
75979566.41
42789752.75
45737079.22
43047066.39
75435382.61
79898117.69
40418722.13
39382873.23
44050691.85
41159086.2
46049192.34
45490518.77
75789400.17
23170487.88
45169590.05
75301676.68
75703486.43
46030344.17
42484157.99
75211777.52
41591249.33
26078934.24
41137188.55
43206537.14
41400089.37
44840053.38
26949101.92
76175595.57
23416455.2
43906159.39
75301676.68
76065545.96
45862414.5
46674517.44
25335190.56
21503821.36
45206667.1
24797838.7
25555554.28
21696219.0
20075536.06
44381381.81
78486505.19
20650026.54
44469070.09
47061094.81
78386550.47
75789400.17
24699395.64
76134546.65
21800618.09
76140728.73
41676236.78
40999221.97
46807359.8
75695606.15
44467709.16
21974096.38
21387756.6
40375650.52
41634908.6
44815531.84
39568595.5
74420028.74
41191667.45
41108353.03
45939058.11
43314870.79
40907499.21
47304982.67
26949101.92
79898117.69
74379834.81
44090756.41
76534661.22
47011313.68
44394112.16
25565925.6
45887962.47
41607476.84
41216018.55
41951954.14
40920652.73
40431193.08
76649167.4
45601680.38
41446029.18
47079818.4
43303430.89
44643385.66
23220206.64
25428558.14
47319590.83
23564650.05
40304011.63
