18208979.12
18256235.25
18259352.99
24199217.75
18372968.07
29924196.51
27535655.97
67273465.47
18208979.12
30837000.28
28440871.01
68768435.62
35039852.77
78623646.91
74302005.73
143254348.71
19344976.23
19382596.39
19388983.79
25284185.17
19508867.98
31018463.01
28639306.88
67957320.18
19344976.23
31933311.22
29553464.58
69487964.91
36122016.48
79329337.94
75039502.43
143254348.71
18208979.12
18256235.25
18259352.99
24199217.75
18372968.07
29924196.51
27535655.97
67273465.47
18208979.12
30837000.28
28440871.01
68768435.62
35039852.77
78623646.91
74302005.73
143254348.71
19344976.23
19382596.39
19388983.79
25284185.17
19508867.98
31018463.01
28639306.88
67957320.18
19344976.23
31933311.22
29553464.58
69487964.91
36122016.48
79329337.94
75039502.43
143254348.71
18714052.23
18762519.14
18765363.99
24656214.45
18878435.99
30328558.57
27961681.08
67352275.3
18714052.23
31217938.32
28853677.78
68836357.01
35359974.63
78623646.91
74334770.74
143254348.71
32390912.08
32392504.42
32411193.65
32596567.66
32537895.6
32643470.93
32648305.99
68298555.67
32390912.08
32392504.42
32411193.65
69813036.72
36550476.57
79590140.05
75325921.15
143254348.71
18714052.23
18762519.14
18765363.99
24656214.45
18878435.99
30328558.57
27961681.08
67352275.3
18714052.23
31217938.32
28853677.78
68836357.01
35359974.63
78623646.91
74334770.74
143254348.71
32390912.08
32392504.42
32411193.65
32596567.66
32537895.6
32643470.93
32648305.99
68298555.67
32390912.08
32392504.42
32411193.65
69813036.72
36550476.57
79590140.05
75325921.15
143254348.71
18297639.41
18344788.51
18346009.52
24242557.5
18459638.46
29924196.51
27549421.13
67273465.47
18297639.41
30837000.28
28449671.02
68768435.62
35039852.77
78623646.91
74302005.73
143254348.71
25167084.78
25183603.28
25195558.72
25407409.63
25319682.42
31102319.45
28739270.97
67957320.18
25167084.78
32006289.68
29644920.74
69487964.91
36174817.87
79329337.94
75039502.43
143254348.71
18297639.41
18344788.51
18346009.52
24242557.5
18459638.46
29924196.51
27549421.13
67273465.47
18297639.41
30837000.28
28449671.02
68768435.62
35039852.77
78623646.91
74302005.73
143254348.71
25167084.78
25183603.28
25195558.72
25407409.63
25319682.42
31102319.45
28739270.97
67957320.18
25167084.78
32006289.68
29644920.74
69487964.91
36174817.87
79329337.94
75039502.43
143254348.71
31423939.49
31425737.43
31442428.77
31660550.84
31561731.79
31685830.08
31687177.4
67396718.87
31423939.49
31425737.43
31442428.77
68870231.85
35566705.87
78623646.91
74344742.0
143254348.71
70080511.63
70081775.46
70083947.24
70106687.22
70154179.91
70160385.69
70177057.14
70387645.01
70080511.63
70081775.46
70083947.24
70106687.22
70162379.74
79848031.19
75607296.88
143254348.71
31423939.49
31425737.43
31442428.77
31660550.84
31561731.79
31685830.08
31687177.4
67396718.87
31423939.49
31425737.43
31442428.77
68870231.85
35566705.87
78623646.91
74344742.0
143254348.71
70080511.63
70081775.46
70083947.24
70106687.22
70154179.91
70160385.69
70177057.14
70387645.01
70080511.63
70081775.46
70083947.24
70106687.22
70162379.74
79848031.19
75607296.88
143254348.71
18208979.12
18256235.25
18259352.99
24199217.75
18372968.07
29924196.51
27535655.97
67273465.47
18208979.12
30837000.28
28440871.01
68768435.62
35039852.77
78623646.91
74302005.73
143254348.71
30762725.75
30766574.48
30783950.87
30970857.08
30911506.98
31018463.01
31023715.76
67957320.18
30762725.75
31933311.22
30783950.87
69487964.91
36122016.48
79329337.94
75039502.43
143254348.71
18208979.12
18256235.25
18259352.99
24199217.75
18372968.07
29924196.51
27535655.97
67273465.47
18208979.12
30837000.28
28440871.01
68768435.62
35039852.77
78623646.91
74302005.73
143254348.71
30762725.75
30766574.48
30783950.87
30970857.08
30911506.98
31018463.01
31023715.76
67957320.18
30762725.75
31933311.22
30783950.87
69487964.91
36122016.48
79329337.94
75039502.43
143254348.71
38282949.99
38284747.06
38296610.53
38481536.8
38403701.37
38510762.45
38511724.13
67352275.3
38282949.99
38284747.06
38296610.53
68836357.01
38413299.19
78623646.91
74334770.74
143254348.71
79529651.5
79530596.83
79532465.72
79549747.96
79585833.73
79587093.93
79605928.38
79778493.66
79529651.5
79530596.83
79532465.72
79549747.96
79588879.85
79590140.05
79610356.3
143254348.71
38282949.99
38284747.06
38296610.53
38481536.8
38403701.37
38510762.45
38511724.13
67352275.3
38282949.99
38284747.06
38296610.53
68836357.01
38413299.19
78623646.91
74334770.74
143254348.71
79529651.5
79530596.83
79532465.72
79549747.96
79585833.73
79587093.93
79605928.38
79778493.66
79529651.5
79530596.83
79532465.72
79549747.96
79588879.85
79590140.05
79610356.3
143254348.71
29655425.9
29660076.6
29674435.42
29898952.91
29796161.91
29924196.51
29925270.62
67273465.47
29655425.9
30837000.28
29674435.42
68768435.62
35039852.77
78623646.91
74302005.73
143254348.71
67644719.09
67645967.82
67648099.98
67675485.59
67722826.94
67732653.82
67746574.25
67957320.18
67644719.09
67645967.82
67648099.98
69487964.91
67731853.82
79329337.94
75039502.43
143254348.71
29655425.9
29660076.6
29674435.42
29898952.91
29796161.91
29924196.51
29925270.62
67273465.47
29655425.9
30837000.28
29674435.42
68768435.62
35039852.77
78623646.91
74302005.73
143254348.71
67644719.09
67645967.82
67648099.98
67675485.59
67722826.94
67732653.82
67746574.25
67957320.18
67644719.09
67645967.82
67648099.98
69487964.91
67731853.82
79329337.94
75039502.43
143254348.71
78592680.33
78594143.47
78596822.28
78622700.8
78622037.57
78623500.71
78639764.91
78891878.06
78592680.33
78594143.47
78596822.28
78622700.8
78622183.77
78623646.91
78640468.88
143254348.71
143254348.73
143254348.73
143254348.71
143254348.71
143254348.71
143254348.71
143254348.71
143254348.71
143254348.73
143254348.73
143254348.71
143254348.71
143254348.71
143254348.71
143254348.71
143254348.71
78592680.33
78594143.47
78596822.28
78622700.8
78622037.57
78623500.71
78639764.91
78891878.06
78592680.33
78594143.47
78596822.28
78622700.8
78622183.77
78623646.91
78640468.88
143254348.71
143254348.73
143254348.73
143254348.71
143254348.71
143254348.71
143254348.71
143254348.71
143254348.71
143254348.73
143254348.73
143254348.71
143254348.71
143254348.71
143254348.71
143254348.71
143254348.71
18208979.12
18256235.25
18259352.99
24199217.75
18372968.07
29924196.51
27535655.97
67273465.47
18208979.12
30837000.28
28440871.01
68768435.62
35039852.77
78623646.91
74302005.73
143254348.71
19344976.23
19382596.39
19388983.79
25284185.17
19508867.98
31018463.01
28639306.88
67957320.18
19344976.23
31933311.22
29553464.58
69487964.91
36122016.48
79329337.94
75039502.43
143254348.71
18208979.12
18256235.25
18259352.99
24199217.75
18372968.07
29924196.51
27535655.97
67273465.47
18208979.12
30837000.28
28440871.01
68768435.62
35039852.77
78623646.91
74302005.73
143254348.71
19344976.23
19382596.39
19388983.79
25284185.17
19508867.98
31018463.01
28639306.88
67957320.18
19344976.23
31933311.22
29553464.58
69487964.91
36122016.48
79329337.94
75039502.43
143254348.71
18714052.23
18762519.14
18765363.99
24656214.45
18878435.99
30328558.57
27961681.08
67352275.3
18714052.23
31217938.32
28853677.78
68836357.01
35359974.63
78623646.91
74334770.74
143254348.71
32390912.08
32392504.42
32411193.65
32596567.66
32537895.6
32643470.93
32648305.99
68298555.67
32390912.08
32392504.42
32411193.65
69813036.72
36550476.57
79590140.05
75325921.15
143254348.71
18714052.23
18762519.14
18765363.99
24656214.45
18878435.99
30328558.57
27961681.08
67352275.3
18714052.23
31217938.32
28853677.78
68836357.01
35359974.63
78623646.91
74334770.74
143254348.71
32390912.08
32392504.42
32411193.65
32596567.66
32537895.6
32643470.93
32648305.99
68298555.67
32390912.08
32392504.42
32411193.65
69813036.72
36550476.57
79590140.05
75325921.15
143254348.71
18297639.41
18344788.51
18346009.52
24242557.5
18459638.46
29924196.51
27549421.13
67273465.47
18297639.41
30837000.28
28449671.02
68768435.62
35039852.77
78623646.91
74302005.73
143254348.71
25167084.78
25183603.28
25195558.72
25407409.63
25319682.42
31102319.45
28739270.97
67957320.18
25167084.78
32006289.68
29644920.74
69487964.91
36174817.87
79329337.94
75039502.43
143254348.71
18297639.41
18344788.51
18346009.52
24242557.5
18459638.46
29924196.51
27549421.13
67273465.47
18297639.41
30837000.28
28449671.02
68768435.62
35039852.77
78623646.91
74302005.73
143254348.71
25167084.78
25183603.28
25195558.72
25407409.63
25319682.42
31102319.45
28739270.97
67957320.18
25167084.78
32006289.68
29644920.74
69487964.91
36174817.87
79329337.94
75039502.43
143254348.71
31423939.49
31425737.43
31442428.77
31660550.84
31561731.79
31685830.08
31687177.4
67396718.87
31423939.49
31425737.43
31442428.77
68870231.85
35566705.87
78623646.91
74344742.0
143254348.71
70080511.63
70081775.46
70083947.24
70106687.22
70154179.91
70160385.69
70177057.14
70387645.01
70080511.63
70081775.46
70083947.24
70106687.22
70162379.74
79848031.19
75607296.88
143254348.71
31423939.49
31425737.43
31442428.77
31660550.84
31561731.79
31685830.08
31687177.4
67396718.87
31423939.49
31425737.43
31442428.77
68870231.85
35566705.87
78623646.91
74344742.0
143254348.71
70080511.63
70081775.46
70083947.24
70106687.22
70154179.91
70160385.69
70177057.14
70387645.01
70080511.63
70081775.46
70083947.24
70106687.22
70162379.74
79848031.19
75607296.88
143254348.71
18208979.12
18256235.25
18259352.99
24199217.75
18372968.07
29924196.51
27535655.97
67273465.47
18208979.12
30837000.28
28440871.01
68768435.62
35039852.77
78623646.91
74302005.73
143254348.71
30762725.75
30766574.48
30783950.87
30970857.08
30911506.98
31018463.01
31023715.76
67957320.18
30762725.75
31933311.22
30783950.87
69487964.91
36122016.48
79329337.94
75039502.43
143254348.71
18208979.12
18256235.25
18259352.99
24199217.75
18372968.07
29924196.51
27535655.97
67273465.47
18208979.12
30837000.28
28440871.01
68768435.62
35039852.77
78623646.91
74302005.73
143254348.71
30762725.75
30766574.48
30783950.87
30970857.08
30911506.98
31018463.01
31023715.76
67957320.18
30762725.75
31933311.22
30783950.87
69487964.91
36122016.48
79329337.94
75039502.43
143254348.71
38282949.99
38284747.06
38296610.53
38481536.8
38403701.37
38510762.45
38511724.13
67352275.3
38282949.99
38284747.06
38296610.53
68836357.01
38413299.19
78623646.91
74334770.74
143254348.71
79529651.5
79530596.83
79532465.72
79549747.96
79585833.73
79587093.93
79605928.38
79778493.66
79529651.5
79530596.83
79532465.72
79549747.96
79588879.85
79590140.05
79610356.3
143254348.71
38282949.99
38284747.06
38296610.53
38481536.8
38403701.37
38510762.45
38511724.13
67352275.3
38282949.99
38284747.06
38296610.53
68836357.01
38413299.19
78623646.91
74334770.74
143254348.71
79529651.5
79530596.83
79532465.72
79549747.96
79585833.73
79587093.93
79605928.38
79778493.66
79529651.5
79530596.83
79532465.72
79549747.96
79588879.85
79590140.05
79610356.3
143254348.71
29655425.9
29660076.6
29674435.42
29898952.91
29796161.91
29924196.51
29925270.62
67273465.47
29655425.9
30837000.28
29674435.42
68768435.62
35039852.77
78623646.91
74302005.73
143254348.71
67644719.09
67645967.82
67648099.98
67675485.59
67722826.94
67732653.82
67746574.25
67957320.18
67644719.09
67645967.82
67648099.98
69487964.91
67731853.82
79329337.94
75039502.43
143254348.71
29655425.9
29660076.6
29674435.42
29898952.91
29796161.91
29924196.51
29925270.62
67273465.47
29655425.9
30837000.28
29674435.42
68768435.62
35039852.77
78623646.91
74302005.73
143254348.71
67644719.09
67645967.82
67648099.98
67675485.59
67722826.94
67732653.82
67746574.25
67957320.18
67644719.09
67645967.82
67648099.98
69487964.91
67731853.82
79329337.94
75039502.43
143254348.71
78592680.33
78594143.47
78596822.28
78622700.8
78622037.57
78623500.71
78639764.91
78891878.06
78592680.33
78594143.47
78596822.28
78622700.8
78622183.77
78623646.91
78640468.88
143254348.71
143254348.73
143254348.73
143254348.71
143254348.71
143254348.71
143254348.71
143254348.71
143254348.71
143254348.73
143254348.73
143254348.71
143254348.71
143254348.71
143254348.71
143254348.71
143254348.71
78592680.33
78594143.47
78596822.28
78622700.8
78622037.57
78623500.71
78639764.91
78891878.06
78592680.33
78594143.47
78596822.28
78622700.8
78622183.77
78623646.91
78640468.88
143254348.71
143254348.73
143254348.73
143254348.71
143254348.71
143254348.71
143254348.71
143254348.71
143254348.71
143254348.73
143254348.73
143254348.71
143254348.71
143254348.71
143254348.71
143254348.71
143254348.71
