26202220.54
46050240.4
46241164.06
17050190.93
23799434.86
28116557.19
50804819.47
30088252.83
46393516.73
48962520.17
30327762.32
23906476.77
46592493.28
16966943.37
48962520.17
81768260.0
46350948.17
29916314.96
46244640.21
46243246.22
26054003.21
16966480.93
17488172.55
17434745.67
17043247.28
46371999.96
27983517.29
81292701.19
17505109.56
23991726.49
81768260.0
46494630.4
28106095.22
28401556.73
27927119.16
27646382.84
28367416.84
81704044.61
81886610.17
16958997.09
50552169.32
81768260.0
82088686.27
29848569.94
81775126.06
17057526.14
49082307.7
45449764.79
46139703.18
45697216.87
46138303.03
45568330.18
16961685.57
81775126.06
45762146.26
17512462.74
45629210.65
17415421.93
45847662.11
26292837.82
28312661.88
81803834.73
24048465.04
23834075.7
49663817.22
81783916.36
28181749.73
45705478.87
28277358.21
27902062.8
24356872.24
45608495.68
82088686.27
46156699.07
28045051.06
45767634.26
46630572.38
27878846.13
81835163.03
28044133.69
46519197.47
29689555.84
50753170.63
81835163.03
27994098.07
28196086.15
81789623.1
17492375.77
17497650.61
17110352.35
81557400.18
45702798.44
81593533.79
26456046.79
81598742.1
81557400.18
28115223.54
27567182.97
48844748.6
17518799.0
46245452.46
48943280.77
45924309.79
26604469.55
50607636.9
45698175.23
46139452.54
81768260.0
17049757.6
46341976.47
81916499.05
17042433.9
45676353.82
81292701.19
16950408.21
30024373.41
45841043.83
46255323.59
46256746.41
28153499.01
17497258.9
46263779.78
46360475.57
17489879.61
27284332.58
46212026.13
81789623.1
46500257.56
16960061.96
49083184.51
45841881.58
45759690.56
48781142.1
29876410.12
17101172.2
49510928.29
46512726.3
45882178.79
24475154.26
45507381.05
46520321.01
23758194.02
30186053.39
81600791.37
28045051.06
45432917.24
28377379.49
46275914.66
45501518.07
48506294.52
48771248.34
46361856.23
24805651.97
50478228.89
17049757.6
46140588.97
17426493.26
27773338.52
26078389.81
50495512.05
17552284.33
81804460.98
29959213.92
30039172.15
45804856.41
28301782.29
81768260.0
29988751.99
26968012.11
45678835.24
81600791.37
45185590.43
28190951.78
81843705.09
45450427.78
27687355.0
17113105.33
27368183.53
17428638.19
45674464.73
17109990.71
81990787.05
47105266.55
81593196.14
81664445.09
29828176.72
16966943.37
81804460.98
81803834.73
17042219.5
27776065.38
30304161.51
50785520.63
50667630.13
45506711.11
82088686.27
46254614.28
17048192.79
50505343.07
81987708.11
27912677.27
46472221.15
26180702.9
51012971.81
26356342.55
81835163.03
23928629.33
45635146.85
28106095.22
81916499.05
81789623.1
81854042.67
46130079.73
17055423.55
17494034.01
51195844.21
48781142.1
28320946.16
45727182.76
46244640.21
27910136.22
45686365.81
46370518.32
27940050.19
46519197.47
45797572.35
23893953.72
16962611.79
23832123.01
17513531.32
25872797.65
28527846.78
45523893.19
45456901.78
46297586.56
45758043.22
46091292.11
48749405.13
24356872.24
46467381.11
23732545.2
28320946.16
28321024.66
28083145.54
45654275.33
29876410.12
45891735.29
24479508.64
48844748.6
24030843.96
45434718.8
81865906.53
46018239.11
17045802.79
28292113.97
17053034.52
28431164.08
17507212.44
46263145.29
81916499.05
17115952.23
16966939.65
46615224.04
27516977.7
27795396.15
26397836.32
17503334.26
81600791.37
46572772.75
81292701.19
81886610.17
81292701.19
81990787.05
49520751.83
23958112.14
81804460.98
17581086.46
28387803.29
30024373.41
46418706.1
50490082.56
27829178.24
26657436.56
29689555.84
27843600.25
50596045.4
81292701.19
46592493.28
28107063.11
46617241.87
45921322.87
51238164.65
46462633.76
24023172.45
81835163.03
26078389.81
46394172.82
46477079.9
81789623.1
16971499.2
26552447.15
17050309.24
46434534.14
49601875.9
23755920.23
28019075.09
30178855.08
48753913.8
28211833.28
24022688.96
17501777.04
26549906.05
23899150.01
23983306.03
81598742.1
81704044.61
29792547.57
16966458.8
27284332.58
17046708.21
46494991.54
27719392.22
45631884.72
17422335.11
46470141.29
26758001.09
30127960.83
46293049.96
27795396.15
45703039.97
26956781.4
24023172.45
51090856.74
28121124.4
46709560.46
81854042.67
45613114.71
17436190.78
24037072.82
28095069.85
45643414.47
26664918.26
45437770.44
45507381.05
48749405.13
17510471.92
17432439.83
17043559.18
46636322.92
27883732.34
46410030.26
16963157.77
81854042.67
45667900.38
45864744.21
30088252.83
27902062.8
81593533.79
17476048.32
50495512.05
23812713.99
48506294.52
48951006.85
17103840.2
45508893.26
46399807.82
45437770.44
50591506.17
45655829.27
45784174.07
81593196.14
46244084.74
47183556.26
47241303.86
26054003.21
45612457.44
46158092.94
27834759.96
45509126.36
26729025.47
45863752.28
24487125.25
17058184.18
45562021.88
27864386.26
81598742.1
45875141.07
45611345.8
23729251.09
81598742.1
28091315.6
45551940.2
46487543.88
27645292.21
81598067.64
50699112.27
81600791.37
46456283.61
23629525.46
50505343.07
17506228.12
16969052.27
26967694.63
45729622.64
49279966.09
28093716.7
17508194.4
81768260.0
46635606.01
23654118.09
46477079.9
81854042.67
46394903.66
17052968.97
24216467.57
28159281.93
17052933.14
26074903.01
24665695.48
81804460.98
46625136.21
16966943.37
16960963.06
81886610.17
28105713.86
81704044.61
16966458.8
26390009.5
46077340.7
27502974.54
49063013.06
26573042.22
45751546.76
28247539.2
81886610.17
81664445.09
17102618.57
50675415.72
81593196.14
49070885.66
26856005.86
81843705.09
46529841.89
45817128.81
46703800.85
50473689.29
24300622.02
81789623.1
28235855.69
17432439.83
46400683.65
81803834.73
23904251.12
23755920.23
45765192.4
48946190.43
45703720.42
50656507.2
46146308.27
16966213.44
45680621.9
27926787.73
81843705.09
46511594.32
27340691.54
45653687.03
28177705.17
50816785.34
17428638.19
46275511.75
17414708.19
17504365.05
46282238.91
45861777.38
45759570.48
17427740.06
46163104.21
81557400.18
28187302.63
45580386.34
81711599.12
46230521.11
27678256.22
81854042.67
47106171.94
27860114.04
27468357.34
81803834.73
28098047.6
24070543.75
50748966.92
28416961.51
46307446.51
46502349.6
17506453.31
46399807.82
27376318.94
49049072.34
17105886.42
46084465.37
17053034.52
49024630.55
48828002.01
45608495.68
81598742.1
45622460.02
16971499.2
49049583.39
28134630.22
26081944.53
26151244.8
81664445.09
26407833.71
45882723.53
27749055.38
27911220.4
27759784.49
45759570.48
50654262.01
46012867.77
46315237.07
16970674.99
30112257.11
45698539.06
46061061.24
48869064.3
17419670.89
27465223.91
28287278.9
46091292.11
26557136.87
28109365.31
50674868.46
81865906.53
50607636.9
27902062.8
46251371.31
81292701.19
17414708.19
46392471.61
45525688.19
48900646.93
50699112.27
25655560.62
28170972.94
17053028.44
50552169.32
50793453.75
46202710.46
26078726.19
48950601.07
45875141.07
82088686.27
50569057.34
46241876.65
24246794.34
46471810.5
30184016.63
45504945.01
17055684.33
46647750.46
28108163.92
28190865.17
23639149.73
28252553.12
81600791.37
45864744.21
45857212.35
17043995.58
27537676.03
27644017.01
82088686.27
28135230.41
49404760.86
17120125.95
17055423.55
48947291.89
24057993.19
46630572.38
45514303.52
81557400.18
17567204.69
81990787.05
24143690.69
45676281.92
81783916.36
46246731.94
46500983.08
24019471.79
27992034.16
45624280.51
81711599.12
17043247.28
26381591.9
81593533.79
29885311.01
45764343.12
81987708.11
29948132.31
23688755.76
17571202.11
51452858.67
24426042.09
46219977.95
26363403.24
28501554.98
25981809.05
46079957.46
49160382.01
50654262.01
45712438.17
45693883.75
46177667.04
48933377.24
81843705.09
49081457.83
46370518.32
48974866.84
46353902.86
81598742.1
17504924.57
46399496.19
17054847.0
81704044.61
81804460.98
81775126.06
17047931.23
28104873.72
28105497.63
30294778.09
46315237.07
16958997.09
28286042.73
28206002.78
81593196.14
81664445.09
81789623.1
81600791.37
23825607.79
46305096.91
82088686.27
48929921.29
46175685.66
45693755.53
81768260.0
17558300.76
27982424.15
26609541.0
45759570.48
26266320.28
49086570.11
81711599.12
50613261.06
46423887.18
81593196.14
81916499.05
81292701.19
24022688.96
17572923.47
46982254.78
46083040.34
46151108.91
45643414.47
46064928.13
81783916.36
45979972.52
17400913.64
17511790.08
26183453.05
46261029.64
46474115.3
28117784.64
46091292.11
81775126.06
46336187.01
46618311.8
81775126.06
81711599.12
50473689.29
17062846.39
81557400.18
27684449.36
81804460.98
81598067.64
30186053.39
28080712.01
17105462.08
50866716.24
24155308.82
81783916.36
24695565.34
81775126.06
26803563.32
28235855.69
17415952.34
28340425.35
49144222.63
17536043.23
81593533.79
81783916.36
26604469.55
26701109.92
24256676.2
27927119.16
81768260.0
27679278.95
23839230.47
30326174.87
49168702.9
28220725.11
50657687.89
27678256.22
46297848.94
28247539.2
26528062.19
46392816.27
82088686.27
17435615.71
16960061.96
46874388.78
48950601.07
46288165.03
27041842.76
45432247.0
81789623.1
28172316.04
45551773.34
27827757.25
28118736.31
81664445.09
24329206.49
17495837.12
23968386.56
81711599.12
24135990.71
45462055.62
25981809.05
30109716.88
28107175.69
45697216.87
46935542.05
23743830.91
17581436.23
46630572.38
48985437.95
28289119.56
26147067.21
17039834.95
46328925.59
81990787.05
26966758.14
46340549.83
45516805.92
23831911.35
24605905.76
81593533.79
17040849.09
50675415.72
48885259.66
23846563.29
24021770.43
45629210.65
17429679.46
50913170.93
26490269.33
81843705.09
49094383.2
27963595.57
49086570.11
28289480.15
82088686.27
30017388.76
46370518.32
45955966.25
81598742.1
23821774.88
46264559.87
82088686.27
28019779.15
81990787.05
17062885.86
29932530.37
46572772.75
27915700.01
16971499.2
28121167.91
45459586.55
45547718.34
17048869.99
45906816.24
81600791.37
28357501.96
49160382.01
46338872.89
45857212.35
26144442.56
48826560.2
24286928.36
27982424.15
29867174.86
81789623.1
23886862.2
24321031.62
81664445.09
81292701.19
16974656.28
28104627.23
26295228.59
17090977.25
23917058.53
50230425.54
48865772.54
46092706.85
45760356.63
30326174.87
28318829.23
48929921.29
46240887.8
50805865.47
45697216.87
81916499.05
28160366.59
45505620.57
45613114.71
30077800.17
23841718.83
45882723.53
46263060.13
17556764.74
45656064.2
17570007.94
27451642.81
24131419.97
81803834.73
46339853.8
28190958.02
81768260.0
45609173.29
49028889.94
28108163.92
16958549.45
50657687.89
81854042.67
28042994.87
81804460.98
24161594.77
26075984.07
50550877.3
27683389.1
46981308.04
27550923.45
28191644.01
46519197.47
81292701.19
46201453.58
27340691.54
28069843.84
28404167.31
16959323.91
47129808.23
28392801.89
46394903.66
81987708.11
16969052.27
81835163.03
26075984.07
46733569.62
17050190.93
51292400.14
81768260.0
27831261.3
26528062.19
30374431.42
28174056.57
23947601.07
17511976.93
28354601.24
81803834.73
81711599.12
81768260.0
49527750.53
46288165.03
45546694.52
48890840.12
28180341.65
81593533.79
81775126.06
23711415.29
23845594.46
27461311.88
46158105.86
46299678.78
25872797.65
23911378.17
45702798.44
81865906.53
28515155.51
23740841.95
81865906.53
27962520.63
28105962.61
46438954.31
81843705.09
26657436.56
81768260.0
81835163.03
27742721.92
81593196.14
23952137.99
28210126.91
81775126.06
27763533.13
26657834.27
17419670.89
28163665.21
50668665.04
81865906.53
50667630.13
23671293.64
46297848.94
45869627.11
16950408.21
26124247.8
27223776.56
26773473.89
46061061.24
46359775.98
27650786.54
27743581.13
81843705.09
25933981.83
46529841.89
25933981.83
45838614.24
46476101.39
28029607.76
17105462.08
16970830.21
45432917.24
46555135.88
45707219.62
81843705.09
46558718.73
17052493.59
17120002.56
29945801.24
26484405.05
16969052.27
17570593.32
25989868.79
16959323.91
45960295.68
46012867.77
50590138.8
45656064.2
24510273.81
28186088.37
28399911.78
45460248.23
17522051.36
81987708.11
45680621.9
81843705.09
45810166.27
30046001.91
27699569.25
49148516.22
50623004.51
17052949.1
23646634.15
81804460.98
28083145.54
81783916.36
45811923.12
17053198.71
29776028.45
81292701.19
46733024.7
45776319.66
28292350.81
81987708.11
26503997.5
17055755.34
30006819.57
30111164.78
24519826.13
50923980.83
48828002.01
45869627.11
23671363.19
81768260.0
28236937.38
24161594.77
46379361.92
48771248.34
49053159.22
45931602.2
46335591.49
48932207.12
50478228.89
25911888.27
24030843.96
27936363.14
23826387.78
49086570.11
27759784.49
17113028.37
48873572.61
27594546.91
28381080.59
17554224.88
45506615.85
49348493.2
24246675.9
45563947.69
24418463.29
81804460.98
81783916.36
28019075.09
23911467.79
24055531.54
51288141.32
28311166.97
17473387.1
81593196.14
30113552.53
17114747.7
45468900.38
26538995.37
16966432.31
50669614.34
45942511.79
45960295.68
81598742.1
81835163.03
45712438.17
45587775.94
46456273.57
27773338.52
28000689.54
81789623.1
46771610.31
49201413.44
81854042.67
49188681.63
81803834.73
81768260.0
81804460.98
81600791.37
27815992.4
17497099.26
50656507.2
24057993.19
24417765.98
50753170.63
81704044.61
16960963.06
46317975.81
17115397.41
81593196.14
23839297.8
17052933.14
26750534.17
81886610.17
26081944.53
29959213.92
27911220.4
45629878.22
46062469.31
27940574.07
26682201.73
17104050.53
27900986.97
28305257.39
50591506.17
48753913.8
46457953.87
27622327.67
27569874.1
46348384.83
29907792.85
26825838.54
17100897.85
46359775.98
17506207.33
45906816.24
23761214.19
46506512.86
46262441.92
81789623.1
26185123.23
81598067.64
46315237.07
17494520.1
45816853.37
26969880.43
45187391.97
26682201.73
26486463.42
46617241.87
46018239.11
30039172.15
27594546.91
27634905.41
16974656.28
30241945.88
51345625.67
46147380.25
23740841.95
23729251.09
46625136.21
49443135.93
46487543.88
46324949.43
46026981.47
81600791.37
23998959.5
28162014.86
46908683.58
45484889.83
17058812.27
46494630.4
28006336.29
81843705.09
24604657.21
17508924.76
50505343.07
51031241.02
45460248.23
81557400.18
46293619.28
28183982.76
46501490.5
30075319.87
50656507.2
51226362.71
29945801.24
45544255.44
17551761.78
28319825.56
45452097.32
16966939.65
27963595.57
27951406.13
16963157.77
27408685.93
46297848.94
81775126.06
26291713.4
17521713.53
81600791.37
81598067.64
81854042.67
45904123.46
81990787.05
46615224.04
29767691.47
46077340.7
24232043.32
46155998.06
23823710.2
81987708.11
46574819.18
46078707.11
28407245.97
46293049.96
24223835.44
27926039.58
26289337.57
47117549.8
81292701.19
23753888.71
45697216.87
46325652.04
45731826.22
26372197.76
49528713.79
45569437.34
26280740.33
48962520.17
26625463.37
27440442.08
46337664.33
45665614.65
81843705.09
29916314.96
28001779.48
46414378.63
50230425.54
28434079.2
24417112.83
81775126.06
28160912.68
81783916.36
50495512.05
28211833.28
46120818.33
81598742.1
23841067.3
46410042.42
17052493.59
28209041.25
45817128.81
27939726.36
29969020.73
28154510.49
81775126.06
50596045.4
45428361.32
45861777.38
81865906.53
81711599.12
81854042.67
46179011.38
16963340.39
28302315.72
82088686.27
45653599.45
17491658.65
45479263.36
28107175.69
23801716.43
49188681.63
28183982.76
46100830.23
23758837.44
48873572.61
49049072.34
81865906.53
46371312.47
45680621.9
45546694.52
81593533.79
23694107.63
81664445.09
51031241.02
27752163.09
50870954.38
45765857.6
45477460.56
16958549.45
45474293.84
46263145.29
45979972.52
81704044.61
49659288.4
48765861.21
30305848.83
30523086.48
45509126.36
81711599.12
45784451.64
47314518.04
27071885.12
81990787.05
46324949.43
81711599.12
81598067.64
81664445.09
46999608.49
17434745.67
46618311.8
46324949.43
50805865.47
46458693.18
81789623.1
24660742.21
81987708.11
26330435.12
28091478.93
50613261.06
45709705.16
23843052.82
24360665.37
46512726.3
17052949.1
45665557.42
81987708.11
45864744.21
46450671.62
24334058.64
81768260.0
45484016.55
29792547.57
81704044.61
28213225.0
23986512.41
47236437.31
51017510.82
49028889.94
81593533.79
49082307.7
46179011.38
48749405.13
28124073.96
46545891.77
46592493.28
81843705.09
26548764.01
29884099.37
81783916.36
17052337.28
81593196.14
26618716.52
28069843.84
81987708.11
28320946.16
26347039.85
48962520.17
81916499.05
24472621.62
46262441.92
81886610.17
81990787.05
51129431.35
45758043.22
23671293.64
81711599.12
28518136.46
81835163.03
81835163.03
81664445.09
81803834.73
46574642.4
50913170.93
49051900.11
46318425.9
28103541.03
46315583.13
26129448.64
81843705.09
27940815.61
26655024.73
17574657.12
45825554.92
17498626.93
50884617.48
81775126.06
28407085.62
16960963.06
46266010.14
46094123.58
27298266.31
23926560.79
28173421.26
17060018.67
81789623.1
26864926.05
46302069.57
27468357.34
45668962.47
81664445.09
45806659.26
27861311.69
81835163.03
27461311.88
28416961.39
48951006.85
26320325.65
25897965.07
29970023.51
46398529.99
27897284.3
81593196.14
51193549.24
81557400.18
28301433.1
46456671.64
28103541.03
45881174.14
26754019.67
17109794.47
24602607.91
23827343.75
46315237.07
45867858.85
45955966.25
27834759.96
81711599.12
45686046.57
81803834.73
28093716.7
46286054.84
46245333.3
23663830.25
81711599.12
28331477.8
49308592.26
24156192.26
50870954.38
81557400.18
46476101.39
50805865.47
45185590.43
45838614.24
26552921.24
46256746.41
82088686.27
81916499.05
46245333.3
28501848.58
16970830.21
81768260.0
48625665.86
45610944.25
24153495.75
26539222.31
28179265.89
17048578.85
17433204.12
27679278.95
81854042.67
46018239.11
45674250.36
17051602.24
49028889.94
46405048.32
29805691.42
50686873.35
81990787.05
27943700.03
81783916.36
46388666.09
46157184.11
28304343.36
45531075.03
26547285.68
27441061.04
16962611.79
46009803.61
17048869.99
17042219.5
46568523.65
48929921.29
49507279.35
16969059.86
81854042.67
17507733.86
46176938.33
17062885.86
81593196.14
24611213.2
82088686.27
45622460.02
30017388.76
45678260.48
26085106.36
46309833.74
81598067.64
81704044.61
49160382.01
46551142.39
51312611.99
46341976.47
26552921.24
30437489.6
81593533.79
50490082.56
46092011.0
50550877.3
24277686.29
45727848.01
81600791.37
26396188.11
28017953.84
17053198.71
81854042.67
46551142.39
45875822.05
23821774.88
49070133.59
30102200.84
16950408.21
28180341.65
28299068.74
30111164.78
46243377.77
45867168.95
81990787.05
48781142.1
17560412.73
28519306.23
30215447.89
26547982.26
51044376.85
46874388.78
27815992.4
81775126.06
46360475.57
17423392.11
45752452.57
81557400.18
81598742.1
50772081.83
51108449.76
45462055.62
46020149.33
45641632.68
81598742.1
17441766.4
50654262.01
81593196.14
26392999.95
17047931.23
81292701.19
81916499.05
81704044.61
23707861.3
81854042.67
48951006.85
81843705.09
23893953.72
16965601.99
17423392.11
28173421.26
28095069.85
81664445.09
28159281.93
81598742.1
28331477.8
46628724.73
45608725.9
45882723.53
46039292.99
45700361.45
50773375.59
45867168.95
49626379.64
81865906.53
24432645.58
46120818.33
17422335.11
45591137.66
45760126.1
30006819.57
81292701.19
45437770.44
46309717.97
27910136.22
25973219.82
46733024.7
17032874.5
81843705.09
46716087.79
81557400.18
28081856.04
81865906.53
50668665.04
81598067.64
26065253.02
81886610.17
27041842.76
30075319.87
30410151.5
48506294.52
81803834.73
50913170.93
81886610.17
46241876.65
46139703.18
50792557.8
81292701.19
17104050.53
81789623.1
29972472.88
46709560.46
45430172.87
23776230.96
17052895.31
81804460.98
28360451.57
23736575.04
45610944.25
49358246.98
81990787.05
46519197.47
45570130.09
27962520.63
46123594.73
24210772.8
45776319.66
17040973.05
45906816.24
26428350.94
28010825.87
81783916.36
81916499.05
28011906.97
26291171.71
16962611.79
45668616.94
17110120.4
45658703.15
46360407.16
48964475.98
17062846.39
45430172.87
28212907.28
45445084.31
28218627.31
45797572.35
17109887.85
45242131.48
50816785.34
81598742.1
23819031.65
46067036.6
45727848.01
26647691.79
48943280.77
45544948.38
16969090.31
46625136.21
16965601.99
16966213.44
46008720.1
28022518.99
26539222.31
27818241.8
46027882.58
28239294.37
47098494.0
24128152.76
16970674.99
26291713.4
46158105.86
45459586.55
81789623.1
45474755.39
50686942.89
46305896.16
26078726.19
46158092.94
81865906.53
27926787.73
81987708.11
46608205.11
45847662.11
23927423.99
50748966.92
28301992.89
50891163.65
46920259.19
81593533.79
30046001.91
81783916.36
23639149.73
27921818.5
16969052.27
48974866.84
46273827.36
46137592.6
23934432.73
16958997.09
17519175.32
27831423.85
45640958.1
49024630.55
81835163.03
29970023.51
81804460.98
25954267.26
27927119.16
45524265.29
46456273.57
23972271.22
45902946.46
17499971.7
16966432.31
46202857.17
23825607.79
81600791.37
46286054.84
81865906.53
28118736.31
46335591.49
30187532.38
81843705.09
46511594.32
17115397.41
45767515.04
17103840.2
48865772.54
29776028.45
46388666.09
46094123.58
81775126.06
27851589.13
26290416.0
46352889.39
30218288.34
17101172.2
24263949.95
46138748.02
48933377.24
46625136.21
17435615.71
26552447.15
81593533.79
81783916.36
28223523.74
50552169.32
45553537.63
81835163.03
51207030.46
45445084.31
28105962.61
81593533.79
26407833.71
81593196.14
27936363.14
46027882.58
17042433.9
49206163.28
30360440.8
46051602.29
46308495.01
46506512.86
81775126.06
45631673.52
23678793.55
27462369.01
45492324.91
82088686.27
17032874.5
28095069.85
46337664.33
81835163.03
81598067.64
48933377.24
50569057.34
46137592.6
81865906.53
45582407.25
46158354.78
81987708.11
23927423.99
45494870.44
81593196.14
17055755.32
45506929.97
45550115.57
45676027.48
81987708.11
27465223.91
28083145.54
26753094.37
46471116.75
48625665.86
46703800.85
81704044.61
45686513.97
17056011.68
28208898.86
81789623.1
81704044.61
46012867.77
45955966.25
26362365.96
49053159.22
81292701.19
28332720.01
45882723.53
26766911.35
28212907.28
50884617.48
30413402.7
46476101.39
26278401.32
28199007.33
28112102.0
46336872.71
26110171.95
16971499.2
46241964.53
81990787.05
50699112.27
46713844.69
28122691.77
30100159.59
17566525.56
81598742.1
26463928.86
17105886.42
46487543.88
17060075.49
47020875.26
26208085.48
51090113.18
46494630.4
27647238.03
50923980.83
26306015.9
48932207.12
23852034.41
45861777.38
45685368.82
81789623.1
81916499.05
28319825.56
81598742.1
81886610.17
28322095.68
49086570.11
23753723.02
81704044.61
81664445.09
17514814.75
23844693.28
28180341.65
81292701.19
46006713.41
26764369.56
81557400.18
81768260.0
51213946.88
81987708.11
81886610.17
45791944.83
17043695.59
26292837.82
26208085.48
16966432.31
46050240.4
28094008.68
45960295.68
45762146.26
26355972.77
81598067.64
27851589.13
48932207.12
46568523.65
82088686.27
45624280.51
45885791.85
17040973.05
23801716.43
26288037.57
16966939.65
81664445.09
16960963.06
45601399.38
46403772.67
50505343.07
45776319.66
45825554.92
81775126.06
81598742.1
50230425.54
46393516.73
51350044.47
81598067.64
49308592.26
81803834.73
45653467.47
28012364.05
24153495.75
27567182.97
28117784.64
17045600.49
23654157.19
81789623.1
48964475.98
17113028.37
28374487.99
51002358.74
46139452.54
46398430.38
81783916.36
28105962.61
46388666.09
17489557.93
28138146.71
17049639.38
46245452.46
24000439.44
27695094.17
16966213.44
17436190.78
27939726.36
45882178.79
81865906.53
17428173.33
45472938.92
26183453.05
24507680.11
23629525.46
45641632.68
45610673.53
17559418.3
46844829.44
45830301.47
50490082.56
50473689.29
27320326.67
24040962.67
16970830.21
81987708.11
49049072.34
17055755.34
50707961.94
46392816.27
16969059.86
81593533.79
81843705.09
82088686.27
17427740.06
45861777.38
28082043.54
27684449.36
46274536.76
16958997.09
46128890.85
29805691.42
46009803.61
27990125.24
50753170.63
45882178.79
28022518.99
16961685.57
17050517.17
81775126.06
24277686.29
48885259.66
25911888.27
28210126.91
24032464.62
29969020.73
28042664.72
50657687.89
45657623.66
28111012.37
46397730.84
17504601.51
26064056.1
24131419.97
26629399.77
45631673.52
46319186.89
28115223.54
49070885.66
16963157.77
16961685.57
26194975.15
26882826.06
81987708.11
30212089.89
17102618.57
46733569.62
81598067.64
48771248.34
23694107.63
24052263.82
28019075.09
46124876.09
49024630.55
30103044.18
48749405.13
28209912.64
27974210.46
45505620.57
16959323.91
28223523.74
23445367.13
46461729.35
26486505.76
17044988.5
81593533.79
46213353.72
81593196.14
46176938.33
26151244.8
28292558.67
81292701.19
26765815.21
48890840.12
46261679.31
27099503.44
27634359.89
45656896.25
45702798.44
81598067.64
81598067.64
50674868.46
81990787.05
17429679.46
46255323.59
81803834.73
45718001.7
45427702.64
30165365.58
50699112.27
49024630.55
27983517.29
48765861.21
17043695.59
23725179.43
81704044.61
46266010.14
50490082.56
50686873.35
81987708.11
45184936.23
51423778.98
28006399.98
24221605.93
26655024.73
46119094.14
45754284.36
47203283.52
45767634.26
45685368.82
50773375.59
27665083.37
26806304.62
46156830.4
46293049.96
27734786.29
17055755.32
81783916.36
17109887.85
81292701.19
16974656.28
27376318.94
81598742.1
26826254.11
27912677.27
46686068.61
81990787.05
81593533.79
26615932.58
46064928.13
17045802.79
26347039.85
26881299.52
28104873.72
81783916.36
28288268.9
81292701.19
49540080.16
46434155.7
49094383.2
28516417.32
17507881.77
46120818.33
27960819.73
28444564.98
27911220.4
46903885.18
45230068.22
17496785.48
81990787.05
16966480.93
81600791.37
28112102.0
46214631.93
46263779.78
46236147.85
45776319.66
28529507.29
27516801.52
46150787.47
28410139.49
46156699.07
23932315.63
81916499.05
46713844.69
27259185.33
29828176.72
81865906.53
81557400.18
27937723.95
81854042.67
26766911.35
30241945.88
26166667.94
46459819.44
45686172.51
17050517.17
23848360.81
30307891.07
24580693.99
17050107.52
45629389.44
28107063.11
45629878.22
23850327.63
23958112.14
23941721.05
45209314.06
81916499.05
45882178.79
46092706.85
50686942.89
27022453.53
46370518.32
45894227.88
81783916.36
29988751.99
46465896.59
81803834.73
50928618.72
23533219.59
26559204.42
46766546.49
23823710.2
81775126.06
28017953.84
46060368.55
45653599.45
28111012.37
81804460.98
27182689.3
28322095.68
45771796.21
81886610.17
81803834.73
24593166.23
46613029.34
45774463.7
45892065.67
24407363.95
16963340.39
81593533.79
45507420.01
50884617.48
24143690.69
45631884.72
27558238.96
46500983.08
25655560.62
23765475.32
46410030.26
81711599.12
45839273.93
50674868.46
28280311.86
27881709.55
45621785.53
46476101.39
45654275.33
17106073.37
81704044.61
48826560.2
45680621.9
45496671.86
30178855.08
81886610.17
28010825.87
28322095.68
47084955.11
81789623.1
46465896.59
17043559.18
81711599.12
45979972.52
16965601.99
23832123.01
46313046.98
81711599.12
16974620.39
26618716.52
46105194.85
23881777.99
81865906.53
16959323.91
48844748.6
46273827.36
28274991.54
46308634.45
49081457.83
46476877.45
46506512.86
50785520.63
17100897.85
46349927.99
16962611.79
49051900.11
28006399.98
46410030.26
28062553.95
81704044.61
46100830.23
45819235.51
49168702.9
29973290.84
17043995.58
24205692.28
17115952.23
28236937.38
81987708.11
45864744.21
45921322.87
28170972.94
81557400.18
17110352.35
50478228.89
17114747.7
81704044.61
27035970.22
17110623.62
45960295.68
81711599.12
45489501.63
81854042.67
50473689.29
28290449.01
46050240.4
27743581.13
30520963.08
81789623.1
28170802.82
23814445.12
46477079.9
46264559.87
28012364.05
81598067.64
49148516.22
46274567.63
27904008.35
81768260.0
81843705.09
45705542.82
81835163.03
48951006.85
30164188.75
82088686.27
46303280.83
81783916.36
45446840.91
16958549.45
16963340.39
46660156.48
26130444.64
27835080.64
46163104.21
49279966.09
46177667.04
45184936.23
26966151.5
46012867.77
46494630.4
27466103.37
46203759.61
81557400.18
17431978.27
48943280.77
46355324.34
46500257.56
81598067.64
49331266.57
45906816.24
30024238.92
46221056.93
23856798.04
81803834.73
17044988.5
81598742.1
17049639.38
24520516.09
30185932.17
81916499.05
45640958.1
28199498.6
50686873.35
48865772.54
45712438.17
24624250.9
50230425.54
16969090.31
46262381.34
45614252.14
27464797.39
26699126.08
81804460.98
26144442.56
28045929.08
46244084.74
25881999.92
27992034.16
26473448.45
27892191.05
24155308.82
46261679.31
27940050.19
45829692.02
81775126.06
46494991.54
29867174.86
45506711.11
45611798.38
27915700.01
24486490.45
17442159.3
24047940.72
30102200.84
50686873.35
28210126.91
24216467.57
45569076.7
46196946.63
81593533.79
45496825.88
81865906.53
81835163.03
81593196.14
23827343.75
28172316.04
81865906.53
50810868.31
27937723.95
50775628.41
17565487.51
45654033.59
27625519.95
17429591.96
81768260.0
28315784.49
16963157.77
27184481.13
81854042.67
23452939.73
46660623.24
46592493.28
81886610.17
48826560.2
46550754.83
49201413.44
46477944.94
81598067.64
45489416.93
46326640.33
28160366.59
27440442.08
45830301.47
46078707.11
16966480.93
45772640.52
27462369.01
17056011.68
46191050.42
29932530.37
17563994.72
81598067.64
26343641.55
81593533.79
17490871.22
46568523.65
24540790.12
82088686.27
81854042.67
46050240.4
46477079.9
26385726.64
81886610.17
81600791.37
49766439.8
81987708.11
46438954.31
26456046.79
45672943.05
45912102.3
46647750.46
46138748.02
16970674.99
45824268.53
46309833.74
46487543.88
23947601.07
81664445.09
46243377.77
81865906.53
45894227.88
23746510.57
28309165.14
17046708.21
28367467.75
82088686.27
27734613.84
29973290.84
17040849.09
45611345.8
49049072.34
45883997.89
50805865.47
45863752.28
46275914.66
45450427.78
24000439.44
81990787.05
26129448.64
81292701.19
51034685.96
45687849.02
17045906.14
23718813.01
81775126.06
45523226.6
29549424.17
17565888.28
48946190.43
46494991.54
16966213.44
46124876.09
81789623.1
81557400.18
46111634.09
24420707.55
16974620.39
45452247.05
45759690.56
24151765.65
28096158.21
27516801.52
27522656.58
45894227.88
28420105.96
46388666.09
46326343.63
30185932.17
45749974.84
50569057.34
50810868.31
81664445.09
46076634.72
17045906.14
50478228.89
23965140.96
81990787.05
23936764.61
81987708.11
50804819.47
26625463.37
47344255.11
48753913.8
17055684.33
24151765.65
45685368.82
30109716.88
23654157.19
30327762.32
81600791.37
46332468.34
28185072.27
51215052.16
81768260.0
46771610.31
28011906.97
24037072.82
28104627.23
81990787.05
26342632.88
81865906.53
46319551.6
81557400.18
28353416.07
50347952.58
81865906.53
50569057.34
24726891.57
81598742.1
46243246.22
17113105.33
82088686.27
28042664.72
17417393.66
16963340.39
46636322.92
24070543.75
81557400.18
28112102.0
48828002.01
81664445.09
50667630.13
17492700.03
29907792.85
27320326.67
46361856.23
17428327.91
81711599.12
81886610.17
16970674.99
81865906.53
28148581.43
17058812.27
45523226.6
27712420.78
46309833.74
48826560.2
27734613.84
26447152.34
27268384.38
25989868.79
81916499.05
23983306.03
46076634.72
46293049.96
28259688.02
81593196.14
26094528.59
17052968.97
81854042.67
81804460.98
45727182.76
23428226.88
46703800.85
46410030.26
17433204.12
17431978.27
50772081.83
81598067.64
45710660.55
46124370.71
25881999.92
81990787.05
30215447.89
28300316.31
29549424.17
30117054.89
23736575.04
45582407.25
47086989.75
30141518.37
81803834.73
16966458.8
28190958.02
17030317.82
16969059.86
46844829.44
17112960.75
81704044.61
26741016.37
26461951.81
50928618.72
81598067.64
45875141.07
81598067.64
81711599.12
46140939.65
17419985.96
46032225.79
25973219.82
28013068.07
45685368.82
45452247.05
49422211.76
29884099.37
46297848.94
49028889.94
28160366.59
81835163.03
27926039.58
45655273.5
28389855.82
27259185.33
81783916.36
26428350.94
17503403.16
45507420.01
25897965.07
81664445.09
23944926.72
26074903.01
81593533.79
28118471.7
27569874.1
46006713.41
26463928.86
46082343.12
17100549.46
46197435.38
28108163.92
17421091.82
29968772.28
81886610.17
26548764.01
28001779.48
50769244.23
81593196.14
46105194.85
82088686.27
81804460.98
46660156.48
82088686.27
16966939.65
45621785.53
29972472.88
50793453.75
46733024.7
81804460.98
46502349.6
45979972.52
81835163.03
17060018.67
50495512.05
27684449.36
28236937.38
29948132.31
81783916.36
50590138.8
50552169.32
81593533.79
46339853.8
46471116.75
23918589.47
27936595.96
46018239.11
81854042.67
30308494.01
46091292.11
28180640.26
27940574.07
24706245.95
27951406.13
28153499.01
51028944.93
49144222.63
45841881.58
46241164.06
26065253.02
81593196.14
26873636.51
24450200.04
50667630.13
46166652.17
28108407.69
50707961.94
26447152.34
23919354.73
23696080.98
45863752.28
50674868.46
81557400.18
81593533.79
45748131.79
48947291.89
27268384.38
46320276.24
23656445.41
45523893.19
27359610.1
17400913.64
81775126.06
49206163.28
17110623.62
45955966.25
45428361.32
49326758.49
28013068.07
17428173.33
49070133.59
81600791.37
45630058.28
46340549.83
48974866.84
81557400.18
26970102.85
46474115.3
50884617.48
45504945.01
27974210.46
46039292.99
26505318.0
81292701.19
23886862.2
81804460.98
81803834.73
16961685.57
51002358.74
45712438.17
45630058.28
45633164.91
46344497.87
46450671.62
48865772.54
24514388.38
46102048.05
24256676.2
17054847.0
81916499.05
26556091.37
46327452.75
81557400.18
81593533.79
17045600.49
17050309.24
46246731.94
23906356.17
45437770.44
30202959.03
45841043.83
81990787.05
48753913.8
81843705.09
17100549.46
28122691.77
30219460.7
16974656.28
28212907.28
30283489.71
46733024.7
45882202.99
27359610.1
45904123.46
28107175.69
17045224.36
46134960.29
81843705.09
50657687.89
45727569.65
24601063.88
46140816.13
81664445.09
81704044.61
46156052.14
27368183.53
48985437.95
46155998.06
24394902.33
26858818.49
48869064.3
29975985.92
48933377.24
26765815.21
28315186.6
46535272.26
45703720.42
49081457.83
24620355.02
81835163.03
16974620.39
50656507.2
24156192.26
81775126.06
45434718.8
81835163.03
46572772.75
49049583.39
49063013.06
46397730.84
81804460.98
24408011.08
45529568.05
17510768.39
27900986.97
46471810.5
24064838.25
24360665.37
81987708.11
27940815.61
17039834.95
27530959.21
45789623.47
81789623.1
46065632.96
30187532.38
50748966.92
81803834.73
29848569.94
45817816.78
45707881.49
27695094.17
46235489.36
49551990.28
28116557.19
81704044.61
46371999.96
17507659.33
45709705.16
27516977.7
81835163.03
46196201.73
48900646.93
81593196.14
46236147.85
81854042.67
46359634.65
46412500.09
82088686.27
48771248.34
81990787.05
81598742.1
81783916.36
30117054.89
45765192.4
29968772.28
81916499.05
17421091.82
27983517.29
27943700.03
45707881.49
16965601.99
81783916.36
46490601.75
28306244.42
27981612.24
81803834.73
81865906.53
28303225.76
46489311.5
45432247.0
27994098.07
45444412.99
50654262.01
27042789.83
50774358.12
17426493.26
16970830.21
48765861.21
28029607.76
46307095.02
17106073.37
46083040.34
81854042.67
29767691.47
46281348.11
81704044.61
17551075.91
17112960.75
48950601.07
24810205.99
17415421.93
46125572.35
48943280.77
26819260.24
27530959.21
17511000.21
45895907.33
81711599.12
45894227.88
81711599.12
17057526.14
45817816.78
26130444.64
28001779.48
82088686.27
26372197.76
46506512.86
45797572.35
28104627.23
23849455.65
25867928.08
46324949.43
17566109.86
45571312.84
46082343.12
81600791.37
28209041.25
27683389.1
45525688.19
81916499.05
81803834.73
27937478.61
46138303.03
46084761.34
81804460.98
25954267.26
45902946.46
23814445.12
45612457.44
81593196.14
46092011.0
81664445.09
46635606.01
24673118.74
45758043.22
81557400.18
50913170.93
17060075.49
45675286.0
17109990.71
81664445.09
46008720.1
30218288.34
23968386.56
28158021.9
45427702.64
46141717.13
46371999.96
81598742.1
46494991.54
81600791.37
81854042.67
27963595.57
50590138.8
17050107.52
47179253.42
46565154.34
45707219.62
81843705.09
46262381.34
45942511.79
30100159.59
17574166.74
17442159.3
17108814.49
45822357.53
17419985.96
17090977.25
81598742.1
17048578.85
81916499.05
17567491.75
26355972.77
45611798.38
26180702.9
16960061.96
27651206.85
81886610.17
45614252.14
45797572.35
27806808.29
81600791.37
46371999.96
27075093.7
28011906.97
81835163.03
48765861.21
28105713.86
45589311.51
46291713.14
81768260.0
46425234.61
81775126.06
46474115.3
50792557.8
17109794.47
17515332.27
45702798.44
45765857.6
46096350.76
81835163.03
46473187.87
28263443.06
30113552.53
81600791.37
17500340.65
45836721.83
45629389.44
23707861.3
27450473.04
28285100.55
17441766.4
45759570.48
16966943.37
81664445.09
46320988.15
26385726.64
17048192.79
49737614.48
48932207.12
49188681.63
46065632.96
29975985.92
26845814.47
17108814.49
46572772.75
81804460.98
50753170.63
28143737.02
30165365.58
81664445.09
46703800.85
27940815.61
49081457.83
27537676.03
50748966.92
17556769.72
81783916.36
46568523.65
45504842.08
17120125.95
24210772.8
50891163.65
45449764.79
81292701.19
81886610.17
28094008.68
17120002.56
46286765.62
48950601.07
46925966.36
17428327.91
27843600.25
81886610.17
45875141.07
50590138.8
24416063.62
27464797.39
16966458.8
81886610.17
50866716.24
81704044.61
46020149.33
81803834.73
81768260.0
46766546.49
81789623.1
46286765.62
45729622.64
81600791.37
50550877.3
49403866.97
46628724.73
81711599.12
45867858.85
28173421.26
28226374.4
45187391.97
81704044.61
26290154.63
45491320.21
27726337.63
17052337.28
28216201.44
17051602.24
45862859.63
46135229.94
45863752.28
16958549.45
46473187.87
30311703.17
46451503.77
28179265.89
81600791.37
81789623.1
26549906.05
81711599.12
30111476.56
27298266.31
45819235.51
47088108.11
46309833.74
46336307.06
49606190.35
28107100.51
17045224.36
26482916.11
30077800.17
46157382.7
46306095.18
46191050.42
81987708.11
81598742.1
46120818.33
81886610.17
16969059.86
28082043.54
23881777.99
81598067.64
48929921.29
45839273.93
50810868.31
50669614.34
45758043.22
45609173.29
50773375.59
48781142.1
26552358.96
81292701.19
81598067.64
45446840.91
49342794.84
46530033.08
81557400.18
30024238.92
81835163.03
28220725.11
46456800.14
46564185.97
16966480.93
46434155.7
27937478.61
81593196.14
81916499.05
45610673.53
45903377.28
81886610.17
50675415.72
81843705.09
24223835.44
50773375.59
81865906.53
45544255.44
81854042.67
28183521.49
26751878.39
50550877.3
26420041.19
49160382.01
27933060.38
46274536.76
46140816.13
81593533.79
45249563.28
81843705.09
46051602.29
30112257.11
46084465.37
16974620.39
26973802.19
17052895.31
27921818.5
45666791.74
16966432.31
46060368.55
28321024.66
46337859.53
17429591.97
17058184.18
30381326.39
81803834.73
48844748.6
45636131.01
46417379.88
46067036.6
26556091.37
16969090.31
16969090.31
46026981.47
50675415.72
50810868.31
81557400.18
46630572.38
24064838.25
28154510.49
23917058.53
45913932.27
26586725.99
81804460.98
17503663.59
23734683.6
81916499.05
45444412.99
26588153.08
27707195.36
45231849.81
28332720.01
49188681.63
45705478.87
46398430.38
46336307.06
49509614.91
23930289.61
50623004.51
46254614.28
27541067.28
81804460.98
81600791.37
28099052.26
17417393.66
46062469.31
16960061.96
24246794.34
28000689.54
45544948.38
45646592.59
51197168.29
81987708.11
81990787.05
81916499.05
81711599.12
28314884.33
48506294.52
26591782.04
46536487.88
81768260.0
50775628.41
81886610.17
81803834.73
45703039.97
81916499.05
17415952.34
26945399.22
81704044.61
16950408.21
46280258.13
81598067.64
46264184.14
17494449.97
81916499.05
27480188.1
17030317.82
28370430.95
50347952.58
81990787.05
46139460.68
81593196.14
17110120.4
17053028.44
46474115.3
48828002.01
48974866.84
50774358.12
81664445.09
45760356.63
26789628.49
27451642.81
81987708.11
23428226.88
