25729225.0
47740765.46
79291126.06
14598443.65
48053431.8
25632557.19
48320819.47
27604252.83
79506787.05
46512614.36
27843762.32
48196743.82
48282743.57
14518972.78
46512614.36
79284260.0
79305623.1
27432314.96
79320460.98
79291126.06
23608066.65
14518600.41
25428677.27
25725041.25
14591841.65
43914626.5
25499517.29
78808701.19
25632557.19
48296813.22
79284260.0
48184981.44
25622095.22
25917556.73
25443119.16
25820343.36
48195496.44
79220044.61
79402610.17
14510941.71
48103283.67
79284260.0
79604686.27
27408397.91
79291126.06
14605934.65
46598307.7
47990924.71
79180445.09
43243520.11
79180445.09
48116741.58
14513700.54
79291126.06
48302418.82
25763539.2
48170440.58
25426136.22
43363662.11
23846957.83
48152404.3
79319834.73
48380371.26
48100618.61
79432499.05
79299916.36
25697749.73
48246145.34
25793358.21
25418062.8
21902104.7
48149632.84
79604686.27
79220044.61
25594389.61
48308317.55
44172903.65
25394846.13
79351163.03
48461186.58
44061603.53
27205555.84
48298620.8
79351163.03
25510098.07
25712086.15
79305623.1
25427220.4
25538518.99
14668422.96
79073400.18
43248913.65
79109533.79
24005082.55
79114742.1
79073400.18
25631223.54
25121482.89
48134807.33
25847477.8
79299916.36
48233352.63
48461186.58
24153630.41
48123636.9
48235125.23
79114742.1
79284260.0
14598075.02
79381906.53
79432499.05
14591144.05
48219656.91
78808701.19
14502668.06
27584253.66
48381602.63
79319834.73
79319834.73
25702723.82
25499517.29
79284260.0
79402610.17
25453723.95
24838900.96
79180445.09
79305623.1
79604686.27
14512328.64
78808701.19
43357881.58
48300491.46
46331374.76
27436180.0
14659400.37
79320460.98
44028726.3
48376701.7
25856425.35
48048791.58
79604686.27
48086072.9
27745737.38
79116791.37
25594389.61
47974037.61
25893379.49
79351163.03
48038962.43
47796780.82
48061488.23
79402610.17
48422909.5
48028729.7
14598075.02
79073400.18
25598043.54
25322857.17
23632547.54
48046124.34
25522336.29
79320460.98
27518958.58
27599022.76
48353166.91
48153374.71
79284260.0
27504751.99
25848720.01
48215946.67
79116791.37
47726879.17
25706951.78
79359705.09
47991590.64
48054096.42
14671270.44
24922697.98
25619541.03
48222826.6
14668210.91
79506787.05
79284260.0
79109196.14
79180445.09
27388062.93
14518972.78
79320460.98
79319834.73
14590864.02
25950079.2
48224878.86
48301520.63
48213023.8
48048118.67
79604686.27
79319834.73
14596872.78
48056099.98
79503708.11
25428677.27
79432499.05
23734559.33
79109533.79
25883467.75
79351163.03
48234447.67
48166260.55
25622095.22
79432499.05
79305623.1
79370042.67
79114067.64
14603842.22
25490210.46
79299916.36
46331374.76
25836946.16
48268298.09
79320460.98
25426136.22
48223572.27
48060747.35
25489503.6
48209552.34
48291905.11
48248399.88
14514928.0
48162853.43
25726126.91
23426899.36
48408823.95
48064912.01
47988040.83
79116791.37
43304121.03
48585735.14
48039566.87
21902104.7
79506787.05
48048046.64
25836946.16
25837024.66
25599145.54
48195496.44
27436180.0
78808701.19
25869416.07
46394872.26
48379708.64
47975300.47
79381906.53
43564352.97
14594230.52
25808113.97
14601503.17
25947164.08
25620627.23
79359705.09
79432499.05
14674089.79
14518972.66
44131224.04
25066563.73
25344879.94
48152192.22
25633784.64
79116791.37
48263005.56
78808701.19
79402610.17
78808701.19
79506787.05
79319834.73
21503592.58
79320460.98
25915911.78
48249064.68
27584253.66
79402610.17
48035654.18
48204924.47
24206431.17
27205555.84
25392955.68
48112045.4
78808701.19
48282743.57
25623063.11
44133241.87
43437322.87
79305623.1
79432499.05
48408130.98
79351163.03
23632547.54
79370042.67
44019227.36
79305623.1
14523631.99
24101556.33
14598699.1
79402610.17
79370042.67
21301683.37
25535075.09
27694855.08
48044082.58
25727833.28
21568321.52
25609716.7
24098926.0
48195496.44
21528852.22
79114742.1
79220044.61
27352393.35
14518467.69
24838900.96
14595423.83
44037044.73
25893379.49
48172344.05
25533953.84
79319834.73
25638691.77
48045458.41
43835316.98
25344879.94
48244243.05
48154630.98
48408130.98
79114742.1
25637124.4
44225560.46
79370042.67
48153646.07
25751855.69
21582582.71
25611069.85
48183904.63
25545607.76
42984100.05
48048791.58
48039566.87
25689421.26
25695265.89
14592255.43
44152322.92
48247791.07
48100201.35
14515147.75
79370042.67
48204924.47
48358882.26
27604252.83
25418062.8
79109533.79
25200449.36
48040980.61
48098685.82
46056592.55
46501056.33
14662049.82
48052622.03
79432499.05
42984100.05
48107506.17
48204249.22
48314958.38
79109196.14
79299916.36
79381906.53
79432499.05
23608066.65
48153374.71
79220044.61
25384388.64
48050009.59
25609716.7
48358045.72
25876451.57
14606886.82
48099364.37
25380386.26
79114742.1
48369343.2
48152404.3
48048118.67
79114742.1
25607315.6
48100747.09
44029739.72
25819225.76
79114067.64
48244621.04
79116791.37
79432499.05
47968821.43
48050857.99
25624163.92
14521189.23
48153646.07
48270199.4
46795966.09
25609716.7
25706958.02
79284260.0
44151606.01
47970749.77
44019227.36
79370042.67
79506787.05
14601555.46
21762015.15
25675281.93
14601446.64
23628804.85
48258822.11
79320460.98
44167114.63
14518972.78
14513177.4
79402610.17
25621713.86
79220044.61
14518467.69
48131107.25
79073400.18
25676912.68
46579013.06
25453723.95
48282743.57
25763539.2
79402610.17
79180445.09
14660904.09
48220731.28
79109196.14
46586885.66
25736725.11
79359705.09
44045841.89
78808701.19
44246140.98
48019121.93
25679665.21
79305623.1
25751855.69
25695265.89
79370042.67
79319834.73
48244926.5
21301683.37
48306405.19
46462190.43
48244926.5
48206951.17
79116791.37
14518209.18
43226671.56
25476036.6
79359705.09
44027594.32
24895213.51
48184981.44
25693705.17
48332785.34
25619541.03
79109533.79
25416986.97
25631223.54
79359705.09
43407824.19
48254419.97
25622095.22
43679104.21
79073400.18
25703302.63
48117411.13
79227599.12
79220044.61
25232634.36
79370042.67
79359705.09
26034136.46
25022820.37
79319834.73
25614047.6
21616018.19
48299578.7
25932961.51
79299916.36
79604686.27
25611069.85
79432499.05
24930826.06
46599243.42
14664044.55
79116791.37
14601503.17
46574820.46
48118623.5
48149632.84
79114742.1
48163530.9
14523631.99
46565583.39
47991590.64
23635988.3
23705383.17
79180445.09
23957018.22
43428559.58
25923085.62
25427220.4
25309221.24
48254419.97
48204757.36
43558629.13
48005474.87
14522467.44
27628257.11
48247112.2
79109533.79
46385064.3
25478520.63
25019684.29
25803278.9
48585735.14
25437818.5
47969483.03
48220368.62
79381906.53
48123636.9
25418062.8
79227599.12
78808701.19
25416986.97
79227599.12
48066168.38
46416646.93
48249849.99
23209870.67
25686972.94
14601672.11
48103283.67
48309453.75
79180445.09
23632752.44
48240932.94
48369343.2
79604686.27
48119444.13
79291126.06
21791983.81
79503708.11
48100747.09
48046107.88
14604436.94
44163750.46
25624163.92
48046786.44
47973364.41
25768553.12
79116791.37
43410674.44
43373212.35
14592466.72
25092238.65
25817992.89
79604686.27
25651230.41
79114742.1
14678180.19
14603842.22
46463291.89
21603836.15
44172903.65
48057777.96
79073400.18
25706951.78
79506787.05
21689050.38
48224878.86
79299916.36
79320460.98
79604686.27
25380386.26
25541501.35
48164815.26
79227599.12
14591841.65
48114989.51
79109533.79
47780747.34
48301656.27
79503708.11
27507942.92
47986408.27
25755294.37
79604686.27
25808558.67
79220044.61
25890487.99
26017554.98
23535896.89
79109533.79
46710575.85
48204757.36
43258637.96
48237185.57
79227599.12
48223365.02
79359705.09
48371249.01
48060747.35
48265183.3
79114742.1
79114742.1
25638691.77
79370042.67
14602984.72
79220044.61
79320460.98
79291126.06
14596951.39
25620873.72
25621497.63
48207321.89
43857569.7
14510941.71
25802042.73
25722002.78
79109196.14
79180445.09
79305623.1
79116791.37
48170440.58
79291126.06
79604686.27
48220093.57
79220044.61
48237276.31
79284260.0
25596712.01
25498424.15
25490210.46
43305979.31
25793358.21
46636759.49
79227599.12
48129261.06
79402610.17
79109196.14
79432499.05
78808701.19
21568321.52
25805119.56
79114742.1
79116791.37
79073400.18
48183904.63
79114067.64
79299916.36
48474361.14
25199389.1
25676366.59
23737522.58
79291126.06
48164309.57
25633784.64
43637414.81
79291126.06
79284260.0
44134311.8
79291126.06
79227599.12
48024189.5
14611330.49
79073400.18
25200449.36
79320460.98
79114067.64
27745737.38
25596712.01
14663887.7
48382716.24
21700914.35
79299916.36
48314958.38
79291126.06
47987623.06
25751855.69
25442039.58
25856425.35
46660222.63
25279533.13
79109533.79
79299916.36
24153630.41
48446910.71
21802186.34
25443119.16
79284260.0
25233824.52
48154630.98
27842174.87
46684702.9
25736725.11
48207983.88
25232634.36
43840116.31
25763539.2
24077047.64
79506787.05
79604686.27
25727833.28
14512328.64
44390388.78
46500820.16
79305623.1
24596580.2
47973364.41
79305623.1
25688316.04
48100618.61
48223498.4
25634736.31
79180445.09
25707644.01
25528364.05
21513868.26
79227599.12
48432553.89
48002685.11
23535896.89
27625716.88
25623175.69
48191898.72
79109196.14
48026019.82
25917556.73
48320903.47
46501437.95
25805119.56
25674021.9
14588264.06
79319834.73
79506787.05
25847477.8
79381906.53
48054096.42
48153374.71
48166260.55
79109533.79
14589288.19
48225550.66
46401259.66
48172344.05
48353166.91
48170440.58
25627012.37
48463252.95
48229600.85
79359705.09
46610383.2
25479595.57
48376839.34
25805480.15
79604686.27
27533388.76
43912813.51
48450419.54
79114742.1
48170388.43
79359705.09
79604686.27
25535779.15
79506787.05
14611649.19
27448530.37
44115071.79
25465048.95
14523631.99
25637167.91
48000752.36
48078766.86
14597286.27
43453004.8
79116791.37
25873501.96
48450618.54
79351163.03
43373212.35
23698562.62
46376731.43
25659737.02
25498424.15
27427176.77
79305623.1
48244243.05
25697749.73
79180445.09
78808701.19
14526784.78
25620627.23
25822244.42
14649322.95
48300491.46
47776011.61
48155931.29
79109196.14
48301160.48
27842174.87
48163530.9
48220093.57
79227599.12
48351140.1
43243520.11
79432499.05
25676366.59
48046786.44
48153646.07
27637623.69
48116741.58
48376767.66
79299916.36
25578553.95
48196743.82
25768553.12
25006070.55
21676896.97
79319834.73
79381906.53
25706958.02
79284260.0
48150313.45
46579063.11
25624163.92
14510674.76
48203055.07
79370042.67
25558994.87
79320460.98
21707003.38
23630054.82
48096325.37
25199389.1
79180445.09
25724898.86
25707644.01
44061603.53
78808701.19
79180445.09
24895213.51
25619245.76
25920167.31
14511383.91
79305623.1
25908801.89
79506787.05
79503708.11
14521189.23
79351163.03
23630054.82
44249569.62
14598443.65
79381906.53
79284260.0
48223572.27
24077047.64
48298895.25
25690056.57
48306405.19
25739523.74
25870601.24
79319834.73
79227599.12
79284260.0
79284260.0
79305623.1
48087283.18
46406840.12
25696341.65
79109533.79
79291126.06
48001416.97
48137869.47
25015639.13
43674105.86
79291126.06
23426899.36
48249064.68
48197229.42
79381906.53
26031155.51
48085376.9
79381906.53
25478520.63
25621962.61
43954954.31
79359705.09
24206431.17
79284260.0
79351163.03
48138565.47
79109196.14
48270199.4
25726126.91
79291126.06
25279533.13
25538518.99
25478520.63
25679665.21
48184665.04
79381906.53
48213023.8
47985733.97
47988040.83
48410072.84
14502668.06
25651230.41
25397709.55
47975300.47
79109533.79
79402610.17
48044089.28
25292874.95
79359705.09
23488170.92
44045841.89
23488170.92
48379708.64
44018335.49
25545607.76
14663887.7
14522866.49
47974037.61
79381906.53
48248399.88
79359705.09
79604686.27
14601077.31
14677914.34
27461801.24
48218599.86
14521189.23
25775688.02
23543945.33
14511383.91
43506377.34
48506797.03
48135568.12
48196743.82
25905855.82
25702088.37
25915911.78
48001416.97
25838095.68
79503708.11
48174963.15
79359705.09
48358825.4
27605830.16
25873501.96
46664516.22
48139004.51
14601426.58
47969483.03
79320460.98
25599145.54
79299916.36
48360810.14
14601881.33
27335838.0
78808701.19
44275046.9
43322302.99
25808350.81
79503708.11
26031155.51
14604615.1
27522819.57
27627164.78
48100201.35
48439980.83
46378339.93
48410072.84
47991590.64
79284260.0
25752937.38
21707003.38
79402610.17
46321438.41
46569159.22
48474846.92
79370042.67
46482347.62
48023661.72
23466157.74
48379708.64
25485539.01
48151548.03
46636759.49
25309221.24
14671172.33
46389572.61
25149128.66
48244926.5
25535779.15
48055435.37
79116791.37
25623100.51
48101291.51
25803278.9
79320460.98
79299916.36
25535075.09
48246145.34
48381602.63
79370042.67
48171060.24
25211094.17
79109196.14
27629552.53
14672624.47
48000343.91
48261453.27
14518261.66
48185614.34
43458511.79
43506377.34
79114742.1
79351163.03
43258637.96
48131107.25
43972273.57
25322857.17
25516689.54
79305623.1
44287610.31
46717413.44
79370042.67
48478573.76
79319834.73
79284260.0
79320460.98
79116791.37
25365368.49
25545607.76
48201921.82
21603836.15
47988040.83
48298620.8
79220044.61
14513177.4
79299916.36
14673452.43
79109196.14
48171060.24
14601446.64
25631223.54
79402610.17
23635988.3
27518958.58
25427220.4
48171111.11
79109533.79
25489879.49
24231240.04
14662248.25
25416986.97
25821257.39
48107506.17
46304071.03
79506787.05
25796311.86
25124371.99
79351163.03
27423792.85
48002685.11
14659044.01
79402610.17
25623175.69
48401336.98
48066168.38
44048654.91
79359705.09
79305623.1
25712086.15
79114067.64
43857569.7
25456815.61
48353835.92
48172364.97
47728152.63
24231240.04
48237276.31
44133241.87
48512687.64
27599022.76
25149128.66
48026693.02
14526784.78
27757945.88
79506787.05
79116791.37
48085376.9
48048118.67
48314958.38
79227599.12
48177629.33
43867366.72
43542981.47
79116791.37
48300991.47
25678014.86
79114067.64
48022137.57
14607554.59
44037020.72
25522336.29
79359705.09
48184981.44
25686972.94
48050857.99
48547241.02
48001416.97
79073400.18
79351163.03
25699982.76
79305623.1
27634978.87
48206951.17
79351163.03
27461801.24
48085376.9
25506125.24
25835825.56
47983232.21
14518972.66
25479595.57
25467406.13
14515147.75
47779393.05
47988040.83
79291126.06
23845667.61
25836946.16
79116791.37
79114067.64
79370042.67
43420123.46
79506787.05
44131224.04
27327500.63
79073400.18
25607478.93
79220044.61
48181974.56
79503708.11
79402610.17
79073400.18
25923245.97
43835316.98
21769349.04
25442039.58
25816316.31
79351163.03
78808701.19
48050009.59
48191898.72
79284260.0
48263005.56
23921280.18
79359705.09
48113012.76
48035830.68
48252510.35
24174509.32
24994945.34
79370042.67
48202717.22
79359705.09
27432314.96
25517779.48
79381906.53
47781404.43
25950079.2
25804268.9
79291126.06
25676912.68
79299916.36
48046124.34
25727833.28
48614810.46
79114742.1
48182652.12
79370042.67
14601077.31
25725041.25
78808701.19
25455726.36
27485020.73
25703926.78
79291126.06
48112045.4
47969483.03
48356117.27
79381906.53
79227599.12
79370042.67
79227599.12
14515458.58
25818315.72
79604686.27
48194817.56
25467406.13
48028056.5
25623175.69
48149632.84
48478573.76
25699982.76
43616830.23
48043423.35
46389572.61
48339288.39
79381906.53
79220044.61
48174963.15
48087283.18
79109533.79
48000752.36
79180445.09
48547241.02
25926139.49
48386954.38
48307073.33
48026019.82
14510674.76
48005474.87
79359705.09
48474361.14
79220044.61
79506787.05
48056360.07
48206275.93
48434579.96
48050009.59
79227599.12
48321863.87
79503708.11
48302418.82
79506787.05
43867366.72
79227599.12
79114067.64
79180445.09
79220044.61
25725041.25
44134311.8
48015276.81
48351140.1
79299916.36
79305623.1
48209552.34
79503708.11
25211094.17
25607478.93
48129261.06
48250348.03
48171111.11
21906220.4
44028726.3
14601426.58
48196558.54
79503708.11
43410674.44
43966671.62
25715498.6
79284260.0
48015276.81
27352393.35
79220044.61
25729225.0
48247112.2
79506787.05
79114067.64
46579063.11
79109533.79
46598307.7
79227599.12
46299562.18
25640073.96
79503708.11
44134788.15
79359705.09
24097595.57
27443910.57
79299916.36
14600890.39
79109196.14
24167775.83
25619245.76
79503708.11
25836946.16
23896104.74
48252510.35
79432499.05
48015276.81
79359705.09
79402610.17
79506787.05
79227599.12
48252415.72
47985733.97
79227599.12
26034136.46
79351163.03
79351163.03
79180445.09
79319834.73
79604686.27
48458469.53
46567900.11
79319834.73
25619541.03
79291126.06
23678737.28
79359705.09
25456815.61
24203742.88
25831784.49
43341554.92
25517779.48
48435242.57
79291126.06
25923085.62
14513177.4
43782010.14
79109196.14
24852969.92
48222826.6
25689421.26
14608210.18
79305623.1
48050009.59
79299916.36
25022820.37
48205943.44
79180445.09
48355203.69
26035306.23
79351163.03
25015639.13
48301160.48
48240914.31
48052622.03
23452088.57
27529813.22
79381906.53
48297496.68
79109196.14
79291126.06
79073400.18
25817433.1
79291126.06
25619541.03
78808701.19
25634736.31
14667883.5
48196558.54
48151729.06
48005474.87
48408823.95
43502081.16
25384388.64
79227599.12
48234447.67
79319834.73
25609716.7
79305623.1
79320460.98
47975300.47
79227599.12
25847477.8
46824592.26
21701639.08
48386954.38
79073400.18
44018335.49
48355872.7
47726879.17
48379708.64
24101847.06
79319834.73
79604686.27
79432499.05
79320460.98
26017848.58
14522866.49
79284260.0
46141665.86
48151548.03
21698849.7
24088126.01
25695265.89
14597266.54
25675281.93
25233824.52
79370042.67
48512687.64
48222901.75
14600284.31
48319094.2
79381906.53
27365634.77
48232237.57
79506787.05
25492991.28
79299916.36
48078766.86
79109196.14
25820343.36
48062650.11
47728152.63
25615052.26
14514928.0
43525803.61
14597286.27
14590864.02
48258822.11
46480076.91
79291126.06
14521174.58
79370042.67
25628102.0
79227599.12
14611649.19
79109196.14
48177629.33
79604686.27
48163530.9
27533388.76
48209552.34
25612158.21
43852354.58
79114067.64
79220044.61
46710575.85
44067142.39
79402610.17
79381906.53
24101847.06
48360810.14
79109533.79
48035654.18
79109196.14
48096325.37
21823231.6
48268966.28
79116791.37
25923245.97
25533953.84
14601881.33
79370042.67
44067142.39
78808701.19
48170388.43
46586133.59
27662047.92
14502668.06
25696341.65
25815068.74
27627164.78
79299916.36
48408130.98
79506787.05
48071466.46
25607315.6
26035306.23
27731447.89
25428677.27
79109196.14
44390388.78
25365368.49
79291126.06
79402610.17
25526825.87
48300991.47
79073400.18
79114742.1
48288081.83
79220044.61
48002685.11
43536149.33
48182652.12
79114742.1
25835825.56
48199693.1
79109196.14
25920167.31
14596951.39
78808701.19
79432499.05
79220044.61
48046107.88
79370042.67
46501056.33
79359705.09
48248399.88
14517618.64
25526825.87
25689421.26
25611069.85
79180445.09
25675281.93
79114742.1
25847477.8
44144724.73
48152192.22
43428559.58
43555292.99
48249171.12
48318823.48
48408130.98
79402610.17
79381906.53
48005474.87
43666623.42
25533953.84
48139932.64
48297496.68
27522819.57
78808701.19
47932510.76
79320460.98
25426136.22
23527590.95
48422909.5
14581848.59
79359705.09
79604686.27
79073400.18
25597856.04
79381906.53
48184665.04
79114067.64
23619255.88
79402610.17
24596580.2
27634978.87
48355203.69
46056592.55
79319834.73
48463252.95
79402610.17
79291126.06
79180445.09
48308557.8
78808701.19
14662248.25
79305623.1
27532350.92
44225560.46
47970749.77
48038288.13
14601664.26
79320460.98
25876451.57
48064242.46
48151548.03
79109196.14
79506787.05
48209552.34
48118774.58
25478520.63
79114067.64
21756392.91
48270567.72
14589474.9
48401336.98
23977369.3
25526825.87
79299916.36
79432499.05
25527906.97
25818315.72
14514928.0
48217331.29
14668070.8
48207321.89
79305623.1
46480475.98
14611330.49
47970749.77
25728907.28
47986408.27
48064912.01
43343615.96
14668001.58
47779393.05
48332785.34
79114742.1
48150313.45
79114067.64
48268966.28
25528364.05
48233352.63
48086072.9
14521303.96
44167114.63
14517618.64
14518209.18
43524720.1
25538518.99
24088126.01
48205943.44
43543882.58
25755294.37
79319834.73
48460493.62
14522467.44
23845667.61
43674105.86
48000752.36
79305623.1
48023527.9
48202942.89
79305623.1
23632752.44
79220044.61
79381906.53
25476036.6
79503708.11
79506787.05
43363662.11
48268298.09
48294435.32
25817992.89
48407163.65
79073400.18
79109533.79
27605830.16
79299916.36
47973364.41
25437818.5
14521189.23
46525093.85
79351163.03
79180445.09
48301160.48
14510941.71
25848720.01
48235125.23
48181974.56
46574820.46
79351163.03
27529813.22
79320460.98
23508356.0
25443119.16
48067797.33
43972273.57
48308317.55
43418946.46
25535075.09
14518261.66
79114742.1
48170440.58
79116791.37
79305623.1
79381906.53
25634736.31
79370042.67
27747382.17
79359705.09
44027594.32
14673452.43
48311143.99
14662049.82
46415926.55
27335838.0
48078766.86
79109196.14
79291126.06
25400942.12
25817433.1
79180445.09
27734288.34
14659400.37
25637124.4
79114742.1
46483474.16
48314958.38
25727833.28
24101556.33
79109533.79
79299916.36
25739523.74
48097798.8
48102610.77
79351163.03
79319834.73
47986408.27
25621962.61
79109533.79
23957018.22
79109196.14
25485539.01
43543882.58
14591144.05
46722163.28
48249171.12
43567602.29
79299916.36
48196558.54
79291126.06
48172364.97
47992873.18
25016857.81
48035830.68
79604686.27
14581848.59
25611069.85
79370042.67
79351163.03
79114067.64
46483474.16
48114453.63
79180445.09
79381906.53
43098407.25
79114742.1
79503708.11
48268298.09
48043423.35
79109196.14
14604489.88
48044089.28
48098685.82
48224908.78
79503708.11
25019684.29
25599145.54
25633784.64
79503708.11
46141665.86
48394077.08
79220044.61
48223498.4
14604477.31
25724898.86
79305623.1
79220044.61
43558629.13
48450419.54
48113012.76
46569159.22
78808701.19
25848720.01
48376767.66
24315962.68
25728907.28
48435242.57
48323255.19
48166260.55
25805480.15
25715007.33
25628102.0
79359705.09
25637167.91
14523631.99
79227599.12
79506787.05
48244621.04
44229844.69
25638691.77
27616159.59
25699521.49
79114742.1
24012941.67
14664044.55
44029739.72
14608536.34
79227599.12
23762228.97
79180445.09
48184981.44
25821257.39
48439980.83
48057777.96
46482347.62
48153646.07
48356117.27
48179713.95
79305623.1
79432499.05
25835825.56
79114742.1
79402610.17
25838095.68
48376839.34
48064912.01
79220044.61
79180445.09
25728907.28
48152404.3
25696341.65
78808701.19
43522713.41
47970749.77
79073400.18
79284260.0
79284260.0
79503708.11
79402610.17
48335529.13
14592425.74
23846957.83
23762228.97
14518261.66
47740765.46
25610008.68
48454669.87
48302418.82
23904957.85
79114067.64
25400942.12
48222300.7
44110855.98
79604686.27
48164815.26
48434579.96
14589474.9
48149632.84
25815068.74
14518972.66
79180445.09
14513177.4
48138565.47
79381906.53
48056099.98
48270567.72
43341554.92
79291126.06
79114742.1
47776011.61
79506787.05
79432499.05
79114067.64
46824592.26
79319834.73
48202036.62
25528364.05
21698849.7
25121482.89
25633784.64
14593989.97
47990924.71
79305623.1
46480475.98
14671172.33
25890487.99
48518358.74
79114742.1
79432499.05
79299916.36
25621962.61
43930866.7
25437818.5
25654146.71
14597931.35
79299916.36
21546176.8
25211094.17
14518209.18
25751855.69
25455726.36
43428351.64
79381906.53
25623063.11
48021475.97
23737522.58
48062650.11
47968821.43
48182652.12
48151729.06
25614047.6
44360829.44
43346301.47
48041016.37
48019121.93
24874948.76
48408823.95
14522866.49
79503708.11
48339288.39
14604615.1
48223961.94
79506787.05
14521174.58
79109533.79
79359705.09
79604686.27
25622095.22
43407824.19
25598043.54
25200449.36
79351163.03
14510941.71
79114067.64
27365634.77
43525803.61
25506125.24
48303725.54
48376701.7
25538518.99
14513700.54
14598922.49
79291126.06
21823231.6
46401259.66
23466157.74
25726126.91
48321195.67
27485020.73
25591789.79
48203055.07
48206275.93
25627012.37
79432499.05
25599145.54
47793108.46
21676896.97
25510098.07
48172364.97
79320460.98
25631223.54
46586885.66
14515147.75
14513700.54
25722002.78
25763539.2
79503708.11
48118774.58
14660904.09
44249569.62
79114067.64
48061488.23
48000752.36
48358825.4
25535075.09
43640876.09
48314907.31
48023527.9
46299562.18
48048791.58
25490210.46
48046786.44
14511383.91
25739523.74
47726879.17
79432499.05
48248816.31
14593900.69
79109533.79
79114742.1
79109196.14
79227599.12
23705383.17
25808558.67
78808701.19
24314651.42
46406840.12
79284260.0
48308317.55
25808350.81
48205281.46
43248913.65
79114067.64
79114067.64
48225579.31
79506787.05
25627012.37
79319834.73
79319834.73
48261453.27
47968821.43
27681365.58
48249849.99
48314907.31
25499517.29
46316145.97
14592425.74
48046786.44
79220044.61
43782010.14
48041016.37
48237160.09
79503708.11
47726222.08
79503708.11
25555834.86
25597856.04
24203742.88
79109533.79
48303060.75
79402610.17
48308317.55
48179713.95
48323923.39
48038962.43
25686972.94
79116791.37
47983232.21
48117411.13
14604489.88
79299916.36
14668001.58
78808701.19
14526784.78
24930826.06
79114742.1
25706958.02
25428677.27
79503708.11
79506787.05
79109533.79
48373198.94
79114067.64
14594230.52
23896104.74
48087283.18
25620873.72
79299916.36
25804268.9
78808701.19
79351163.03
43950155.7
46610383.2
26032417.32
25621962.61
48614810.46
48359493.54
48307073.33
25427220.4
79109533.79
47778735.96
25479595.57
79506787.05
14518600.41
79116791.37
25628102.0
79220044.61
79284260.0
43752147.85
43322302.99
48380371.26
25071471.51
79109196.14
25926139.49
79220044.61
48204249.22
79432499.05
44229844.69
24813726.18
27388062.93
79381906.53
79073400.18
25453723.95
79370042.67
24315962.68
27757945.88
25693705.17
79320460.98
48229600.85
14598922.49
48183904.63
48224908.78
48164309.57
14598647.94
48170388.43
25623063.11
48171111.11
48172364.97
21503592.58
48302418.82
47740765.46
79432499.05
43428351.64
79109196.14
48202942.89
48196743.82
43912813.51
48388401.97
79299916.36
27504751.99
43981896.59
79319834.73
48444618.72
47778735.96
48315333.98
44282546.49
48181974.56
79291126.06
25533953.84
79109533.79
48194817.56
25627012.37
79320460.98
48410072.84
25838095.68
48315333.98
79402610.17
79319834.73
48167113.04
79432499.05
48323255.19
48422909.5
47983232.21
14515458.58
79109533.79
48048046.64
48430090.15
21689050.38
48172344.05
25732201.44
79604686.27
23209870.67
48087283.18
43952291.21
79227599.12
48380371.26
48225579.31
25796311.86
25397709.55
48162853.43
48166260.55
48195496.44
14664229.1
79220044.61
46376731.43
43226671.56
48045458.41
27694855.08
79402610.17
25526825.87
25838095.68
79291126.06
79305623.1
43981896.59
14592255.43
79227599.12
43526050.01
14517618.64
48162853.43
79319834.73
79227599.12
14526534.55
24167775.83
43621194.85
48194817.56
79381906.53
14511383.91
48134807.33
79351163.03
25790991.54
79320460.98
46631469.71
79284260.0
48196558.54
48301520.63
14659044.01
79305623.1
14514928.0
46567900.11
25555834.86
48100201.35
25578553.95
79220044.61
43616830.23
78808701.19
46684702.9
27533036.51
14592466.72
47740765.46
14674089.79
25752937.38
79503708.11
48358882.26
43437322.87
25686972.94
79073400.18
14668422.96
48028729.7
14672624.47
79220044.61
48246145.34
14668749.96
48454669.87
79227599.12
48038288.13
79370042.67
48024189.5
48150313.45
43592787.63
25292874.95
48462559.99
79305623.1
48001416.97
48152712.73
48167113.04
79359705.09
25528364.05
79114067.64
46664516.22
79319834.73
48301656.27
79284260.0
79359705.09
48248816.31
79351163.03
48240914.31
48055435.37
79604686.27
79320460.98
79299916.36
47987623.06
14510674.76
14515458.58
44176156.48
23684691.17
48215946.67
43679104.21
46795966.09
79227599.12
47726222.08
48172344.05
48506797.03
44037020.72
25640073.96
79114742.1
79073400.18
25688316.04
46493402.02
79370042.67
79604686.27
79114067.64
79114067.64
43453004.8
27540238.92
79220044.61
48164815.26
79319834.73
14593900.69
79114742.1
14597931.35
25908801.89
27701932.17
79432499.05
48181974.56
25715498.6
48237160.09
46415926.55
48206956.1
26017848.58
47781404.43
14521303.96
79284260.0
48154630.98
25019381.26
48474846.92
79320460.98
23698562.62
48433216.5
79299916.36
23436026.87
25541501.35
48219656.91
47726879.17
21700914.35
79284260.0
25489503.6
48373198.94
79291126.06
48184947.05
27427176.77
48048118.67
48152712.73
25465048.95
48060747.35
25837024.66
48410072.84
27662047.92
48232237.57
25726126.91
21762015.15
48100201.35
79227599.12
79109533.79
48040353.87
79381906.53
79351163.03
79109196.14
48151729.06
25688316.04
79381906.53
48356336.13
25453723.95
48291628.41
25702088.37
48184947.05
48022137.57
25620873.72
79284260.0
25831784.49
14515147.75
48381602.63
79370042.67
47728152.63
78808701.19
44134788.15
79402610.17
48116762.14
79370042.67
46717413.44
79359705.09
79114067.64
48026693.02
79284260.0
25676366.59
24994945.34
43346301.47
79073400.18
14518600.41
48321195.67
25016857.81
14604477.31
43707050.42
27448530.37
25678014.86
79114067.64
25870601.24
79109533.79
25418062.8
44110855.98
25932961.51
79604686.27
79370042.67
43592787.63
48167113.04
23934959.8
79402610.17
79116791.37
79604686.27
79503708.11
43954954.31
24005082.55
48216391.7
48460493.62
44163750.46
79114742.1
14522467.44
48367537.6
43852354.58
48177629.33
48306405.19
79180445.09
79299916.36
79381906.53
48388401.97
48048791.58
25825165.14
14595423.83
25883467.75
79604686.27
25284012.47
27533036.51
14589288.19
48152404.3
46599243.42
48432553.89
48355872.7
43409769.05
79351163.03
47991590.64
21546176.8
79506787.05
23678737.28
78808701.19
79116791.37
48236482.53
14594761.26
48002685.11
79291126.06
48064242.46
27109379.27
25703302.63
46462190.43
48184947.05
14518209.18
43640876.09
79305623.1
79073400.18
79109196.14
25802042.73
14526534.55
47992873.18
48300491.46
21697029.62
25612158.21
25071471.51
25696640.26
43440152.7
48268966.28
43930866.7
79359705.09
27701932.17
48298895.25
48114453.63
48361478.28
79180445.09
79073400.18
14594761.26
48023661.72
48307073.33
79506787.05
48215269.21
79503708.11
48320819.47
24174509.32
79604686.27
48044082.58
14604436.94
21697029.62
43231418.83
27625716.88
47990924.71
27843762.32
79116791.37
79351163.03
25701072.27
79359705.09
79284260.0
44287610.31
25527906.97
21582582.71
25620627.23
79506787.05
48067797.33
79381906.53
79319834.73
79073400.18
25869416.07
47863952.58
79381906.53
48119444.13
48320903.47
79114742.1
79291126.06
14671270.44
79604686.27
25591789.79
25455726.36
14515458.58
44152322.92
21616018.19
79073400.18
25628102.0
46378339.93
79180445.09
48218008.76
25443119.16
27423792.85
24874948.76
79402610.17
25610008.68
79227599.12
79402610.17
14522467.44
79381906.53
47986408.27
14607554.59
48064242.46
25886430.95
48000343.91
48116762.14
25284012.47
23996455.67
24822839.38
23543945.33
79432499.05
21528852.22
79073400.18
47983232.21
25775688.02
79109196.14
25621497.63
14601555.46
79370042.67
79320460.98
48268298.09
47726222.08
48394077.08
43952291.21
25675281.93
25688316.04
48288081.83
79114067.64
48247791.07
79109533.79
23436026.87
79506787.05
27731447.89
25816316.31
27109379.27
27633054.89
48064242.46
43098407.25
79299916.36
48040342.07
79319834.73
14518467.69
25706958.02
14579028.09
14521174.58
44360829.44
14671204.57
79220044.61
25621713.86
48216391.7
48444618.72
79114067.64
43421119.62
79114067.64
79227599.12
79116791.37
25498424.15
78808701.19
23527590.95
25562469.42
43231418.83
47992873.18
79220044.61
27443910.57
43840116.31
48319094.2
25676366.59
79351163.03
25442039.58
48204076.76
25905855.82
24813726.18
79299916.36
23977369.3
25634736.31
48048046.64
23452088.57
79180445.09
48268966.28
23628804.85
79109533.79
47974037.61
25124371.99
43522713.41
24012941.67
79116791.37
14658721.42
79114742.1
25624163.92
25516689.54
27528467.5
79402610.17
24097595.57
25517779.48
78808701.19
79109196.14
43621194.85
79604686.27
79320460.98
44176156.48
79604686.27
14518972.66
48162853.43
27532350.92
48309453.75
44275046.9
79320460.98
79604686.27
43526050.01
79351163.03
14608210.18
48040980.61
25200449.36
25752937.38
27507942.92
79299916.36
48135568.12
48097798.8
79109533.79
79381906.53
79503708.11
48250348.03
48321863.87
43564352.97
79370042.67
48236482.53
43637414.81
25696640.26
25489879.49
48282743.57
25467406.13
25702723.82
79073400.18
46660222.63
43357881.58
79291126.06
23619255.88
79109196.14
48066168.38
48000343.91
48218008.76
79109196.14
25624407.69
48223961.94
23996455.67
48205281.46
47987623.06
48358045.72
48220368.62
79073400.18
79109533.79
48296813.22
46463291.89
24822839.38
79284260.0
47974037.61
48064912.01
24914408.18
25199389.1
79291126.06
46722163.28
14668749.96
43502081.16
47969483.03
79109533.79
25562469.42
25623063.11
46586133.59
79116791.37
48171060.24
79381906.53
46525093.85
79073400.18
48183904.63
44016379.47
48430090.15
48046107.88
25490210.46
43555292.99
26032417.32
78808701.19
48244243.05
79320460.98
79319834.73
14513700.54
48518358.74
48206956.1
48171060.24
48164309.57
79305623.1
43966671.62
48155931.29
48078766.86
79116791.37
21802186.34
14602984.72
79432499.05
24105065.7
79359705.09
79073400.18
79109533.79
14593989.97
14598699.1
79320460.98
48202036.62
47932510.76
48102610.77
48381602.63
79506787.05
46304071.03
79359705.09
14658721.42
25638691.77
48139932.64
14526784.78
25728907.28
48204076.76
48422909.5
78808701.19
24914408.18
43420123.46
25623175.69
14593966.14
79109533.79
79359705.09
48207983.88
48258822.11
48184947.05
79114742.1
79180445.09
79220044.61
79109196.14
24922697.98
46501437.95
79220044.61
25779443.06
25739523.74
46385064.3
27535755.6
48223365.02
24314651.42
48182652.12
79503708.11
48244926.5
48371249.01
26017554.98
79351163.03
14526534.55
48201921.82
21701639.08
79291126.06
47975300.47
79351163.03
44115071.79
46565583.39
46579013.06
79432499.05
79320460.98
25790991.54
48060747.35
25736725.11
25416986.97
79503708.11
21610251.35
21906220.4
79503708.11
25456815.61
14588264.06
25085509.46
48320903.47
79305623.1
79114067.64
27747382.17
48299578.7
79319834.73
27408397.91
78808701.19
48249064.68
25211094.17
79227599.12
79305623.1
25632557.19
79220044.61
48062650.11
25699982.76
48250348.03
25066563.73
79351163.03
79180445.09
46416646.93
79109196.14
43752147.85
79370042.67
79381906.53
79506787.05
79604686.27
46321438.41
79506787.05
79114742.1
79299916.36
27633054.89
48306405.19
27528467.5
79432499.05
25516689.54
25499517.29
25492991.28
48249064.68
14517618.64
79299916.36
79503708.11
25822244.42
25497612.24
79319834.73
79381906.53
25819225.76
79351163.03
47973364.41
25510098.07
47985733.97
48199693.1
48250348.03
48290358.12
25598043.54
14522866.49
46316145.97
25545607.76
79109196.14
14664229.1
79116791.37
79370042.67
27327500.63
79284260.0
79220044.61
25497612.24
14671204.57
46500820.16
48394077.08
25426136.22
79109533.79
46493402.02
25699982.76
25085509.46
25696341.65
48433216.5
79227599.12
43440152.7
79227599.12
14605934.65
78808701.19
23684691.17
25517779.48
79604686.27
23921280.18
44048654.91
43343615.96
25620627.23
48163530.9
25394846.13
48015276.81
25690056.57
48114989.51
79116791.37
79116791.37
25725041.25
25199389.1
48066168.38
79432499.05
79319834.73
25486821.36
79180445.09
79114067.64
79320460.98
23508356.0
43418946.46
48152712.73
48153374.71
79109196.14
79109196.14
79180445.09
44151606.01
48263005.56
43304121.03
79073400.18
48458469.53
14608536.34
48218599.86
14668210.91
79180445.09
43524720.1
27734288.34
21513868.26
25674021.9
47968821.43
79073400.18
48062650.11
79114742.1
44037044.73
79116791.37
79370042.67
25479595.57
48140628.65
14598647.94
79370042.67
79604686.27
48248399.88
79359705.09
79284260.0
43458511.79
27616159.59
25808113.97
25837024.66
14666961.12
48359493.54
25498424.15
14649322.95
79114742.1
14597266.54
79432499.05
25701072.27
23904957.85
48152712.73
23734559.33
14512328.64
25825165.14
79402610.17
48154630.98
48291905.11
48202717.22
79116791.37
43914626.5
48270199.4
25527906.97
79351163.03
48056360.07
25621713.86
48137869.47
79073400.18
79284260.0
79402610.17
79291126.06
48164309.57
48308557.8
14667883.5
25752937.38
48197229.42
48307073.33
79073400.18
79351163.03
79503708.11
25779443.06
27629552.53
79116791.37
25527906.97
78808701.19
48170388.43
48046107.88
25624407.69
25801100.55
25835825.56
43305979.31
14518972.78
79180445.09
79359705.09
23934959.8
14596872.78
79503708.11
48222300.7
46738715.53
79114067.64
27535755.6
48048046.64
14666961.12
48263005.56
79320460.98
48303725.54
25659737.02
27681365.58
79180445.09
44246140.98
25456815.61
46631469.71
25092238.65
48294435.32
25558994.87
79299916.36
48258822.11
48053431.8
14678180.19
21756392.91
48407163.65
47990924.71
78808701.19
79402610.17
25610008.68
14677914.34
79305623.1
48240932.94
79116791.37
25610008.68
25392955.68
79402610.17
43421119.62
48140628.65
25801100.55
25019381.26
14518467.69
79402610.17
48382716.24
79220044.61
43536149.33
79319834.73
79284260.0
44282546.49
79305623.1
79305623.1
48270199.4
79116791.37
48101425.64
79180445.09
44144724.73
79227599.12
48408823.95
25689421.26
48086072.9
47728152.63
79220044.61
48040353.87
48040342.07
48101291.51
14600890.39
25732201.44
14600284.31
48394077.08
79073400.18
43409769.05
14510674.76
79503708.11
48217331.29
79506787.05
25695265.89
79116791.37
79305623.1
24098926.0
79227599.12
48028056.5
24852969.92
78808701.19
79320460.98
48000343.91
79370042.67
79381906.53
25623100.51
14593966.14
48237185.57
27637623.69
79180445.09
79291126.06
43707050.42
79503708.11
79114742.1
43666623.42
79402610.17
14521174.58
25598043.54
48194817.56
79114067.64
46480076.91
48380371.26
48356336.13
48185614.34
48252415.72
48150313.45
48318823.48
48071466.46
48311143.99
78808701.19
79114067.64
47987623.06
79073400.18
79503708.11
79073400.18
27540238.92
79351163.03
25736725.11
79506787.05
79604686.27
14518600.41
43950155.7
25486821.36
79109196.14
79432499.05
48151729.06
48446910.71
79402610.17
48225550.66
79359705.09
21769349.04
48323923.39
79381906.53
48085376.9
79370042.67
25699521.49
25632557.19
48101425.64
25947164.08
48450618.54
48353835.92
79351163.03
79114742.1
79109533.79
47793108.46
79359705.09
43567602.29
27628257.11
79116791.37
14526534.55
48164815.26
14601664.26
25437818.5
48215269.21
14518261.66
79109533.79
25837024.66
79351163.03
25620873.72
14606886.82
48303060.75
79319834.73
46394872.26
48167113.04
79432499.05
79114067.64
24105065.7
14521303.96
14521303.96
43542981.47
48220731.28
48361478.28
79073400.18
48320903.47
21610251.35
25703926.78
48300491.46
48462559.99
25467406.13
79320460.98
25621713.86
48021475.97
79432499.05
47985733.97
48367537.6
48099364.37
47780747.34
25848720.01
46738715.53
48246145.34
79432499.05
79370042.67
79299916.36
48222901.75
48139004.51
79319834.73
25715007.33
79320460.98
79116791.37
25615052.26
25455726.36
79109533.79
14512328.64
21791983.81
25516689.54
48086072.9
48177629.33
79320460.98
79503708.11
79506787.05
79432499.05
79227599.12
48171111.11
47796780.82
48335529.13
79503708.11
79284260.0
48291628.41
79402610.17
79319834.73
48244243.05
79432499.05
25442039.58
48151548.03
79220044.61
14502668.06
79114067.64
79114067.64
79320460.98
25510098.07
79432499.05
25654146.71
14579028.09
25886430.95
47863952.58
79506787.05
79114067.64
79109196.14
14668070.8
14601672.11
44016379.47
48118623.5
48265183.3
48290358.12
79180445.09
48301160.48
47992873.18
25006070.55
79503708.11
47726222.08
