2.714194230568750250e-05
3.350857074776233066e-07
2.714194230568750250e-05
1.978647594084620084e-02
2.442774807511876038e-04
2.714194230568750250e-05
2.198497326760688597e-03
1.978647594084620084e-02
2.442774807511876038e-04
3.015771367298610872e-06
3.015771367298610872e-06
2.198497326760688597e-03
2.714194230568750250e-05
2.714194230568750250e-05
2.442774807511876038e-04
2.442774807511876038e-04
2.714194230568750250e-05
2.442774807511876038e-04
2.714194230568750250e-05
2.442774807511876038e-04
3.015771367298610872e-06
2.442774807511876038e-04
3.015771367298610872e-06
3.015771367298610872e-06
2.442774807511876038e-04
2.714194230568750250e-05
2.714194230568750250e-05
2.442774807511876038e-04
2.714194230568750250e-05
2.442774807511876038e-04
1.780782834676158666e-01
1.978647594084620084e-02
2.442774807511876038e-04
2.442774807511876038e-04
2.198497326760688597e-03
2.714194230568750250e-05
3.015771367298610872e-06
3.015771367298610872e-06
2.442774807511876038e-04
2.714194230568750250e-05
2.714194230568750250e-05
3.015771367298610872e-06
2.714194230568750250e-05
2.442774807511876038e-04
3.350857074776233066e-07
1.978647594084620084e-02
2.198497326760688597e-03
2.714194230568750250e-05
2.442774807511876038e-04
2.442774807511876038e-04
2.714194230568750250e-05
2.714194230568750250e-05
2.198497326760688597e-03
2.714194230568750250e-05
3.015771367298610872e-06
3.350857074776233066e-07
1.978647594084620084e-02
3.015771367298610872e-06
2.198497326760688597e-03
2.442774807511876038e-04
2.442774807511876038e-04
2.714194230568750250e-05
2.442774807511876038e-04
3.015771367298610872e-06
2.714194230568750250e-05
1.978647594084620084e-02
2.714194230568750250e-05
2.442774807511876038e-04
2.714194230568750250e-05
2.714194230568750250e-05
2.442774807511876038e-04
2.714194230568750250e-05
2.714194230568750250e-05
3.350857074776233066e-07
2.198497326760688597e-03
2.442774807511876038e-04
2.442774807511876038e-04
3.015771367298610872e-06
3.350857074776233066e-07
3.350857074776233066e-07
2.442774807511876038e-04
3.015771367298610872e-06
2.198497326760688597e-03
2.442774807511876038e-04
2.442774807511876038e-04
2.714194230568750250e-05
2.714194230568750250e-05
2.442774807511876038e-04
2.198497326760688597e-03
1.978647594084620084e-02
2.198497326760688597e-03
1.978647594084620084e-02
1.978647594084620084e-02
2.714194230568750250e-05
2.442774807511876038e-04
3.015771367298610872e-06
2.442774807511876038e-04
2.198497326760688597e-03
3.015771367298610872e-06
2.442774807511876038e-04
2.198497326760688597e-03
2.442774807511876038e-04
3.350857074776233066e-07
2.714194230568750250e-05
2.714194230568750250e-05
3.015771367298610872e-06
2.714194230568750250e-05
3.015771367298610872e-06
2.714194230568750250e-05
2.714194230568750250e-05
2.714194230568750250e-05
2.442774807511876038e-04
2.442774807511876038e-04
3.015771367298610872e-06
2.442774807511876038e-04
2.442774807511876038e-04
1.978647594084620084e-02
2.198497326760688597e-03
2.442774807511876038e-04
2.442774807511876038e-04
2.198497326760688597e-03
2.198497326760688597e-03
2.442774807511876038e-04
2.714194230568750250e-05
2.714194230568750250e-05
2.714194230568750250e-05
3.015771367298610872e-06
2.442774807511876038e-04
2.714194230568750250e-05
2.714194230568750250e-05
2.442774807511876038e-04
2.714194230568750250e-05
2.198497326760688597e-03
2.442774807511876038e-04
1.780782834676158666e-01
2.442774807511876038e-04
2.714194230568750250e-05
2.714194230568750250e-05
3.350857074776233066e-07
2.198497326760688597e-03
2.714194230568750250e-05
2.714194230568750250e-05
2.442774807511876038e-04
2.442774807511876038e-04
2.714194230568750250e-05
2.714194230568750250e-05
1.978647594084620084e-02
2.714194230568750250e-05
3.350857074776233066e-07
2.714194230568750250e-05
3.015771367298610872e-06
3.015771367298610872e-06
2.714194230568750250e-05
2.442774807511876038e-04
2.714194230568750250e-05
2.442774807511876038e-04
2.198497326760688597e-03
2.714194230568750250e-05
2.442774807511876038e-04
2.714194230568750250e-05
3.015771367298610872e-06
1.978647594084620084e-02
2.442774807511876038e-04
2.198497326760688597e-03
3.015771367298610872e-06
3.015771367298610872e-06
2.442774807511876038e-04
2.714194230568750250e-05
3.015771367298610872e-06
2.442774807511876038e-04
2.714194230568750250e-05
3.015771367298610872e-06
1.978647594084620084e-02
3.015771367298610872e-06
3.350857074776233066e-07
3.015771367298610872e-06
2.442774807511876038e-04
3.350857074776233066e-07
2.442774807511876038e-04
1.978647594084620084e-02
2.714194230568750250e-05
2.442774807511876038e-04
2.442774807511876038e-04
2.198497326760688597e-03
1.978647594084620084e-02
2.714194230568750250e-05
2.198497326760688597e-03
3.350857074776233066e-07
2.198497326760688597e-03
3.350857074776233066e-07
3.350857074776233066e-07
3.015771367298610872e-06
2.442774807511876038e-04
2.442774807511876038e-04
3.350857074776233066e-07
2.714194230568750250e-05
2.442774807511876038e-04
2.714194230568750250e-05
2.714194230568750250e-05
3.723174527529147190e-08
2.198497326760688597e-03
3.350857074776233066e-07
2.714194230568750250e-05
2.198497326760688597e-03
3.015771367298610872e-06
2.714194230568750250e-05
2.442774807511876038e-04
3.015771367298610872e-06
2.714194230568750250e-05
2.442774807511876038e-04
2.442774807511876038e-04
1.978647594084620084e-02
2.442774807511876038e-04
2.714194230568750250e-05
3.015771367298610872e-06
2.714194230568750250e-05
3.015771367298610872e-06
1.780782834676158666e-01
3.350857074776233066e-07
2.198497326760688597e-03
2.714194230568750250e-05
2.714194230568750250e-05
2.198497326760688597e-03
2.442774807511876038e-04
2.198497326760688597e-03
3.350857074776233066e-07
2.714194230568750250e-05
2.442774807511876038e-04
3.015771367298610872e-06
2.714194230568750250e-05
3.015771367298610872e-06
2.442774807511876038e-04
3.015771367298610872e-06
2.198497326760688597e-03
2.714194230568750250e-05
2.442774807511876038e-04
2.442774807511876038e-04
2.714194230568750250e-05
2.714194230568750250e-05
1.978647594084620084e-02
1.978647594084620084e-02
2.442774807511876038e-04
2.442774807511876038e-04
2.714194230568750250e-05
3.350857074776233066e-07
2.198497326760688597e-03
2.198497326760688597e-03
2.198497326760688597e-03
2.442774807511876038e-04
2.198497326760688597e-03
2.714194230568750250e-05
2.714194230568750250e-05
3.015771367298610872e-06
1.978647594084620084e-02
2.442774807511876038e-04
2.442774807511876038e-04
