7.916217103720029767e-05
7.916217103720029767e-05
8.795796781911142115e-06
7.916217103720029767e-05
5.770922268611904798e-02
6.412135854013226686e-03
7.124595393348028688e-04
6.412135854013226686e-03
8.795796781911142115e-06
8.795796781911142115e-06
6.412135854013226686e-03
7.124595393348028688e-04
7.916217103720029767e-05
6.412135854013226686e-03
5.770922268611904798e-02
7.124595393348028688e-04
7.916217103720029767e-05
6.412135854013226686e-03
7.916217103720029767e-05
9.773107535456820102e-07
7.916217103720029767e-05
7.916217103720029767e-05
6.412135854013226686e-03
7.916217103720029767e-05
7.916217103720029767e-05
7.124595393348028688e-04
7.916217103720029767e-05
7.124595393348028688e-04
6.412135854013226686e-03
7.124595393348028688e-04
9.773107535456820102e-07
7.124595393348028688e-04
7.916217103720029767e-05
8.795796781911142115e-06
7.916217103720029767e-05
7.124595393348028688e-04
7.124595393348028688e-04
8.795796781911142115e-06
7.916217103720029767e-05
7.916217103720029767e-05
5.770922268611904798e-02
7.124595393348028688e-04
6.412135854013226686e-03
9.773107535456820102e-07
7.916217103720029767e-05
7.124595393348028688e-04
9.773107535456820102e-07
7.916217103720029767e-05
7.916217103720029767e-05
7.124595393348028688e-04
8.795796781911142115e-06
6.412135854013226686e-03
7.916217103720029767e-05
7.124595393348028688e-04
8.795796781911142115e-06
7.124595393348028688e-04
7.916217103720029767e-05
6.412135854013226686e-03
7.124595393348028688e-04
7.124595393348028688e-04
9.773107535456820102e-07
7.916217103720029767e-05
7.916217103720029767e-05
7.916217103720029767e-05
7.916217103720029767e-05
6.412135854013226686e-03
8.795796781911142115e-06
7.124595393348028688e-04
7.916217103720029767e-05
7.124595393348028688e-04
6.412135854013226686e-03
8.795796781911142115e-06
8.795796781911142115e-06
7.124595393348028688e-04
7.124595393348028688e-04
6.412135854013226686e-03
6.412135854013226686e-03
6.412135854013226686e-03
7.124595393348028688e-04
7.916217103720029767e-05
5.193830041750716608e-01
6.412135854013226686e-03
7.124595393348028688e-04
5.770922268611904798e-02
7.916217103720029767e-05
7.916217103720029767e-05
7.916217103720029767e-05
5.770922268611904798e-02
7.124595393348028688e-04
7.916217103720029767e-05
9.773107535456820102e-07
5.770922268611904798e-02
7.916217103720029767e-05
8.795796781911142115e-06
6.412135854013226686e-03
6.412135854013226686e-03
