5.080006266037903677e-05
4.114805075490703123e-03
4.572005639434113919e-04
5.080006266037903677e-05
4.572005639434113919e-04
6.271612674120865077e-07
4.572005639434113919e-04
5.080006266037903677e-05
3.703324567941633505e-02
4.572005639434113919e-04
5.080006266037903677e-05
4.572005639434113919e-04
5.080006266037903677e-05
4.114805075490703123e-03
4.114805075490703123e-03
4.114805075490703123e-03
5.080006266037903677e-05
4.572005639434113919e-04
4.114805075490703123e-03
5.644451406708780263e-06
5.644451406708780263e-06
3.703324567941633505e-02
4.114805075490703123e-03
6.271612674120865077e-07
4.114805075490703123e-03
5.644451406708780263e-06
5.080006266037903677e-05
5.080006266037903677e-05
5.080006266037903677e-05
5.080006266037903677e-05
4.572005639434113919e-04
4.572005639434113919e-04
4.114805075490703123e-03
4.114805075490703123e-03
3.703324567941633505e-02
4.572005639434113919e-04
4.572005639434113919e-04
5.080006266037903677e-05
4.114805075490703123e-03
4.114805075490703123e-03
5.644451406708780263e-06
4.114805075490703123e-03
4.572005639434113919e-04
4.572005639434113919e-04
4.572005639434113919e-04
4.572005639434113919e-04
4.114805075490703123e-03
5.080006266037903677e-05
4.572005639434113919e-04
6.968458526800959726e-08
4.114805075490703123e-03
4.114805075490703123e-03
5.644451406708780263e-06
4.572005639434113919e-04
5.644451406708780263e-06
5.080006266037903677e-05
5.080006266037903677e-05
5.644451406708780263e-06
3.703324567941633505e-02
6.271612674120865077e-07
5.644451406708780263e-06
6.271612674120865077e-07
4.572005639434113919e-04
3.703324567941633505e-02
5.644451406708780263e-06
5.080006266037903677e-05
5.080006266037903677e-05
5.644451406708780263e-06
5.644451406708780263e-06
5.080006266037903677e-05
5.080006266037903677e-05
4.572005639434113919e-04
5.080006266037903677e-05
5.644451406708780263e-06
4.572005639434113919e-04
5.644451406708780263e-06
5.080006266037903677e-05
5.080006266037903677e-05
6.271612674120865077e-07
4.114805075490703123e-03
4.572005639434113919e-04
4.114805075490703123e-03
5.644451406708780263e-06
4.572005639434113919e-04
5.080006266037903677e-05
4.572005639434113919e-04
4.572005639434113919e-04
5.080006266037903677e-05
4.572005639434113919e-04
5.080006266037903677e-05
5.080006266037903677e-05
5.080006266037903677e-05
5.080006266037903677e-05
6.271612674120865077e-07
5.080006266037903677e-05
3.703324567941633505e-02
4.572005639434113919e-04
4.114805075490703123e-03
4.572005639434113919e-04
5.644451406708780263e-06
4.572005639434113919e-04
4.114805075490703123e-03
5.080006266037903677e-05
6.271612674120865077e-07
3.703324567941633505e-02
3.703324567941633505e-02
5.080006266037903677e-05
6.271612674120865077e-07
4.572005639434113919e-04
4.572005639434113919e-04
5.080006266037903677e-05
5.644451406708780263e-06
5.644451406708780263e-06
4.114805075490703123e-03
5.644451406708780263e-06
4.572005639434113919e-04
5.644451406708780263e-06
5.080006266037903677e-05
5.080006266037903677e-05
4.572005639434113919e-04
4.114805075490703123e-03
3.703324567941633505e-02
5.080006266037903677e-05
5.080006266037903677e-05
4.572005639434113919e-04
5.080006266037903677e-05
5.080006266037903677e-05
5.644451406708780263e-06
4.572005639434113919e-04
4.572005639434113919e-04
3.703324567941633505e-02
5.644451406708780263e-06
5.644451406708780263e-06
4.572005639434113919e-04
5.644451406708780263e-06
4.114805075490703123e-03
5.644451406708780263e-06
5.644451406708780263e-06
5.080006266037903677e-05
4.572005639434113919e-04
3.703324567941633505e-02
5.080006266037903677e-05
4.114805075490703123e-03
5.644451406708780263e-06
4.572005639434113919e-04
5.080006266037903677e-05
5.080006266037903677e-05
4.572005639434113919e-04
3.703324567941633505e-02
4.572005639434113919e-04
5.080006266037903677e-05
5.080006266037903677e-05
5.644451406708780263e-06
5.644451406708780263e-06
6.271612674120865077e-07
4.572005639434113919e-04
6.968458526800959726e-08
4.114805075490703123e-03
5.080006266037903677e-05
5.080006266037903677e-05
6.271612674120865077e-07
5.644451406708780263e-06
5.080006266037903677e-05
4.572005639434113919e-04
4.572005639434113919e-04
4.114805075490703123e-03
5.080006266037903677e-05
3.703324567941633505e-02
4.572005639434113919e-04
5.644451406708780263e-06
4.114805075490703123e-03
4.114805075490703123e-03
5.080006266037903677e-05
4.572005639434113919e-04
4.114805075490703123e-03
3.332992111147471403e-01
5.080006266037903677e-05
4.572005639434113919e-04
5.080006266037903677e-05
5.644451406708780263e-06
4.572005639434113919e-04
5.644451406708780263e-06
5.644451406708780263e-06
5.644451406708780263e-06
3.703324567941633505e-02
4.572005639434113919e-04
5.080006266037903677e-05
5.644451406708780263e-06
5.080006266037903677e-05
4.114805075490703123e-03
4.114805075490703123e-03
4.572005639434113919e-04
