7.234680162828528865e-06
8.038533514253917196e-07
8.038533514253917196e-07
6.511212146545677503e-05
5.860090931891111243e-04
6.511212146545677503e-05
6.511212146545677503e-05
7.234680162828528865e-06
7.234680162828528865e-06
6.511212146545677503e-05
5.860090931891111243e-04
6.511212146545677503e-05
7.234680162828528865e-06
6.511212146545677503e-05
6.511212146545677503e-05
6.511212146545677503e-05
5.860090931891111243e-04
5.860090931891111243e-04
4.272006289348622698e-01
5.860090931891111243e-04
4.746673654831801148e-02
5.860090931891111243e-04
7.234680162828528865e-06
7.234680162828528865e-06
5.860090931891111243e-04
6.511212146545677503e-05
5.274081838702000986e-03
7.234680162828528865e-06
6.511212146545677503e-05
6.511212146545677503e-05
5.860090931891111243e-04
6.511212146545677503e-05
5.860090931891111243e-04
8.038533514253917196e-07
7.234680162828528865e-06
5.274081838702000986e-03
7.234680162828528865e-06
4.746673654831801148e-02
7.234680162828528865e-06
5.274081838702000986e-03
5.860090931891111243e-04
6.511212146545677503e-05
4.746673654831801148e-02
7.234680162828528865e-06
6.511212146545677503e-05
8.038533514253917196e-07
7.234680162828528865e-06
5.274081838702000986e-03
6.511212146545677503e-05
5.860090931891111243e-04
5.860090931891111243e-04
8.038533514253917196e-07
5.274081838702000986e-03
5.860090931891111243e-04
6.511212146545677503e-05
6.511212146545677503e-05
5.860090931891111243e-04
8.038533514253917196e-07
8.038533514253917196e-07
6.511212146545677503e-05
5.274081838702000986e-03
5.860090931891111243e-04
5.860090931891111243e-04
6.511212146545677503e-05
5.274081838702000986e-03
6.511212146545677503e-05
5.860090931891111243e-04
7.234680162828528865e-06
8.038533514253917196e-07
5.860090931891111243e-04
5.274081838702000986e-03
5.274081838702000986e-03
7.234680162828528865e-06
5.860090931891111243e-04
7.234680162828528865e-06
6.511212146545677503e-05
5.274081838702000986e-03
6.511212146545677503e-05
5.274081838702000986e-03
6.511212146545677503e-05
5.274081838702000986e-03
5.274081838702000986e-03
7.234680162828528865e-06
6.511212146545677503e-05
5.860090931891111243e-04
5.860090931891111243e-04
5.860090931891111243e-04
5.274081838702000986e-03
7.234680162828528865e-06
5.860090931891111243e-04
6.511212146545677503e-05
5.860090931891111243e-04
7.234680162828528865e-06
6.511212146545677503e-05
7.234680162828528865e-06
5.860090931891111243e-04
5.860090931891111243e-04
5.274081838702000986e-03
6.511212146545677503e-05
7.234680162828528865e-06
6.511212146545677503e-05
5.860090931891111243e-04
5.860090931891111243e-04
5.860090931891111243e-04
5.860090931891111243e-04
6.511212146545677503e-05
5.860090931891111243e-04
4.746673654831801148e-02
5.860090931891111243e-04
5.860090931891111243e-04
5.274081838702000986e-03
4.746673654831801148e-02
6.511212146545677503e-05
4.746673654831801148e-02
6.511212146545677503e-05
5.274081838702000986e-03
7.234680162828528865e-06
5.860090931891111243e-04
7.234680162828528865e-06
4.746673654831801148e-02
6.511212146545677503e-05
5.860090931891111243e-04
7.234680162828528865e-06
5.860090931891111243e-04
5.860090931891111243e-04
5.860090931891111243e-04
5.860090931891111243e-04
8.038533514253917196e-07
6.511212146545677503e-05
5.274081838702000986e-03
5.274081838702000986e-03
5.860090931891111243e-04
6.511212146545677503e-05
6.511212146545677503e-05
7.234680162828528865e-06
6.511212146545677503e-05
6.511212146545677503e-05
7.234680162828528865e-06
5.860090931891111243e-04
5.860090931891111243e-04
6.511212146545677503e-05
5.274081838702000986e-03
5.274081838702000986e-03
7.234680162828528865e-06
4.746673654831801148e-02
6.511212146545677503e-05
6.511212146545677503e-05
5.860090931891111243e-04
6.511212146545677503e-05
6.511212146545677503e-05
6.511212146545677503e-05
8.038533514253917196e-07
6.511212146545677503e-05
5.860090931891111243e-04
7.234680162828528865e-06
5.274081838702000986e-03
5.860090931891111243e-04
6.511212146545677503e-05
4.746673654831801148e-02
6.511212146545677503e-05
