9.578001515896470558e-04
8.620201364306825237e-03
9.578001515896470558e-04
1.064222390655163169e-04
1.064222390655163169e-04
1.313854803277978513e-06
1.313854803277978513e-06
1.064222390655163169e-04
1.064222390655163169e-04
9.578001515896470558e-04
9.578001515896470558e-04
1.182469322950180979e-05
1.182469322950180979e-05
9.578001515896470558e-04
9.578001515896470558e-04
9.578001515896470558e-04
1.064222390655163169e-04
1.182469322950180979e-05
9.578001515896470558e-04
1.182469322950180979e-05
9.578001515896470558e-04
8.620201364306825237e-03
1.182469322950180979e-05
1.064222390655163169e-04
1.064222390655163169e-04
9.578001515896470558e-04
7.758181227876143060e-02
9.578001515896470558e-04
1.064222390655163169e-04
8.620201364306825237e-03
8.620201364306825237e-03
9.578001515896470558e-04
1.313854803277978513e-06
1.182469322950180979e-05
1.064222390655163169e-04
8.620201364306825237e-03
1.182469322950180979e-05
1.313854803277978513e-06
1.064222390655163169e-04
1.064222390655163169e-04
1.064222390655163169e-04
1.182469322950180979e-05
1.064222390655163169e-04
1.064222390655163169e-04
1.064222390655163169e-04
9.578001515896470558e-04
9.578001515896470558e-04
1.182469322950180979e-05
1.064222390655163169e-04
1.064222390655163169e-04
1.064222390655163169e-04
1.064222390655163169e-04
9.578001515896470558e-04
7.758181227876143060e-02
1.182469322950180979e-05
6.982363105088531530e-01
9.578001515896470558e-04
1.182469322950180979e-05
8.620201364306825237e-03
1.064222390655163169e-04
8.620201364306825237e-03
1.064222390655163169e-04
9.578001515896470558e-04
9.578001515896470558e-04
1.064222390655163169e-04
9.578001515896470558e-04
8.620201364306825237e-03
1.064222390655163169e-04
8.620201364306825237e-03
9.578001515896470558e-04
9.578001515896470558e-04
1.313854803277978513e-06
8.620201364306825237e-03
9.578001515896470558e-04
1.182469322950180979e-05
9.578001515896470558e-04
9.578001515896470558e-04
8.620201364306825237e-03
9.578001515896470558e-04
9.578001515896470558e-04
9.578001515896470558e-04
8.620201364306825237e-03
1.064222390655163169e-04
9.578001515896470558e-04
1.182469322950180979e-05
1.313854803277978513e-06
9.578001515896470558e-04
1.313854803277978513e-06
9.578001515896470558e-04
1.064222390655163169e-04
9.578001515896470558e-04
9.578001515896470558e-04
1.459838670308864867e-07
9.578001515896470558e-04
1.064222390655163169e-04
8.620201364306825237e-03
