6.641688545805277902e-04
5.379767722102276467e-02
7.379653939783639705e-05
6.641688545805277902e-04
7.379653939783639705e-05
5.977519691224750763e-03
7.379653939783639705e-05
8.199615488648487243e-06
6.641688545805277902e-04
1.012298208475121390e-07
6.641688545805277902e-04
7.379653939783639705e-05
5.977519691224750763e-03
5.977519691224750763e-03
6.641688545805277902e-04
9.110683876276093172e-07
7.379653939783639705e-05
6.641688545805277902e-04
5.977519691224750763e-03
8.199615488648487243e-06
8.199615488648487243e-06
8.199615488648487243e-06
6.641688545805277902e-04
8.199615488648487243e-06
6.641688545805277902e-04
7.379653939783639705e-05
7.379653939783639705e-05
7.379653939783639705e-05
5.977519691224750763e-03
9.110683876276093172e-07
6.641688545805277902e-04
6.641688545805277902e-04
8.199615488648487243e-06
7.379653939783639705e-05
6.641688545805277902e-04
5.977519691224750763e-03
8.199615488648487243e-06
8.199615488648487243e-06
6.641688545805277902e-04
5.977519691224750763e-03
5.977519691224750763e-03
6.641688545805277902e-04
9.110683876276093172e-07
5.379767722102276467e-02
6.641688545805277902e-04
8.199615488648487243e-06
6.641688545805277902e-04
6.641688545805277902e-04
8.199615488648487243e-06
7.379653939783639705e-05
9.110683876276093172e-07
7.379653939783639705e-05
8.199615488648487243e-06
6.641688545805277902e-04
5.977519691224750763e-03
6.641688545805277902e-04
7.379653939783639705e-05
7.379653939783639705e-05
7.379653939783639705e-05
6.641688545805277902e-04
5.977519691224750763e-03
8.199615488648487243e-06
7.379653939783639705e-05
5.977519691224750763e-03
5.977519691224750763e-03
6.641688545805277902e-04
6.641688545805277902e-04
6.641688545805277902e-04
7.379653939783639705e-05
7.379653939783639705e-05
5.379767722102276467e-02
7.379653939783639705e-05
8.199615488648487243e-06
6.641688545805277902e-04
7.379653939783639705e-05
6.641688545805277902e-04
5.977519691224750763e-03
7.379653939783639705e-05
7.379653939783639705e-05
5.977519691224750763e-03
5.379767722102276467e-02
6.641688545805277902e-04
7.379653939783639705e-05
9.110683876276093172e-07
8.199615488648487243e-06
6.641688545805277902e-04
9.110683876276093172e-07
7.379653939783639705e-05
7.379653939783639705e-05
6.641688545805277902e-04
7.379653939783639705e-05
5.977519691224750763e-03
7.379653939783639705e-05
5.379767722102276467e-02
7.379653939783639705e-05
7.379653939783639705e-05
6.641688545805277902e-04
7.379653939783639705e-05
8.199615488648487243e-06
7.379653939783639705e-05
5.977519691224750763e-03
6.641688545805277902e-04
5.977519691224750763e-03
8.199615488648487243e-06
5.379767722102276467e-02
7.379653939783639705e-05
8.199615488648487243e-06
7.379653939783639705e-05
7.379653939783639705e-05
6.641688545805277902e-04
9.110683876276093172e-07
5.977519691224750763e-03
7.379653939783639705e-05
5.977519691224750763e-03
6.641688545805277902e-04
5.977519691224750763e-03
8.199615488648487243e-06
5.977519691224750763e-03
7.379653939783639705e-05
7.379653939783639705e-05
6.641688545805277902e-04
7.379653939783639705e-05
6.641688545805277902e-04
5.977519691224750763e-03
9.110683876276093172e-07
6.641688545805277902e-04
6.641688545805277902e-04
8.199615488648487243e-06
8.199615488648487243e-06
5.977519691224750763e-03
8.199615488648487243e-06
6.641688545805277902e-04
6.641688545805277902e-04
7.379653939783639705e-05
6.641688545805277902e-04
6.641688545805277902e-04
7.379653939783639705e-05
8.199615488648487243e-06
5.977519691224750763e-03
7.379653939783639705e-05
8.199615488648487243e-06
7.379653939783639705e-05
6.641688545805277902e-04
8.199615488648487243e-06
6.641688545805277902e-04
7.379653939783639705e-05
7.379653939783639705e-05
7.379653939783639705e-05
8.199615488648487243e-06
6.641688545805277902e-04
9.110683876276093172e-07
5.977519691224750763e-03
5.977519691224750763e-03
6.641688545805277902e-04
8.199615488648487243e-06
7.379653939783639705e-05
7.379653939783639705e-05
5.977519691224750763e-03
6.641688545805277902e-04
9.110683876276093172e-07
5.977519691224750763e-03
5.977519691224750763e-03
8.199615488648487243e-06
5.977519691224750763e-03
8.199615488648487243e-06
5.977519691224750763e-03
5.977519691224750763e-03
8.199615488648487243e-06
6.641688545805277902e-04
1.012298208475121390e-07
5.379767722102276467e-02
9.110683876276093172e-07
6.641688545805277902e-04
5.379767722102276467e-02
9.110683876276093172e-07
5.977519691224750763e-03
5.379767722102276467e-02
6.641688545805277902e-04
8.199615488648487243e-06
6.641688545805277902e-04
6.641688545805277902e-04
9.110683876276093172e-07
5.379767722102276467e-02
6.641688545805277902e-04
5.379767722102276467e-02
7.379653939783639705e-05
6.641688545805277902e-04
5.379767722102276467e-02
6.641688545805277902e-04
6.641688545805277902e-04
5.977519691224750763e-03
6.641688545805277902e-04
8.199615488648487243e-06
5.977519691224750763e-03
7.379653939783639705e-05
7.379653939783639705e-05
6.641688545805277902e-04
6.641688545805277902e-04
9.110683876276093172e-07
9.110683876276093172e-07
8.199615488648487243e-06
9.110683876276093172e-07
7.379653939783639705e-05
9.110683876276093172e-07
6.641688545805277902e-04
7.379653939783639705e-05
7.379653939783639705e-05
7.379653939783639705e-05
7.379653939783639705e-05
7.379653939783639705e-05
8.199615488648487243e-06
7.379653939783639705e-05
7.379653939783639705e-05
8.199615488648487243e-06
5.379767722102276467e-02
1.012298208475121390e-07
6.641688545805277902e-04
8.199615488648487243e-06
7.379653939783639705e-05
6.641688545805277902e-04
6.641688545805277902e-04
8.199615488648487243e-06
8.199615488648487243e-06
7.379653939783639705e-05
8.199615488648487243e-06
8.199615488648487243e-06
7.379653939783639705e-05
1.012298208475121390e-07
8.199615488648487243e-06
5.977519691224750763e-03
6.641688545805277902e-04
7.379653939783639705e-05
5.977519691224750763e-03
5.977519691224750763e-03
7.379653939783639705e-05
7.379653939783639705e-05
6.641688545805277902e-04
7.379653939783639705e-05
7.379653939783639705e-05
7.379653939783639705e-05
8.199615488648487243e-06
6.641688545805277902e-04
7.379653939783639705e-05
7.379653939783639705e-05
7.379653939783639705e-05
5.977519691224750763e-03
7.379653939783639705e-05
6.641688545805277902e-04
5.977519691224750763e-03
6.641688545805277902e-04
5.977519691224750763e-03
5.977519691224750763e-03
6.641688545805277902e-04
7.379653939783639705e-05
7.379653939783639705e-05
7.379653939783639705e-05
