2.916816708678428128e-05
3.240907454087141377e-06
2.625135037810585621e-04
2.362621534029527709e-03
2.625135037810585621e-04
2.916816708678428128e-05
2.362621534029527709e-03
2.625135037810585621e-04
2.625135037810585621e-04
3.240907454087141377e-06
2.362621534029527709e-03
3.240907454087141377e-06
2.625135037810585621e-04
1.913723442563918242e-01
2.916816708678428128e-05
2.362621534029527709e-03
2.126359380626574938e-02
2.362621534029527709e-03
3.240907454087141377e-06
3.240907454087141377e-06
2.625135037810585621e-04
2.625135037810585621e-04
3.240907454087141377e-06
3.240907454087141377e-06
2.362621534029527709e-03
2.126359380626574938e-02
2.625135037810585621e-04
2.126359380626574938e-02
2.916816708678428128e-05
3.240907454087141377e-06
3.601008282319044798e-07
2.625135037810585621e-04
2.625135037810585621e-04
2.362621534029527709e-03
2.625135037810585621e-04
3.240907454087141377e-06
2.625135037810585621e-04
2.362621534029527709e-03
2.625135037810585621e-04
2.625135037810585621e-04
2.916816708678428128e-05
2.625135037810585621e-04
2.126359380626574938e-02
2.126359380626574938e-02
2.625135037810585621e-04
2.625135037810585621e-04
3.601008282319044798e-07
2.362621534029527709e-03
2.362621534029527709e-03
2.362621534029527709e-03
3.240907454087141377e-06
3.240907454087141377e-06
2.625135037810585621e-04
2.916816708678428128e-05
3.240907454087141377e-06
2.916816708678428128e-05
2.362621534029527709e-03
2.916816708678428128e-05
2.625135037810585621e-04
3.240907454087141377e-06
2.126359380626574938e-02
3.240907454087141377e-06
2.625135037810585621e-04
2.916816708678428128e-05
2.916816708678428128e-05
2.916816708678428128e-05
2.625135037810585621e-04
2.625135037810585621e-04
2.126359380626574938e-02
2.362621534029527709e-03
2.625135037810585621e-04
2.625135037810585621e-04
2.126359380626574938e-02
2.362621534029527709e-03
2.625135037810585621e-04
2.916816708678428128e-05
2.625135037810585621e-04
2.916816708678428128e-05
3.601008282319044798e-07
3.240907454087141377e-06
2.916816708678428128e-05
2.625135037810585621e-04
3.240907454087141377e-06
2.362621534029527709e-03
2.916816708678428128e-05
2.625135037810585621e-04
2.625135037810585621e-04
3.601008282319044798e-07
3.240907454087141377e-06
2.362621534029527709e-03
2.625135037810585621e-04
2.625135037810585621e-04
2.625135037810585621e-04
2.916816708678428128e-05
2.625135037810585621e-04
2.625135037810585621e-04
2.916816708678428128e-05
3.601008282319044798e-07
3.240907454087141377e-06
2.916816708678428128e-05
2.362621534029527709e-03
2.625135037810585621e-04
2.625135037810585621e-04
2.126359380626574938e-02
2.362621534029527709e-03
3.240907454087141377e-06
2.625135037810585621e-04
2.916816708678428128e-05
2.625135037810585621e-04
2.625135037810585621e-04
3.240907454087141377e-06
2.916816708678428128e-05
2.362621534029527709e-03
2.916816708678428128e-05
2.916816708678428128e-05
2.916816708678428128e-05
2.916816708678428128e-05
2.916816708678428128e-05
2.916816708678428128e-05
2.916816708678428128e-05
2.916816708678428128e-05
3.240907454087141377e-06
2.916816708678428128e-05
2.362621534029527709e-03
2.916816708678428128e-05
2.625135037810585621e-04
2.362621534029527709e-03
2.916816708678428128e-05
2.916816708678428128e-05
3.601008282319044798e-07
2.362621534029527709e-03
3.240907454087141377e-06
2.916816708678428128e-05
2.625135037810585621e-04
2.362621534029527709e-03
2.362621534029527709e-03
2.362621534029527709e-03
2.362621534029527709e-03
2.362621534029527709e-03
2.362621534029527709e-03
2.625135037810585621e-04
2.625135037810585621e-04
3.601008282319044798e-07
2.362621534029527709e-03
3.601008282319044798e-07
3.240907454087141377e-06
2.625135037810585621e-04
2.625135037810585621e-04
2.625135037810585621e-04
2.916816708678428128e-05
2.362621534029527709e-03
2.126359380626574938e-02
2.625135037810585621e-04
2.625135037810585621e-04
2.916816708678428128e-05
2.625135037810585621e-04
2.362621534029527709e-03
3.240907454087141377e-06
3.240907454087141377e-06
2.916816708678428128e-05
3.240907454087141377e-06
2.916816708678428128e-05
3.240907454087141377e-06
2.362621534029527709e-03
2.625135037810585621e-04
2.362621534029527709e-03
2.625135037810585621e-04
2.126359380626574938e-02
3.240907454087141377e-06
2.916816708678428128e-05
3.240907454087141377e-06
3.601008282319044798e-07
2.916816708678428128e-05
3.240907454087141377e-06
3.240907454087141377e-06
2.916816708678428128e-05
3.240907454087141377e-06
2.916816708678428128e-05
2.916816708678428128e-05
2.362621534029527709e-03
2.362621534029527709e-03
2.625135037810585621e-04
2.916816708678428128e-05
3.240907454087141377e-06
3.240907454087141377e-06
2.916816708678428128e-05
2.916816708678428128e-05
3.240907454087141377e-06
2.362621534029527709e-03
3.240907454087141377e-06
2.625135037810585621e-04
1.913723442563918242e-01
2.916816708678428128e-05
2.916816708678428128e-05
3.240907454087141377e-06
2.916816708678428128e-05
2.625135037810585621e-04
2.625135037810585621e-04
2.916816708678428128e-05
2.916816708678428128e-05
2.126359380626574938e-02
3.601008282319044798e-07
2.126359380626574938e-02
2.916816708678428128e-05
2.916816708678428128e-05
2.916816708678428128e-05
2.362621534029527709e-03
3.240907454087141377e-06
2.625135037810585621e-04
2.916816708678428128e-05
2.916816708678428128e-05
2.625135037810585621e-04
2.916816708678428128e-05
3.601008282319044798e-07
2.625135037810585621e-04
3.240907454087141377e-06
3.240907454087141377e-06
2.625135037810585621e-04
2.362621534029527709e-03
2.625135037810585621e-04
3.240907454087141377e-06
2.916816708678428128e-05
2.362621534029527709e-03
2.625135037810585621e-04
2.916816708678428128e-05
2.362621534029527709e-03
2.916816708678428128e-05
2.625135037810585621e-04
3.240907454087141377e-06
2.362621534029527709e-03
2.625135037810585621e-04
3.601008282319044798e-07
2.916816708678428128e-05
2.916816708678428128e-05
2.362621534029527709e-03
3.240907454087141377e-06
2.916816708678428128e-05
2.916816708678428128e-05
2.916816708678428128e-05
2.916816708678428128e-05
2.362621534029527709e-03
2.362621534029527709e-03
2.916816708678428128e-05
2.362621534029527709e-03
2.126359380626574938e-02
2.625135037810585621e-04
2.625135037810585621e-04
3.601008282319044798e-07
3.601008282319044798e-07
2.916816708678428128e-05
2.916816708678428128e-05
1.913723442563918242e-01
2.362621534029527709e-03
2.916816708678428128e-05
2.916816708678428128e-05
2.625135037810585621e-04
