2.495373577387520580e-07
1.637214604123953671e-03
2.021252597683892538e-05
2.021252597683892538e-05
1.326143829340402924e-01
2.245836219648768734e-06
1.637214604123953671e-03
2.021252597683892538e-05
1.637214604123953671e-03
1.473493143711558651e-02
1.473493143711558651e-02
2.021252597683892538e-05
1.819127337915503928e-04
1.637214604123953671e-03
1.637214604123953671e-03
1.473493143711558651e-02
2.021252597683892538e-05
1.637214604123953671e-03
1.637214604123953671e-03
2.021252597683892538e-05
1.819127337915503928e-04
1.819127337915503928e-04
1.819127337915503928e-04
1.637214604123953671e-03
1.819127337915503928e-04
1.473493143711558651e-02
1.819127337915503928e-04
1.819127337915503928e-04
1.326143829340402924e-01
1.819127337915503928e-04
1.819127337915503928e-04
2.495373577387520580e-07
1.637214604123953671e-03
1.637214604123953671e-03
1.473493143711558651e-02
1.637214604123953671e-03
2.495373577387520580e-07
1.473493143711558651e-02
1.637214604123953671e-03
1.819127337915503928e-04
1.473493143711558651e-02
1.473493143711558651e-02
1.326143829340402924e-01
1.637214604123953671e-03
1.637214604123953671e-03
1.819127337915503928e-04
1.637214604123953671e-03
1.637214604123953671e-03
1.473493143711558651e-02
2.021252597683892538e-05
1.473493143711558651e-02
2.021252597683892538e-05
1.473493143711558651e-02
1.637214604123953671e-03
1.637214604123953671e-03
1.819127337915503928e-04
2.021252597683892538e-05
1.819127337915503928e-04
1.819127337915503928e-04
1.637214604123953671e-03
1.819127337915503928e-04
1.637214604123953671e-03
1.473493143711558651e-02
1.473493143711558651e-02
1.637214604123953671e-03
1.637214604123953671e-03
2.021252597683892538e-05
1.473493143711558651e-02
1.473493143711558651e-02
2.021252597683892538e-05
2.021252597683892538e-05
1.326143829340402924e-01
2.021252597683892538e-05
1.473493143711558651e-02
1.473493143711558651e-02
2.021252597683892538e-05
2.021252597683892538e-05
1.473493143711558651e-02
1.819127337915503928e-04
2.021252597683892538e-05
1.819127337915503928e-04
1.473493143711558651e-02
1.819127337915503928e-04
1.326143829340402924e-01
1.819127337915503928e-04
2.021252597683892538e-05
1.637214604123953671e-03
1.473493143711558651e-02
1.819127337915503928e-04
2.021252597683892538e-05
2.021252597683892538e-05
1.819127337915503928e-04
1.819127337915503928e-04
2.245836219648768734e-06
2.495373577387520580e-07
1.819127337915503928e-04
