5.445048251044856203e-04
4.900543425940371775e-03
7.469201990459330098e-07
7.469201990459330098e-07
5.445048251044856203e-04
6.722281791413400053e-06
5.445048251044856203e-04
6.050053612272061318e-05
5.445048251044856203e-04
4.900543425940371775e-03
6.050053612272061318e-05
6.722281791413400053e-06
6.050053612272061318e-05
6.050053612272061318e-05
6.722281791413400053e-06
5.445048251044856203e-04
6.050053612272061318e-05
4.900543425940371775e-03
5.445048251044856203e-04
4.900543425940371775e-03
5.445048251044856203e-04
4.900543425940371775e-03
6.050053612272061318e-05
6.050053612272061318e-05
6.050053612272061318e-05
5.445048251044856203e-04
6.050053612272061318e-05
5.445048251044856203e-04
4.900543425940371775e-03
4.410489083346334771e-02
4.410489083346334771e-02
5.445048251044856203e-04
5.445048251044856203e-04
6.050053612272061318e-05
4.900543425940371775e-03
5.445048251044856203e-04
5.445048251044856203e-04
5.445048251044856203e-04
5.445048251044856203e-04
6.050053612272061318e-05
6.050053612272061318e-05
6.722281791413400053e-06
6.722281791413400053e-06
5.445048251044856203e-04
6.050053612272061318e-05
6.050053612272061318e-05
6.722281791413400053e-06
5.445048251044856203e-04
5.445048251044856203e-04
5.445048251044856203e-04
4.900543425940371775e-03
6.722281791413400053e-06
4.900543425940371775e-03
6.050053612272061318e-05
5.445048251044856203e-04
6.722281791413400053e-06
6.722281791413400053e-06
5.445048251044856203e-04
5.445048251044856203e-04
6.050053612272061318e-05
6.050053612272061318e-05
6.050053612272061318e-05
6.050053612272061318e-05
4.900543425940371775e-03
6.722281791413400053e-06
6.722281791413400053e-06
4.410489083346334771e-02
6.050053612272061318e-05
6.050053612272061318e-05
4.900543425940371775e-03
5.445048251044856203e-04
5.445048251044856203e-04
5.445048251044856203e-04
4.410489083346334771e-02
6.722281791413400053e-06
5.445048251044856203e-04
5.445048251044856203e-04
5.445048251044856203e-04
6.050053612272061318e-05
6.050053612272061318e-05
4.900543425940371775e-03
5.445048251044856203e-04
4.410489083346334771e-02
6.050053612272061318e-05
5.445048251044856203e-04
6.722281791413400053e-06
6.050053612272061318e-05
4.900543425940371775e-03
5.445048251044856203e-04
5.445048251044856203e-04
6.050053612272061318e-05
5.445048251044856203e-04
5.445048251044856203e-04
6.050053612272061318e-05
5.445048251044856203e-04
5.445048251044856203e-04
6.050053612272061318e-05
6.050053612272061318e-05
6.722281791413400053e-06
5.445048251044856203e-04
6.050053612272061318e-05
6.050053612272061318e-05
5.445048251044856203e-04
6.050053612272061318e-05
6.722281791413400053e-06
4.410489083346334771e-02
7.469201990459330098e-07
5.445048251044856203e-04
5.445048251044856203e-04
4.900543425940371775e-03
5.445048251044856203e-04
4.900543425940371775e-03
6.050053612272061318e-05
6.722281791413400053e-06
6.722281791413400053e-06
6.722281791413400053e-06
6.722281791413400053e-06
6.050053612272061318e-05
6.050053612272061318e-05
5.445048251044856203e-04
4.900543425940371775e-03
6.050053612272061318e-05
6.050053612272061318e-05
5.445048251044856203e-04
6.050053612272061318e-05
6.722281791413400053e-06
7.469201990459330098e-07
6.722281791413400053e-06
4.410489083346334771e-02
6.722281791413400053e-06
6.050053612272061318e-05
4.900543425940371775e-03
7.469201990459330098e-07
6.722281791413400053e-06
6.050053612272061318e-05
5.445048251044856203e-04
6.050053612272061318e-05
6.050053612272061318e-05
6.050053612272061318e-05
6.050053612272061318e-05
7.469201990459330098e-07
4.900543425940371775e-03
6.050053612272061318e-05
4.900543425940371775e-03
4.410489083346334771e-02
6.050053612272061318e-05
6.050053612272061318e-05
5.445048251044856203e-04
6.722281791413400053e-06
5.445048251044856203e-04
5.445048251044856203e-04
6.722281791413400053e-06
6.050053612272061318e-05
4.410489083346334771e-02
5.445048251044856203e-04
6.050053612272061318e-05
6.722281791413400053e-06
6.050053612272061318e-05
5.445048251044856203e-04
4.900543425940371775e-03
4.900543425940371775e-03
6.050053612272061318e-05
4.900543425940371775e-03
7.469201990459330098e-07
8.299113322732589292e-08
6.722281791413400053e-06
4.410489083346334771e-02
5.445048251044856203e-04
6.722281791413400053e-06
5.445048251044856203e-04
5.445048251044856203e-04
5.445048251044856203e-04
5.445048251044856203e-04
7.469201990459330098e-07
6.050053612272061318e-05
4.900543425940371775e-03
6.722281791413400053e-06
6.050053612272061318e-05
7.469201990459330098e-07
4.900543425940371775e-03
6.722281791413400053e-06
5.445048251044856203e-04
6.050053612272061318e-05
6.722281791413400053e-06
6.050053612272061318e-05
3.969440175011703098e-01
6.722281791413400053e-06
5.445048251044856203e-04
4.900543425940371775e-03
4.900543425940371775e-03
6.722281791413400053e-06
5.445048251044856203e-04
