4.283196239717978505e-03
4.759106933019974792e-04
4.283196239717978505e-03
3.469388954171563344e-01
4.759106933019974792e-04
3.854876615746181262e-02
4.759106933019974792e-04
4.759106933019974792e-04
3.854876615746181262e-02
4.283196239717978505e-03
3.854876615746181262e-02
4.759106933019974792e-04
4.759106933019974792e-04
4.759106933019974792e-04
5.287896592244415231e-05
4.759106933019974792e-04
3.854876615746181262e-02
4.759106933019974792e-04
4.759106933019974792e-04
3.854876615746181262e-02
4.283196239717978505e-03
4.759106933019974792e-04
4.283196239717978505e-03
4.283196239717978505e-03
3.854876615746181262e-02
4.759106933019974792e-04
4.283196239717978505e-03
3.854876615746181262e-02
5.875440658049347715e-06
5.287896592244415231e-05
4.759106933019974792e-04
3.469388954171563344e-01
