1.334896877842835553e-04
1.334896877842835553e-04
1.334896877842835553e-04
1.081266471052697367e-02
1.201407190058552269e-03
1.201407190058552269e-03
1.201407190058552269e-03
1.081266471052697367e-02
1.201407190058552269e-03
1.201407190058552269e-03
1.334896877842835553e-04
1.201407190058552269e-03
1.081266471052697367e-02
9.731398239474277345e-02
1.081266471052697367e-02
1.201407190058552269e-03
9.731398239474277345e-02
1.081266471052697367e-02
1.081266471052697367e-02
1.201407190058552269e-03
1.081266471052697367e-02
1.831134263158895458e-07
1.648020836843005860e-06
1.334896877842835553e-04
1.831134263158895458e-07
1.081266471052697367e-02
1.334896877842835553e-04
1.334896877842835553e-04
1.831134263158895458e-07
1.201407190058552269e-03
1.201407190058552269e-03
1.334896877842835553e-04
1.081266471052697367e-02
1.201407190058552269e-03
1.334896877842835553e-04
1.334896877842835553e-04
1.081266471052697367e-02
1.081266471052697367e-02
1.334896877842835553e-04
1.334896877842835553e-04
1.483218753158705888e-05
1.081266471052697367e-02
1.334896877842835553e-04
1.334896877842835553e-04
1.081266471052697367e-02
1.483218753158705888e-05
1.201407190058552269e-03
1.483218753158705888e-05
1.201407190058552269e-03
9.731398239474277345e-02
1.081266471052697367e-02
1.081266471052697367e-02
1.483218753158705888e-05
1.081266471052697367e-02
1.483218753158705888e-05
1.483218753158705888e-05
1.201407190058552269e-03
1.334896877842835553e-04
1.334896877842835553e-04
1.831134263158895458e-07
9.731398239474277345e-02
1.081266471052697367e-02
1.201407190058552269e-03
1.201407190058552269e-03
1.483218753158705888e-05
1.483218753158705888e-05
1.201407190058552269e-03
1.648020836843005860e-06
1.648020836843005860e-06
1.483218753158705888e-05
1.201407190058552269e-03
1.201407190058552269e-03
1.081266471052697367e-02
1.081266471052697367e-02
1.334896877842835553e-04
1.648020836843005860e-06
1.201407190058552269e-03
1.483218753158705888e-05
1.201407190058552269e-03
1.483218753158705888e-05
1.201407190058552269e-03
1.334896877842835553e-04
1.201407190058552269e-03
1.334896877842835553e-04
1.201407190058552269e-03
1.483218753158705888e-05
1.483218753158705888e-05
1.081266471052697367e-02
1.483218753158705888e-05
1.201407190058552269e-03
1.081266471052697367e-02
1.201407190058552269e-03
1.334896877842835553e-04
1.334896877842835553e-04
1.201407190058552269e-03
1.334896877842835553e-04
1.334896877842835553e-04
1.334896877842835553e-04
1.201407190058552269e-03
1.483218753158705888e-05
9.731398239474277345e-02
1.483218753158705888e-05
1.334896877842835553e-04
1.201407190058552269e-03
1.201407190058552269e-03
1.334896877842835553e-04
1.334896877842835553e-04
9.731398239474277345e-02
1.334896877842835553e-04
1.648020836843005860e-06
1.201407190058552269e-03
1.081266471052697367e-02
1.483218753158705888e-05
1.081266471052697367e-02
1.483218753158705888e-05
1.081266471052697367e-02
1.201407190058552269e-03
1.081266471052697367e-02
1.648020836843005860e-06
1.334896877842835553e-04
1.483218753158705888e-05
1.334896877842835553e-04
1.201407190058552269e-03
1.201407190058552269e-03
1.201407190058552269e-03
1.081266471052697367e-02
1.081266471052697367e-02
1.081266471052697367e-02
1.081266471052697367e-02
1.483218753158705888e-05
1.201407190058552269e-03
1.483218753158705888e-05
1.081266471052697367e-02
1.201407190058552269e-03
1.081266471052697367e-02
1.334896877842835553e-04
1.648020836843005860e-06
1.483218753158705888e-05
1.334896877842835553e-04
1.201407190058552269e-03
1.483218753158705888e-05
1.483218753158705888e-05
1.483218753158705888e-05
1.201407190058552269e-03
1.334896877842835553e-04
1.201407190058552269e-03
1.334896877842835553e-04
1.081266471052697367e-02
1.201407190058552269e-03
1.648020836843005860e-06
1.201407190058552269e-03
1.334896877842835553e-04
1.483218753158705888e-05
1.483218753158705888e-05
1.201407190058552269e-03
1.483218753158705888e-05
1.081266471052697367e-02
1.334896877842835553e-04
1.201407190058552269e-03
1.201407190058552269e-03
