3.899061272918882967e-05
3.899061272918882967e-05
2.842415667957867015e-02
3.899061272918882967e-05
3.509155145626995619e-04
4.332290303243201884e-06
3.509155145626995619e-04
3.899061272918882967e-05
3.509155145626995619e-04
4.813655892492444891e-07
4.332290303243201884e-06
3.899061272918882967e-05
3.158239631064296490e-03
3.899061272918882967e-05
3.899061272918882967e-05
4.332290303243201884e-06
3.158239631064296490e-03
4.332290303243201884e-06
2.558174101162081215e-01
3.899061272918882967e-05
3.158239631064296490e-03
3.509155145626995619e-04
3.899061272918882967e-05
3.899061272918882967e-05
3.899061272918882967e-05
4.332290303243201884e-06
4.332290303243201884e-06
4.332290303243201884e-06
3.158239631064296490e-03
2.842415667957867015e-02
4.332290303243201884e-06
3.899061272918882967e-05
3.899061272918882967e-05
5.348506547213827216e-08
4.332290303243201884e-06
2.842415667957867015e-02
2.842415667957867015e-02
3.509155145626995619e-04
3.509155145626995619e-04
4.332290303243201884e-06
3.899061272918882967e-05
3.899061272918882967e-05
3.899061272918882967e-05
4.332290303243201884e-06
3.899061272918882967e-05
3.899061272918882967e-05
2.842415667957867015e-02
4.332290303243201884e-06
3.158239631064296490e-03
3.509155145626995619e-04
3.158239631064296490e-03
4.332290303243201884e-06
3.509155145626995619e-04
3.509155145626995619e-04
3.509155145626995619e-04
4.332290303243201884e-06
3.158239631064296490e-03
4.332290303243201884e-06
3.509155145626995619e-04
4.332290303243201884e-06
3.509155145626995619e-04
4.332290303243201884e-06
3.509155145626995619e-04
3.509155145626995619e-04
3.509155145626995619e-04
4.332290303243201884e-06
4.813655892492444891e-07
3.158239631064296490e-03
4.813655892492444891e-07
3.899061272918882967e-05
4.813655892492444891e-07
3.158239631064296490e-03
2.842415667957867015e-02
3.509155145626995619e-04
4.332290303243201884e-06
2.842415667957867015e-02
3.509155145626995619e-04
3.899061272918882967e-05
3.899061272918882967e-05
3.158239631064296490e-03
4.332290303243201884e-06
3.509155145626995619e-04
4.332290303243201884e-06
4.332290303243201884e-06
3.899061272918882967e-05
3.899061272918882967e-05
3.899061272918882967e-05
4.332290303243201884e-06
4.332290303243201884e-06
3.509155145626995619e-04
3.899061272918882967e-05
2.842415667957867015e-02
3.509155145626995619e-04
4.332290303243201884e-06
3.509155145626995619e-04
3.509155145626995619e-04
3.899061272918882967e-05
3.509155145626995619e-04
3.899061272918882967e-05
3.899061272918882967e-05
3.509155145626995619e-04
3.158239631064296490e-03
3.158239631064296490e-03
3.509155145626995619e-04
3.509155145626995619e-04
3.158239631064296490e-03
3.509155145626995619e-04
3.509155145626995619e-04
3.509155145626995619e-04
3.899061272918882967e-05
3.509155145626995619e-04
3.899061272918882967e-05
3.158239631064296490e-03
3.509155145626995619e-04
4.332290303243201884e-06
4.332290303243201884e-06
3.899061272918882967e-05
3.899061272918882967e-05
4.332290303243201884e-06
3.158239631064296490e-03
3.509155145626995619e-04
2.842415667957867015e-02
3.158239631064296490e-03
4.332290303243201884e-06
2.842415667957867015e-02
3.158239631064296490e-03
4.813655892492444891e-07
4.332290303243201884e-06
2.842415667957867015e-02
3.158239631064296490e-03
2.842415667957867015e-02
3.158239631064296490e-03
4.332290303243201884e-06
4.813655892492444891e-07
3.899061272918882967e-05
2.842415667957867015e-02
3.509155145626995619e-04
3.509155145626995619e-04
4.332290303243201884e-06
3.158239631064296490e-03
3.509155145626995619e-04
3.509155145626995619e-04
3.158239631064296490e-03
3.899061272918882967e-05
4.332290303243201884e-06
2.558174101162081215e-01
3.899061272918882967e-05
3.899061272918882967e-05
4.332290303243201884e-06
4.813655892492444891e-07
3.509155145626995619e-04
4.332290303243201884e-06
3.158239631064296490e-03
3.158239631064296490e-03
3.899061272918882967e-05
4.332290303243201884e-06
4.332290303243201884e-06
2.842415667957867015e-02
3.899061272918882967e-05
3.158239631064296490e-03
