1.148307974063396235e-03
1.148307974063396235e-03
1.148307974063396235e-03
9.301294589913512711e-02
1.033477176657056872e-02
1.033477176657056872e-02
1.148307974063396235e-03
1.148307974063396235e-03
1.148307974063396235e-03
1.033477176657056872e-02
1.033477176657056872e-02
1.275897748959329029e-04
1.275897748959329029e-04
1.033477176657056872e-02
1.148307974063396235e-03
1.417664165510365136e-05
1.033477176657056872e-02
1.033477176657056872e-02
1.275897748959329029e-04
1.148307974063396235e-03
1.148307974063396235e-03
1.275897748959329029e-04
1.148307974063396235e-03
1.275897748959329029e-04
1.033477176657056872e-02
1.275897748959329029e-04
1.275897748959329029e-04
1.750202673469585693e-07
1.417664165510365136e-05
1.275897748959329029e-04
1.148307974063396235e-03
9.301294589913512711e-02
1.148307974063396235e-03
1.275897748959329029e-04
1.575182406122627176e-06
1.033477176657056872e-02
1.417664165510365136e-05
1.148307974063396235e-03
1.275897748959329029e-04
1.033477176657056872e-02
1.275897748959329029e-04
1.275897748959329029e-04
1.575182406122627176e-06
1.033477176657056872e-02
1.275897748959329029e-04
1.275897748959329029e-04
1.417664165510365136e-05
9.301294589913512711e-02
1.417664165510365136e-05
1.417664165510365136e-05
9.301294589913512711e-02
9.301294589913512711e-02
1.033477176657056872e-02
1.148307974063396235e-03
1.033477176657056872e-02
1.033477176657056872e-02
1.033477176657056872e-02
1.148307974063396235e-03
1.275897748959329029e-04
1.275897748959329029e-04
9.301294589913512711e-02
1.417664165510365136e-05
1.275897748959329029e-04
1.275897748959329029e-04
1.417664165510365136e-05
1.033477176657056872e-02
1.417664165510365136e-05
1.033477176657056872e-02
1.148307974063396235e-03
1.417664165510365136e-05
1.148307974063396235e-03
1.148307974063396235e-03
1.575182406122627176e-06
1.275897748959329029e-04
1.148307974063396235e-03
1.417664165510365136e-05
1.148307974063396235e-03
1.033477176657056872e-02
1.417664165510365136e-05
1.033477176657056872e-02
1.575182406122627176e-06
1.148307974063396235e-03
9.301294589913512711e-02
1.275897748959329029e-04
9.301294589913512711e-02
1.275897748959329029e-04
1.575182406122627176e-06
1.033477176657056872e-02
1.417664165510365136e-05
1.033477176657056872e-02
1.033477176657056872e-02
1.275897748959329029e-04
1.417664165510365136e-05
1.148307974063396235e-03
1.275897748959329029e-04
1.275897748959329029e-04
