3.188485412569891462e-04
3.542761569522100796e-05
3.542761569522100796e-05
3.188485412569891462e-04
3.542761569522100796e-05
3.542761569522100796e-05
3.188485412569891462e-04
2.869636871312902966e-03
3.936401743913443917e-06
3.188485412569891462e-04
2.582673184181612930e-02
3.936401743913443917e-06
2.869636871312902966e-03
3.188485412569891462e-04
2.869636871312902966e-03
2.582673184181612930e-02
3.188485412569891462e-04
3.188485412569891462e-04
3.936401743913443917e-06
2.869636871312902966e-03
2.582673184181612930e-02
2.582673184181612930e-02
2.582673184181612930e-02
3.188485412569891462e-04
2.869636871312902966e-03
3.542761569522100796e-05
2.582673184181612930e-02
3.542761569522100796e-05
3.936401743913443917e-06
3.188485412569891462e-04
3.188485412569891462e-04
3.542761569522100796e-05
3.936401743913443917e-06
3.188485412569891462e-04
2.869636871312902966e-03
3.542761569522100796e-05
2.582673184181612930e-02
3.188485412569891462e-04
3.188485412569891462e-04
2.324405865763451984e-01
4.373779715459381601e-07
2.869636871312902966e-03
2.869636871312902966e-03
3.188485412569891462e-04
2.869636871312902966e-03
2.324405865763451984e-01
2.869636871312902966e-03
3.188485412569891462e-04
2.582673184181612930e-02
2.582673184181612930e-02
2.324405865763451984e-01
2.869636871312902966e-03
3.188485412569891462e-04
3.188485412569891462e-04
3.542761569522100796e-05
3.542761569522100796e-05
2.582673184181612930e-02
3.188485412569891462e-04
3.188485412569891462e-04
2.869636871312902966e-03
3.188485412569891462e-04
3.188485412569891462e-04
3.542761569522100796e-05
2.869636871312902966e-03
