2.732460169501585729e-06
2.213292737296285444e-04
1.792767117209991684e-02
2.213292737296285444e-04
2.459214152551427707e-05
2.213292737296285444e-04
2.459214152551427707e-05
3.373407616668622461e-08
2.732460169501585729e-06
2.459214152551427707e-05
2.459214152551427707e-05
2.459214152551427707e-05
2.732460169501585729e-06
2.213292737296285444e-04
2.213292737296285444e-04
2.459214152551427707e-05
2.213292737296285444e-04
2.732460169501585729e-06
1.991963463566657089e-03
2.213292737296285444e-04
2.459214152551427707e-05
2.213292737296285444e-04
2.732460169501585729e-06
2.213292737296285444e-04
2.459214152551427707e-05
2.459214152551427707e-05
2.459214152551427707e-05
1.991963463566657089e-03
2.213292737296285444e-04
2.732460169501585729e-06
2.213292737296285444e-04
2.459214152551427707e-05
1.991963463566657089e-03
2.459214152551427707e-05
2.732460169501585729e-06
2.213292737296285444e-04
3.036066855001760745e-07
1.991963463566657089e-03
1.991963463566657089e-03
2.459214152551427707e-05
2.213292737296285444e-04
2.213292737296285444e-04
2.459214152551427707e-05
2.459214152551427707e-05
1.991963463566657089e-03
2.213292737296285444e-04
2.732460169501585729e-06
1.991963463566657089e-03
2.732460169501585729e-06
2.459214152551427707e-05
2.459214152551427707e-05
2.213292737296285444e-04
2.459214152551427707e-05
1.991963463566657089e-03
2.459214152551427707e-05
2.732460169501585729e-06
2.459214152551427707e-05
2.213292737296285444e-04
1.991963463566657089e-03
1.991963463566657089e-03
2.732460169501585729e-06
1.991963463566657089e-03
3.036066855001760745e-07
2.213292737296285444e-04
2.213292737296285444e-04
1.792767117209991684e-02
2.213292737296285444e-04
2.213292737296285444e-04
2.459214152551427707e-05
2.732460169501585729e-06
2.213292737296285444e-04
1.991963463566657089e-03
2.732460169501585729e-06
2.459214152551427707e-05
2.459214152551427707e-05
2.213292737296285444e-04
2.459214152551427707e-05
2.732460169501585729e-06
2.732460169501585729e-06
2.459214152551427707e-05
2.732460169501585729e-06
2.213292737296285444e-04
1.792767117209991684e-02
2.459214152551427707e-05
2.459214152551427707e-05
2.213292737296285444e-04
2.459214152551427707e-05
2.213292737296285444e-04
1.991963463566657089e-03
2.459214152551427707e-05
2.213292737296285444e-04
2.213292737296285444e-04
2.459214152551427707e-05
1.991963463566657089e-03
2.459214152551427707e-05
1.991963463566657089e-03
2.459214152551427707e-05
2.732460169501585729e-06
2.213292737296285444e-04
2.459214152551427707e-05
2.459214152551427707e-05
2.459214152551427707e-05
2.459214152551427707e-05
2.732460169501585729e-06
2.459214152551427707e-05
2.732460169501585729e-06
2.732460169501585729e-06
2.459214152551427707e-05
2.213292737296285444e-04
2.213292737296285444e-04
2.213292737296285444e-04
1.991963463566657089e-03
2.213292737296285444e-04
2.459214152551427707e-05
2.459214152551427707e-05
2.213292737296285444e-04
2.459214152551427707e-05
2.459214152551427707e-05
2.213292737296285444e-04
2.213292737296285444e-04
2.213292737296285444e-04
2.459214152551427707e-05
2.459214152551427707e-05
2.732460169501585729e-06
1.991963463566657089e-03
1.613490405488993140e-01
2.213292737296285444e-04
2.459214152551427707e-05
1.613490405488993140e-01
2.459214152551427707e-05
2.459214152551427707e-05
2.213292737296285444e-04
1.991963463566657089e-03
2.732460169501585729e-06
2.213292737296285444e-04
2.213292737296285444e-04
2.459214152551427707e-05
2.732460169501585729e-06
2.732460169501585729e-06
2.459214152551427707e-05
1.792767117209991684e-02
1.792767117209991684e-02
2.213292737296285444e-04
2.459214152551427707e-05
2.213292737296285444e-04
1.792767117209991684e-02
1.792767117209991684e-02
2.732460169501585729e-06
2.459214152551427707e-05
2.459214152551427707e-05
2.459214152551427707e-05
2.732460169501585729e-06
1.613490405488993140e-01
2.459214152551427707e-05
2.213292737296285444e-04
2.732460169501585729e-06
2.213292737296285444e-04
2.732460169501585729e-06
1.792767117209991684e-02
2.213292737296285444e-04
2.459214152551427707e-05
2.213292737296285444e-04
2.213292737296285444e-04
1.991963463566657089e-03
2.732460169501585729e-06
1.792767117209991684e-02
2.213292737296285444e-04
3.036066855001760745e-07
2.459214152551427707e-05
2.459214152551427707e-05
2.213292737296285444e-04
1.991963463566657089e-03
2.459214152551427707e-05
2.459214152551427707e-05
2.459214152551427707e-05
2.459214152551427707e-05
1.991963463566657089e-03
2.213292737296285444e-04
2.213292737296285444e-04
1.991963463566657089e-03
2.732460169501585729e-06
2.213292737296285444e-04
2.732460169501585729e-06
2.732460169501585729e-06
2.732460169501585729e-06
2.213292737296285444e-04
2.732460169501585729e-06
1.991963463566657089e-03
2.213292737296285444e-04
1.792767117209991684e-02
1.991963463566657089e-03
2.459214152551427707e-05
2.213292737296285444e-04
2.213292737296285444e-04
2.732460169501585729e-06
1.991963463566657089e-03
1.991963463566657089e-03
1.991963463566657089e-03
3.036066855001760745e-07
1.991963463566657089e-03
2.459214152551427707e-05
2.213292737296285444e-04
2.459214152551427707e-05
3.036066855001760745e-07
2.732460169501585729e-06
2.213292737296285444e-04
2.459214152551427707e-05
1.613490405488993140e-01
2.213292737296285444e-04
2.732460169501585729e-06
2.213292737296285444e-04
2.459214152551427707e-05
2.732460169501585729e-06
1.991963463566657089e-03
1.991963463566657089e-03
1.991963463566657089e-03
2.213292737296285444e-04
2.732460169501585729e-06
2.213292737296285444e-04
2.732460169501585729e-06
2.213292737296285444e-04
2.459214152551427707e-05
2.213292737296285444e-04
2.732460169501585729e-06
2.459214152551427707e-05
1.991963463566657089e-03
2.213292737296285444e-04
2.459214152551427707e-05
2.732460169501585729e-06
1.792767117209991684e-02
1.991963463566657089e-03
2.732460169501585729e-06
2.732460169501585729e-06
2.459214152551427707e-05
2.459214152551427707e-05
2.732460169501585729e-06
1.792767117209991684e-02
1.991963463566657089e-03
2.459214152551427707e-05
2.459214152551427707e-05
2.459214152551427707e-05
2.459214152551427707e-05
2.459214152551427707e-05
2.213292737296285444e-04
2.213292737296285444e-04
2.213292737296285444e-04
2.213292737296285444e-04
2.732460169501585729e-06
2.732460169501585729e-06
2.213292737296285444e-04
1.792767117209991684e-02
2.459214152551427707e-05
1.792767117209991684e-02
1.792767117209991684e-02
2.732460169501585729e-06
2.213292737296285444e-04
