1.730174472517858513e-03
2.136017867305997511e-05
1.730174472517858513e-03
2.136017867305997511e-05
2.637059095439501656e-07
1.730174472517858513e-03
2.136017867305997511e-05
1.557157025266072900e-02
1.730174472517858513e-03
1.730174472517858513e-03
1.730174472517858513e-03
1.922416080575398167e-04
1.730174472517858513e-03
2.136017867305997511e-05
2.136017867305997511e-05
2.373353185895552179e-06
2.637059095439501656e-07
2.373353185895552179e-06
2.637059095439501656e-07
2.373353185895552179e-06
2.373353185895552179e-06
1.922416080575398167e-04
2.637059095439501656e-07
1.730174472517858513e-03
1.922416080575398167e-04
1.730174472517858513e-03
1.922416080575398167e-04
1.922416080575398167e-04
1.922416080575398167e-04
1.922416080575398167e-04
1.922416080575398167e-04
1.922416080575398167e-04
2.373353185895552179e-06
2.373353185895552179e-06
2.136017867305997511e-05
1.730174472517858513e-03
2.136017867305997511e-05
2.136017867305997511e-05
2.373353185895552179e-06
2.136017867305997511e-05
1.557157025266072900e-02
2.930065661599445880e-08
1.922416080575398167e-04
1.922416080575398167e-04
2.136017867305997511e-05
2.637059095439501656e-07
1.401441322739466200e-01
1.922416080575398167e-04
1.557157025266072900e-02
2.136017867305997511e-05
2.373353185895552179e-06
1.730174472517858513e-03
1.922416080575398167e-04
2.136017867305997511e-05
2.373353185895552179e-06
1.922416080575398167e-04
1.922416080575398167e-04
1.922416080575398167e-04
1.730174472517858513e-03
1.730174472517858513e-03
1.922416080575398167e-04
1.401441322739466200e-01
2.637059095439501656e-07
1.730174472517858513e-03
1.557157025266072900e-02
1.922416080575398167e-04
1.730174472517858513e-03
1.730174472517858513e-03
1.922416080575398167e-04
2.136017867305997511e-05
1.922416080575398167e-04
2.136017867305997511e-05
1.557157025266072900e-02
2.373353185895552179e-06
1.922416080575398167e-04
1.922416080575398167e-04
1.922416080575398167e-04
1.922416080575398167e-04
1.730174472517858513e-03
1.922416080575398167e-04
1.730174472517858513e-03
1.922416080575398167e-04
2.136017867305997511e-05
2.373353185895552179e-06
2.136017867305997511e-05
1.922416080575398167e-04
1.730174472517858513e-03
1.922416080575398167e-04
1.922416080575398167e-04
2.136017867305997511e-05
2.136017867305997511e-05
1.922416080575398167e-04
1.922416080575398167e-04
2.136017867305997511e-05
1.922416080575398167e-04
1.922416080575398167e-04
1.730174472517858513e-03
1.557157025266072900e-02
1.557157025266072900e-02
2.136017867305997511e-05
1.922416080575398167e-04
2.373353185895552179e-06
1.401441322739466200e-01
2.136017867305997511e-05
2.136017867305997511e-05
2.373353185895552179e-06
2.136017867305997511e-05
1.730174472517858513e-03
2.136017867305997511e-05
1.730174472517858513e-03
1.922416080575398167e-04
2.136017867305997511e-05
1.730174472517858513e-03
2.136017867305997511e-05
2.136017867305997511e-05
1.922416080575398167e-04
1.922416080575398167e-04
2.136017867305997511e-05
2.637059095439501656e-07
2.136017867305997511e-05
2.373353185895552179e-06
2.373353185895552179e-06
1.922416080575398167e-04
1.922416080575398167e-04
2.136017867305997511e-05
2.373353185895552179e-06
2.637059095439501656e-07
2.136017867305997511e-05
2.373353185895552179e-06
1.922416080575398167e-04
1.557157025266072900e-02
2.136017867305997511e-05
2.136017867305997511e-05
2.136017867305997511e-05
2.136017867305997511e-05
2.136017867305997511e-05
2.136017867305997511e-05
2.136017867305997511e-05
1.922416080575398167e-04
2.136017867305997511e-05
1.922416080575398167e-04
2.373353185895552179e-06
1.922416080575398167e-04
2.373353185895552179e-06
1.922416080575398167e-04
2.373353185895552179e-06
1.922416080575398167e-04
1.922416080575398167e-04
1.922416080575398167e-04
1.730174472517858513e-03
1.557157025266072900e-02
1.922416080575398167e-04
1.922416080575398167e-04
2.373353185895552179e-06
1.730174472517858513e-03
1.730174472517858513e-03
2.637059095439501656e-07
2.136017867305997511e-05
2.373353185895552179e-06
1.922416080575398167e-04
2.373353185895552179e-06
1.922416080575398167e-04
1.730174472517858513e-03
1.730174472517858513e-03
1.730174472517858513e-03
1.557157025266072900e-02
1.730174472517858513e-03
1.922416080575398167e-04
2.373353185895552179e-06
2.136017867305997511e-05
1.730174472517858513e-03
1.401441322739466200e-01
2.136017867305997511e-05
1.922416080575398167e-04
2.136017867305997511e-05
1.557157025266072900e-02
1.401441322739466200e-01
1.922416080575398167e-04
1.922416080575398167e-04
1.922416080575398167e-04
2.373353185895552179e-06
1.922416080575398167e-04
2.136017867305997511e-05
2.136017867305997511e-05
2.373353185895552179e-06
2.136017867305997511e-05
1.730174472517858513e-03
2.136017867305997511e-05
2.637059095439501656e-07
2.373353185895552179e-06
1.922416080575398167e-04
1.922416080575398167e-04
2.136017867305997511e-05
1.730174472517858513e-03
2.136017867305997511e-05
1.922416080575398167e-04
2.637059095439501656e-07
1.922416080575398167e-04
1.730174472517858513e-03
2.136017867305997511e-05
2.637059095439501656e-07
1.730174472517858513e-03
1.922416080575398167e-04
1.922416080575398167e-04
2.373353185895552179e-06
2.136017867305997511e-05
2.136017867305997511e-05
2.136017867305997511e-05
1.730174472517858513e-03
1.730174472517858513e-03
2.373353185895552179e-06
2.373353185895552179e-06
1.730174472517858513e-03
2.136017867305997511e-05
2.136017867305997511e-05
2.373353185895552179e-06
1.730174472517858513e-03
1.730174472517858513e-03
1.922416080575398167e-04
2.136017867305997511e-05
1.922416080575398167e-04
1.922416080575398167e-04
1.730174472517858513e-03
2.136017867305997511e-05
1.557157025266072900e-02
2.637059095439501656e-07
1.922416080575398167e-04
2.637059095439501656e-07
1.730174472517858513e-03
2.136017867305997511e-05
2.637059095439501656e-07
2.373353185895552179e-06
1.922416080575398167e-04
1.730174472517858513e-03
1.922416080575398167e-04
2.637059095439501656e-07
2.373353185895552179e-06
1.922416080575398167e-04
1.922416080575398167e-04
2.136017867305997511e-05
2.136017867305997511e-05
2.136017867305997511e-05
2.136017867305997511e-05
2.136017867305997511e-05
1.730174472517858513e-03
1.922416080575398167e-04
1.730174472517858513e-03
2.136017867305997511e-05
1.730174472517858513e-03
2.136017867305997511e-05
2.136017867305997511e-05
1.557157025266072900e-02
2.373353185895552179e-06
1.922416080575398167e-04
2.373353185895552179e-06
1.730174472517858513e-03
