2.254494515733338977e-05
2.504993906370376029e-06
2.254494515733338977e-05
1.826140557744005246e-03
2.254494515733338977e-05
1.643526501969604786e-02
2.254494515733338977e-05
2.504993906370376029e-06
2.029045064160005316e-04
1.826140557744005246e-03
2.254494515733338977e-05
2.504993906370376029e-06
2.504993906370376029e-06
2.254494515733338977e-05
2.254494515733338977e-05
2.783326562633749732e-07
3.092585069593055478e-08
2.254494515733338977e-05
2.783326562633749732e-07
1.826140557744005246e-03
2.029045064160005316e-04
1.826140557744005246e-03
1.826140557744005246e-03
2.254494515733338977e-05
2.029045064160005316e-04
1.643526501969604786e-02
2.254494515733338977e-05
2.029045064160005316e-04
2.783326562633749732e-07
2.029045064160005316e-04
2.504993906370376029e-06
2.029045064160005316e-04
1.826140557744005246e-03
2.504993906370376029e-06
2.254494515733338977e-05
2.029045064160005316e-04
1.479173851772644932e-01
2.504993906370376029e-06
1.826140557744005246e-03
2.029045064160005316e-04
1.826140557744005246e-03
2.029045064160005316e-04
2.504993906370376029e-06
2.783326562633749732e-07
2.029045064160005316e-04
2.029045064160005316e-04
1.643526501969604786e-02
2.029045064160005316e-04
2.029045064160005316e-04
2.254494515733338977e-05
2.029045064160005316e-04
2.254494515733338977e-05
2.504993906370376029e-06
2.254494515733338977e-05
2.254494515733338977e-05
1.826140557744005246e-03
2.029045064160005316e-04
1.826140557744005246e-03
1.826140557744005246e-03
1.826140557744005246e-03
1.826140557744005246e-03
2.029045064160005316e-04
1.826140557744005246e-03
2.029045064160005316e-04
2.783326562633749732e-07
2.504993906370376029e-06
2.254494515733338977e-05
2.254494515733338977e-05
2.254494515733338977e-05
2.029045064160005316e-04
2.254494515733338977e-05
2.029045064160005316e-04
2.029045064160005316e-04
2.029045064160005316e-04
2.029045064160005316e-04
2.029045064160005316e-04
2.029045064160005316e-04
1.479173851772644932e-01
2.254494515733338977e-05
2.029045064160005316e-04
1.826140557744005246e-03
1.479173851772644932e-01
2.254494515733338977e-05
2.029045064160005316e-04
2.783326562633749732e-07
2.029045064160005316e-04
2.254494515733338977e-05
2.029045064160005316e-04
2.504993906370376029e-06
1.643526501969604786e-02
2.783326562633749732e-07
2.254494515733338977e-05
2.029045064160005316e-04
2.254494515733338977e-05
2.254494515733338977e-05
2.029045064160005316e-04
1.826140557744005246e-03
2.029045064160005316e-04
2.254494515733338977e-05
1.826140557744005246e-03
2.504993906370376029e-06
2.254494515733338977e-05
2.783326562633749732e-07
2.254494515733338977e-05
2.254494515733338977e-05
2.504993906370376029e-06
2.029045064160005316e-04
1.826140557744005246e-03
2.254494515733338977e-05
2.254494515733338977e-05
2.254494515733338977e-05
2.254494515733338977e-05
2.029045064160005316e-04
2.504993906370376029e-06
1.643526501969604786e-02
1.826140557744005246e-03
2.504993906370376029e-06
2.254494515733338977e-05
2.783326562633749732e-07
2.254494515733338977e-05
1.826140557744005246e-03
2.254494515733338977e-05
1.826140557744005246e-03
2.254494515733338977e-05
2.254494515733338977e-05
2.029045064160005316e-04
2.504993906370376029e-06
1.826140557744005246e-03
2.504993906370376029e-06
1.826140557744005246e-03
2.254494515733338977e-05
2.504993906370376029e-06
2.783326562633749732e-07
2.254494515733338977e-05
1.826140557744005246e-03
2.029045064160005316e-04
2.504993906370376029e-06
1.826140557744005246e-03
2.254494515733338977e-05
1.826140557744005246e-03
2.254494515733338977e-05
1.826140557744005246e-03
2.504993906370376029e-06
2.254494515733338977e-05
2.254494515733338977e-05
2.029045064160005316e-04
1.826140557744005246e-03
1.479173851772644932e-01
2.029045064160005316e-04
2.029045064160005316e-04
1.826140557744005246e-03
2.254494515733338977e-05
2.254494515733338977e-05
2.254494515733338977e-05
2.254494515733338977e-05
2.254494515733338977e-05
2.029045064160005316e-04
2.254494515733338977e-05
1.826140557744005246e-03
1.826140557744005246e-03
1.643526501969604786e-02
2.783326562633749732e-07
2.254494515733338977e-05
2.254494515733338977e-05
2.029045064160005316e-04
1.479173851772644932e-01
2.254494515733338977e-05
1.826140557744005246e-03
1.826140557744005246e-03
2.254494515733338977e-05
2.029045064160005316e-04
2.254494515733338977e-05
2.504993906370376029e-06
2.029045064160005316e-04
1.826140557744005246e-03
2.254494515733338977e-05
2.504993906370376029e-06
2.504993906370376029e-06
2.504993906370376029e-06
2.254494515733338977e-05
2.504993906370376029e-06
2.029045064160005316e-04
1.826140557744005246e-03
2.029045064160005316e-04
1.826140557744005246e-03
2.029045064160005316e-04
2.029045064160005316e-04
2.029045064160005316e-04
1.826140557744005246e-03
2.254494515733338977e-05
2.029045064160005316e-04
2.254494515733338977e-05
2.029045064160005316e-04
2.029045064160005316e-04
2.029045064160005316e-04
2.783326562633749732e-07
2.254494515733338977e-05
2.254494515733338977e-05
2.254494515733338977e-05
2.029045064160005316e-04
2.029045064160005316e-04
2.029045064160005316e-04
2.029045064160005316e-04
2.029045064160005316e-04
1.826140557744005246e-03
1.826140557744005246e-03
2.254494515733338977e-05
2.254494515733338977e-05
1.826140557744005246e-03
2.504993906370376029e-06
1.826140557744005246e-03
2.029045064160005316e-04
1.643526501969604786e-02
1.826140557744005246e-03
2.254494515733338977e-05
1.826140557744005246e-03
2.504993906370376029e-06
2.504993906370376029e-06
2.029045064160005316e-04
2.029045064160005316e-04
2.504993906370376029e-06
2.029045064160005316e-04
2.029045064160005316e-04
2.029045064160005316e-04
2.029045064160005316e-04
2.254494515733338977e-05
2.254494515733338977e-05
1.826140557744005246e-03
2.254494515733338977e-05
1.826140557744005246e-03
2.029045064160005316e-04
2.504993906370376029e-06
2.254494515733338977e-05
2.783326562633749732e-07
1.826140557744005246e-03
1.826140557744005246e-03
2.029045064160005316e-04
2.029045064160005316e-04
2.783326562633749732e-07
1.826140557744005246e-03
2.504993906370376029e-06
2.504993906370376029e-06
2.254494515733338977e-05
2.254494515733338977e-05
2.029045064160005316e-04
2.504993906370376029e-06
1.826140557744005246e-03
1.826140557744005246e-03
1.826140557744005246e-03
1.643526501969604786e-02
2.029045064160005316e-04
2.029045064160005316e-04
1.826140557744005246e-03
1.643526501969604786e-02
1.826140557744005246e-03
2.254494515733338977e-05
