4.123044052032926875e-04
5.090177842015956271e-06
4.581160057814361914e-05
4.123044052032926875e-04
4.123044052032926875e-04
4.581160057814361914e-05
3.339665682146671782e-02
5.090177842015956271e-06
5.090177842015956271e-06
3.710739646829634784e-03
4.123044052032926875e-04
4.581160057814361914e-05
3.710739646829634784e-03
4.123044052032926875e-04
4.581160057814361914e-05
5.090177842015956271e-06
4.123044052032926875e-04
4.581160057814361914e-05
4.123044052032926875e-04
4.581160057814361914e-05
5.655753157795505321e-07
3.710739646829634784e-03
4.581160057814361914e-05
3.710739646829634784e-03
4.581160057814361914e-05
4.123044052032926875e-04
4.581160057814361914e-05
4.581160057814361914e-05
5.655753157795505321e-07
4.123044052032926875e-04
5.090177842015956271e-06
5.090177842015956271e-06
4.123044052032926875e-04
3.710739646829634784e-03
4.123044052032926875e-04
4.123044052032926875e-04
3.710739646829634784e-03
5.090177842015956271e-06
5.655753157795505321e-07
4.581160057814361914e-05
4.123044052032926875e-04
3.710739646829634784e-03
4.581160057814361914e-05
4.581160057814361914e-05
3.339665682146671782e-02
4.581160057814361914e-05
4.123044052032926875e-04
4.123044052032926875e-04
4.581160057814361914e-05
4.123044052032926875e-04
4.123044052032926875e-04
4.581160057814361914e-05
4.123044052032926875e-04
4.123044052032926875e-04
4.581160057814361914e-05
3.005699113932005506e-01
4.123044052032926875e-04
4.123044052032926875e-04
4.123044052032926875e-04
4.123044052032926875e-04
5.090177842015956271e-06
4.123044052032926875e-04
3.710739646829634784e-03
3.339665682146671782e-02
4.123044052032926875e-04
3.339665682146671782e-02
5.655753157795505321e-07
3.710739646829634784e-03
5.090177842015956271e-06
5.090177842015956271e-06
4.581160057814361914e-05
4.581160057814361914e-05
4.123044052032926875e-04
4.581160057814361914e-05
3.710739646829634784e-03
4.581160057814361914e-05
4.123044052032926875e-04
5.090177842015956271e-06
3.339665682146671782e-02
4.123044052032926875e-04
4.123044052032926875e-04
4.123044052032926875e-04
5.090177842015956271e-06
5.090177842015956271e-06
5.090177842015956271e-06
3.710739646829634784e-03
4.123044052032926875e-04
4.123044052032926875e-04
4.581160057814361914e-05
5.090177842015956271e-06
4.123044052032926875e-04
4.581160057814361914e-05
3.339665682146671782e-02
4.123044052032926875e-04
3.005699113932005506e-01
3.710739646829634784e-03
4.123044052032926875e-04
4.123044052032926875e-04
3.710739646829634784e-03
5.090177842015956271e-06
6.284170175328338216e-08
4.581160057814361914e-05
4.581160057814361914e-05
4.581160057814361914e-05
4.123044052032926875e-04
5.655753157795505321e-07
4.581160057814361914e-05
4.581160057814361914e-05
3.710739646829634784e-03
4.581160057814361914e-05
3.339665682146671782e-02
4.123044052032926875e-04
4.581160057814361914e-05
4.581160057814361914e-05
5.090177842015956271e-06
4.123044052032926875e-04
5.090177842015956271e-06
3.339665682146671782e-02
4.123044052032926875e-04
4.123044052032926875e-04
4.581160057814361914e-05
4.123044052032926875e-04
4.581160057814361914e-05
4.581160057814361914e-05
4.581160057814361914e-05
5.090177842015956271e-06
5.655753157795505321e-07
4.581160057814361914e-05
5.090177842015956271e-06
4.581160057814361914e-05
4.123044052032926875e-04
4.123044052032926875e-04
3.710739646829634784e-03
4.123044052032926875e-04
4.581160057814361914e-05
4.581160057814361914e-05
3.339665682146671782e-02
4.581160057814361914e-05
4.581160057814361914e-05
4.123044052032926875e-04
5.090177842015956271e-06
3.710739646829634784e-03
4.581160057814361914e-05
4.123044052032926875e-04
3.710739646829634784e-03
3.710739646829634784e-03
5.655753157795505321e-07
4.581160057814361914e-05
4.123044052032926875e-04
4.123044052032926875e-04
4.123044052032926875e-04
5.090177842015956271e-06
4.123044052032926875e-04
4.123044052032926875e-04
4.581160057814361914e-05
3.710739646829634784e-03
4.581160057814361914e-05
4.123044052032926875e-04
3.710739646829634784e-03
4.581160057814361914e-05
