6.053212917358924156e-04
6.053212917358924156e-04
6.053212917358924156e-04
7.473102367109780002e-06
8.303447074566419048e-07
8.303447074566419048e-07
6.053212917358924156e-04
7.473102367109780002e-06
5.447891625623033258e-03
6.053212917358924156e-04
6.053212917358924156e-04
6.725792130398803865e-05
6.725792130398803865e-05
6.053212917358924156e-04
5.447891625623033258e-03
4.903102463060730193e-02
5.447891625623033258e-03
4.903102463060730193e-02
4.903102463060730193e-02
6.725792130398803865e-05
6.053212917358924156e-04
7.473102367109780002e-06
6.053212917358924156e-04
5.447891625623033258e-03
7.473102367109780002e-06
6.053212917358924156e-04
5.447891625623033258e-03
6.053212917358924156e-04
8.303447074566419048e-07
6.725792130398803865e-05
6.725792130398803865e-05
7.473102367109780002e-06
6.725792130398803865e-05
7.473102367109780002e-06
6.725792130398803865e-05
6.725792130398803865e-05
6.725792130398803865e-05
6.053212917358924156e-04
6.053212917358924156e-04
7.473102367109780002e-06
6.053212917358924156e-04
6.053212917358924156e-04
4.903102463060730193e-02
5.447891625623033258e-03
6.053212917358924156e-04
6.053212917358924156e-04
5.447891625623033258e-03
5.447891625623033258e-03
6.053212917358924156e-04
6.725792130398803865e-05
6.725792130398803865e-05
6.725792130398803865e-05
7.473102367109780002e-06
6.053212917358924156e-04
6.725792130398803865e-05
6.725792130398803865e-05
6.053212917358924156e-04
6.725792130398803865e-05
5.447891625623033258e-03
6.053212917358924156e-04
4.412792216754659047e-01
6.053212917358924156e-04
6.725792130398803865e-05
6.725792130398803865e-05
8.303447074566419048e-07
5.447891625623033258e-03
6.725792130398803865e-05
6.725792130398803865e-05
6.053212917358924156e-04
6.053212917358924156e-04
6.725792130398803865e-05
6.725792130398803865e-05
4.903102463060730193e-02
6.725792130398803865e-05
8.303447074566419048e-07
6.725792130398803865e-05
7.473102367109780002e-06
7.473102367109780002e-06
6.725792130398803865e-05
6.053212917358924156e-04
6.725792130398803865e-05
6.053212917358924156e-04
5.447891625623033258e-03
6.725792130398803865e-05
6.053212917358924156e-04
6.725792130398803865e-05
7.473102367109780002e-06
4.903102463060730193e-02
6.053212917358924156e-04
5.447891625623033258e-03
7.473102367109780002e-06
7.473102367109780002e-06
6.053212917358924156e-04
6.725792130398803865e-05
7.473102367109780002e-06
6.053212917358924156e-04
6.725792130398803865e-05
7.473102367109780002e-06
4.903102463060730193e-02
7.473102367109780002e-06
8.303447074566419048e-07
7.473102367109780002e-06
6.053212917358924156e-04
8.303447074566419048e-07
6.053212917358924156e-04
4.903102463060730193e-02
6.725792130398803865e-05
6.053212917358924156e-04
6.053212917358924156e-04
5.447891625623033258e-03
4.903102463060730193e-02
6.725792130398803865e-05
5.447891625623033258e-03
8.303447074566419048e-07
5.447891625623033258e-03
8.303447074566419048e-07
8.303447074566419048e-07
7.473102367109780002e-06
6.053212917358924156e-04
5.447891625623033258e-03
6.053212917358924156e-04
8.303447074566419048e-07
6.725792130398803865e-05
6.053212917358924156e-04
6.725792130398803865e-05
6.725792130398803865e-05
9.226052305073798648e-08
5.447891625623033258e-03
