1.248614553581759313e-03
1.123753098223583512e-02
1.541499448866368941e-05
1.123753098223583512e-02
1.387349503979732419e-04
1.712777165407075777e-06
1.387349503979732419e-04
1.248614553581759313e-03
1.387349503979732419e-04
1.248614553581759313e-03
1.541499448866368941e-05
1.387349503979732419e-04
1.387349503979732419e-04
1.387349503979732419e-04
1.541499448866368941e-05
1.541499448866368941e-05
1.541499448866368941e-05
1.387349503979732419e-04
1.541499448866368941e-05
1.541499448866368941e-05
1.123753098223583512e-02
1.011377788401225386e-01
1.541499448866368941e-05
1.248614553581759313e-03
1.123753098223583512e-02
1.011377788401225386e-01
1.248614553581759313e-03
1.123753098223583512e-02
1.248614553581759313e-03
1.123753098223583512e-02
1.248614553581759313e-03
1.387349503979732419e-04
1.541499448866368941e-05
1.387349503979732419e-04
1.248614553581759313e-03
1.248614553581759313e-03
1.387349503979732419e-04
1.387349503979732419e-04
1.387349503979732419e-04
1.541499448866368941e-05
1.541499448866368941e-05
1.248614553581759313e-03
1.387349503979732419e-04
1.387349503979732419e-04
1.541499448866368941e-05
1.248614553581759313e-03
1.248614553581759313e-03
1.712777165407075777e-06
1.387349503979732419e-04
1.248614553581759313e-03
1.387349503979732419e-04
1.387349503979732419e-04
1.123753098223583512e-02
1.248614553581759313e-03
1.123753098223583512e-02
1.123753098223583512e-02
1.248614553581759313e-03
1.387349503979732419e-04
1.123753098223583512e-02
1.248614553581759313e-03
1.123753098223583512e-02
1.248614553581759313e-03
1.541499448866368941e-05
1.248614553581759313e-03
1.541499448866368941e-05
1.123753098223583512e-02
1.248614553581759313e-03
1.248614553581759313e-03
1.387349503979732419e-04
1.541499448866368941e-05
1.123753098223583512e-02
1.248614553581759313e-03
1.248614553581759313e-03
1.248614553581759313e-03
1.248614553581759313e-03
1.387349503979732419e-04
1.387349503979732419e-04
1.541499448866368941e-05
1.123753098223583512e-02
1.248614553581759313e-03
1.387349503979732419e-04
1.387349503979732419e-04
1.248614553581759313e-03
1.248614553581759313e-03
1.387349503979732419e-04
1.123753098223583512e-02
1.387349503979732419e-04
1.387349503979732419e-04
1.248614553581759313e-03
1.011377788401225386e-01
1.248614553581759313e-03
1.123753098223583512e-02
1.123753098223583512e-02
1.248614553581759313e-03
1.248614553581759313e-03
1.248614553581759313e-03
1.541499448866368941e-05
1.541499448866368941e-05
1.123753098223583512e-02
1.123753098223583512e-02
1.387349503979732419e-04
1.712777165407075777e-06
1.011377788401225386e-01
1.541499448866368941e-05
1.123753098223583512e-02
1.541499448866368941e-05
1.541499448866368941e-05
1.248614553581759313e-03
1.903085739341195279e-07
1.248614553581759313e-03
1.248614553581759313e-03
1.248614553581759313e-03
1.123753098223583512e-02
1.387349503979732419e-04
1.712777165407075777e-06
1.248614553581759313e-03
1.011377788401225386e-01
1.541499448866368941e-05
1.248614553581759313e-03
1.387349503979732419e-04
1.387349503979732419e-04
1.123753098223583512e-02
1.387349503979732419e-04
1.387349503979732419e-04
1.248614553581759313e-03
1.123753098223583512e-02
1.248614553581759313e-03
1.248614553581759313e-03
1.712777165407075777e-06
1.387349503979732419e-04
1.387349503979732419e-04
1.248614553581759313e-03
1.248614553581759313e-03
1.387349503979732419e-04
1.248614553581759313e-03
1.248614553581759313e-03
1.248614553581759313e-03
1.248614553581759313e-03
1.387349503979732419e-04
1.541499448866368941e-05
1.011377788401225386e-01
1.541499448866368941e-05
1.387349503979732419e-04
1.712777165407075777e-06
1.541499448866368941e-05
1.123753098223583512e-02
1.712777165407075777e-06
1.123753098223583512e-02
1.387349503979732419e-04
1.387349503979732419e-04
1.123753098223583512e-02
1.123753098223583512e-02
1.123753098223583512e-02
1.248614553581759313e-03
1.712777165407075777e-06
1.387349503979732419e-04
1.248614553581759313e-03
1.541499448866368941e-05
1.387349503979732419e-04
1.123753098223583512e-02
