62498025.06
35211334.02
63474764.39
40605205.96
37886087.1
53918681.39
56330183.7
39180793.52
19425984.03
48484662.88
18510831.04
53616218.59
12987652.14
48846362.71
32869758.93
14114357.56
24844642.2
54974030.13
76497955.49
33995410.87
27390585.15
75521216.15
51031059.18
78451434.15
23774343.12
37493904.49
33291404.73
12771841.69
44701788.95
25362832.23
39110241.16
45213639.03
46882749.97
27264507.19
33158062.92
83636046.41
38157432.14
40366912.0
18566301.82
28381780.4
67381721.72
73567737.49
38195794.33
65753822.83
45410377.97
45410377.97
21847337.63
45987105.63
51891334.18
51671924.38
14766958.8
24434588.09
23950174.27
15526749.4
82246832.9
60353643.67
75195636.38
85025259.92
22046964.89
22761573.99
42901403.95
37602224.43
34883063.13
41362080.86
33722022.25
34542188.32
43459243.26
51050949.12
82246832.9
70311939.71
49093420.92
41724113.61
45427129.83
49648775.48
81552226.15
39893123.09
55935627.87
25555558.3
13519341.49
74544476.82
51971077.68
90929417.34
83636046.41
58657225.87
44359266.34
26077699.09
51331077.48
36201943.62
38554011.87
33175246.84
14152796.74
86067170.05
19919343.07
93013237.6
45255932.84
72916577.93
38564936.57
53318527.18
26743906.14
83636046.41
24427440.53
81204922.77
51344873.94
49627250.67
26382663.11
41541963.69
72916577.93
52968120.46
39266472.94
44904050.07
26948361.32
75195636.38
51892460.34
49930525.93
34630182.62
43856509.59
90929417.34
12740207.22
68032881.27
54412692.8
31615004.2
13812849.05
28835319.47
31329220.52
13190252.64
71288679.05
85025259.92
13105174.07
57258825.13
35735011.77
53808810.75
81899529.52
37308359.37
16143014.75
36675770.17
68684040.83
34126470.28
24607744.16
53292008.39
54757459.93
29228295.27
13375478.71
41085367.41
44701788.95
13010038.89
70311939.71
88845597.07
12761588.57
63474764.39
64777083.5
34347084.4
61195705.95
33584181.04
91276720.71
32731155.76
41018991.03
40909781.79
36736084.35
66730562.16
53248342.34
17268061.91
81899529.52
32696003.22
60218966.61
45740588.56
49109339.11
13381686.25
40638344.1
33754688.56
33273698.26
12927111.92
39368879.45
49627250.67
54885550.19
34023046.3
59667603.27
36491913.04
71939838.6
22178207.37
44296003.45
61195705.95
43297858.57
44288650.21
47134703.5
34843224.03
49684850.08
59335765.04
33736715.53
37246763.42
60060424.52
42653738.4
30236011.0
33148207.86
37343405.98
25770428.05
69335200.38
63800344.17
51052073.15
89192900.45
73242157.71
31034132.34
33020039.77
25369866.74
15985806.41
46289301.19
84677956.54
41257537.0
26556593.36
81552226.15
73567737.49
33548612.51
43856509.59
19821014.58
19254965.24
29690174.12
46611159.52
87803686.94
28315476.31
33175246.84
48050338.99
65753822.83
51611205.83
93360540.98
37276446.37
13340600.79
36736084.35
36150125.47
38099935.03
13454535.53
24669861.11
30691427.14
40057009.49
45132764.89
57971208.04
12956611.6
36449572.02
36111456.72
53581016.57
78451434.15
31155850.96
40896861.22
14266023.66
53084458.17
35993418.53
86414473.43
86414473.43
52988431.33
39912139.52
41101066.64
89192900.45
24739972.35
41875012.07
50731186.59
54413898.5
60218966.61
33417875.77
13191928.16
76172375.71
24184069.66
16443145.33
36025163.27
26979601.3
61667700.89
63800344.17
36403078.06
14542425.57
31552200.02
12952963.46
14587900.05
34883063.13
40043983.63
32171942.28
35566512.31
13114157.94
50167250.64
56274883.04
44638671.71
47972772.52
42770904.63
45969532.5
31635799.41
45199710.64
18336142.13
56953408.44
60650102.98
68684040.83
53256051.2
24593436.09
47383379.89
50440814.2
32771063.41
48829916.15
52882533.58
29177321.25
23950174.27
46377178.81
48888768.93
17465119.91
12877643.4
88150990.32
45255932.84
75195636.38
60870126.17
46610480.85
31663966.94
30548041.48
75195636.38
20186468.11
89540203.83
44942210.63
39195100.58
29235788.16
57008331.72
42403579.42
64125923.94
32159231.18
21231590.12
35386317.34
51612329.86
12750845.05
43791461.39
34273861.99
23714823.96
30782545.38
26504074.76
43729356.78
39242885.46
53190705.02
30168833.26
31095932.97
32373936.89
38378680.75
28963150.1
44981851.68
21188159.78
90929417.34
30969573.13
35023283.89
60006886.59
45168989.35
68032881.27
32067136.64
29290429.05
41063301.02
23792325.8
58310486.11
25365999.5
65753822.83
54995938.09
22371543.33
23244182.65
32145527.93
19243051.63
32145527.93
65102663.28
30447048.61
86067170.05
39655568.68
49885725.59
40998672.82
18336142.13
57346186.79
64451503.72
13290483.87
30690536.76
88150990.32
44426811.8
61024736.84
55556715.73
53011863.03
80857619.39
38163467.21
40494142.67
25127271.7
37093095.82
75521216.15
38025162.37
80163012.64
82246832.9
26266874.73
58703834.74
53043083.62
46556929.81
80510316.01
32422641.54
72265418.38
23416971.26
40057009.49
13179087.74
26069543.82
53529668.09
37078370.25
47213076.45
77800274.6
32382725.99
88845597.07
89887507.21
31046459.87
84677956.54
34677285.91
52214406.52
14701134.52
34648724.69
22067837.49
17078327.13
47151555.35
33133153.16
46832583.54
29707715.56
13053886.46
51961859.87
87456383.56
29636681.93
32956783.03
72265418.38
76172375.71
40093736.32
58169215.29
56580677.11
51365498.84
21941511.55
42719348.75
34008169.37
27247557.78
71939838.6
36190614.54
66404982.39
51075766.68
92318630.85
77800274.6
30980154.47
39435907.82
81899529.52
36656585.35
33516097.15
45987105.63
70637519.49
37886087.1
16986143.49
13519341.49
14654854.11
13118869.15
46068024.96
74870056.6
48566867.72
55248300.18
16187897.74
48256430.69
47928255.68
15090773.03
29136965.16
48289997.59
40727035.89
53536273.07
38451413.62
23231849.9
61371545.5
34009279.97
44867164.93
19716391.87
42130795.7
41391777.63
90234810.58
59042956.92
42382514.13
33148207.86
87456383.56
49041023.2
40521965.84
47134703.5
39675852.82
52695607.45
54699191.82
31510266.2
31421663.8
90929417.34
36081037.61
46655810.82
30409270.17
33955176.52
41270318.25
88498293.7
75846795.93
27806456.73
60544546.39
38282396.55
44654199.05
23515957.01
53013004.07
48407450.7
50843763.58
38157432.14
31349746.42
13090185.02
23479492.93
39514253.95
91276720.71
83983349.79
85719866.68
41901686.42
35364073.86
35645183.81
76172375.71
47991648.26
17726915.55
71614258.82
31241780.35
28675350.17
26324411.31
17307524.08
49038269.93
30475036.61
36800741.0
28432873.09
49947613.91
88845597.07
47148623.68
48773176.16
55275543.31
49930867.23
48287372.73
34096276.65
44351407.52
58364712.55
68684040.83
14462219.73
40221376.36
28704375.21
26504074.76
82594136.28
56282562.6
28697203.77
30830167.29
60060424.52
52940211.61
44904050.07
88845597.07
73893317.27
44071433.67
20049180.82
81204922.77
79121102.5
12952798.69
30909829.68
30136325.45
34883063.13
74544476.82
38195794.33
34296436.04
42130795.7
41060487.61
52200417.58
26578111.52
30941953.64
13351870.98
62172445.28
33905043.35
80857619.39
45467626.54
48761295.63
88845597.07
72265418.38
66404982.39
28621579.84
37290761.67
51921350.5
44307202.4
32229124.42
60738794.6
33464193.93
82594136.28
75846795.93
51973256.01
47577121.93
18292761.91
51612329.86
43297858.57
45449062.23
50771944.8
15795001.97
80163012.64
29649565.89
82594136.28
29191688.39
72590998.16
30735070.54
15927044.74
20891780.29
72590998.16
43585100.09
55313055.86
72916577.93
55596372.71
28222410.19
55856092.0
27506498.65
63800344.17
45740528.64
30782545.38
68684040.83
23244182.65
29928743.8
82246832.9
16728556.78
49648775.48
86761776.81
31687477.69
39386419.89
61846865.5
36111456.72
25127271.7
51921350.5
40057009.49
81899529.52
19892414.92
30219963.29
15550399.23
32085217.64
52183356.38
22977449.17
44708401.64
39736777.35
39110241.16
40250448.52
63149184.61
39675852.82
25330572.0
41292282.86
33380679.25
49317136.29
24656309.54
72265418.38
21635530.84
16159413.62
90582113.96
93013237.6
87109080.19
39501353.04
71288679.05
39382901.97
37827142.86
64125923.94
36732405.22
21870373.49
14805491.77
56919740.34
45194664.51
38467152.9
35321809.34
65753822.83
32884792.35
40282471.98
37820509.6
51889111.78
13830140.05
41629577.0
46068024.96
40174076.0
71614258.82
34404977.14
48289997.59
45729135.1
52851741.96
33207142.57
58996495.45
17654953.2
53528572.11
23897095.69
90582113.96
52204286.95
86761776.81
58310486.11
20629249.32
46577032.27
54439173.64
30988375.83
56580677.11
30180541.54
22082464.79
72916577.93
41608069.95
80163012.64
67381721.72
13160044.6
39893123.09
43865136.92
13547167.16
35211334.02
67707301.49
38528761.48
22773615.26
13337002.76
28963150.1
35917899.04
56155483.51
34286967.67
74870056.6
63149184.61
91276720.71
51557676.94
78125854.37
55592939.74
47448920.38
13270018.33
35800240.54
85372563.3
76172375.71
25138661.85
38569656.31
91971327.47
54917864.52
13897256.81
35703312.33
73242157.71
68358461.05
45677018.76
15246416.6
16377007.06
18252761.59
40055954.65
19425984.03
37093095.82
42903170.48
22712794.12
15711084.03
31514373.26
74218897.04
13036990.45
35837969.48
33448633.79
40366912.0
34504412.72
30594215.11
61846865.5
21597368.58
44942210.63
87456383.56
27273273.19
62498025.06
33687953.04
61371545.5
13851210.3
13463769.11
43494733.85
37718177.01
65428243.05
39164399.47
81899529.52
48249921.75
64777083.5
19124466.67
87456383.56
90234810.58
30418172.37
23244182.65
18907310.46
62172445.28
41690498.88
48494390.09
49038269.93
30145608.97
38282396.55
51031059.18
49045083.1
85372563.3
31084488.91
26382663.11
46009217.06
82594136.28
51332201.5
45756295.79
76823535.26
32868167.32
43270667.76
38074209.22
46299455.53
41960397.52
27865274.93
78779757.48
61846865.5
35917899.04
43768665.68
60692938.87
33016695.17
15898677.81
14001254.01
13588933.32
34618146.08
92318630.85
20471883.43
55556715.73
43788780.24
33448633.79
13076495.89
32332932.9
14931000.65
51332201.5
74544476.82
69335200.38
17421467.62
13114157.94
33371008.64
46828448.56
56330183.7
31285692.79
13297577.38
87803686.94
25362832.23
62172445.28
44608850.71
69986359.94
13391288.37
48759403.56
37008825.45
28362867.83
61195705.95
65753822.83
51847238.0
23953387.77
47448920.38
34126470.28
13766456.4
34220927.14
82941439.66
28570871.93
81899529.52
39791264.68
29411382.96
50446086.88
18783119.23
65753822.83
40183770.5
16398842.11
13062806.75
65428243.05
28164762.94
64777083.5
18821243.3
91624024.09
48201766.44
39538181.97
30169748.07
54207603.48
34752502.38
49408352.15
22946592.61
43886371.57
54247691.89
87456383.56
42232491.74
58615205.97
27690172.72
81204922.77
52200417.58
66730562.16
46331001.54
64451503.72
61222416.8
27747795.71
68684040.83
34096276.65
22757825.67
35040340.34
20421540.41
43886371.57
24976938.52
33501540.77
77800274.6
36517084.89
76497955.49
21424774.27
37983037.29
35444116.69
83636046.41
31579283.42
61594918.31
71288679.05
38423946.17
27247557.78
36536970.17
37747008.84
18817640.76
46832583.54
89887507.21
65753822.83
58203439.96
24221516.04
28518916.07
31246749.26
61195705.95
48484662.88
83288743.03
39191115.27
34849127.74
68032881.27
45789174.55
48328279.33
12786991.45
31055875.44
36988346.34
49325297.26
12761588.57
41168612.1
89887507.21
53877633.41
44587183.61
46855867.88
62172445.28
69335200.38
66079402.61
48204452.94
13256264.65
61521285.72
33142190.6
17523677.33
64451503.72
65753822.83
50785949.09
52428187.39
51073617.78
67707301.49
31502983.9
89192900.45
44638671.71
49931624.74
42465478.54
68684040.83
16986143.49
21126940.28
57686501.3
71614258.82
50450350.11
47947115.19
34358877.07
42382514.13
41904973.33
56847122.36
58703834.74
13374578.47
25128819.64
30969209.76
51624368.09
65102663.28
50802839.66
89887507.21
41646820.96
12929529.19
35916641.86
42422672.57
43585100.09
41664062.33
35088969.29
34677285.91
45796457.69
85025259.92
24485464.73
68358461.05
13463769.11
37036206.46
89540203.83
67056141.94
43169017.62
43270667.76
19342829.83
13380538.58
25598397.35
50159696.38
36721032.36
86067170.05
35302859.59
54389041.55
79815709.26
78451434.15
34550464.06
25598397.35
48550493.42
43895847.04
72916577.93
29972924.32
33933384.64
22520848.44
49668188.98
31138532.6
44608850.71
36188469.25
49880098.41
55604131.62
50734085.51
48249921.75
32969681.7
32933876.53
39195100.58
17943246.5
27655407.38
20389259.97
30768787.48
60544546.39
33002416.4
35040340.34
55038958.76
62498025.06
39110241.16
24901561.89
36929189.42
58649764.17
50726369.58
74218897.04
43821961.65
30644836.21
46762444.07
79815709.26
58364712.55
28887964.58
37290761.67
91276720.71
28662294.96
65428243.05
18510831.04
13897256.81
33684695.84
53761393.16
41065010.78
52975829.33
29914082.85
30195869.16
29165413.94
78779757.48
71614258.82
91276720.71
14460308.82
45965953.34
25840440.13
36792377.64
66404982.39
47371596.53
34776877.28
18388491.0
68358461.05
30819909.0
33242731.55
73893317.27
91624024.09
49627250.67
89887507.21
23835410.4
27247557.78
23714823.96
18215008.58
51065399.69
15637906.14
47689725.81
62498025.06
34062844.87
32324900.65
70311939.71
36800741.0
30441770.1
41608069.95
43200668.38
15353927.76
44048720.67
23792325.8
40998672.82
44608850.71
45199710.64
38378680.75
18159644.87
36626734.96
39974501.19
13247514.37
46057850.65
45779130.72
31084488.91
48569585.08
27719022.34
51891334.18
28716293.15
62172445.28
23008889.61
33242731.55
78125854.37
42461047.56
69660780.16
81552226.15
71288679.05
64125923.94
44670782.22
27269009.05
75195636.38
45411687.42
26305122.63
52851741.96
62823604.83
52800443.79
79121102.5
89887507.21
35254649.71
37791842.23
13290483.87
60916548.22
23063411.25
33736715.53
31830365.27
50165939.96
16510941.16
35847305.49
38647800.62
69986359.94
46827098.83
29849955.8
58954328.15
16214236.16
87456383.56
38536789.81
14931000.65
87456383.56
35606735.6
60398397.74
31084488.91
51867947.92
51587834.74
33235607.86
78125854.37
33415036.57
65753822.83
29420751.16
72916577.93
46331001.54
50446154.77
37493904.49
54157199.09
12984398.51
47491709.26
40828023.41
21770889.44
57258825.13
31906039.59
29690174.12
18735807.66
35703294.27
85719866.68
39368879.45
22476268.82
50802839.66
17380335.81
44705425.05
41995561.5
27215695.79
49067196.22
32725176.54
13312245.83
33731008.16
21597368.58
42356934.97
49605511.42
27851460.48
44167337.77
32149280.2
47211953.63
60399609.56
62172445.28
51331077.48
30735070.54
54992997.64
28340023.2
49888885.15
26105577.28
78125854.37
77800274.6
46762444.07
40328389.23
61417207.48
60014348.47
48764872.81
29669616.55
12952963.46
85025259.92
22475965.24
32771596.6
38467152.9
42267017.7
12952963.46
13683966.04
18821243.3
48271070.7
39809900.12
23479492.93
34377210.47
44701788.95
15506668.14
49447769.92
34358877.07
35837969.48
69660780.16
47770877.2
34181542.63
31133594.31
53248342.34
57347416.51
76823535.26
63474764.39
22810545.61
71614258.82
84677956.54
51404398.78
18599616.8
33816280.89
24664476.26
50210268.51
45690609.96
46061055.02
46880748.25
32500133.0
33399866.67
46842434.83
32410808.92
48206150.14
44981851.68
29935953.07
29114402.24
34829591.3
50207996.43
25132630.05
78125854.37
53231125.27
87456383.56
43509974.97
33711665.94
45965953.34
53279174.67
65428243.05
74544476.82
37072073.49
60870126.17
19602462.27
29946540.66
67707301.49
16638947.21
54925731.4
42382514.13
83983349.79
54633446.09
36109565.23
78451434.15
26204540.03
44638671.71
34550464.06
35116624.61
47154340.86
71288679.05
35635332.04
40333891.44
86761776.81
36311296.09
92665934.22
61024736.84
12771841.69
46876719.59
42485892.62
55573827.6
83288743.03
44625226.91
58996495.45
70963099.27
57258825.13
41400592.15
40586622.32
54419648.01
79121102.5
44710324.85
46517575.0
30690536.76
48251966.27
88150990.32
18999953.89
46894016.25
47153383.59
34080930.82
79121102.5
71939838.6
22283893.08
77474694.82
14758286.78
49596002.65
54649527.35
37004416.83
50771944.8
88150990.32
23008889.61
64777083.5
43534447.54
29623189.15
25362832.23
86414473.43
50210268.51
25555558.3
14702704.77
76172375.71
78779757.48
86067170.05
57686501.3
41292282.86
47091418.59
44127933.56
17029844.06
91624024.09
69660780.16
31875923.35
55652098.47
14370331.22
23705976.14
78779757.48
49608323.44
58024412.89
38179741.85
46332935.49
35876604.16
13256264.65
13714401.08
55275543.31
59042956.92
50792653.82
70963099.27
51841634.92
21292181.23
52116875.81
32955826.31
41530432.37
48787168.99
13683966.04
35644840.86
43869586.78
64125923.94
35974552.43
60544546.39
41100185.63
21099417.29
49668188.98
38282396.55
76823535.26
67381721.72
43504080.33
30447048.61
46873962.23
49090222.4
45213120.21
76823535.26
86414473.43
18989636.45
36139219.21
35719839.58
49166766.7
60870126.17
44158175.49
59328320.3
38609567.66
26916073.29
34336247.7
60692938.87
28525239.15
39519959.13
76823535.26
80163012.64
36411702.48
30136325.45
32177442.76
48773176.16
50490732.19
84330653.17
34486714.76
18376072.98
86067170.05
73567737.49
67056141.94
73893317.27
38809665.82
41608069.95
51973256.01
48204452.94
44385537.29
25362832.23
37747008.84
63474764.39
50160773.91
35585273.16
84330653.17
75195636.38
69986359.94
90234810.58
40793488.31
17465119.91
69986359.94
13658597.93
50165939.96
86414473.43
35884312.85
35294136.79
13742670.81
79468405.88
40847213.83
76497955.49
16143014.75
29601163.58
34486714.76
46315119.7
37602224.43
13062806.75
76823535.26
25801567.76
40166004.0
59328320.3
13768795.41
56621783.11
68358461.05
57631937.38
53569699.5
17509956.21
13561086.14
86067170.05
32374482.91
36821450.15
68684040.83
35566512.31
27688412.91
30236011.0
63474764.39
44568198.74
87109080.19
34909139.35
38465455.37
71288679.05
76497955.49
86067170.05
28915321.64
54692902.82
60204675.8
32067136.64
17222922.28
12987652.14
47971235.62
54161522.8
79815709.26
45199710.64
15362980.19
63149184.61
48256430.69
16875307.08
16006825.31
47972772.52
27052180.17
29707715.56
54714979.95
66079402.61
80163012.64
46849469.83
14067149.11
46889960.16
38695919.08
41993736.41
33499475.6
13672546.74
51628316.26
39431550.35
63149184.61
42990176.3
32410808.92
38645520.96
85025259.92
93707844.36
44638671.71
39191115.27
12786991.45
33414623.77
43895847.04
44071433.67
62498025.06
37343405.98
40095492.73
49128760.43
74544476.82
36139219.21
18071768.17
31055875.44
31818707.52
68032881.27
66404982.39
36201943.62
32990996.92
73567737.49
36296457.92
71288679.05
13292640.6
75521216.15
14594338.15
45461696.4
53957110.07
65753822.83
74544476.82
32837083.0
46882749.97
34821640.46
42770904.63
47638388.01
32748747.11
60870126.17
39707416.16
50490732.19
16728556.78
31292119.5
51073617.78
91276720.71
15971896.39
26741277.19
43005406.66
56614143.97
40494142.67
26005897.49
51307721.55
38292290.79
17006929.0
14335627.89
29922540.15
13717767.08
35986754.94
60218966.61
14676176.91
13680968.91
40250448.52
66404982.39
43025553.56
28426437.25
51891334.18
27483248.83
15755899.22
31824285.39
16073453.76
29290429.05
36520502.71
43829999.38
90234810.58
67707301.49
51963473.85
78125854.37
91276720.71
77149115.04
31780074.67
31602570.18
29448087.01
39675852.82
77800274.6
49370457.41
55652098.47
52452725.92
22239154.13
38428792.78
46889960.16
31564910.19
89540203.83
61846865.5
15190053.27
56953408.44
41629577.0
34300257.08
77474694.82
35023283.89
50211727.87
52763484.19
49650424.31
28297566.66
65102663.28
13053886.46
50169513.64
13714401.08
54296083.42
38144815.79
35373070.06
56172560.08
30236011.0
56919740.34
13233856.39
46827098.83
34776877.28
53860560.38
54412692.8
69986359.94
36936210.08
51867947.92
59041764.73
51085904.63
76823535.26
79121102.5
35715435.27
21424774.27
54477854.71
62172445.28
39978931.92
35703294.27
42173801.25
28887964.58
51972863.08
64777083.5
19821014.58
40333891.44
83288743.03
36429246.86
74218897.04
24739972.35
13105174.07
13203513.02
65753822.83
34347285.39
65428243.05
67056141.94
53572178.88
33417875.77
35917899.04
49885725.59
38922956.91
42085275.47
44328785.69
60218966.61
15640561.3
23728813.7
91624024.09
57347416.51
92665934.22
29320052.93
34181542.63
24624277.2
34883063.13
38736804.2
45251435.67
57300230.07
33444750.93
17292169.68
41646820.96
37263957.19
70637519.49
83983349.79
36353886.28
81899529.52
42799205.47
38010781.24
28426437.25
23943083.44
54759325.59
80163012.64
41901686.42
42228111.49
61667700.89
17421467.62
50165939.96
42655231.83
89540203.83
48479025.53
79121102.5
51001310.76
77800274.6
28662294.96
21528875.03
23986304.9
91276720.71
51972863.08
12740207.22
40857945.29
42630252.41
28898253.56
79121102.5
63800344.17
45541286.14
24959701.6
26029761.78
45690609.96
50512540.37
41671916.28
32990516.77
69009620.6
75521216.15
31615004.2
36248650.84
13077822.84
47655817.79
15941828.64
50169513.64
35114496.04
81204922.77
60238178.14
53292008.39
12838547.17
39239891.72
44048720.67
91971327.47
56215718.36
31285692.79
41018991.03
88845597.07
34716828.61
18728926.95
47409640.48
30032947.62
43449006.84
83636046.41
12774282.96
76497955.49
82941439.66
42538475.7
36353886.28
37651412.31
13408244.06
40009617.51
39008159.66
52789142.12
35527424.0
81204922.77
40871150.84
27954806.5
41712132.61
29690174.12
55571970.92
13935272.72
13312245.83
55456064.54
54546576.84
76823535.26
93013237.6
13623502.46
14118264.01
45396844.1
68032881.27
83288743.03
39739394.75
38636661.92
55456064.54
61846865.5
44328785.69
73893317.27
34279300.1
25318532.37
33834246.75
35092842.06
18952237.48
70637519.49
78451434.15
37201794.52
54132519.88
27031531.05
54412692.8
29758603.73
21126940.28
28970080.64
77474694.82
50771944.8
69335200.38
38941525.71
19385445.49
57008331.72
26037075.27
65753822.83
13449880.97
72265418.38
31108451.02
88150990.32
35876604.16
62172445.28
46609167.62
62823604.83
45969532.5
48846362.71
33206674.18
32771063.41
53361286.89
75195636.38
35916641.86
28239630.57
51361846.96
48271070.7
82594136.28
79815709.26
93707844.36
51587834.74
50006779.53
53457150.27
90234810.58
15289104.06
60218966.61
34827123.93
17749069.1
60870126.17
46547100.43
46889960.16
61195705.95
33417875.77
33040541.6
15308757.59
60006886.59
36463344.39
13133264.98
50770835.32
52732858.7
93013237.6
40245349.39
71614258.82
93360540.98
40727035.89
13892471.07
88498293.7
54974030.13
32180082.65
67707301.49
46490898.0
13210947.15
16111631.24
69009620.6
66730562.16
30690536.76
43244883.47
51074434.17
29320052.93
47971235.62
38151973.26
14931000.65
40365145.78
84677956.54
18821243.3
13031773.2
39514253.95
31875923.35
91971327.47
17051989.45
86414473.43
12729573.56
33951515.9
32378550.1
52543340.88
68358461.05
55313055.86
69986359.94
19515181.92
18725767.39
35088154.59
55563549.27
15420147.74
31410696.56
65428243.05
83983349.79
70311939.71
14931000.65
39912139.52
80510316.01
67707301.49
68684040.83
18381617.9
23181773.8
20392433.94
92318630.85
31001469.88
16073453.76
83983349.79
35603083.39
54937458.09
34336247.7
38636661.92
47129555.16
72916577.93
51307721.55
30228232.54
34231958.62
31640137.18
59526183.67
26978484.47
32227223.09
65753822.83
53868631.15
28426437.25
40813273.46
71939838.6
49930525.93
42085275.47
29873473.25
47383379.89
31261712.6
35432038.06
46577032.27
67707301.49
87456383.56
49684850.08
57007074.0
90234810.58
27806456.73
65428243.05
13219291.34
90234810.58
31361750.11
53569699.5
16421225.0
60692938.87
29181703.32
55275543.31
41065010.78
38918314.8
80163012.64
75521216.15
81899529.52
32869758.93
32313473.76
43742920.94
38971516.97
52742408.56
18943787.9
61328473.06
59667603.27
78125854.37
53853515.55
40599769.9
49125857.8
19644517.27
25603192.09
43351009.95
28260307.64
29903196.41
60218966.61
64777083.5
17739835.69
42255663.08
93707844.36
47420527.76
45130207.55
18172249.8
35705056.53
15495145.19
34827123.93
13467359.8
29501507.52
64777083.5
23008889.61
31513374.12
46611159.52
14219067.01
85025259.92
21584678.54
54635056.78
46009217.06
61195705.95
29561066.08
17247475.7
65102663.28
34821640.46
69335200.38
31019242.98
56155483.51
81899529.52
82594136.28
19495958.22
15146989.29
33914544.99
29928743.8
42499508.06
39009876.82
53868631.15
30503451.76
38179741.85
14001254.01
28382562.13
56669246.93
54133688.47
57347416.51
79121102.5
48486465.9
13133264.98
87456383.56
28675350.17
28355195.81
18388491.0
39997013.84
14418923.54
36383999.23
41685319.76
64777083.5
16659216.02
34749471.35
31236271.49
42694207.86
38092542.24
49880800.39
64777083.5
31485570.55
29403324.44
54296083.42
37110401.06
39724936.3
41147845.3
17782330.07
29601163.58
69335200.38
17531157.41
45191370.25
47423910.41
32437847.58
80510316.01
20655148.84
87803686.94
43284172.09
34124929.75
53853515.55
61846865.5
77800274.6
44027221.19
40353365.05
47387100.57
24309039.71
47387100.57
51124867.35
13983919.4
51624368.09
27247557.78
93707844.36
37834438.17
65102663.28
47644154.52
71939838.6
29946540.66
42676364.43
40328389.23
37908071.7
19207635.63
15858135.33
32990996.92
38092542.24
55248300.18
32956783.03
76172375.71
90234810.58
29071846.73
29228295.27
33282617.23
57830022.68
61846865.5
34087576.86
68684040.83
29636681.93
93013237.6
82594136.28
38645520.96
37636401.54
80857619.39
44158175.49
31001469.88
43534447.54
51329687.72
48764872.81
66730562.16
15463818.31
47110942.44
38019648.21
70311939.71
12903227.62
50232426.93
39230044.94
41440371.53
30760124.96
35838914.22
18133070.52
80163012.64
26789140.03
45147147.38
43747245.85
12750845.05
61521285.72
42770904.63
46339592.24
50487710.9
50160315.05
31780074.67
82246832.9
39552668.5
42949149.43
64125923.94
59559895.58
24905180.68
46873962.23
54376980.14
61077979.65
47991648.26
32329181.33
38584842.48
86067170.05
16011036.25
47358178.08
65102663.28
53598067.72
67707301.49
54669229.93
39700079.96
62172445.28
53957110.07
85719866.68
71288679.05
61032237.21
41881332.01
57525270.38
53279174.67
32660617.74
84330653.17
50523341.34
33516097.15
62823604.83
92665934.22
70311939.71
12956697.77
92665934.22
21801567.57
21704843.3
62172445.28
29906348.52
48887270.56
13396307.65
52171464.66
19598083.62
62498025.06
32459895.88
55573827.6
76497955.49
49880104.01
16768584.07
13901061.89
13756844.04
31329220.52
24421190.22
62823604.83
32109341.38
66730562.16
50731186.59
13616790.35
70311939.71
32219121.06
36992493.75
16547146.72
40174076.0
49317136.29
71614258.82
59328320.3
69009620.6
21336272.49
47728400.9
28716293.15
86067170.05
13234308.98
85372563.3
31562602.04
64125923.94
77149115.04
57597909.93
77474694.82
51892460.34
47922960.48
83983349.79
71614258.82
43198329.47
32188638.33
36109565.23
54133688.47
32771063.41
33666624.91
85719866.68
56667961.21
44114037.21
39550931.72
30400119.82
31502983.9
27954806.5
59675053.27
42214566.28
40269091.39
29953559.05
31969994.29
74218897.04
37983037.29
67707301.49
52473455.26
37172450.14
41142531.78
80510316.01
45740528.64
47712226.71
50732458.39
57978686.7
42214566.28
48287372.73
43504080.33
46610480.85
15744748.44
51673386.78
53877633.41
43221939.11
88845597.07
34940065.11
23244182.65
90582113.96
50450350.11
29429841.2
35703294.27
21126940.28
91624024.09
80163012.64
30670662.45
51611205.83
77149115.04
42504585.96
43768665.68
54296083.42
41452665.72
44888916.48
12929529.19
46527381.22
49522721.91
46057850.65
58317956.29
50210629.06
52473455.26
35021791.47
49091319.04
34889547.82
56919740.34
60346169.91
32422641.54
33191706.96
72265418.38
13161299.85
59675053.27
54978801.96
41837091.33
40599769.9
91624024.09
45957193.42
71288679.05
29863463.39
22773615.26
76497955.49
41400592.15
12729573.56
70963099.27
59382079.11
38039356.7
60218966.61
35386317.34
29103750.7
39485943.63
33689428.81
43352884.1
19921232.79
51612329.86
35101324.46
43886371.57
41608639.65
52940211.61
31929219.4
28915321.64
31485570.55
35735011.77
36899591.81
91624024.09
91624024.09
41065010.78
42757218.96
53548675.38
20243251.67
39009876.82
52172593.13
12979653.13
77474694.82
77149115.04
91624024.09
12838547.17
68684040.83
78779757.48
37281593.13
82594136.28
87109080.19
52407676.72
57971208.04
26319129.34
19481673.96
50286291.6
69335200.38
46842434.83
79121102.5
40555326.45
54586711.64
80857619.39
50785949.09
52708309.36
39242885.46
48535311.25
51903862.23
89192900.45
70963099.27
46591469.34
15711084.03
37833568.81
43284172.09
39736777.35
35329562.97
49687943.87
88845597.07
30494161.76
34901489.09
13067788.06
38416122.66
67056141.94
91971327.47
41943240.41
27927448.52
35857781.06
17133790.34
86761776.81
34667288.49
15423008.32
49648775.48
19037984.5
46547100.43
78779757.48
93707844.36
50165939.96
37110401.06
17682800.85
40282471.98
50806312.26
72590998.16
45779130.72
51903862.23
45213120.21
55355108.37
86761776.81
49928281.96
40327996.71
16574966.94
16768584.07
44417784.64
78451434.15
33002416.4
13449880.97
46547100.43
56961006.59
34889780.9
92665934.22
85372563.3
31602570.18
27011894.54
46604815.96
34902739.23
47651661.36
13137338.25
37164476.38
40746300.81
55313055.86
46570929.18
88498293.7
38124912.19
41357472.21
53248342.34
13700444.43
35585273.16
52745990.67
47730843.23
87803686.94
40269091.39
46531069.27
69009620.6
41452665.72
59335765.04
20656641.37
84677956.54
48484662.88
36264614.51
54974030.13
84330653.17
30554092.54
60544546.39
27981531.17
49089896.08
52451597.45
51074434.17
38958736.84
60544546.39
34397647.62
47431605.33
74218897.04
67056141.94
52708309.36
13023446.55
53277183.04
53190705.02
38967899.37
13435992.94
39930937.94
53038999.2
29102996.24
86761776.81
13249624.5
81899529.52
84677956.54
43459243.26
28116608.57
45213639.03
34609650.52
89887507.21
18999953.89
51050949.12
58025590.37
14631618.59
39928235.38
52451597.45
12851563.8
20202095.52
13419388.96
13277877.48
17162480.76
42356934.97
31552200.02
60737577.88
38971516.97
45253378.51
68032881.27
77474694.82
28426437.25
41119492.94
25833966.21
86761776.81
35808189.1
13407098.23
32676090.19
51673386.78
51682334.2
60692938.87
32081756.81
88845597.07
44436915.11
89192900.45
44648770.94
71614258.82
17465119.91
25318532.37
87109080.19
26712700.55
32499403.27
82941439.66
51123287.12
35675542.78
88498293.7
24485464.73
47151555.35
37281593.13
21362144.33
28639533.51
36535854.12
40353365.05
35857781.06
36449572.02
42776683.94
29649565.89
71939838.6
91276720.71
42961052.93
32684016.13
78125854.37
26082474.94
50506498.5
44027221.19
65753822.83
20830800.67
73893317.27
46594540.97
31261712.6
31818707.52
15837838.84
46569385.31
42130795.7
25634232.93
44928274.14
33273698.26
42233160.61
22575438.09
41916691.12
35160792.94
14499053.97
92318630.85
43459243.26
79815709.26
61846865.5
17381535.38
70311939.71
74544476.82
89540203.83
18688041.08
92318630.85
51281191.18
53796113.33
70637519.49
60399609.56
27731949.4
47975509.17
35606735.6
77474694.82
31055875.44
32618261.38
46797768.95
49725759.64
66079402.61
35302859.59
39552668.5
13077822.84
15332710.89
29687154.99
62172445.28
90582113.96
14067149.11
42130795.7
47129555.16
24905180.68
13553457.0
73242157.71
22757825.67
57292672.91
12927111.92
12965955.78
46027989.41
46559581.06
25869888.48
13165171.24
91971327.47
47918597.95
58169215.29
32361391.99
87456383.56
60543922.8
67707301.49
35294136.79
35930040.54
13050572.58
32085217.64
74218897.04
29493449.39
40315300.81
18087090.37
30032947.62
26540701.44
28102646.92
16227088.18
73893317.27
61521285.72
89192900.45
42480945.36
18431430.98
32599988.29
27977041.05
36746031.0
40366912.0
24199321.07
29953559.05
51124867.35
55654476.7
42154024.37
38809665.82
45492588.27
50154076.93
88498293.7
67707301.49
52272419.12
35566374.88
31374292.18
74544476.82
61195705.95
49047200.02
28911411.69
29235788.16
61328473.06
15724246.27
15063355.67
32329181.33
21362144.33
86414473.43
79815709.26
35753882.97
19207635.63
44328785.69
14067149.11
85719866.68
46237381.04
47169439.87
51574731.78
33638006.27
51286801.04
90929417.34
25213919.75
39658678.36
53908672.14
13477657.86
34843224.03
55916309.85
38621395.1
65428243.05
58276083.78
53957110.07
72265418.38
28898253.56
80510316.01
39180793.52
14028618.72
14715018.44
31835971.13
42176430.23
65102663.28
73242157.71
57258825.13
72916577.93
28887964.58
58025590.37
48227132.71
32847046.74
44438828.51
86761776.81
40541181.71
32361391.99
31267871.46
55652098.47
54100259.8
36445416.17
30288923.72
13165171.24
47085233.96
40638344.1
89887507.21
38039356.7
85025259.92
66730562.16
56953408.44
41336536.63
40446971.37
55204565.88
32606138.52
45772056.33
32227223.09
34299912.16
52543340.88
29442511.82
36403078.06
20695650.23
41101066.64
22050531.2
34477163.67
48482143.98
52695607.45
44374738.84
74218897.04
14266023.66
37195959.84
54108919.49
52522565.99
35131363.4
14048508.52
74218897.04
49888414.4
59667603.27
51374929.79
12940010.75
15578987.65
45204178.75
89887507.21
13215017.51
91276720.71
81552226.15
13076495.89
16187897.74
48530021.56
22067837.49
47358178.08
52940211.61
13935272.72
31329220.52
36948480.23
70963099.27
66079402.61
12942718.5
23943083.44
16075727.09
42653738.4
61032237.21
36296457.92
81552226.15
44375845.0
32052485.17
21096273.83
19216910.79
21096273.83
80857619.39
33262204.14
38621395.1
41608069.95
89887507.21
30468674.05
52402091.08
25376005.48
32866439.66
17509956.21
32703755.81
42926033.83
28214611.49
41331993.13
81899529.52
49893442.16
87803686.94
43806589.43
12987652.14
15795001.97
38994763.91
29029491.39
32046731.98
47658092.32
49243902.42
89887507.21
70311939.71
55604131.62
19207635.63
27690172.72
12825553.43
38434758.84
48787168.99
37364741.48
35658163.83
91971327.47
25566065.2
69009620.6
38064410.45
80163012.64
63149184.61
52172593.13
87803686.94
29177321.25
56172560.08
91971327.47
41646820.96
53279174.67
60870126.17
13190252.64
25671139.71
74218897.04
50450350.11
37562329.83
75846795.93
42894962.97
81204922.77
28604368.06
40221376.36
35329562.97
40541181.71
39824073.46
37336147.18
28621579.84
93013237.6
22239154.13
86761776.81
13226442.98
53293174.56
45221690.88
34509009.2
78779757.48
36463344.39
13505435.36
28218299.31
28772512.54
78779757.48
73893317.27
37653080.4
60014348.47
21065773.02
93013237.6
72265418.38
60916548.22
91276720.71
19659464.63
37531277.42
82941439.66
47689725.81
41270318.25
42799205.47
13623502.46
88498293.7
43079541.31
26540701.44
28694253.17
77474694.82
58363530.17
41983893.69
37873519.69
30238181.46
15998265.81
72590998.16
25850059.9
76823535.26
40790636.78
51671924.38
23716410.37
14244654.98
53908672.14
57186185.59
48215624.17
38019648.21
32888968.02
82594136.28
48829916.15
37834438.17
93707844.36
32356611.1
29895930.09
47169439.87
53868631.15
56282562.6
88845597.07
23714823.96
13908521.65
29561066.08
85025259.92
21168593.19
35644840.86
43352884.1
35021791.47
44374738.84
51674092.9
19951414.97
25534965.73
73893317.27
54699191.82
58310486.11
21362144.33
92318630.85
83636046.41
27419711.63
79815709.26
69986359.94
80163012.64
18074830.02
83636046.41
24891773.37
55770657.82
53616218.59
18163624.01
36006605.26
23660221.11
46250895.35
51027608.37
41881332.01
29352490.4
23318682.49
16646228.51
50718886.62
42188869.34
39930937.94
12740207.22
76172375.71
77474694.82
53235319.5
54929774.14
37739172.21
14931000.65
40638344.1
28190607.53
70963099.27
42214566.28
51624368.09
29687154.99
73893317.27
28581898.06
44928274.14
42267017.7
41811499.4
33516097.15
69335200.38
12969968.41
48530021.56
33459586.73
33541124.5
45772056.33
29052487.47
24891643.73
34223120.1
38687429.52
43534447.54
59042956.92
51074434.17
51374929.79
58203439.96
30868452.07
14418923.54
90582113.96
42527434.27
77800274.6
43842502.97
71288679.05
55596372.71
34767914.22
47363790.52
78125854.37
63474764.39
32351730.67
34989649.83
28837309.43
47658092.32
35191836.44
24133971.58
67707301.49
30548041.48
84677956.54
13407098.23
44127933.56
42504493.1
82941439.66
44017083.3
24692094.8
51361846.96
38297405.17
13294030.64
39191115.27
50243843.03
48494390.09
50446154.77
33804637.5
90929417.34
48507150.23
50207996.43
41837091.33
48535311.25
42694207.86
75195636.38
67056141.94
68358461.05
41956715.19
23660221.11
46339592.24
30436333.71
47110942.44
42076229.92
68358461.05
76497955.49
46009217.06
32149280.2
47667101.44
33155272.29
55871944.06
23751111.27
81899529.52
33955176.52
74218897.04
53529668.09
14283095.45
22742246.62
90929417.34
29669616.55
36173953.85
54973112.85
55117001.31
33113839.51
50440533.53
19481673.96
25081545.24
54716332.88
64777083.5
48787168.99
73242157.71
12729573.56
44385537.29
52119007.04
31514373.26
70963099.27
82246832.9
68684040.83
68032881.27
38336978.66
44079868.42
38416122.66
50770835.32
76172375.71
40857945.29
45969532.5
48846362.71
30023758.26
73893317.27
61195705.95
41357472.21
52731730.24
24370849.23
72916577.93
25925002.73
92665934.22
19481673.96
32996663.81
49320919.27
75846795.93
14331733.95
20186468.11
78451434.15
44973628.97
31507673.54
25365999.5
42109800.81
57686501.3
75521216.15
47107099.7
80857619.39
55894092.33
39009876.82
71939838.6
47172741.65
93013237.6
60218966.61
30486378.47
32956783.03
35909163.18
13264830.56
32731155.76
68358461.05
31235282.47
26776292.71
49952313.48
39640508.53
51820353.66
44385432.76
55902591.89
34901489.09
59971732.9
35857781.06
13422104.9
87456383.56
19165541.48
42403579.42
29543189.49
37636401.54
40747732.32
40366912.0
72590998.16
47378635.27
58364712.55
47305562.64
39213731.35
38428792.78
76497955.49
53598067.72
37766617.64
67381721.72
41858012.67
76172375.71
18185257.67
88498293.7
35635760.83
50924435.56
77149115.04
49599883.6
36025163.27
29826855.65
64125923.94
54436764.77
26272642.63
17268061.91
31808399.86
33151330.07
35447468.23
34105719.94
59559895.58
60218966.61
27260496.19
17816080.56
40586622.32
35386317.34
50718886.62
34204889.22
13146861.46
33967587.4
48766781.66
49388764.04
27264507.19
52789142.12
44867164.93
57347416.51
77800274.6
34020828.12
35172802.89
28848325.13
69009620.6
53955287.75
43865136.92
31558195.42
54419648.01
93707844.36
14055131.01
54412692.8
39180793.52
46066052.69
49651521.61
31602570.18
46849469.83
81899529.52
64777083.5
50719894.47
45517309.01
67381721.72
44429979.42
16224491.27
58649764.17
43571266.75
52968120.46
85025259.92
30819288.81
14114357.56
32351730.67
37766617.64
25256574.43
52851741.96
70311939.71
54089049.4
76497955.49
36924361.08
55258419.3
49347223.45
22946592.61
27627909.4
17654953.2
63149184.61
38908725.55
26272642.63
70963099.27
32477458.11
42927949.52
41956715.19
71939838.6
33961996.6
33040541.6
70637519.49
19481673.96
47692385.53
44918077.09
30311027.5
93707844.36
68032881.27
90929417.34
42426728.83
39452861.49
65102663.28
36618779.24
27215316.32
41372353.0
46594540.97
15362980.19
43557085.73
42228111.49
35866743.36
51006584.39
35359597.41
48787168.99
82941439.66
35172802.89
77800274.6
37330932.15
33472244.53
37852718.32
58025590.37
49370323.36
48227132.71
75521216.15
27686818.2
89192900.45
35049342.77
54995938.09
14055131.01
30644836.21
48128635.26
66730562.16
42382514.13
40353365.05
27954806.5
22134803.74
24185547.37
46797768.95
26477044.52
37064252.57
19342829.83
49600826.88
60544546.39
53221726.29
27690172.72
35339446.64
29177321.25
73242157.71
26145471.35
20818824.87
47211953.63
18840278.12
44921702.48
59526183.67
20932149.1
58847699.48
35403426.86
75195636.38
30184550.37
38372727.19
37330932.15
64451503.72
53598067.72
35916641.86
18604785.24
49928281.96
52882533.58
69335200.38
43494733.85
42689542.53
27719022.34
82594136.28
21832596.26
17307524.08
34062844.87
62172445.28
38372727.19
93360540.98
48050338.99
41372353.0
43571266.75
42718042.5
87109080.19
80510316.01
17091409.67
29145340.25
85025259.92
38584842.48
42949149.43
44167337.77
68032881.27
48251017.23
88498293.7
34982618.27
82246832.9
78779757.48
28190607.53
25362832.23
39824073.46
45492588.27
73893317.27
38263915.83
39097255.41
46577032.27
84677956.54
19779906.62
28716293.15
43768665.68
30049921.48
43081405.65
27985100.04
70963099.27
35312791.64
23468905.79
27953353.83
23280812.31
35585273.16
33291404.73
49372547.43
34829591.3
75521216.15
79468405.88
50523341.34
45197482.57
83636046.41
13264954.06
34752502.38
36675770.17
92318630.85
35986754.94
35976847.16
32892473.1
61077979.65
70311939.71
55829994.52
31349746.42
50774960.64
65428243.05
29448087.01
33417875.77
60218966.61
47936858.25
28927650.05
33816280.89
89540203.83
22651652.16
33813354.9
52415387.21
13635288.9
19037984.5
68358461.05
91276720.71
83636046.41
48814294.41
35566374.88
38416122.66
74218897.04
53231125.27
51329687.72
39785629.74
13151254.75
33684695.84
13242514.25
55795155.63
56669246.93
87803686.94
41936355.57
40245990.73
24309039.71
75521216.15
39703020.6
42622048.79
54239389.39
34648724.69
90234810.58
37602224.43
44931835.4
90929417.34
52988431.33
43806589.43
34286967.67
12729573.56
48481568.07
16227088.18
91624024.09
46882749.97
31019242.98
33268894.1
51616600.59
67381721.72
49333013.84
35294808.26
59293450.34
63800344.17
50450350.11
40555326.45
48249921.75
31875923.35
15962772.21
19253806.69
56274883.04
29169470.75
22538350.3
43342782.25
77149115.04
47305562.64
39736777.35
67707301.49
54929774.14
79121102.5
60544546.39
43842641.66
19732788.71
41879603.27
35209754.24
45772056.33
22352720.62
57490843.24
29173235.9
38857590.96
38888611.33
48201840.51
85719866.68
77149115.04
21300801.94
17484166.92
70311939.71
91971327.47
82246832.9
70963099.27
34062844.87
43534447.54
34085676.31
82246832.9
23537344.31
40081632.58
54436764.77
35703312.33
29777802.9
70637519.49
29114754.16
84330653.17
40984650.15
60006886.59
86761776.81
89887507.21
18947158.08
39948610.88
52975829.33
47644053.7
47728400.9
45461696.4
18469924.7
34231958.62
59720037.47
32628488.43
45947813.24
35808189.1
31640137.18
78779757.48
38584842.48
39427451.57
34495500.55
44933659.26
64125923.94
27011894.54
88498293.7
36278213.1
22949647.58
39724936.3
42403579.42
53279174.67
19562839.22
37908071.7
25138661.85
51854950.26
67381721.72
50211727.87
36311296.09
17853924.93
20521857.66
23751111.27
45253378.51
48479025.53
15962772.21
21635530.84
40009617.51
31246749.26
46932505.8
81552226.15
50227047.91
38892893.87
84330653.17
15323957.04
14854005.68
39550931.72
39655568.68
28402116.87
19716391.87
13422908.08
54992997.64
36948480.23
42418032.13
14283095.45
64777083.5
17091409.67
60870126.17
59220773.4
43237292.85
70311939.71
48206150.14
53900151.82
22651652.16
53796113.33
59382079.11
71288679.05
53852349.38
71614258.82
33295389.86
43313701.34
77149115.04
19385445.49
38723085.44
13533254.32
41956715.19
47692385.53
77474694.82
64125923.94
51050949.12
35362360.89
62823604.83
13146861.46
23300368.15
54413898.5
85372563.3
29826855.65
28116608.57
17853924.93
33951515.9
28164762.94
59632572.53
90929417.34
65428243.05
34542188.32
40872100.52
69009620.6
47712226.71
54296083.42
28525239.15
84330653.17
54974030.13
52171464.66
50523341.34
39675852.82
43470625.11
53221726.29
77800274.6
42809933.7
89192900.45
53514935.71
40828193.75
13233856.39
38364600.79
56614143.97
38636661.92
31417773.47
75846795.93
49608323.44
43738163.28
28898253.56
32901860.46
54813022.08
28203510.07
13602857.92
18376072.98
22241117.15
64777083.5
15795001.97
46068024.96
48810121.45
44346410.86
51332201.5
28456664.2
14872798.95
14486819.5
34080930.82
56169037.13
44853844.4
52676087.08
36567762.69
62172445.28
16862258.02
54692902.82
39242885.46
28338077.63
37480680.38
51289094.32
40446971.37
33582660.14
72916577.93
31292119.5
35481013.34
41168612.1
24153690.82
49045083.1
85025259.92
29232619.95
36025163.27
85719866.68
15146989.29
87109080.19
45476889.18
33151330.07
26029761.78
20582187.08
47924247.66
44569866.75
36219785.73
40009617.51
13366696.84
44318628.02
12993370.0
40062577.64
20126546.81
48215624.17
12729573.56
61195705.95
80510316.01
14715018.44
34250071.58
91624024.09
24656309.54
28694253.17
47154340.86
60544546.39
61032237.21
13613673.01
31361750.11
26305122.63
90582113.96
38092542.24
44918077.09
34902739.23
70311939.71
47655817.79
14326576.6
40586622.32
50506498.5
50843763.58
13307408.75
54207603.48
30379870.19
89540203.83
51561413.05
20479012.82
36278213.1
28297566.66
71288679.05
13686495.54
52489132.01
35719839.58
51278078.69
36721032.36
36139219.21
49596002.65
84677956.54
45485067.44
40907995.95
69009620.6
32911572.14
80510316.01
24358099.26
53268553.33
46559581.06
31285692.79
33687065.18
20008673.01
32351730.67
57686501.3
38292290.79
66079402.61
34250071.58
66730562.16
50565816.85
15566367.58
33399866.67
47977550.13
80857619.39
36716881.19
12916378.4
17307524.08
35294136.79
55264916.13
46248456.49
69009620.6
66404982.39
69335200.38
21292181.23
54885550.19
85025259.92
72590998.16
63474764.39
41291681.25
15071548.97
52968120.46
37290223.54
35482602.93
39164399.47
45794495.22
80857619.39
43509974.97
38564936.57
33959509.25
40494142.67
44399357.53
30713568.83
49093420.92
31299507.27
40605205.96
85025259.92
49369335.78
58657225.87
76497955.49
31312867.88
45740588.56
35312791.64
30554092.54
54649527.35
60544546.39
49964346.22
45168989.35
48609280.82
40282471.98
32969681.7
30941953.64
44656837.63
28639533.51
83288743.03
22712794.12
60218966.61
43842641.66
16443145.33
32875189.76
35160792.94
44102919.07
38971516.97
51065399.69
55592939.74
30288923.72
45707112.27
20109015.5
77149115.04
77149115.04
89192900.45
13325204.65
83288743.03
43842641.66
38857590.96
34949596.36
21168593.19
88150990.32
25128819.64
29972924.32
36445416.17
35429892.72
52225573.34
31689757.23
62498025.06
82941439.66
12774282.96
13491546.61
34172080.9
28715482.59
61364021.76
55592939.74
31019242.98
14770508.68
29295278.51
64125923.94
17739835.69
66079402.61
45476889.18
33311583.56
81552226.15
12930243.89
46009217.06
26978484.47
50490732.19
46855867.88
46299455.53
78451434.15
46373619.06
65102663.28
90234810.58
82594136.28
17967134.48
24891773.37
26314974.91
62823604.83
22303089.19
27891214.29
53853515.55
40555326.45
43318504.99
77474694.82
28898253.56
29247852.28
25869888.48
14436939.84
78451434.15
59293450.34
85719866.68
47413539.11
78451434.15
91276720.71
20656641.37
20421540.41
34816721.12
65753822.83
29228295.27
38195794.33
62823604.83
52940211.61
55991141.08
28381780.4
70637519.49
92318630.85
31562602.04
55313055.86
28715482.59
34299912.16
33647605.96
36278213.1
51867947.92
65102663.28
13309545.36
28648940.39
54586711.64
20156194.95
64451503.72
49109339.11
64777083.5
19659464.63
47922960.48
31241780.35
81899529.52
34522300.52
41168612.1
66404982.39
37892178.08
60544546.39
93013237.6
20861225.09
20699082.22
85372563.3
80163012.64
31704936.68
54132519.88
69986359.94
53761393.16
78125854.37
42903170.48
13491546.61
37263957.19
19026168.68
53528572.11
36006605.26
38039356.7
24722576.63
48686266.15
16790947.11
23555501.0
56274883.04
49522721.91
39191115.27
31374292.18
89192900.45
58025590.37
41858012.67
44921702.48
28338077.63
69009620.6
46019363.05
41813615.96
47385446.12
30144670.87
32748747.11
35611875.33
30909829.68
28219093.18
48492383.68
43028562.76
74870056.6
79121102.5
34477163.67
45199710.64
49327761.73
32109341.38
87109080.19
44670782.22
38554011.87
37924437.37
50771944.8
61076758.01
38841907.84
50845342.1
60544546.39
34630384.74
86067170.05
33834246.75
60870126.17
38908725.55
42130795.7
35444116.69
36188469.25
69660780.16
37806909.97
13359669.4
63800344.17
52682329.73
93360540.98
33476271.63
47728400.9
13470354.23
55873191.75
27094422.4
52127456.47
91276720.71
51567019.52
25792655.17
61328473.06
80857619.39
46267103.03
79468405.88
66730562.16
47448920.38
36549831.06
92665934.22
55604131.62
33423739.7
21102917.13
52938147.49
36788357.83
44625226.91
54239389.39
47651790.48
27981531.17
70637519.49
64125923.94
33472244.53
90929417.34
26540701.44
40555861.91
45251435.67
85372563.3
75521216.15
36924361.08
32188638.33
16291244.34
31285692.79
29071846.73
28970080.64
16917727.72
31818707.52
37620891.53
52221948.81
37349630.89
63800344.17
38723085.44
15246416.6
66404982.39
66404982.39
70311939.71
39824073.46
38857590.96
54649527.35
45132764.89
89192900.45
23714823.96
44387159.92
13644655.23
46035702.4
65428243.05
42808079.17
37752919.57
26741277.19
22977449.17
77149115.04
43180323.46
41270318.25
32235054.81
48407450.7
21612236.31
32875189.76
30702948.27
45197482.57
13635288.9
53618137.73
18907310.46
49596002.65
49648775.48
52553976.82
30436333.71
33295389.86
51567019.52
83983349.79
29953559.05
31026117.09
43747245.85
50747512.11
77800274.6
48810121.45
19254965.24
63800344.17
43011264.94
36566133.84
43549771.72
23598635.19
25770428.05
69986359.94
47153383.59
34033696.9
60870126.17
28127029.19
61255733.27
24607744.16
20049180.82
38922956.91
13062806.75
54247691.89
49651673.94
49051983.43
40517480.28
66079402.61
36821450.15
34767914.22
72590998.16
36948480.23
13830140.05
39997013.84
87109080.19
45819915.58
39948610.88
87456383.56
79468405.88
22178207.37
61032237.21
38297405.17
49651521.61
14067149.11
63474764.39
32626930.26
84677956.54
34667288.49
79815709.26
92665934.22
38194106.62
44114037.21
35594276.21
51332201.5
13809574.02
39190638.93
55571970.92
35585273.16
54925731.4
79815709.26
81204922.77
42461047.56
81552226.15
29177321.25
41312454.07
53560919.0
20818824.87
48482143.98
40245990.73
39180793.52
47154340.86
89887507.21
28646957.54
45756523.3
64777083.5
81204922.77
86414473.43
13814664.74
29154356.28
66730562.16
40221376.36
42630252.41
33421577.84
34367204.59
68358461.05
33933384.64
32459895.88
33417875.77
49888885.15
27452910.38
41416237.73
35056043.21
81899529.52
41372353.0
32618261.38
31955046.32
81899529.52
40828023.41
37195959.84
16159413.62
41100185.63
60870126.17
15071548.97
16203514.84
30554092.54
49333013.84
41129268.25
38554011.87
54132519.88
47644154.52
30576826.93
54973112.85
54108919.49
44648770.94
31091811.6
30780052.91
26441710.94
13575009.73
37747008.84
47148623.68
67381721.72
34033696.9
15190053.27
67381721.72
52479943.25
63800344.17
90582113.96
88498293.7
73893317.27
18336142.13
51673386.78
19691024.34
36381163.79
79468405.88
35447468.23
52270230.97
85719866.68
54207603.48
66730562.16
35645183.81
44631386.8
13039984.86
40998672.82
20891780.29
44984045.41
63800344.17
89192900.45
30696644.32
22575438.09
47730843.23
86761776.81
33736715.53
40871150.84
38918314.8
32690927.79
29493449.39
32990996.92
12987652.14
26029761.78
76172375.71
79468405.88
53868631.15
55292966.59
53548675.38
39791264.68
33582660.14
46021300.25
37548476.96
90929417.34
36248650.84
53881906.59
49109339.11
13396307.65
44911366.07
18728926.95
40871150.84
24029197.34
54913054.96
33242731.55
61667700.89
40907995.95
75846795.93
14048508.52
79468405.88
20436207.1
89192900.45
78779757.48
41564569.85
32645342.68
47113940.47
29708546.5
51019558.34
30752797.0
30486378.47
24656309.54
75195636.38
61846865.5
55272001.96
90929417.34
31299507.27
33043792.1
80510316.01
60738794.6
43828102.35
38372727.19
77474694.82
31398766.63
42208650.46
38151973.26
38994763.91
79121102.5
31021378.96
41372353.0
58025590.37
34235495.72
39628309.67
22476268.82
51404398.78
35101324.46
13133264.98
23300368.15
46871505.37
69660780.16
41413924.34
23652212.19
60218966.61
77474694.82
85372563.3
27526311.94
77149115.04
51973256.01
79815709.26
21898107.71
51624368.09
34231958.62
38888611.33
32235054.81
52121856.8
34009279.97
53877633.41
32656111.17
13081694.69
21339760.01
44438828.51
33666624.91
24420923.45
56282562.6
90234810.58
30202290.14
52731730.24
22589581.57
12940010.75
44697167.37
91624024.09
78779757.48
77149115.04
40766909.7
47658092.32
37201794.52
55873191.75
20126546.81
13831057.4
17967134.48
44429979.42
53318527.18
43313701.34
51031059.18
32748747.11
82941439.66
34787126.07
42151137.28
52522547.11
33961996.6
80510316.01
36213588.53
50439290.58
54992997.64
73893317.27
14766958.8
61521285.72
49931624.74
22005980.99
66730562.16
35372479.7
28790171.37
17091409.67
26029761.78
35666872.2
42146521.82
55224523.55
71939838.6
83636046.41
55943347.11
34630182.62
13114157.94
58542529.03
39538181.97
44027221.19
57292672.91
16377007.06
18431430.98
47423910.41
90929417.34
31880264.61
44979918.66
14486819.5
31818707.52
34317957.74
20345600.77
14872798.95
45970722.89
84330653.17
63474764.39
49608323.44
35390025.35
22105369.55
77800274.6
16227088.18
42480945.36
34315284.02
89887507.21
16659216.02
55292966.59
51641370.5
45742589.83
44328785.69
27731949.4
36549831.06
41644520.37
16574966.94
65102663.28
51018794.66
43070990.61
39901192.3
61521285.72
29687154.99
66730562.16
20626182.77
72916577.93
49125857.8
86761776.81
32052485.17
62498025.06
20656641.37
45467626.54
50776606.34
52183356.38
19253806.69
37620891.53
37991042.25
83288743.03
35156475.79
60870126.17
40766909.7
32085217.64
12952963.46
28535027.72
68358461.05
28756736.32
26794059.78
91276720.71
56328864.88
18621846.14
90234810.58
43079541.31
34281875.16
78451434.15
80510316.01
42628599.22
38892893.87
35866743.36
46066052.69
42465478.54
86761776.81
23423358.7
35429892.72
35191836.44
13845615.36
12970504.7
32048290.05
44670782.22
75195636.38
13119720.3
48766781.66
30400119.82
63149184.61
20626182.77
80857619.39
64125923.94
60060424.52
26504074.76
32719810.92
52428187.39
34347084.4
89192900.45
55548254.69
19344238.78
67056141.94
22712794.12
63474764.39
16862258.02
35175098.4
55991141.08
13876566.78
30486378.47
91276720.71
34787126.07
42757218.96
92318630.85
93707844.36
46615294.14
40793488.31
31786971.34
30023758.26
33562804.32
50770835.32
29963050.58
32866439.66
66079402.61
34075858.83
39901192.3
24266094.37
70963099.27
68032881.27
24011356.65
44705425.05
37004416.83
19951414.97
34397647.62
55272001.96
47698669.57
19277293.74
23479492.93
36988346.34
24891773.37
38467152.9
45168989.35
17200480.69
22507061.33
28190607.53
27967697.5
21832596.26
50433218.06
46828448.56
53011863.03
56961006.59
13419388.96
42228111.49
53828797.44
93013237.6
42151137.28
48128635.26
78779757.48
29696490.4
34172080.9
14854005.68
63800344.17
28982072.36
32606138.52
39386419.89
34570911.54
74870056.6
17943246.5
46653062.43
38349896.33
42753248.56
19481673.96
17598203.14
20672045.66
15640561.3
13062806.75
44079868.42
38977350.78
49051983.43
41901686.42
28190607.53
72265418.38
45262665.78
61417207.48
31780026.97
13106180.89
47152329.33
51286801.04
19951414.97
54586711.64
46517575.0
55292966.59
30045228.26
32425079.32
35675542.78
21142123.84
36411702.48
82246832.9
22414927.17
70637519.49
82246832.9
38584842.48
68032881.27
36529410.41
32206181.74
39809900.12
61846865.5
31880264.61
53955287.75
80857619.39
35992212.56
30509254.62
18349604.2
44095288.66
50210268.51
14636464.0
30045228.26
57525270.38
67707301.49
79121102.5
29647629.19
42445916.07
45476889.18
15362980.19
82594136.28
86067170.05
60218966.61
46604815.96
43517603.89
24607744.16
52892551.05
45404737.73
54389041.55
46014035.05
12930243.89
73567737.49
15279240.56
43277586.85
17095455.45
49880800.39
54949425.51
25833966.21
49090222.4
23063411.25
50490732.19
92665934.22
78451434.15
38967899.37
60014348.47
60544546.39
48551849.84
26578111.52
54239389.39
16812223.18
66404982.39
43895847.04
38621395.1
25598397.35
36156779.86
28604368.06
31880264.61
18251904.52
90929417.34
51317697.63
28837309.43
91971327.47
13374578.47
48007881.41
51027608.37
55224523.55
20243251.67
49888885.15
36837429.93
14654854.11
38650817.58
46285480.26
14326576.6
20878540.85
32356611.1
40813273.46
65102663.28
27110866.83
46245505.56
64777083.5
42422672.57
40896861.22
14676176.91
62823604.83
77800274.6
15768099.43
73893317.27
45742589.83
30782545.38
27331701.22
45396844.1
60544546.39
28338077.63
13894913.12
80857619.39
36383999.23
80163012.64
20699082.22
31237311.48
46570929.18
14974152.96
41836856.85
73893317.27
40200922.78
39707416.16
49369335.78
36899591.81
37535420.62
62498025.06
33133153.16
26873584.95
46031406.22
34573558.49
50187369.06
49928281.96
29417753.47
88150990.32
64125923.94
45500410.8
57292672.91
25196836.53
28772512.54
29655646.38
51331077.48
52483884.75
13839307.45
59720037.47
18943787.9
37467563.81
29696490.4
48212178.39
43549771.72
35735011.77
22552783.73
17682800.85
37766617.64
27851460.48
39978931.92
15458432.65
64451503.72
30748207.27
12864593.99
36716881.19
36130429.56
43299914.76
42445916.07
39281272.66
55556715.73
27782684.82
16764916.71
36807111.66
34609650.52
23023132.65
23280812.31
48814294.41
66730562.16
36529410.41
49874935.8
51620752.19
58310486.11
68032881.27
54132519.88
20155706.97
36473987.31
50211727.87
13352856.46
36296457.92
32437847.58
44429979.42
54441139.01
34883063.13
83983349.79
48531117.13
93707844.36
28577406.58
19037984.5
31439881.69
34767914.22
25330572.0
60870126.17
33501540.77
49090222.4
38825631.36
15029044.26
23242462.07
41063301.02
48531117.13
46267103.03
44928274.14
56669246.93
88498293.7
85719866.68
82246832.9
25369866.74
49964346.22
53573345.06
89540203.83
66079402.61
78125854.37
85719866.68
36403078.06
55571970.92
91624024.09
20109015.5
72916577.93
13419388.96
42214566.28
33834246.75
48531160.02
44850037.15
49038269.93
41452665.72
20715261.92
71614258.82
33749658.62
56961006.59
33142190.6
25687924.61
39160080.1
57008331.72
52225573.34
30866371.14
30358447.54
46315119.7
43047162.76
32410808.92
91276720.71
58364712.55
55264916.13
69335200.38
41858012.67
89540203.83
55652098.47
34940065.11
31906039.59
17998635.89
80857619.39
16619911.78
38647800.62
51903862.23
89540203.83
37608085.07
69660780.16
18034846.93
13635288.9
83288743.03
49090222.4
42718042.5
92665934.22
29690174.12
65428243.05
14201401.16
35444116.69
13173785.88
93013237.6
64777083.5
41813615.96
41335965.25
66079402.61
45947813.24
29687154.99
74870056.6
44556324.42
50169513.64
38892893.87
31361750.11
34448543.18
51019558.34
63800344.17
61521285.72
13771018.54
15789182.05
41564381.85
44167337.77
34716828.61
29914082.85
88498293.7
54995205.84
34062844.87
18771770.62
61195705.95
30228232.54
50433218.06
35429892.72
23652212.19
26319129.34
32500087.6
59632572.53
20345600.77
17523677.33
37364741.48
42991950.87
37364741.48
36788357.83
30842637.29
85025259.92
33151330.07
55548254.69
30238181.46
38465455.37
82941439.66
35635760.83
42694207.86
34223120.1
17700394.57
17916673.67
48686266.15
37201794.52
55871944.06
38837588.87
42418032.13
81899529.52
41440371.53
60544546.39
29417753.47
16329386.84
36245816.7
44574923.93
29370209.38
47413539.11
85372563.3
39724936.3
41916691.12
85025259.92
54692902.82
33158062.92
49371419.99
28116608.57
86761776.81
15724246.27
18071768.17
44328785.69
40455403.18
56282562.6
39281272.66
34513928.12
57936994.72
16227088.18
41916691.12
33242731.55
90582113.96
20285326.42
17956025.29
13548999.81
36567762.69
49067196.22
43244883.47
41943240.41
86761776.81
30576826.93
55652098.47
13095603.68
30126149.45
29963050.58
75846795.93
44942973.01
25256574.43
37108752.59
28639533.51
17510646.55
31108451.02
26776292.71
45756295.79
29513639.17
59721239.48
49947613.91
73242157.71
82941439.66
61521285.72
34002433.62
31267871.46
47977550.13
39707416.16
38397116.16
42447887.12
52428187.39
35040340.34
52407676.72
75521216.15
12903227.62
54778087.47
89887507.21
49930867.23
93360540.98
54974030.13
65753822.83
54096741.49
38428792.78
48256430.69
42536630.99
33030296.68
87456383.56
49880098.41
18906219.26
85719866.68
49599883.6
13338879.41
42085275.47
42738371.74
49091319.04
80857619.39
47409640.48
60006886.59
13137338.25
45449062.23
68032881.27
78125854.37
14549294.26
19433928.04
62172445.28
38019648.21
16551083.74
23479492.93
90582113.96
24185547.37
48965082.94
41039681.88
51915503.55
93013237.6
61077979.65
34268799.57
45794495.22
22082464.79
85719866.68
89887507.21
46873962.23
34273861.99
41312454.07
72916577.93
37834438.17
15782310.06
31213561.2
40746300.81
31800712.86
60218966.61
37008825.45
74218897.04
28381780.4
28887964.58
13076495.89
44318628.02
93707844.36
40599769.9
54108919.49
63800344.17
54198249.5
63149184.61
88845597.07
31228647.13
33202884.71
38255896.24
43806589.43
31552200.02
61846865.5
52676087.08
47924247.66
52272419.12
82594136.28
90929417.34
37474401.68
92318630.85
83983349.79
72590998.16
28402116.87
32229124.42
37018118.3
28698008.11
38364600.79
31019242.98
18172249.8
45492588.27
51913150.64
30980154.47
42733226.47
49672213.22
68358461.05
83288743.03
32374482.91
48251966.27
13785195.95
73567737.49
20891780.29
83983349.79
53573345.06
23660221.11
34638165.75
60544546.39
16159413.62
56614143.97
43557085.73
92318630.85
53013004.07
32324900.65
68684040.83
23186501.01
62823604.83
40095492.73
13391288.37
56473337.82
87456383.56
40813273.46
33789463.29
14335627.89
41179423.83
31893401.83
28167738.78
36205177.52
92318630.85
75195636.38
38922956.91
29384110.33
50998482.66
35930040.54
17222922.28
13588933.32
39809900.12
30752797.0
50211727.87
54917864.52
91624024.09
55571970.92
12771841.69
60738794.6
34557891.36
44359266.34
41875012.07
41413924.34
55151995.44
33855310.29
77474694.82
26743906.14
51000970.48
89887507.21
32656111.17
43571266.75
55313055.86
53322683.05
30219963.29
20186468.11
24190411.74
52402091.08
37554360.8
52127456.47
83288743.03
85372563.3
43042302.6
17380335.81
50232426.93
27052180.17
37535420.62
19998547.67
30045228.26
