68395745.48
23435442.29
78056930.85
23362288.57
68342512.82
73781444.47
68200627.65
68140754.37
78096171.05
78531339.31
27339540.66
27518127.39
38931133.5
22746632.18
143521899.59
141615313.6
18257642.07
30863641.59
78159691.06
29771669.86
22872909.04
17364314.72
79546921.4
143553619.65
67519833.58
66723169.08
67890236.24
30888830.81
69074137.78
18104455.84
17218890.16
17215413.24
68796414.02
34526922.39
31130210.0
79817175.32
78855618.48
38570061.66
142425504.19
29763745.01
17173109.96
29438138.55
24480755.39
74388919.14
29449302.26
67070504.97
17173813.15
26850670.13
31267325.04
79155777.14
78928513.72
27186208.59
67569691.01
29859719.25
143922092.59
26630141.4
68905930.25
68465407.34
77396686.55
142808226.67
27411213.72
18237749.47
29972405.16
142243793.19
17196032.12
79589117.81
18256059.74
27331264.25
37502403.03
66696755.52
17319297.93
30258729.43
141400879.86
79158723.41
67776630.78
69983047.9
142659175.09
23434158.53
17168387.54
142627901.76
30383965.26
67822175.26
68268642.97
29918457.22
30712425.25
73331661.96
17146813.78
34609140.31
17289760.29
67258253.54
31228860.94
30005826.97
74002501.43
143031069.8
78898519.06
24128914.01
23955674.99
18128157.31
35079773.8
143164488.12
17133561.49
17153081.82
69453244.15
23840020.23
38631865.05
142682998.5
37817319.05
67244021.11
30032038.82
30580229.14
17331502.55
23353210.29
69928812.6
67157313.13
31327351.62
79095923.83
68617930.13
73815769.85
77424947.45
67568982.1
34635518.32
74360402.95
79098344.68
28721491.5
29821129.7
26964754.71
68589012.53
17330664.55
78974677.26
80205304.29
68483425.85
26145713.65
38201868.54
143018234.51
79405149.26
69023052.18
80154899.7
29591209.27
143321257.01
29936998.1
27944045.06
68655447.04
29930337.6
143758382.16
72928450.75
73322213.93
78368718.02
66363745.14
74685131.96
30128261.1
38430938.73
143936475.84
78705087.69
29614535.52
17202361.22
68075485.74
37268635.81
79903674.25
79459408.88
68375909.23
142093266.42
29782757.48
33333005.98
33831112.66
23962559.37
69025245.09
31439258.16
28246819.47
23553107.67
30992062.55
30451561.01
68016075.75
142954895.14
73633824.26
143533309.03
77886495.77
38018030.45
77923488.37
31365570.11
142568738.66
78705274.19
17299032.37
142564055.41
32196500.62
17214026.76
68739000.33
68241883.92
67518745.89
22891013.15
78026255.68
79755406.52
18227150.93
79063565.83
33602365.5
74743242.7
142941448.93
79443174.02
74237996.44
23920193.53
78043845.12
68339574.78
23211940.63
78767742.09
23445044.64
67463682.76
74526860.58
67988680.54
67999073.54
78237211.34
78171296.75
27426208.33
27459437.55
38170438.45
23351441.85
143655076.68
143317082.5
18247225.93
31056957.57
78695519.18
29217613.26
23769809.32
17298172.0
78225395.15
142814880.49
66816934.27
66609918.82
67743159.74
31801553.82
68437750.0
18110689.44
17207992.79
17205337.51
68841643.85
35123279.21
31401833.51
78978470.07
78068950.2
38518622.57
142886283.55
29966107.02
17181122.04
29768587.36
24093574.43
75383399.11
28317518.07
66876583.28
17161652.61
27361975.03
31145424.97
79573081.2
78223028.0
27323774.47
68157508.69
29542375.25
142203066.63
26501209.36
68140843.59
68034882.5
77757134.01
143555429.21
27349593.22
18252278.37
30836878.82
144383402.91
17219326.57
80685343.32
18247064.72
27711996.87
37913825.97
66968031.01
17320104.8
29663832.82
142381644.53
79347956.39
67745931.23
70343514.28
143525952.9
23338747.73
17141043.47
143980041.64
29881362.64
66630108.04
67963093.69
29680669.07
30816587.8
74026328.56
17143713.65
33950590.75
17268022.35
66758751.43
31365304.99
29631492.62
75002364.05
142745372.97
78980329.44
23268806.04
23509837.42
18081671.67
34590072.91
142808466.24
17150826.82
17179530.4
68792918.22
23414327.68
37562860.94
142957039.6
38846973.74
67444895.1
30882318.71
30404222.41
17329630.26
22982614.24
67612927.45
68176623.99
30874083.58
78532453.67
68612088.31
73539258.1
79097901.38
67520162.04
34741042.25
74859352.04
78923517.43
28863580.06
30166676.4
26998229.57
68130075.98
17346479.09
78628441.16
78148223.5
69138612.45
26294481.44
37617315.8
142860482.69
78442072.02
68689278.65
79261783.18
29374295.9
143451859.74
30027718.37
28641060.13
68288405.48
29567675.24
143277847.01
73870328.69
74123698.6
78831547.67
67642864.85
74542662.74
29439417.54
38416363.39
143866105.46
78358442.56
30007748.08
17180595.21
66691119.44
38212813.78
79309893.5
79151825.66
67444186.2
142592182.89
29649737.77
34220465.56
33902038.72
23979233.87
69713350.46
30806591.85
28235469.32
23181211.82
30965517.6
30451879.2
67969583.19
142413226.19
74285324.49
143480648.4
78184970.31
37749971.7
78549646.0
30848653.12
141852055.41
78045964.89
17299079.59
142853967.02
31161919.25
17220738.52
68766342.19
67838009.31
66786658.86
22908690.93
77082244.68
78718194.21
18183521.18
79613223.05
33918085.25
73943477.43
142724535.86
78672818.43
73578108.85
24083652.87
78035595.06
68141026.69
22991248.29
77875160.16
22883271.45
66963956.73
74040788.4
68940345.65
68249255.72
77629171.82
78668870.47
27022873.24
27796958.85
39036851.07
23392839.72
142591732.12
143708477.44
18224143.89
30971021.81
79287699.24
29656106.32
22505876.12
17311159.64
79057195.62
142316545.68
66858675.6
68102562.39
68459364.17
30945990.93
68759977.47
18105770.77
17215355.24
17222895.8
68627973.41
34777585.13
30810652.31
79594415.75
77695066.27
38094662.92
141957125.69
29863715.89
17168524.68
30015223.75
23427337.55
74657924.76
28697004.09
66326121.55
17151171.42
27594340.15
31116258.72
79948258.09
78139716.66
27909141.78
67683020.83
29113959.1
143427817.48
26321944.41
68450305.02
68672852.22
78322016.7
143218147.41
27548085.33
18262626.41
30303015.9
142765996.92
17174860.12
80515592.09
18262767.32
27994459.02
38238091.0
67871441.29
17326182.27
29868452.18
144273412.45
79752404.21
67434847.67
68690071.47
143398856.8
23756285.65
17147367.8
141282068.11
29534863.13
66236077.02
68830061.81
28930842.44
31035784.31
74434969.47
17149976.91
33941617.92
17274816.57
68338838.6
31117201.9
29705734.19
73664393.76
143956248.97
78939561.9
23657726.75
24348363.52
18081561.23
35575869.56
143245236.81
17168197.1
17179231.9
69282939.72
23774019.96
38184737.94
142013593.87
38193101.25
67450161.32
31586749.29
30754803.11
17327884.94
23361004.8
68760126.06
67142167.21
30180981.81
78227626.13
68832004.32
74563518.84
79097893.79
66820019.05
35062052.99
75517211.76
78391487.26
28824910.38
29820595.02
26774413.83
68354659.42
17297509.69
78190677.84
79961349.37
68324820.57
27020080.16
38395173.28
142855896.1
77912478.85
68797443.24
79594103.45
29593077.01
142365595.94
30748387.34
28793914.31
68399091.75
29651958.58
142036602.44
74173705.95
73470299.33
78186098.63
68014943.39
73779015.38
29728203.39
38290130.73
143332450.2
78584497.92
29893870.4
17194119.04
67796442.25
37655703.41
80608021.44
78000244.73
67609963.48
144617126.02
29893958.27
34522869.76
34466002.75
23843044.07
69896248.21
30694084.63
28086126.84
22614996.65
31059490.74
30977379.98
67585796.88
143029311.37
74102176.63
143203264.03
78134638.6
38251168.56
77623421.07
31904806.01
143094488.74
79056414.65
17250361.7
143978454.96
31467342.43
17224506.91
68824801.3
68660762.68
66862017.67
22795763.11
78946819.71
77985824.32
18196106.01
78576038.36
34848905.12
73179094.42
143901056.75
79582757.63
74092577.39
24062826.98
78350495.05
68153066.51
22972024.87
77819097.18
23229802.56
67499267.32
73833586.01
68751854.88
67864626.16
79466271.9
78555309.21
27400868.36
27574395.39
38667378.98
23450186.28
141809102.53
143242049.37
18227760.04
30791702.18
78875197.5
29335116.37
22548517.73
17329954.4
78211285.85
144795839.92
66908530.14
68065268.06
68084172.28
31024538.92
68890748.54
18107486.08
17217614.58
17219694.04
68999408.47
34761867.66
31305552.13
78980692.96
78454337.59
37823986.66
143421019.25
30492530.43
17169793.97
29255558.55
23834073.56
73953128.32
29180616.33
67827739.58
17106894.19
27752628.85
30627964.41
78673422.04
78293353.48
27737596.71
68013991.79
30102177.08
143561237.77
26580452.54
67921432.65
69018702.8
78467526.16
143181443.81
27207261.98
18236403.34
30303777.38
143244424.52
17206721.14
80191552.72
18236810.46
27755511.72
38453976.17
66829723.63
17312248.96
29211078.39
142751554.64
79264275.57
67294040.66
69529835.21
142650327.41
23676375.04
17190151.96
142937052.06
29788932.09
66235430.48
67855214.06
29732535.61
31452514.52
74126980.57
17158238.71
34615353.09
17260411.07
67854244.8
31372501.59
30004278.39
73875968.59
142202644.51
76990346.15
23941345.33
23503001.31
18076997.76
35267543.93
142578254.33
17186519.41
17173622.81
69596037.3
23593457.74
38357399.86
142577478.5
38068775.99
67988389.57
30599637.56
30091062.26
17318829.24
23540465.82
68185389.22
67730840.48
30637391.34
78321896.28
68352854.25
74808309.51
79016645.7
66502703.79
35484753.95
75435445.7
79569477.84
28683020.85
30282396.39
26102663.96
69349802.73
17306784.16
78840932.23
79697321.96
68173632.35
26432702.47
38425589.53
141537604.14
77942005.22
67798719.67
78522657.04
29383081.45
143577975.81
29469985.35
27764402.13
68888980.52
29580273.99
142724291.93
73762106.39
73573127.22
78693969.42
66530397.77
73244346.13
28637640.54
38659915.72
143407995.87
79234087.89
30082637.1
17201046.03
67571912.64
37756596.35
79144171.6
78564412.05
67542954.38
144024791.94
29629938.17
34013479.77
34440169.16
23935581.06
69401781.7
30578734.89
27729210.98
22865204.82
30363690.15
30426998.16
69656459.71
142669575.24
74208466.76
143045068.51
78264658.41
39214208.98
79169905.36
31645295.88
144824810.37
78595899.08
17240578.61
144405859.55
31374086.53
17213659.65
67923920.59
68484090.96
67329665.2
23143344.34
78258188.39
79770074.94
18186489.65
79588131.28
33698338.81
74938369.53
143937842.97
79358853.12
74533507.29
23535511.33
77973015.09
68638998.72
23070617.76
78591193.57
23708284.72
67589291.9
73939080.57
68969495.92
68142531.11
78546993.83
78034647.12
27548503.11
27750883.37
38333674.28
23320965.31
142995405.32
143330701.79
18219727.53
31174442.01
77835927.13
29650419.47
23287060.11
17339888.63
78029800.17
143570777.73
67420102.43
67311427.88
67879531.06
30899988.64
68797146.95
18140466.25
17197113.11
17195061.15
68499804.28
34971429.97
30826794.97
80251110.57
77547812.61
37942127.83
142212894.94
29972993.76
17181642.46
29969030.38
23824853.31
74472450.14
29022557.7
67070673.71
17144047.45
27431029.9
31192908.17
79278797.09
78719365.67
27614432.6
67697337.38
29525232.09
142368409.26
26723408.13
67729214.03
69290281.27
77962435.04
142005849.73
27516578.11
18264199.8
30838579.86
142521132.17
17204780.49
79184386.21
18251185.38
27339578.33
38605207.84
66736256.18
17317592.91
30634313.46
142092228.03
79467371.74
67770024.34
69235466.77
143116075.53
23493498.14
17174327.73
142875240.12
30295212.85
66907901.82
67992541.82
28933451.89
30768228.96
73073648.53
17189111.98
34278430.23
17252769.25
67283653.49
31402308.0
30009936.68
73695955.44
143340059.32
78706237.84
23429959.1
23696323.07
18111499.86
34796501.76
142394784.38
17169019.98
17130005.01
68664912.32
24111358.19
37521837.07
142141923.84
37973255.15
67056939.99
30796950.95
30858582.6
17334588.99
22811643.68
68784159.74
66835029.81
30842902.86
79410282.42
68941161.24
74602089.18
78348622.71
66591456.4
35333915.93
75420738.98
78650095.2
29242560.35
29081511.66
26621045.66
68497764.26
17269952.49
77781704.11
80006792.13
68422992.63
26925159.19
37459660.25
142666043.58
78574563.34
68565750.27
79703805.87
29475589.38
143043633.65
29706102.8
28221223.64
68501073.77
29695117.43
144405258.96
74087356.84
74422764.54
79042001.71
66859381.5
73375816.7
29525785.56
38277518.88
142866782.63
78532627.98
28742717.91
17223807.14
67634491.42
38927680.09
79593607.19
78188461.62
67624567.8
142872102.32
29889997.1
34807432.39
34200696.6
23036206.5
69671616.67
30376962.22
27788298.79
23170006.7
30527826.67
30880208.31
67771133.11
143905431.9
73679275.2
142633498.44
78878552.58
37687856.1
78424972.15
30647201.46
142617540.44
78886315.29
17269880.6
143233515.44
30387387.09
17204887.68
68075027.66
68301734.22
66252374.44
23793719.22
78284061.1
79469572.29
18208835.5
78889260.81
33333594.96
74324832.59
143231027.39
79817493.1
74110584.27
24188388.28
78394609.85
68837201.97
24027108.2
78492271.44
23542644.45
67267709.34
74484580.97
68833875.68
67505586.75
79723240.91
78569995.66
27677952.76
27974329.19
37531693.35
23334952.36
142619373.63
143168758.33
18260903.14
30968406.04
78966755.34
29738522.98
23604731.94
17311206.16
78959292.94
142996443.61
67635493.83
66719386.45
67593680.82
31112402.22
68390136.09
18092131.09
17196241.23
17193117.48
67931284.75
35194874.75
31330595.57
79317041.3
78578390.92
38939791.55
142932324.61
30038926.8
17145015.32
29842376.66
23691609.38
74007455.71
28814824.23
67919475.74
17151978.95
27442220.5
31393930.54
78905092.0
78900562.51
27674165.55
67583937.88
29714355.19
142667753.44
26703143.99
69004090.29
68225539.36
78611422.62
143431190.56
27272847.63
18280701.58
30480484.32
143777932.52
17195251.53
79249785.97
18240022.12
27083565.4
38231635.9
66780077.76
17313749.34
30301352.26
143393853.76
79209313.82
66991931.23
70077492.66
141881110.0
23606361.11
17177980.62
143504390.28
29926757.39
66786970.88
69158139.0
29574281.29
31018064.3
74340851.7
17150220.78
34028416.94
17269663.24
67897690.18
31407917.49
29822996.07
74314497.07
143921384.17
78485545.49
23887684.63
23955611.79
18099595.67
34862787.35
142930060.4
17160205.42
17155288.51
68377329.94
24136818.52
38253789.19
143730046.53
38434640.81
67428227.74
30813633.68
30514613.95
17310313.35
22745221.94
68276879.74
67438240.06
30852654.11
78896427.26
67988872.44
74751003.8
78454345.43
66706268.24
35856173.03
75077761.44
78550027.58
28240063.42
30199252.57
27357678.95
68002102.8
17303990.44
77434156.91
79085313.12
67927039.12
26499597.46
37920550.71
142802950.37
77739811.15
68893318.41
79540418.67
28994226.77
143261864.51
29950339.62
28406879.16
68580336.68
29919407.72
144014791.34
74527417.4
73964430.56
79263992.04
67398101.29
73792582.97
29238381.25
37783522.96
143647396.52
78658123.92
29977641.74
17182923.45
67954783.56
37744598.72
78896663.22
79098227.5
68485988.51
143174966.3
29110486.38
33574865.03
34090396.12
24009470.41
69626932.1
30905602.48
28445004.4
22942177.7
30748081.63
30780043.99
68351670.57
143187397.7
73061365.98
142700467.83
77708295.21
38319715.66
77621539.98
31054520.73
142845762.89
78515333.26
17243223.94
143335527.26
31292723.2
17167921.71
68556302.56
68680573.52
66823253.04
22447918.32
78626093.86
80209011.92
18162650.28
79104574.36
33519754.48
74605748.66
143759816.26
78721635.58
75394126.29
23784483.48
78687586.47
69094762.95
22565677.45
77616399.75
23278652.52
66974532.63
74272818.76
68525676.13
68860110.45
78550806.31
77997294.76
27087190.55
27211528.9
38918430.8
23044504.98
143499222.91
143106842.6
18261135.16
30687355.08
78706264.47
29505872.86
23420240.8
17351178.42
78713211.87
143046031.87
67655172.27
68066330.14
67227463.61
31806816.82
67660479.59
18095488.74
17256255.34
17168392.2
69075423.24
35003827.76
30981269.2
79738981.77
78639633.71
37290240.33
142843351.44
30326046.09
17187304.56
30352284.65
24052961.72
73674759.5
29329599.48
67261271.36
17158133.03
27276112.85
30680704.39
79220915.57
78515506.34
27579625.29
68153950.45
29652871.33
143581895.96
27255852.81
68583744.52
68137978.49
77941037.42
142698092.87
27083347.81
18256470.66
30615271.12
142751745.74
17218348.83
80663926.25
18278497.52
27416029.52
38880972.99
67743119.15
17283609.61
30001467.57
143284949.02
79437609.34
67515694.39
69215059.18
143126788.19
23832317.72
17177206.92
140516819.46
29789552.32
66655309.72
68318083.04
29837919.06
30791372.98
74958921.18
17163043.3
33823453.4
17243731.21
68253177.68
31864670.56
29322942.74
73671825.62
142165188.65
78386119.34
24234371.69
23332922.51
18099614.11
35664204.95
143745182.01
17170439.71
17132944.06
68962973.9
23717249.07
37822636.62
143334631.24
37774222.8
67524995.68
30353260.26
30219828.07
17279087.48
23155581.51
67980838.86
67225326.88
30783260.75
78443062.76
68146864.21
74405073.07
78586484.74
66822399.04
35625983.04
74527315.36
79594547.86
28855206.47
29820076.76
26273094.23
67714856.66
17346308.08
78716598.27
79884099.81
68601715.17
27064573.12
38347431.12
142086587.22
78675830.81
68539297.5
80035146.63
29803815.45
142743976.93
29648523.8
28005082.53
68679450.89
29882732.55
143494988.34
73827909.79
73454012.42
78729782.31
67224729.99
74079931.28
28951971.51
38603699.99
143025990.59
79346474.6
29241632.96
17184496.38
67334579.52
38388962.26
78982058.29
79030479.19
67964602.67
143550743.36
29189309.21
34028682.07
34457881.63
23842911.81
68903287.31
31149595.76
28719407.43
23035429.44
30703985.29
31572123.21
69014892.52
143669803.05
74053101.78
143437306.4
77509912.84
37811979.23
77778492.47
31399549.66
143001707.31
78058362.33
17261165.13
144435417.31
31188505.52
17219265.63
68710176.95
68422295.03
67441723.25
23301078.56
78261207.76
78501743.73
18201938.51
78897082.36
34349347.9
73556848.46
143510143.79
80111434.16
74641334.65
22837100.35
78078928.11
67849005.31
22707761.45
78567920.83
22917934.49
67390385.41
75107505.66
69531136.87
68133316.14
78737904.89
78443856.31
27503942.51
27365617.43
38607753.68
22602442.34
142754728.56
143622903.97
18259073.63
30371239.18
78674980.77
29683659.36
23107080.85
17316876.66
79158486.26
143912660.04
68358204.57
66863954.56
67085077.09
30801533.62
68586739.69
18074059.56
17240450.72
17198506.66
68680812.41
35032632.88
31748598.66
79311917.71
79026203.24
38015323.56
144153120.86
29432739.45
17181795.88
29499676.18
24185363.38
74626324.4
28583160.18
67763855.93
17183117.49
27778588.96
32140837.27
78610697.07
77881526.14
27124412.89
68262104.1
29037206.08
142599371.37
26208722.09
68243850.67
68469575.48
78083368.05
142588253.89
27766265.57
18252990.5
30319159.18
143600857.23
17192768.12
80121732.44
18229000.15
27538238.33
37777741.65
66444275.54
17271081.37
30312181.95
143868835.34
78857682.94
66834068.6
68921837.9
142914947.18
23680312.11
17160088.85
143332055.87
29829546.66
67269407.2
68622225.69
29493294.06
31533045.63
73871211.98
17160655.75
34097362.38
17255150.14
68532745.41
31051632.02
29865466.4
73587329.22
142911457.52
78944629.04
23444562.92
23752134.83
18089420.57
35134341.31
143622769.45
17154136.34
17163626.78
68832278.75
23738261.81
37654805.34
143046243.8
38080938.35
67313826.05
31146241.22
30498729.54
17330419.89
23131744.91
68859804.29
67790433.69
30686361.97
78081760.83
69437779.21
74182639.48
78983415.76
66220756.33
34826599.91
75223127.68
78539595.42
28882889.47
29864998.91
25712390.42
68924052.8
17322596.53
77659715.87
78791159.94
69015001.57
26467623.11
37689779.23
142510907.64
79136585.16
68623319.67
79427938.6
29258200.71
142412529.65
29918486.92
27791530.36
68034435.47
29724432.24
142294569.29
74583258.37
73702558.5
78902936.58
66900060.88
74102038.26
29210854.86
38220905.67
142411193.01
77432566.63
29471647.09
17180617.21
67789655.21
37652981.47
79172881.53
78936621.4
67579318.39
143399677.98
29242366.77
34806965.31
33311370.48
23827182.65
69052824.63
31516162.16
28726060.73
23286872.53
30800041.25
31551038.7
68669814.35
143126790.06
74133182.52
143022258.96
79199551.75
37916297.94
78287950.97
30669218.76
142929360.99
79591703.79
17297025.65
142255270.73
31486086.37
17222307.97
67579115.4
68123589.98
66850452.12
22847928.14
78655937.67
78794517.63
18190556.34
78985355.11
33513580.8
73963094.14
143738662.9
80001980.71
73839865.17
23677903.78
77973851.01
68429713.44
23267929.35
78445724.31
23305442.54
67469336.95
73848307.64
68457150.53
68544904.55
78797585.58
78207171.9
27508452.52
27244508.37
38497998.7
23127035.22
142724906.94
143268780.91
18242837.48
31152305.5
77272940.91
29484287.92
23375508.23
17324181.39
78173605.32
143511047.59
68128634.5
67874831.57
68041557.4
30913942.72
68169641.06
18086447.64
17228742.41
17201815.14
67939112.47
34294089.33
30682874.16
80419462.83
78760022.56
38009689.41
142348423.43
29557636.64
17149218.17
29981946.46
24258488.37
74535665.77
28554835.83
67672306.11
17129223.28
26834349.55
31378765.12
78933277.75
78216676.92
27748208.16
68218629.84
29767430.76
143275647.68
25757798.24
69576270.32
68234259.27
77733817.65
143653973.09
27723083.07
18233284.18
30788032.83
141429439.89
17191832.24
79997758.26
18240257.2
27352280.89
38430873.66
66398985.36
17319405.06
30830109.08
143079908.94
79111209.96
66654020.05
69526876.52
140749224.87
22813114.65
17197222.52
142844819.4
29847798.45
67304420.43
68502222.44
28708776.76
31289218.6
73500683.51
17136571.89
33997362.89
17277155.33
68443847.02
31453852.63
29498318.73
74729544.53
142997164.61
78667774.67
23807040.38
23272172.8
18144749.74
35168793.53
142951224.75
17165029.19
17137695.13
69776739.67
23922485.27
38855615.86
141861895.95
38263862.11
67215948.1
30473608.33
30471287.58
17301986.91
22672449.14
69050681.96
67332767.78
30544658.95
78187147.96
68135676.08
75032462.69
77799328.35
67236607.2
34752140.32
74474147.35
78415585.07
29734801.17
30435604.98
26442051.88
67832564.46
17321456.82
78295958.37
79430075.55
68851999.62
26429008.72
38289636.34
142761987.31
78542545.06
69280987.57
79176336.77
29483275.71
143470207.52
29332193.06
28048115.18
69344273.7
29423475.09
143251382.21
74294329.75
72983674.88
79049417.75
67369013.61
74850290.66
29782209.84
39224027.66
141054412.29
77634105.31
29219387.96
17204155.02
67346461.62
37939675.52
77551334.59
80133252.41
67579753.39
142876249.59
30339637.58
34269608.86
33995218.76
24324322.91
70189386.69
30752994.6
28137328.32
22842845.33
30618055.47
30483978.73
67860727.94
143280402.7
73483355.94
141689894.17
78862759.46
37932707.63
77874323.49
31304387.48
142731190.05
78180930.49
17257818.91
142430983.02
31400375.77
17193580.17
68327047.92
69176366.22
66157747.3
23353595.36
78266179.42
79285539.93
18180172.27
78767895.21
34111403.77
74001813.13
141540453.74
79030821.23
73694239.94
23849388.45
78672779.53
68508588.63
22740880.88
78083848.32
22932298.15
67264203.91
74142872.17
69217863.01
67970271.4
77651349.02
78426792.1
27079920.48
26866122.94
36961036.28
22697334.22
143637563.58
142564025.33
18280037.26
30730535.72
77975760.22
29661889.58
22995565.95
17320195.6
78912204.81
144099503.52
67024771.35
67438864.58
67565383.85
30621738.59
68480690.87
18108172.0
17206754.2
17212993.22
68527382.75
35222464.73
31072126.45
78649975.19
78710248.23
38447354.54
142700480.87
30291060.83
17165056.76
29999007.57
24230063.19
74403897.12
28814807.13
67643384.4
17164005.3
27408247.89
30828170.15
78980603.94
78175500.73
27151690.37
67437029.05
29681436.43
143004650.22
26336196.85
68152138.06
68216779.76
78532166.81
142886012.2
27491409.77
18258945.37
30910920.38
143855094.27
17132723.14
78816937.34
18258157.89
27539377.77
37950177.25
66726790.94
17327968.4
29879244.0
143044303.45
79096622.89
67096190.61
68551210.81
143220513.93
23718436.22
17141949.08
143149894.74
29978483.57
67636001.03
68408360.65
28977477.26
31226488.95
74386649.99
17183743.91
34571178.7
17262803.65
67733866.71
31235943.17
29621345.06
74489109.1
143081744.48
80022887.8
23427844.32
23331938.22
18128352.19
35003832.04
143185697.4
17128568.12
17161855.24
68432912.89
23033687.06
38167055.16
142663198.76
37987450.55
67299032.25
30792087.07
29959598.09
17320249.31
23153444.06
68115511.0
66972316.72
30055815.68
77605268.58
68764303.64
74362232.3
77729264.22
66550421.74
34973645.42
73974679.08
79509205.32
29438425.75
30215080.18
26174161.16
67870601.06
17342925.35
77894381.38
79798585.42
68473040.21
26702674.57
38172446.14
142503904.13
78752221.13
68276681.38
79076681.1
29672756.49
143601355.78
29540473.6
28428752.2
67887398.46
29891987.32
143188552.72
74695388.99
74092298.99
78957107.01
67253489.18
74779055.1
29506264.88
37294026.92
143434128.52
78792874.43
29638111.6
17209510.87
67064661.12
38892534.35
78895164.57
80367492.52
67152145.96
142713943.23
29814030.58
34428593.26
33740545.03
23766829.77
68997449.19
31242614.18
27865544.35
23601491.27
30606250.56
30878732.72
68219722.72
144575492.88
74946675.55
142589620.48
77621994.59
38961812.75
78500975.88
30870854.94
143961665.26
77570299.58
17249201.09
143272189.25
31252601.49
17220390.34
69194375.46
68582728.67
67958679.02
23758750.32
78575975.72
78835129.12
18182329.3
79282873.32
33587458.32
74425035.99
142880057.18
78783781.7
73691911.42
23271289.11
77354762.17
68684512.28
23332030.64
78126810.04
23243556.76
67171145.0
74015363.62
68054914.77
68325365.54
78085729.97
78265658.87
27208190.68
27412819.2
38255245.98
23782927.6
142155085.3
143881585.79
18240232.66
30930254.38
78679646.79
29667791.2
23263662.97
17296025.71
78194463.86
142125813.66
66665369.91
66914003.96
67002944.7
31353531.09
69023303.52
18102194.83
17223590.47
17220455.84
68997183.8
35442247.28
30856042.9
79136100.56
78313834.06
37399110.31
143792357.05
29682094.43
17166441.44
29533236.97
24610642.83
74127213.8
28635724.63
66458316.07
17172151.87
27266980.83
31483103.74
79668123.62
78446461.44
27522036.92
67865517.06
29659537.34
141837275.92
26541862.55
68651268.07
67690710.89
79239487.65
143088284.79
26942252.7
18266469.81
30641069.81
142654313.29
17199057.43
79933701.28
18228244.81
26856119.2
38552142.54
66146599.49
17325572.01
30259502.73
143072740.13
79428485.93
66833509.7
69580698.67
141022807.09
23342665.22
17177169.84
144732843.06
29806066.83
66970460.27
68075171.34
29206970.25
30768253.18
74310448.02
17153754.87
34419605.87
17286740.76
68424285.56
31100703.81
29442372.2
73774696.72
142808863.7
78186399.26
24368224.33
23494363.13
18086154.64
34668982.25
142411125.57
17143555.4
17166882.05
67740170.91
23700046.89
38206915.25
142816321.81
38477818.86
67017533.02
30868034.94
30482608.8
17314336.81
22874581.48
68124944.2
67521158.38
30512102.03
79403398.79
68826255.32
74350442.7
78116335.39
66440950.42
34882653.69
73289137.79
79915025.97
29288923.7
29877502.33
26853522.18
69013513.72
17304531.01
78545408.54
80040504.35
66871515.48
26425594.43
37891894.01
142436856.91
78767308.48
67969558.61
78848929.9
29450162.99
142087587.24
30783966.98
28497715.21
68765903.98
30282208.58
143304532.75
73168327.9
74367887.27
77709505.55
66968666.51
74180329.21
29164451.85
38708440.65
143419203.02
78682116.49
30098143.15
17229410.38
67854321.43
38284003.96
79204094.73
79520765.69
67905475.15
143381581.31
29714843.19
33976443.74
34916650.8
22827351.54
68590771.4
30095743.3
27811658.96
23014995.23
30841022.72
31434103.38
68070208.2
142626373.96
73650626.88
142877260.22
78837373.43
38122143.02
77699625.57
30921818.51
143854576.85
77930262.7
17293379.89
142912378.81
31851113.05
17212513.93
68130411.15
68520680.4
66943041.91
22877131.01
79163155.6
78844007.91
18181355.84
79281898.19
33454493.18
74266295.22
143072185.58
79352369.03
74380283.02
24579147.52
77550662.82
68917965.9
23003891.12
78538183.88
22833867.0
67330556.85
74526307.92
68670774.21
68223076.37
78140364.96
77862240.24
27432215.78
27291595.79
38629999.29
23119791.4
143436404.26
143169026.05
18233771.12
31120781.04
78807519.65
29279335.8
23016938.66
17329440.86
78845856.75
142956362.93
67120981.63
66886213.47
67337644.76
31362251.55
68599815.16
18095780.27
17193079.56
17192731.39
68857972.62
35372734.02
31101595.13
77958562.35
78125980.42
38304905.54
142628163.96
30057533.66
17149892.01
30216612.97
24127265.33
73467390.05
28491095.52
68323562.16
17141021.68
28202361.57
30512411.28
80119164.54
78274683.59
27418577.6
66754583.67
29664747.68
143013732.96
25988772.86
69347425.71
69576679.34
78815391.86
143239528.39
27546878.23
18223426.66
30391046.59
142613214.21
17206312.06
79838229.94
18283990.74
26740049.87
38353308.31
65737103.88
17314562.81
30034836.33
142049039.52
79525634.92
67516139.86
69128060.65
141901645.07
22830176.2
17157275.9
143549501.37
29427028.99
66711323.5
68890312.99
29424669.2
30554005.52
74050883.42
17162707.93
34714907.59
17256933.1
68169427.83
31018367.78
30003060.8
74516976.0
143205089.17
78602039.1
24030216.61
24132024.17
18095930.25
34433169.41
142940372.21
17175732.63
17144251.98
68788902.61
23567667.79
37591588.5
143624014.28
39193420.65
67129697.68
31073005.8
29682461.0
17304412.84
22957352.27
68668059.86
67555017.96
31126789.41
78869274.76
68821526.69
74855973.01
77362790.44
66751795.67
35389334.05
75237446.99
79226080.74
28905150.16
29823343.57
26546817.29
68864731.73
17340823.42
78674710.18
79984946.97
68457696.98
26873541.09
38461124.08
144179605.89
78100416.6
68308440.13
80293469.21
29612637.21
143339429.37
29501107.3
27828336.26
68578657.98
29574036.97
142884590.18
74228022.21
74099739.59
78720337.84
67799791.94
74255633.39
29050892.87
37602661.5
142798600.95
78118946.97
30596886.57
17206404.64
68437333.11
37867806.02
79416043.1
78980668.46
67215667.79
143846503.5
29761892.45
34763538.47
34149007.69
23636308.36
69540812.52
31241346.91
28096203.32
23093642.75
31222544.53
31722685.66
68291410.46
142570748.0
74453751.72
144549960.75
78917362.98
38033782.17
77331313.05
31045831.93
142292258.47
79078185.3
17297958.56
143662885.08
30578831.47
17205611.16
68171022.27
68608529.05
66790935.7
23249729.22
78659901.28
78826297.7
18178054.05
79372081.92
34794740.36
73691888.74
142605923.37
79375540.73
73785334.45
24050368.77
78189512.59
68379325.09
23012262.42
77805693.53
23216459.62
67356269.25
73707980.53
68496137.19
68315277.61
78567655.45
78583588.39
27800109.81
27217670.85
38321002.37
22929605.74
143764790.54
141936564.03
18267591.98
30596754.35
78239522.36
29515453.89
22475338.02
17337922.49
79041959.82
141554597.96
67148927.66
67580754.4
67785815.01
31266011.68
68669076.83
18098573.36
17215280.78
17228318.86
68642706.96
35431842.89
30655855.65
79291803.57
78595133.54
38405278.89
143456823.18
29813489.08
17158001.68
29681488.85
24105735.69
73848404.32
29062793.17
67640760.57
17184428.58
27999389.72
31538340.35
78942435.65
77936767.72
28108452.41
67831691.37
30132883.85
143905330.8
26628230.83
68581889.55
68568177.56
79260516.53
142911836.04
27236766.79
18213664.07
30643257.16
142841897.9
17215438.17
79732226.93
18260653.87
27134063.75
37982888.67
67411363.29
17297744.18
30198457.84
143109273.41
79497863.75
66898913.88
69396186.97
143078842.17
23752775.28
17186568.53
143017515.39
29474678.74
67545028.15
68787082.05
29334494.79
31136412.39
73760271.61
17152558.49
34923577.27
17307736.26
66838922.07
31218323.27
29900145.41
74679793.62
141952713.11
78055535.2
23642388.96
23450808.03
18147816.01
35132146.1
141353987.06
17178125.79
17165979.43
69023861.94
23235293.54
37407172.27
143434698.7
38408567.75
66846036.46
30755980.39
30357476.21
17339479.91
23738340.28
68760398.73
68320080.27
30898419.8
78466559.14
68689371.4
75533057.16
77546298.96
67242565.85
35102915.69
73890955.86
78822105.32
28795361.01
29875680.02
25962805.31
68609295.98
17325462.81
77099509.2
80283801.39
68016473.75
26810995.59
37753156.61
143380624.53
77791695.34
68573027.06
79893765.88
29034903.93
142220928.8
29472951.15
28096245.52
68205855.28
30158593.81
143471705.3
74011715.76
74262185.3
79166981.33
67225949.3
74451134.26
29416099.2
38111204.35
142124323.03
77783729.62
29912526.33
17207845.1
67248134.49
38364666.78
78260317.08
80074348.42
67388012.59
143181438.18
29913858.76
34570832.49
34694860.1
23244495.74
69660313.03
31068017.63
28428144.9
23107174.41
29953243.03
30525720.45
68015289.35
144112754.64
74621487.82
143501965.47
78936827.48
38379729.64
79237592.31
31496671.81
142831364.11
78740468.76
17276718.99
143307575.18
30996377.99
17176421.05
69702723.04
69036594.68
66236252.53
23000861.69
77682582.52
79328215.02
18212371.65
80034790.04
33248466.82
74330561.08
143660536.66
79748143.34
72912099.32
23251976.06
78891368.52
68100058.62
22536394.09
79266144.22
23028549.94
68159627.36
75018356.85
67776064.4
68883441.37
78099731.85
78440346.82
27880445.26
26909098.48
38215981.53
23351701.77
143550715.83
142329172.18
18215282.77
30924875.72
78524032.81
29889602.17
23107069.43
17288048.12
78067950.9
143407372.97
67717942.81
67682862.41
66632353.53
31061378.21
68244820.18
18092600.56
17214645.49
17238566.05
68436432.8
34866243.6
31161336.16
79282058.32
78860887.06
37665482.13
143952957.94
29413679.56
17149963.24
29925407.84
24705223.7
72315396.4
29144277.86
67077706.41
17154138.27
27255663.85
30876613.7
79987089.7
78749204.39
27128262.28
67992378.21
30188969.1
143376002.56
26800035.46
68237641.62
68054970.46
79186787.42
143210511.19
26843446.68
18224748.75
30637534.29
142843079.64
17222779.2
79184424.9
18256550.13
27759162.08
37519279.01
67163336.07
17318396.4
29838913.15
144129948.59
78468523.24
67595257.23
69490587.27
143459518.89
23705959.04
17187914.06
142382476.35
29722230.3
66847848.8
68715831.16
29614427.74
30999777.41
74035675.34
17145622.04
34669690.19
17278410.04
67949792.21
31503297.37
29795383.23
73928320.23
142342144.08
78378924.05
23550278.99
23008153.6
18088453.96
35258406.88
143201647.07
17170924.47
17190370.47
68245469.61
23790314.92
38062851.95
143749527.12
37971209.32
66439192.35
30856410.02
30382408.39
17290664.37
23341749.07
68668436.37
67398729.59
30218450.75
78605222.93
67757372.57
74780339.89
78540668.24
67166138.41
34599508.66
75183356.78
80372754.35
29506737.55
29919953.08
26353900.01
69310024.81
17333376.45
77985430.19
79651965.72
68711498.99
26814654.06
39006718.25
142488001.62
78327450.21
68126999.86
79000717.64
29298078.23
144509856.41
30867094.09
28006317.57
68056446.47
30103775.57
143755828.77
73959840.56
73984288.84
78782596.0
66263766.58
73057266.71
29605396.05
38413025.41
144484291.43
78104294.46
30180857.68
17217702.0
68067779.59
37347268.88
79035715.28
79142346.79
67955096.6
143308172.82
29463017.6
34562205.2
34411458.24
23503382.19
68944103.83
30812706.21
28673031.92
23263909.58
30754802.11
30469976.18
68804574.84
143537968.61
74697329.6
142790632.74
77934584.85
38183301.68
78998368.83
31821059.23
142728617.31
78500379.56
17280901.73
143543511.8
30700088.87
17223504.3
68733336.15
68409423.51
66261740.8
22802172.96
76946013.19
80070575.49
18217008.6
79676608.71
33676587.82
74131892.1
143066225.64
78530444.76
73936285.91
23326203.34
78566254.5
68236645.25
22530288.22
78715969.96
23291707.11
66588404.67
74140291.74
68787690.97
68946218.14
78355137.47
79175774.17
27418244.08
27654217.33
37966698.61
23533519.27
143498070.95
142471747.28
18259073.66
30334554.26
77567435.23
29083138.72
22613546.9
17334934.61
78419028.42
143570532.05
67369826.11
67269251.62
67208733.81
31345106.77
68764803.67
18088579.77
17247728.63
17224087.36
68436581.49
35477078.32
31053418.1
79260462.36
78391187.64
38340366.88
143187798.09
29851350.71
17166367.33
29904971.58
24230778.31
74460750.26
28786962.34
67614528.49
17156923.8
26854515.04
31362524.64
79892840.18
77938321.79
27522845.93
67437056.93
30010862.04
142022335.96
25955767.86
68411995.87
68491817.56
78194803.96
142787703.32
27071178.5
18228259.87
30512246.64
143235215.09
17196894.7
79401697.38
18259666.02
27478077.23
37870902.03
66837598.56
17315518.88
30148123.62
142094998.08
79276723.71
67034191.08
70482504.63
143327017.24
24423893.44
17145883.97
142746801.03
29336137.46
67064085.13
67886824.59
29229026.03
30060180.51
73571091.8
17157058.46
33448941.41
17292540.46
68052823.59
31312252.23
29466492.89
74509154.73
142944307.9
79647749.4
23812724.85
23625071.76
18125955.3
35472978.96
143815955.57
17151113.21
17175180.69
68394804.6
23587497.32
37732939.36
143117530.67
38231195.26
66921865.64
30819252.88
30550191.48
17339816.94
22605793.82
68096670.56
68276770.25
31299296.6
78067109.56
68252920.18
74358310.07
77542075.27
66460143.6
34725858.07
74989689.83
79280607.07
28791170.1
30158877.38
26734564.35
68229512.02
17346356.05
77336218.77
79245558.16
68873456.61
26516043.38
37721116.24
143286265.21
78379876.17
68318752.41
79382949.73
30096880.35
143386642.32
29777157.81
28199529.97
68181234.52
29685631.47
143029362.03
74541372.76
74693479.01
78639092.17
66631002.28
74709372.61
29212983.83
37856623.89
142453603.96
78826466.83
29759345.69
17223802.1
67219283.32
38758513.41
79798354.7
79049340.78
67256392.0
143534006.16
29154577.89
34344234.91
33827552.87
23703873.07
68499364.37
29937508.74
27956564.57
22627614.01
29970796.65
30650821.42
68722304.24
142384179.61
73696916.52
142841720.82
77962276.47
39273062.67
77872672.83
31042395.09
142939157.61
78767265.31
17276055.4
143278066.35
30594063.0
17181671.04
68411966.54
68180278.86
65886858.81
23222707.98
78113788.63
79428088.85
18182039.01
79150456.97
34395882.04
74344389.85
143807588.92
78916192.94
73999977.49
23880955.78
78479674.47
68597377.01
23388645.14
77594832.46
23486125.28
68365780.89
73333316.77
68325661.66
68535300.13
77815145.72
79266805.87
27395764.68
26893215.12
37009187.58
22740011.12
142247925.89
142820696.92
18227443.89
31570945.82
78358232.56
28852230.13
22745088.64
17346468.42
79259747.93
142862963.56
66609573.23
67568644.45
67517804.07
31273338.48
68410294.07
18096921.19
17212949.92
17219758.22
68489070.49
34686381.25
30936815.64
79540323.46
77350737.42
38188938.79
142080701.17
29632916.95
17169164.24
29555451.15
23947370.52
73840755.47
28815875.09
67733856.85
17164753.47
27445430.78
31210107.02
79936191.14
78170278.58
26888591.31
68691257.5
29619745.04
144331669.76
26591656.36
68973311.21
68557739.85
78500270.08
142146837.22
27318175.51
18218805.66
30862866.96
142140497.89
17193814.01
79768818.45
18255448.1
27361765.55
38411356.5
66586215.14
17312466.22
29911442.01
142575215.22
78628340.52
67571735.7
69126588.96
144073444.85
23367609.71
17168905.29
143941912.63
30191919.52
67105182.52
68503505.39
29708624.23
31099791.03
73605790.64
17170310.88
33803978.33
17284060.07
68093112.41
31370142.04
29914781.96
74005578.96
142348862.36
77454358.81
23990125.26
23307025.66
18126803.97
34805137.5
142708890.76
17189901.73
17192208.08
69637293.77
23798179.61
38041871.67
143598749.23
38102328.64
66343658.07
30557980.8
30264183.04
17341877.27
23303111.44
68904447.7
67937239.99
30334844.25
78081393.91
68569186.87
75623296.02
78890165.07
67793094.26
34903569.14
75189741.69
78995238.63
28424685.14
29978605.28
26693290.05
68461929.44
17322536.99
79139814.66
78304409.52
67758995.01
26925119.81
37696059.62
144496202.85
79186332.08
68293307.28
78829584.23
30029437.22
142522838.57
29488478.63
28376724.2
68342594.21
30993200.51
142975440.24
73529848.56
73645953.97
77391379.35
67367696.69
72932820.37
29537383.66
37768224.59
143866792.58
77968724.85
29626611.71
17218364.47
67749667.46
38165311.52
79989033.25
79299866.08
67483745.82
142757364.08
29759617.61
33886130.01
33797231.76
24500999.62
69019612.74
30951668.42
27835657.44
23001524.86
30164668.75
30869745.03
68471943.11
143363604.62
74621349.88
143282293.83
78896982.65
38208094.57
78527749.96
31009604.11
142882019.51
78498222.7
17289052.53
142809673.35
31000924.11
17192368.76
67518847.01
68891940.34
67122442.65
22563919.65
78335829.58
79041623.74
18242244.74
79734082.34
34374297.5
73334981.03
142332591.88
79961915.38
73908748.09
23087164.98
78221792.82
69421019.81
23035339.65
78823737.96
23151693.74
67521488.49
74503939.46
68441462.75
68451972.32
78398993.39
79374274.62
27378074.07
27649805.82
37460371.97
23224958.81
142982607.69
143407567.41
18247253.36
30902922.33
77981999.83
30072840.92
23320028.08
17337050.45
78946933.65
142031842.74
68184457.83
68254404.59
67788742.25
31392194.77
68494023.37
18124465.28
17196796.11
17209723.97
68149714.44
35077591.7
31466161.92
78993550.8
78645154.1
38870734.79
141219561.3
29648638.98
17165605.81
29796801.78
24751501.54
72756448.87
28443796.05
67820021.39
17187041.66
26983361.23
31579828.32
79316602.76
77791361.68
26868712.97
67579803.11
29221385.47
143142485.97
26119765.32
68284736.94
67688619.64
78362736.64
143957475.46
27341862.22
18210347.3
30719744.33
143409167.49
17193239.05
79093440.83
18232618.88
27810638.93
38384850.79
66188510.51
17329990.28
29863279.56
143700605.17
79210271.42
67239585.44
69274007.5
142640440.59
24205589.43
17176939.49
143545346.57
29223549.15
66297524.29
68428464.12
29283693.38
31006607.06
74735929.07
17158803.45
33103741.49
17295810.48
68167248.48
31327109.79
28923102.18
73886865.99
142762761.09
78458877.86
23417329.26
23314330.49
18123831.33
34372637.57
143019835.33
17145743.28
17159068.32
68333490.5
23841013.96
37235863.01
143194448.49
38755892.61
66599167.19
30612489.43
30716436.03
17355363.06
23037216.56
68425069.71
67705938.63
31110274.64
78728466.42
68156009.5
74505199.7
77954048.01
66690587.3
34608391.83
75095924.44
78182153.85
29039352.56
30755138.26
26107515.11
68467369.98
17311895.46
78198237.88
79283633.1
68607230.66
26674856.84
37509650.36
143132515.25
79217357.11
68356961.56
79389057.98
29356196.26
143698369.68
30533771.42
28285706.49
68359647.5
29252920.56
142354286.77
73833917.39
74711585.72
78131303.89
66657036.61
73838494.13
29766071.48
39274508.88
142098867.51
78891313.96
30020126.51
17188792.46
67221495.15
38476205.81
80375953.02
78956893.78
67761466.62
142093099.19
29352967.34
35121473.17
34328090.14
24202683.41
69146810.75
31106780.3
28035430.8
22872715.41
30472689.88
31593606.45
68529283.97
143105173.22
73920195.62
143256760.12
77982754.22
38205468.61
78378713.81
30916322.31
142761944.87
77847470.47
17297378.68
142906810.2
30697736.09
17182782.14
68272990.43
68524056.84
67084506.56
23093373.49
78310583.11
78497739.53
18197407.47
79985067.9
33922434.38
74352951.48
142701253.82
79008673.41
74032831.54
23772977.52
78062172.5
67136544.31
23199891.42
77862074.58
23043706.72
67213280.04
73772770.61
68483626.93
68661370.34
78535372.36
78177319.83
28028530.25
27648688.34
38685013.4
22425634.82
143158899.26
143672603.49
18257399.43
30889470.39
77887629.86
29609939.27
22775026.28
17313810.86
78526006.9
143673667.18
67333446.52
67681260.73
67061405.89
30789443.54
68641480.04
18100723.87
17203095.65
17216458.32
68493262.89
34903601.59
30769193.65
79156589.49
78219769.98
38002004.71
143813689.04
29702576.17
17168908.02
30373399.64
23868194.38
74240883.66
28746413.79
67821066.34
17170207.72
27213888.78
30713154.8
79300473.56
78347390.41
27441737.5
67103550.99
29169116.93
142529458.61
26139464.4
68370127.09
68239876.1
79082824.84
143100816.9
26960548.74
18228665.14
30406899.31
143067585.97
17176410.88
79475705.44
18213366.63
27109593.2
39589841.05
66154889.66
17284120.31
29327956.08
141658288.42
79937848.37
68420045.39
69013961.61
142114451.95
24403638.07
17141727.68
142104920.88
30252903.87
66768878.19
68709862.46
29391547.46
30824305.09
74097876.73
17163817.06
33893838.21
17264555.74
67943646.26
31637522.24
28851218.13
74277677.68
142805304.88
78779870.11
23917033.29
23966089.44
18109663.81
34741398.03
143235654.31
17147275.34
17158606.66
68679292.4
23580650.77
37965051.78
142424113.9
38817406.67
66718270.24
30293464.14
30854437.37
17300225.72
22750131.7
68139939.39
67974311.09
30621295.67
79358158.44
68682716.07
74726776.7
78056466.42
66730876.78
34831213.08
75221402.61
79463079.32
29080381.89
30253585.71
26842303.07
68464734.39
17343295.68
77647877.57
79489988.17
68537933.84
26461789.82
37715411.02
143289636.72
79483241.32
68485186.19
79169027.43
29500691.98
142610086.81
30105700.81
27637120.62
69055908.41
29983065.08
143468918.16
73282342.19
74819362.33
78288537.7
66204454.72
73717803.69
29341918.25
38532241.93
143689322.72
78897999.02
29984574.18
17212046.81
67706888.81
38214462.39
79967583.41
78359197.95
67744410.67
142534711.38
29726722.51
34429159.83
34504430.69
23876558.28
69274981.07
30893675.58
28227354.51
23019413.42
29692200.57
30906938.96
68626478.96
143991379.59
74125478.22
142812378.57
78256494.81
37818743.43
78234644.48
30912506.12
142406539.64
78324983.34
17279329.11
143730269.16
30921296.92
17181915.23
68215281.5
68120786.4
66690158.98
22952439.35
78787237.35
78457447.74
18208391.87
79451446.31
34027336.49
73310687.3
144325189.54
80172466.51
73574222.76
23853074.03
78765888.84
67898997.53
22333687.99
78212148.39
23079403.82
67482397.51
74522775.91
68036767.91
68791346.37
78462234.75
78011157.45
27482136.68
27495624.09
38386255.51
23230526.76
143546077.18
143489112.38
18226848.76
31184136.38
78158349.99
30236129.61
22583682.22
17324211.73
77603837.41
143040592.63
67834367.48
67052266.72
66914888.62
31012128.29
68487726.61
18107564.31
17199564.63
17239165.0
69587843.51
35134195.07
30875447.47
79274697.11
78441701.0
38689404.73
141953941.53
29558861.88
17197435.88
29536896.2
24726109.01
74317326.88
28546567.68
66626127.2
17165196.93
27407491.34
31080610.05
79803384.47
78675836.0
27075030.98
68193644.36
29671771.75
143337120.31
26352861.55
68249508.34
68251083.21
78540588.31
144475177.37
27094345.98
18265463.25
30579931.08
142611964.66
17180265.2
79239956.86
18236229.35
27107421.67
39077473.49
66997904.91
17267382.64
31061733.36
143215799.37
79004645.54
67513901.31
69425791.35
143861228.4
23657257.91
17160625.95
143530461.88
29937846.49
67056397.9
69226333.73
29676276.92
30927319.62
74459638.1
17162874.05
33800227.35
17263395.91
68061098.6
31216236.74
30015369.38
73848731.77
142504048.9
78332675.26
23876900.58
23221220.68
18149372.0
35509973.09
142819794.25
17165905.38
17167987.94
67483635.99
23047688.41
37852204.98
142844231.09
38331833.73
67357059.32
30870323.52
30664179.02
17321102.83
22532034.84
67831621.3
67753201.55
29987914.68
78285997.72
69026292.22
75356814.11
78449950.9
66740704.99
35277746.05
75107298.86
79518179.1
29101186.51
29909986.25
26567038.42
68329828.49
17334859.87
78990259.54
78892322.19
69471980.54
25811604.72
37877352.29
143203441.05
78839156.47
68025167.5
79692443.17
29503059.65
143118546.85
29944345.36
28348503.14
68001467.49
29625723.48
143298226.47
73997223.1
74376857.57
77718114.64
66198295.23
73710638.31
30064304.42
38304598.24
142201692.89
77751774.45
29660352.98
17233563.02
67840771.68
37799216.68
78925807.19
78384119.84
67386679.52
142704736.04
29820227.5
34063528.59
34128850.14
23617619.43
69171931.0
30818932.27
27837017.34
23574362.7
30313797.58
30912554.34
68435702.56
143413389.55
72819074.38
142891545.32
78780465.59
37964962.23
78338807.35
31181375.9
142761733.28
78185894.82
17221956.53
143867333.24
31146406.27
17214951.71
69228211.5
69085018.84
66985465.03
23016041.41
78381691.55
79917141.43
18195925.5
79536568.11
34438508.86
73492844.1
143072748.95
79511565.84
73660581.57
23404599.98
78237051.05
68787483.09
23760782.22
78692196.94
23112530.07
67423216.05
74586445.31
68262561.29
68907998.05
78808290.44
77913905.38
27259907.13
27043020.61
38727073.09
23186865.0
142605700.19
143841524.23
18234527.9
31090876.79
78901711.15
29796944.14
23592508.17
17350360.35
78373037.83
141783886.0
67472201.35
67690159.96
66968053.91
30816036.05
68626401.38
18081298.87
17232024.13
17185231.66
69781594.67
33959821.42
30961697.05
80134026.78
78296737.01
38205649.59
143009528.79
30444282.41
17166540.83
30049770.3
24323905.14
74024310.13
29032917.99
67968115.78
17136186.3
27500964.53
31544397.85
79776715.1
77801541.06
28089821.89
67477234.31
29082505.87
142809564.68
26659699.21
69530680.43
67997757.77
78102490.94
143522264.13
27689822.88
18256526.12
30493248.01
143049885.04
17213067.65
80297924.99
18237696.89
27414075.18
38031631.69
66455037.11
17288507.91
30142999.17
142165280.25
79496702.65
68419343.68
68865030.88
143040252.14
23821189.64
17135137.78
143481855.27
29944181.99
67450236.15
68520105.19
29644808.67
29900602.94
73825857.06
17153033.8
33056718.38
17278453.36
68335710.72
30927982.18
30045597.39
74382707.87
143458178.7
77940625.64
23282531.02
23975261.39
18137009.31
34588305.54
142616548.82
17173214.52
17189518.59
68459898.48
23859817.52
38362515.15
143253469.13
38048565.88
66734543.92
30870083.48
30578991.94
17325078.92
23232415.0
68528169.24
67260534.82
30827867.27
78276376.6
68393590.14
74580978.97
77780284.73
67860288.39
34951865.66
74401791.53
80221274.68
29267786.25
29876855.69
26302446.06
67941430.76
17344572.08
78209818.91
79985203.51
69000996.46
26758189.88
37651032.94
142041605.17
79696853.89
69156088.86
79324112.96
29433984.66
143535720.32
29882309.08
28128628.33
68054257.6
29928743.7
142605377.18
73526789.61
74174482.22
78616263.55
66700054.91
73745574.53
29555080.46
37393403.59
143883696.67
78071328.12
29441129.21
17196666.23
67533428.68
37008394.72
78491245.92
79209355.01
68374382.31
142801334.65
29545568.66
33572549.95
33905960.5
24207806.84
69991158.32
30530044.11
28547162.57
23772421.41
30030977.07
31079168.58
68309636.87
142386562.71
73341255.49
142733443.1
77822263.66
37717290.93
78309096.26
31401347.78
144402320.04
78861838.08
17287671.97
142325481.13
31042220.04
17217772.6
68876447.08
68654451.16
66791251.76
22941637.96
78394136.19
79250269.69
18185714.43
79994634.14
33785077.86
74281821.96
143360747.9
79698138.27
74985499.91
24087307.62
78220838.69
68839037.82
22515262.15
78549262.68
23390372.74
68098299.96
74176672.01
68607387.95
68189883.6
79747155.7
77647259.04
27641848.06
27448513.57
37612583.18
23248728.16
142620962.84
143513941.77
18235199.03
30733812.91
78848134.72
29544849.11
22930413.86
17282741.87
78449826.01
142629030.31
66946769.19
67620167.8
67454570.14
30591097.95
68982525.79
18097474.82
17184711.42
17213478.64
68647492.26
34949843.4
30400969.42
78873223.89
78329764.19
38825905.77
142862791.99
29629927.33
17198065.63
29660870.37
23643107.98
74568416.24
28286812.03
67761153.01
17171435.95
27251465.34
31206342.33
78887104.41
78017431.31
27208135.24
68121576.79
29161977.13
144259625.76
25947070.72
68648594.21
68997141.12
78984525.39
142065999.61
26978897.0
18243745.4
31117182.89
143038298.96
17188310.14
79951741.01
18264448.2
27404907.15
37514924.15
67316600.42
17298453.49
29567154.26
142107057.74
79705734.57
66671407.14
69341591.18
142053544.32
23268892.46
17144138.28
143542006.21
29474587.77
66875085.09
67230429.72
29745379.87
31032656.0
73473998.46
17164111.86
34358093.51
17267043.3
67488391.31
31456716.03
29502451.84
74587468.77
142422147.87
78819954.19
24001138.07
23272493.42
18115493.89
35179561.55
142551659.55
17174545.69
17170732.04
69139180.94
23872222.04
37148218.1
142753373.31
38065061.75
67007792.33
30718553.63
30258302.43
17332041.62
23008536.78
67495160.32
66729344.28
30738071.46
77923961.8
67772255.66
74798350.92
77547610.13
66330018.62
34552286.68
75014715.2
79782575.61
28814426.78
30627131.51
26852042.32
67592882.19
17313855.29
78397379.79
78717627.38
68196978.85
26081914.42
38695709.34
142333031.73
78555633.61
68168364.7
79421299.95
29669391.89
141690218.11
29391721.04
28879747.66
67612514.83
29890192.68
142628527.71
73994190.35
72797947.77
78532243.92
66867608.86
73832331.92
29320890.32
39250057.63
142449542.67
78451588.65
29761490.36
17177762.97
67154456.7
38117938.07
79743257.05
79145541.96
67697079.03
144082811.48
29714868.55
33812604.9
34109969.25
23691763.8
69333546.22
30646699.1
28190244.1
23535368.82
30439883.21
31229902.81
68108451.25
144152340.94
73671630.73
143532167.14
77514230.38
38816068.95
78004572.76
30961698.56
142701884.81
78808311.41
17286924.78
143681651.07
31499894.31
17203853.44
67770041.02
68446682.76
66676911.77
23181389.98
78750737.3
78380246.09
18212842.62
78912768.63
34054907.38
74280012.92
141690611.9
78860820.67
74919003.09
23384534.89
79218364.54
68141983.09
23243291.41
77718341.29
23211146.5
67493121.22
74708182.9
69079128.46
69295284.02
78910671.93
79296327.31
26834813.92
27426947.34
38048392.41
23670176.93
143653478.18
143251763.89
18234356.37
30898009.89
78065676.07
29711601.62
23156821.29
17339470.62
78823989.88
142314236.37
67733216.79
67091824.8
67836675.82
30949235.64
69184981.03
18103723.61
17189524.55
17217495.87
68106215.3
34799297.93
30910398.8
79000066.72
78203911.7
38926355.23
142878938.26
29911071.99
17160583.26
30152411.0
23982923.22
73832232.73
28894548.93
67509889.4
17186303.59
27604253.79
31816216.53
78824552.99
78726259.47
27177640.94
68205767.5
29873916.59
141925604.18
26920593.42
68557254.39
68810565.82
78603275.58
143486780.67
27671458.36
18228917.91
30784325.24
142867754.78
17212504.1
80059385.02
18209187.77
27850810.03
38025134.67
67021878.33
17282987.98
29855119.85
142373707.03
79507942.25
67656306.92
69992189.09
143362772.46
23493141.57
17161005.51
143224112.19
29556226.51
66634679.53
68878513.75
29336181.04
30701945.87
73573797.34
17164242.3
34748259.68
17268078.84
68037543.14
31649350.88
29901307.05
74687814.47
143054935.89
78407902.34
23856276.34
23763639.51
18137809.74
35000387.72
142935783.08
17171957.59
17150480.51
68668267.35
23755249.42
38619841.76
143313090.82
38544698.49
67378019.11
30954135.22
30995106.69
17362066.29
22949335.64
68100057.18
67765916.82
31116730.68
78293333.92
68272838.5
74877744.96
77729276.37
67053916.2
35229603.27
74690675.31
79556756.9
28588709.77
30216295.03
26193444.89
67144641.56
17301130.67
78099847.9
78372719.62
67690631.02
26047988.98
37167473.96
142697043.12
78887246.97
68594805.94
79870164.2
29355775.55
142007445.28
30850720.49
28107922.56
67996502.28
29915546.86
143250045.15
74024243.95
73567871.23
78425727.22
66718639.3
74290048.66
29620533.73
38737712.75
143539251.2
78209338.52
30207027.99
17193043.09
67548650.56
38980011.92
79622196.81
80498620.91
68704183.75
141854911.67
29700690.19
34901681.58
34129382.28
23487394.56
69047290.64
31179505.95
28266594.68
22767912.87
30123592.13
30383215.91
68295234.86
142140549.88
73372165.55
143492273.79
77723704.12
37768307.91
78101981.4
30585810.89
143612110.39
77413504.27
17286739.42
144780846.69
31220872.81
17180579.23
68491196.33
68989605.07
66482945.68
22814809.9
78062875.31
78520272.69
18177781.39
80194168.56
33566734.48
73625121.75
142278803.85
78634922.4
72951739.9
24677864.28
78378142.29
68657433.77
23372752.43
79037410.43
23550233.12
67107517.2
74616151.04
68464717.88
68029389.6
77822278.63
78406772.89
27381492.62
27833035.52
37877441.36
22799279.19
142814993.45
143644660.44
18262596.5
30972791.97
79170801.28
29609195.64
23274179.93
17317912.45
79145946.12
143175091.71
67978979.57
67040312.45
66816759.14
31461019.01
68994262.06
18101189.89
17194408.16
17227807.71
69250911.3
35050470.92
31026557.2
80507127.88
78151690.98
37889766.8
143496697.04
29656274.46
17143719.83
30322757.37
23954543.79
74468772.62
29114985.95
67847383.79
17171166.39
27124676.5
31726465.7
78961721.91
79798168.09
27490944.78
66608286.25
30372729.68
142844524.79
26952332.06
68891132.79
68262922.51
78409548.77
143480905.42
26878596.84
18231318.12
30683774.64
142110900.07
17188970.31
79803510.31
18224120.99
27882769.51
37866840.57
66922799.25
17334181.68
29889022.77
141909435.55
78961415.15
66644446.56
70060821.33
143303443.01
23917460.05
17138557.21
142618775.47
29824108.33
67095621.5
68671030.32
29297954.42
30232229.54
74647873.57
17168826.85
33810542.9
17280202.73
68290768.62
31731648.62
30140564.67
74233871.53
143175082.29
77743354.86
23292424.71
23731768.13
18147078.81
35184264.96
144083434.13
17204961.86
17177494.5
68878525.82
23535428.18
37838719.02
142046065.85
38046113.13
66273710.8
31126789.87
30867982.46
17305716.65
22916667.74
68559009.18
67999962.86
30399769.09
78047313.26
68557410.58
75110871.7
77857292.18
66932674.38
35102973.67
74233842.85
79454900.78
29154496.07
30213370.77
26229940.06
68957368.09
17328650.36
78664112.68
78800547.89
68047965.39
26799703.09
38293221.61
143048239.15
77733200.28
67961294.01
79931233.12
29398538.99
142774527.54
29752562.97
28657004.04
67968543.78
29759415.08
143127540.92
73895959.03
73820347.57
77953529.75
66192431.96
74607747.26
30261956.02
38414519.05
142362777.4
79247680.87
30699199.58
17218769.59
67506190.21
38217819.9
78638937.09
79256477.93
67491032.92
142920547.27
29421823.0
34457865.39
33819687.15
23521989.57
69493687.14
31408299.59
28323284.6
22719924.14
30493494.72
31880845.51
68403627.0
143929448.86
74070768.55
143924189.61
79356828.4
38199225.47
78043317.94
31509602.88
142652928.91
77697969.46
17268049.37
143485866.31
31211866.18
17201134.04
68441182.68
68698534.72
66156297.83
22815618.43
78668766.95
79743421.13
18214634.88
79659022.2
34281616.3
74098575.79
142179365.21
79227756.78
74497356.06
23511226.9
78840064.34
68478587.12
22954276.69
78297623.09
23198187.89
66993027.4
73513702.45
68786493.12
68744176.8
77592954.78
78013907.3
27129495.27
27832430.16
38025966.5
23355628.09
142742772.04
142641085.96
18269118.75
31164290.88
78872309.87
29425886.76
23353836.23
17309214.48
78948647.28
142629902.2
67348307.48
67146082.63
67897799.47
30585355.12
67895319.2
18111866.54
17201831.53
17224845.85
69431495.76
35832166.46
30899890.68
80292163.41
77862757.82
38615003.48
142410425.29
29879896.39
17161667.09
29712867.75
23653636.58
74694530.19
28945368.63
67406499.95
17173903.56
27181202.9
31312682.2
78990795.71
78665748.75
27561784.83
67753081.48
29532353.77
142613924.77
26178314.35
68459781.61
68121751.76
78851362.98
142371887.95
27864903.19
18242517.35
31090348.72
142679249.89
17213604.42
80108787.66
18226449.49
27556495.07
38060847.69
66836584.79
17309692.77
30336238.41
144070060.29
79723684.07
67282516.94
68624653.46
143581778.25
24481696.11
17181886.31
144243230.17
29531539.66
67375281.34
68289950.32
29917409.83
30676654.55
73669165.07
17150748.46
34130804.31
17253682.91
67809590.46
31748973.72
29571949.17
74647733.02
142784496.56
78655060.65
23789221.99
24336477.78
18083988.39
34754537.13
144513556.86
17144015.71
17136157.68
68991865.23
23140137.88
37913429.3
141978775.87
38138960.18
67368489.5
30171216.14
30691010.83
17303351.86
23315127.69
68537924.23
68222417.33
30178728.23
78861571.82
68794556.17
74404619.75
77980095.95
66191620.12
34594594.58
75067391.07
80050427.31
29123852.16
31121644.3
26070062.57
67391507.07
17315308.81
78351482.66
80220570.47
68216916.03
26932737.76
38342615.75
143644700.04
79593113.94
68184496.32
79633093.96
30253531.82
144119189.61
29760929.56
28734157.26
68091801.89
29731854.15
142704090.21
74981819.03
74225279.62
78789322.6
67541818.34
73521538.81
29442851.94
38630114.13
142897728.05
77331071.53
29177480.94
17182718.37
67162193.09
37880754.98
79257274.95
78245520.93
67623346.89
143402788.06
29339059.48
34336122.01
33809274.59
23478981.35
70205118.89
31283638.69
28481259.46
22894670.79
30044700.18
31023817.4
68914738.55
142819533.75
74403027.81
142511587.49
78288144.78
37979014.92
77935514.08
31269332.55
142554585.75
78521691.5
17282453.12
142880555.44
31101520.48
17194084.87
68159001.52
68853636.9
66517012.72
23222851.54
79906886.65
79799142.56
18190793.17
78295317.89
33688230.11
73572738.9
143236980.47
79640443.17
72663749.05
23883321.11
78509273.39
67853040.44
23034728.26
77741487.84
22941335.68
67229019.64
73706671.61
68211119.88
68912112.11
77860524.55
77495641.04
27704611.47
28091960.01
38565522.71
23359084.33
142560291.27
143032747.26
18243717.19
30688839.13
79016784.12
30058292.43
23115643.65
17328856.39
78900742.55
141379667.48
67568715.25
67724117.81
67601673.0
31052461.69
67964012.89
18106296.85
17189861.01
17227233.71
68609059.49
34516418.63
30992434.29
80033872.68
78401331.43
38452043.91
142596773.56
30385477.55
17161675.4
29546545.27
23738647.47
74480192.19
28414063.92
67258768.15
17175704.31
27316914.99
30990455.24
78064402.67
78928129.32
27346189.68
67709132.7
30008064.77
142546030.7
25988035.65
68679759.71
68516753.67
78501074.41
142216960.95
27299277.84
18207368.21
30315130.6
142766339.97
17199278.38
80458313.28
18250116.92
27071321.14
38269860.54
67308027.27
17308933.33
29752312.25
142065790.32
78912363.23
66860852.46
69177133.72
143381732.93
23601000.01
17162935.65
143275914.31
29894914.6
66979045.95
67739780.32
28685259.04
31055479.91
74024385.46
17156047.25
34295821.34
17262632.7
68375865.69
31207791.72
30074002.13
73993701.58
142370225.79
78483582.62
23848997.89
24037852.52
18096027.14
35292946.24
143639375.54
17156238.48
17180270.44
69016434.71
23464897.07
38013305.56
142693735.64
38186937.82
67956023.46
30414464.57
30869444.58
17326858.18
23195924.14
68273707.0
68314016.18
30750229.78
78455488.37
69084682.25
74288235.03
78071847.58
67011015.34
33806468.51
74414021.65
79247786.69
28977340.63
30420654.86
26548486.93
68555175.33
17331883.62
78385197.63
78700781.23
67848763.89
26725654.7
37916731.4
143211087.07
78419028.5
68082870.97
80496238.28
29397685.29
143978084.26
30015744.99
28587300.55
68021405.09
29948483.49
142161642.65
74399807.96
74235360.8
77643524.35
67677044.08
73712370.55
29879277.38
38498650.16
143634663.45
77974659.88
29929095.44
17187319.74
66951185.01
38279163.66
78075688.64
79003050.1
67754714.65
143278391.78
29858846.02
34156594.67
33894528.99
24348729.1
68939150.55
31096042.82
27968733.04
23138368.52
30412199.38
31512670.57
68444899.54
145320205.42
74170436.57
142631616.5
77934091.16
37847217.17
78679225.3
30904177.45
143208868.32
78888977.71
17272057.61
144112992.56
32030099.13
17207921.57
68430103.82
68934922.62
67691890.26
22957669.64
77763927.2
79244752.91
18238019.43
80048448.65
34181120.99
74114105.69
142080943.75
79055077.95
74357118.89
23560168.8
79124465.8
