15139625.55
27850722.02
25447014.47
66472832.8
32157321.76
76428866.12
72072944.13
141114348.71
15139625.55
27850722.02
25447014.47
66472832.8
32157321.76
76428866.12
72072944.13
141114348.71
16281070.26
28963072.88
26567549.97
66572397.19
33182588.17
76546856.89
72204252.13
141114348.71
16281070.26
28963072.88
26567549.97
66572397.19
33182588.17
76546856.89
72204252.13
141114348.71
16574052.23
29077938.32
26713677.78
66696357.01
33219974.63
76483646.91
72194770.74
141114348.71
16574052.23
29077938.32
26713677.78
66696357.01
33219974.63
76483646.91
72194770.74
141114348.71
30250912.08
30252504.42
30271193.65
67673036.72
34410476.57
77450140.05
73185921.15
141114348.71
30250912.08
30252504.42
30271193.65
67673036.72
34410476.57
77450140.05
73185921.15
141114348.71
15139625.55
27850722.02
25447014.47
66472832.8
32157321.76
76428866.12
72072944.13
141114348.71
15139625.55
27850722.02
25447014.47
66472832.8
32157321.76
76428866.12
72072944.13
141114348.71
16281070.26
28963072.88
26567549.97
66572397.19
33182588.17
76546856.89
72204252.13
141114348.71
16281070.26
28963072.88
26567549.97
66572397.19
33182588.17
76546856.89
72204252.13
141114348.71
16574052.23
29077938.32
26713677.78
66696357.01
33219974.63
76483646.91
72194770.74
141114348.71
16574052.23
29077938.32
26713677.78
66696357.01
33219974.63
76483646.91
72194770.74
141114348.71
30250912.08
30252504.42
30271193.65
67673036.72
34410476.57
77450140.05
73185921.15
141114348.71
30250912.08
30252504.42
30271193.65
67673036.72
34410476.57
77450140.05
73185921.15
141114348.71
15238913.61
27850722.02
25464138.81
66472832.8
32157321.76
76428866.12
72072944.13
141114348.71
15238913.61
27850722.02
25464138.81
66472832.8
32157321.76
76428866.12
72072944.13
141114348.71
23338600.44
29050202.89
26677796.81
66572397.19
33231001.78
76546856.89
72204252.13
141114348.71
23338600.44
29050202.89
26677796.81
66572397.19
33231001.78
76546856.89
72204252.13
141114348.71
29283939.49
29285737.43
29302428.77
66730231.85
33426705.87
76483646.91
72204742.0
141114348.71
29283939.49
29285737.43
29302428.77
66730231.85
33426705.87
76483646.91
72204742.0
141114348.71
67940511.63
67941775.46
67943947.24
67966687.22
68022379.74
77708031.19
73467296.88
141114348.71
67940511.63
67941775.46
67943947.24
67966687.22
68022379.74
77708031.19
73467296.88
141114348.71
15238913.61
27850722.02
25464138.81
66472832.8
32157321.76
76428866.12
72072944.13
141114348.71
15238913.61
27850722.02
25464138.81
66472832.8
32157321.76
76428866.12
72072944.13
141114348.71
23338600.44
29050202.89
26677796.81
66572397.19
33231001.78
76546856.89
72204252.13
141114348.71
23338600.44
29050202.89
26677796.81
66572397.19
33231001.78
76546856.89
72204252.13
141114348.71
29283939.49
29285737.43
29302428.77
66730231.85
33426705.87
76483646.91
72204742.0
141114348.71
29283939.49
29285737.43
29302428.77
66730231.85
33426705.87
76483646.91
72204742.0
141114348.71
67940511.63
67941775.46
67943947.24
67966687.22
68022379.74
77708031.19
73467296.88
141114348.71
67940511.63
67941775.46
67943947.24
67966687.22
68022379.74
77708031.19
73467296.88
141114348.71
15139625.55
27850722.02
25447014.47
66472832.8
32157321.76
76428866.12
72072944.13
141114348.71
15139625.55
27850722.02
25447014.47
66472832.8
32157321.76
76428866.12
72072944.13
141114348.71
28961497.81
28963072.88
28982074.69
66572397.19
33182588.17
76546856.89
72204252.13
141114348.71
28961497.81
28963072.88
28982074.69
66572397.19
33182588.17
76546856.89
72204252.13
141114348.71
36142949.99
36144747.06
36156610.53
66696357.01
36273299.19
76483646.91
72194770.74
141114348.71
36142949.99
36144747.06
36156610.53
66696357.01
36273299.19
76483646.91
72194770.74
141114348.71
77389651.5
77390596.83
77392465.72
77409747.96
77448879.85
77450140.05
77470356.3
141114348.71
77389651.5
77390596.83
77392465.72
77409747.96
77448879.85
77450140.05
77470356.3
141114348.71
15139625.55
27850722.02
25447014.47
66472832.8
32157321.76
76428866.12
72072944.13
141114348.71
15139625.55
27850722.02
25447014.47
66472832.8
32157321.76
76428866.12
72072944.13
141114348.71
28961497.81
28963072.88
28982074.69
66572397.19
33182588.17
76546856.89
72204252.13
141114348.71
28961497.81
28963072.88
28982074.69
66572397.19
33182588.17
76546856.89
72204252.13
141114348.71
36142949.99
36144747.06
36156610.53
66696357.01
36273299.19
76483646.91
72194770.74
141114348.71
36142949.99
36144747.06
36156610.53
66696357.01
36273299.19
76483646.91
72194770.74
141114348.71
77389651.5
77390596.83
77392465.72
77409747.96
77448879.85
77450140.05
77470356.3
141114348.71
77389651.5
77390596.83
77392465.72
77409747.96
77448879.85
77450140.05
77470356.3
141114348.71
27848939.45
27850722.02
27867323.52
66472832.8
32157321.76
76428866.12
72072944.13
141114348.71
27848939.45
27850722.02
27867323.52
66472832.8
32157321.76
76428866.12
72072944.13
141114348.71
66547744.72
66548944.19
66550937.44
66572397.19
66636178.34
76546856.89
72204252.13
141114348.71
66547744.72
66548944.19
66550937.44
66572397.19
66636178.34
76546856.89
72204252.13
141114348.71
76452680.33
76454143.47
76456822.28
76482700.8
76482183.77
76483646.91
76500468.88
141114348.71
76452680.33
76454143.47
76456822.28
76482700.8
76482183.77
76483646.91
76500468.88
141114348.71
141114348.73
141114348.73
141114348.71
141114348.71
141114348.71
141114348.71
141114348.71
141114348.71
141114348.73
141114348.73
141114348.71
141114348.71
141114348.71
141114348.71
141114348.71
141114348.71
27848939.45
27850722.02
27867323.52
66472832.8
32157321.76
76428866.12
72072944.13
141114348.71
27848939.45
27850722.02
27867323.52
66472832.8
32157321.76
76428866.12
72072944.13
141114348.71
66547744.72
66548944.19
66550937.44
66572397.19
66636178.34
76546856.89
72204252.13
141114348.71
66547744.72
66548944.19
66550937.44
66572397.19
66636178.34
76546856.89
72204252.13
141114348.71
76452680.33
76454143.47
76456822.28
76482700.8
76482183.77
76483646.91
76500468.88
141114348.71
76452680.33
76454143.47
76456822.28
76482700.8
76482183.77
76483646.91
76500468.88
141114348.71
141114348.73
141114348.73
141114348.71
141114348.71
141114348.71
141114348.71
141114348.71
141114348.71
141114348.73
141114348.73
141114348.71
141114348.71
141114348.71
141114348.71
141114348.71
141114348.71
15139625.55
27850722.02
25447014.47
66472832.8
32157321.76
76428866.12
72072944.13
141114348.71
15139625.55
27850722.02
25447014.47
66472832.8
32157321.76
76428866.12
72072944.13
141114348.71
16281070.26
28963072.88
26567549.97
66572397.19
33182588.17
76546856.89
72204252.13
141114348.71
16281070.26
28963072.88
26567549.97
66572397.19
33182588.17
76546856.89
72204252.13
141114348.71
16574052.23
29077938.32
26713677.78
66696357.01
33219974.63
76483646.91
72194770.74
141114348.71
16574052.23
29077938.32
26713677.78
66696357.01
33219974.63
76483646.91
72194770.74
141114348.71
30250912.08
30252504.42
30271193.65
67673036.72
34410476.57
77450140.05
73185921.15
141114348.71
30250912.08
30252504.42
30271193.65
67673036.72
34410476.57
77450140.05
73185921.15
141114348.71
15139625.55
27850722.02
25447014.47
66472832.8
32157321.76
76428866.12
72072944.13
141114348.71
15139625.55
27850722.02
25447014.47
66472832.8
32157321.76
76428866.12
72072944.13
141114348.71
16281070.26
28963072.88
26567549.97
66572397.19
33182588.17
76546856.89
72204252.13
141114348.71
16281070.26
28963072.88
26567549.97
66572397.19
33182588.17
76546856.89
72204252.13
141114348.71
16574052.23
29077938.32
26713677.78
66696357.01
33219974.63
76483646.91
72194770.74
141114348.71
16574052.23
29077938.32
26713677.78
66696357.01
33219974.63
76483646.91
72194770.74
141114348.71
30250912.08
30252504.42
30271193.65
67673036.72
34410476.57
77450140.05
73185921.15
141114348.71
30250912.08
30252504.42
30271193.65
67673036.72
34410476.57
77450140.05
73185921.15
141114348.71
15238913.61
27850722.02
25464138.81
66472832.8
32157321.76
76428866.12
72072944.13
141114348.71
15238913.61
27850722.02
25464138.81
66472832.8
32157321.76
76428866.12
72072944.13
141114348.71
23338600.44
29050202.89
26677796.81
66572397.19
33231001.78
76546856.89
72204252.13
141114348.71
23338600.44
29050202.89
26677796.81
66572397.19
33231001.78
76546856.89
72204252.13
141114348.71
29283939.49
29285737.43
29302428.77
66730231.85
33426705.87
76483646.91
72204742.0
141114348.71
29283939.49
29285737.43
29302428.77
66730231.85
33426705.87
76483646.91
72204742.0
141114348.71
67940511.63
67941775.46
67943947.24
67966687.22
68022379.74
77708031.19
73467296.88
141114348.71
67940511.63
67941775.46
67943947.24
67966687.22
68022379.74
77708031.19
73467296.88
141114348.71
15238913.61
27850722.02
25464138.81
66472832.8
32157321.76
76428866.12
72072944.13
141114348.71
15238913.61
27850722.02
25464138.81
66472832.8
32157321.76
76428866.12
72072944.13
141114348.71
23338600.44
29050202.89
26677796.81
66572397.19
33231001.78
76546856.89
72204252.13
141114348.71
23338600.44
29050202.89
26677796.81
66572397.19
33231001.78
76546856.89
72204252.13
141114348.71
29283939.49
29285737.43
29302428.77
66730231.85
33426705.87
76483646.91
72204742.0
141114348.71
29283939.49
29285737.43
29302428.77
66730231.85
33426705.87
76483646.91
72204742.0
141114348.71
67940511.63
67941775.46
67943947.24
67966687.22
68022379.74
77708031.19
73467296.88
141114348.71
67940511.63
67941775.46
67943947.24
67966687.22
68022379.74
77708031.19
73467296.88
141114348.71
15139625.55
27850722.02
25447014.47
66472832.8
32157321.76
76428866.12
72072944.13
141114348.71
15139625.55
27850722.02
25447014.47
66472832.8
32157321.76
76428866.12
72072944.13
141114348.71
28961497.81
28963072.88
28982074.69
66572397.19
33182588.17
76546856.89
72204252.13
141114348.71
28961497.81
28963072.88
28982074.69
66572397.19
33182588.17
76546856.89
72204252.13
141114348.71
36142949.99
36144747.06
36156610.53
66696357.01
36273299.19
76483646.91
72194770.74
141114348.71
36142949.99
36144747.06
36156610.53
66696357.01
36273299.19
76483646.91
72194770.74
141114348.71
77389651.5
77390596.83
77392465.72
77409747.96
77448879.85
77450140.05
77470356.3
141114348.71
77389651.5
77390596.83
77392465.72
77409747.96
77448879.85
77450140.05
77470356.3
141114348.71
15139625.55
27850722.02
25447014.47
66472832.8
32157321.76
76428866.12
72072944.13
141114348.71
15139625.55
27850722.02
25447014.47
66472832.8
32157321.76
76428866.12
72072944.13
141114348.71
28961497.81
28963072.88
28982074.69
66572397.19
33182588.17
76546856.89
72204252.13
141114348.71
28961497.81
28963072.88
28982074.69
66572397.19
33182588.17
76546856.89
72204252.13
141114348.71
36142949.99
36144747.06
36156610.53
66696357.01
36273299.19
76483646.91
72194770.74
141114348.71
36142949.99
36144747.06
36156610.53
66696357.01
36273299.19
76483646.91
72194770.74
141114348.71
77389651.5
77390596.83
77392465.72
77409747.96
77448879.85
77450140.05
77470356.3
141114348.71
77389651.5
77390596.83
77392465.72
77409747.96
77448879.85
77450140.05
77470356.3
141114348.71
27848939.45
27850722.02
27867323.52
66472832.8
32157321.76
76428866.12
72072944.13
141114348.71
27848939.45
27850722.02
27867323.52
66472832.8
32157321.76
76428866.12
72072944.13
141114348.71
66547744.72
66548944.19
66550937.44
66572397.19
66636178.34
76546856.89
72204252.13
141114348.71
66547744.72
66548944.19
66550937.44
66572397.19
66636178.34
76546856.89
72204252.13
141114348.71
76452680.33
76454143.47
76456822.28
76482700.8
76482183.77
76483646.91
76500468.88
141114348.71
76452680.33
76454143.47
76456822.28
76482700.8
76482183.77
76483646.91
76500468.88
141114348.71
141114348.73
141114348.73
141114348.71
141114348.71
141114348.71
141114348.71
141114348.71
141114348.71
141114348.73
141114348.73
141114348.71
141114348.71
141114348.71
141114348.71
141114348.71
141114348.71
27848939.45
27850722.02
27867323.52
66472832.8
32157321.76
76428866.12
72072944.13
141114348.71
27848939.45
27850722.02
27867323.52
66472832.8
32157321.76
76428866.12
72072944.13
141114348.71
66547744.72
66548944.19
66550937.44
66572397.19
66636178.34
76546856.89
72204252.13
141114348.71
66547744.72
66548944.19
66550937.44
66572397.19
66636178.34
76546856.89
72204252.13
141114348.71
76452680.33
76454143.47
76456822.28
76482700.8
76482183.77
76483646.91
76500468.88
141114348.71
76452680.33
76454143.47
76456822.28
76482700.8
76482183.77
76483646.91
76500468.88
141114348.71
141114348.73
141114348.73
141114348.71
141114348.71
141114348.71
141114348.71
141114348.71
141114348.71
141114348.73
141114348.73
141114348.71
141114348.71
141114348.71
141114348.71
141114348.71
141114348.71
