46573256.56
44323479.6
44298102.2
43715151.79
46287008.11
44212153.47
43883897.89
76023099.35
43863277.52
74817676.68
44016379.98
44742285.74
21340562.52
75111734.28
44487825.14
23507294.93
45281238.03
43915752.63
76655088.88
45346612.2
45115656.14
75522525.09
44630665.57
75659557.83
22226800.79
23005624.64
23380904.46
21504051.05
23412194.19
12425298.74
22406838.0
43874348.1
44766148.25
46908711.61
44613545.44
73966019.13
44868828.44
43699497.26
22132257.93
42222808.78
75495436.6
77904654.64
44907984.09
77599305.47
43472169.75
75784646.3
43742544.48
22667735.4
23405235.62
43647669.41
41368173.71
45398181.83
22952788.75
12391226.04
77797807.98
45799051.1
73936028.74
76788239.17
23197949.54
21501724.47
75884796.65
46046269.87
22736541.25
77773958.23
44364972.69
44258639.45
76966778.99
23573800.45
77797807.98
74071906.62
45079485.62
45563873.13
22580886.3
44641781.25
75784646.3
41843923.86
46160839.72
44628569.22
22807082.37
75488273.13
45277120.37
75900116.04
73966019.13
45303296.04
75738900.74
24622128.38
42139591.61
78359569.13
77904654.64
45447658.33
23694848.06
75283392.61
22995380.65
77375285.84
75046491.33
76023099.35
21945019.67
75398578.62
44641781.25
73966019.13
22591542.39
75167650.42
77188252.69
22265372.13
23452260.31
42878700.64
76023099.35
76050661.22
24348455.09
21097161.12
21148814.97
73936028.74
20612096.96
41378905.18
47824280.13
46657329.73
75900116.04
24041336.59
76255606.12
24096184.41
39936548.82
22419574.99
41230460.86
23431853.21
22528874.82
75658970.56
46013528.65
12454705.59
44620133.82
44115529.08
76014694.04
43447813.07
77599305.47
41258655.7
39992072.51
75650546.65
46557931.86
44713999.46
21985845.96
45785537.65
19953686.58
23951373.4
73936028.74
43742544.48
12409172.51
74071906.62
44363821.03
12377876.23
44215917.1
76139298.45
45038485.39
74320226.87
44376498.14
43513116.71
44436546.82
22782272.41
43916055.4
44282940.31
44376153.16
42539951.2
21315151.76
75463673.23
23621315.03
77078932.1
45026113.33
76788239.17
40187724.69
44071834.36
74254372.27
43772370.68
25306378.05
75488273.13
22264312.28
43580087.97
26003419.52
46773069.54
76139298.45
42756853.5
46711079.39
75995464.39
74320226.87
76023099.35
75884796.65
41907331.26
46411160.4
74817676.68
44224493.69
44457782.96
24523615.27
45388481.82
77773958.23
12429183.61
24098129.9
43955704.37
22012574.49
78359569.13
75047527.85
42027367.55
75305400.17
75355518.82
74466892.36
23542648.63
22948472.23
21929597.52
41014910.98
75111734.28
44052781.57
22621722.18
75784646.3
77904654.64
76289662.38
46668892.47
44928791.47
22392054.89
22263008.76
45521254.92
77188252.69
74575709.26
24911129.35
73966019.13
77599305.47
21492228.27
77375285.84
74287129.8
43901247.87
44282940.31
20893508.45
25700807.83
22339004.64
24118590.58
43992038.85
46189935.07
75784646.3
44504394.21
19953686.58
20355193.5
23644524.99
75219486.43
75659557.83
79414117.69
23630517.42
46020063.24
46013528.65
46176795.53
76345862.76
43811452.35
22093699.09
73936028.74
23729864.5
75305400.17
44715185.02
45579948.75
46908711.61
41203834.02
77078932.1
39927385.4
43816405.54
75944726.39
22263950.14
23368741.47
45288611.05
45108839.44
24418438.66
44339461.35
21297299.7
44115529.08
22339004.64
24027083.82
22836566.14
22736541.25
46175551.9
74466892.36
21683916.19
43898007.16
45056633.31
43830226.81
76966778.99
24118590.58
45202468.3
41989233.7
44539913.76
43873170.16
43962597.47
44487825.14
25176240.75
75650546.65
43513116.71
21354342.79
75203489.6
75784646.3
44488518.82
75111734.28
45943264.47
75717089.76
12434435.05
46775648.8
75111734.28
45386038.74
12406576.58
77044763.99
75046491.33
73936028.74
74575709.26
75463673.23
46447526.09
44530454.94
73936028.74
12453882.32
77659606.43
45184963.09
76023099.35
74575709.26
44540509.05
22275777.39
74883632.21
74466892.36
45255490.0
75581545.96
41899677.2
21987281.59
24950853.12
46573256.56
12402707.26
21454852.16
45027961.42
76966778.99
44877592.82
46077446.94
24166742.39
79414117.69
77078932.1
75097733.05
39764442.76
45234096.67
45202468.3
43627801.42
46242698.74
45521633.3
45336630.89
41007999.54
76255606.12
22788826.8
45420141.6
45306475.43
45639345.29
44316736.54
45582498.81
77599305.47
76014694.04
44724236.13
12437658.46
22294877.82
23630517.42
42246758.61
46447526.09
76592530.48
75283392.61
21859412.71
42867577.33
76655088.88
43963356.66
46496656.47
74466892.36
43950007.19
45398472.38
77044763.99
46007471.74
46364133.21
77139816.69
40483577.78
45045665.35
46203878.44
21206510.92
12400022.19
45414831.27
75522525.09
75658970.56
75046491.33
45186176.99
44352587.0
45346612.2
45169419.3
45467413.38
75995464.39
12397222.1
76931446.61
21654461.99
46176795.53
21980822.14
12414819.4
44708492.22
44877222.83
46055955.52
44782050.47
45447658.33
77081330.43
76276902.66
46020063.24
75111734.28
45153262.25
45365917.97
24332944.56
47875067.94
21061600.71
44900579.39
44746055.01
22897347.51
25088118.46
75656728.73
40135863.87
44502419.64
75211606.15
74460144.42
74957857.2
76931446.61
75944726.39
46226948.23
44573103.66
43959319.04
75305400.17
44198838.52
45085031.01
20967572.51
24016439.55
44498727.7
24794789.2
74254372.27
44670262.63
44782050.47
74883632.21
40013355.24
43367787.29
21868669.73
12390835.92
22666720.82
74287129.8
46287008.11
46101217.74
12425298.74
21960243.73
21147763.2
47063306.45
73970798.46
76280341.93
23169986.71
41229358.37
45494482.82
75659557.83
22726644.14
21634424.7
75400938.62
75944726.39
42622423.05
24745015.03
25182595.1
44781910.06
45060147.41
22062217.28
12427690.24
24359870.62
74287129.8
75398578.62
24657928.4
22263950.14
44637990.26
75211606.15
76615798.98
39565653.98
41907331.26
21871091.45
42729780.32
77902550.47
25612375.51
76592530.48
75900116.04
45607322.93
43664244.72
21480176.6
43932765.78
45337035.64
74345412.22
74605663.64
21588649.98
78002505.19
75355518.82
76966778.99
22628011.09
20449650.7
76966778.99
46129651.7
44856944.97
40537104.96
44434617.28
24229470.54
43978502.8
76050661.22
43630002.71
74817676.68
75944726.39
20157315.35
44796415.97
75944726.39
73966019.13
44888413.19
76168396.39
24085421.15
25366246.34
22053456.32
22997764.88
45027961.42
22265372.13
46382039.71
42666952.63
75283392.61
77081330.43
45332226.58
44354425.61
76014694.04
45115656.14
75691595.57
44868828.44
24956331.66
44371400.15
44934873.26
25042424.67
22300048.76
77078932.1
45028745.34
74058442.23
43831962.06
42139591.61
75656728.73
45997525.51
21097161.12
77081330.43
42552725.6
44765257.31
45445260.27
75167650.42
75738900.74
39764442.76
45903026.2
40395369.37
75488273.13
44908532.52
42983397.05
43931413.41
77081330.43
19816931.74
41651044.64
23795429.05
75717089.76
76918589.52
75625080.09
44003918.68
76966778.99
77081330.43
46257667.54
74254372.27
24183662.05
75097733.05
23385574.62
22952341.34
46091325.62
45835697.4
43901247.87
42069073.17
74605663.64
45277120.37
45085031.01
44919727.11
21878020.5
76023099.35
40952464.07
22043725.47
23661730.87
75046491.33
23760879.25
74058442.23
20449650.7
74727777.52
25041330.34
21004812.92
22277033.98
74727777.52
44162066.96
44594101.41
76023099.35
46128252.76
40513839.72
77375285.84
22579836.74
75047527.85
21148814.97
12376480.01
75650546.65
12437658.46
22234532.49
77797807.98
43955704.37
24137690.82
73895834.81
75047527.85
76023099.35
75309938.39
23644524.99
12400022.19
23385574.62
46176795.53
75463673.23
21485072.56
42484071.96
22790092.55
22800402.36
77081330.43
43918739.24
43752834.92
44096341.06
22405652.49
19675051.68
79414117.69
40122235.07
44677083.33
73936028.74
77313694.5
44976125.55
22464842.41
76931446.61
21419159.7
46380634.66
75219486.43
46821753.14
74441903.9
43963356.66
75658970.56
23649498.55
25502916.77
74883632.21
74644357.86
22012574.49
23123797.28
25400524.67
24785682.53
45439576.58
46826245.56
77599305.47
23805910.78
25648958.12
75658970.56
76875442.93
21454852.16
74605663.64
47063306.45
77618823.79
76168396.39
45354801.37
44644640.93
22237444.48
24048933.37
23749107.04
45101636.91
22131423.7
47007481.59
75219486.43
44573103.66
73895834.81
44316142.44
23674568.07
39527349.95
45468137.5
23495932.45
23486363.03
46242698.74
24699806.64
76023099.35
21654461.99
75046491.33
75495436.6
22392054.89
73970798.46
75659557.83
21927803.46
44323479.6
43800952.96
43173411.36
21478331.12
21929597.52
39764442.76
23791263.74
75495566.41
77313694.5
73970798.46
46242698.74
45169419.3
77188252.69
43698033.09
20893508.45
75205961.51
23519811.49
74644357.86
42903439.35
75944726.39
22244747.2
75097733.05
12467613.87
43861446.95
39927385.4
12457381.6
75355518.82
75581545.96
43385389.8
44725757.25
45365521.68
44877592.82
74703691.93
43862675.82
24808596.53
76165167.4
43700169.93
20205025.99
46910031.62
45070322.29
12433610.67
42342642.98
44551528.18
43700159.02
45099445.36
44580033.77
75309938.39
12463237.26
45198701.66
75211606.15
22276101.5
77623042.94
76289662.38
44781910.06
22418380.04
22741819.07
40991951.08
75658970.56
74957857.2
22131423.7
75463673.23
22912155.6
76139298.45
24010341.11
75211606.15
75398578.62
44528534.17
12437658.46
46189935.07
75717089.76
45650226.78
46007471.74
45028745.34
45533607.52
75355518.82
44630665.57
76345862.76
75400938.62
40135863.87
23453292.17
22678429.01
74058442.23
19965565.68
75625080.09
45419378.9
22233241.48
75738900.74
77313694.5
44548844.6
75944726.39
46826966.87
75884796.65
75309938.39
44198049.3
22959090.19
45799051.1
74957857.2
46431679.66
12397222.1
12400664.06
75495436.6
46786904.55
23175959.83
77139816.69
20689682.09
24000844.58
46799158.83
23803387.36
12384797.42
39694573.12
75488273.13
47261353.04
44907984.09
43898007.16
43779820.07
44713336.22
43884518.27
21983758.64
23874111.43
77188252.69
22807082.37
75717089.76
41980939.23
74644357.86
22553721.0
44352587.0
46520078.23
19863790.82
74320226.87
77599305.47
76276902.66
40571788.98
75205961.51
46557227.97
44928446.56
43169506.91
75205961.51
44450699.72
75463673.23
46668892.47
40465759.73
46775648.8
39512530.18
77599305.47
75522525.09
12431697.15
46035737.04
42561317.63
44616843.61
76139298.45
21742416.12
76050661.22
45436833.65
44010330.14
43338535.75
44658786.95
42291172.81
43521499.48
39740166.95
46705489.33
45400590.12
75211606.15
76655088.88
23978858.74
46774459.11
75167650.42
77081330.43
44459624.64
75784646.3
74466892.36
77375285.84
21352173.21
75650546.65
44856944.97
44003918.68
40816880.56
12391500.25
46705489.33
45294983.48
76289662.38
75203489.6
44148829.14
76655088.88
44783371.85
74727777.52
44686672.32
73966019.13
44796415.97
77375285.84
43795108.7
75097733.05
12471242.15
44768739.51
22997761.6
23645603.38
25088118.46
76276902.66
44711407.09
76276902.66
22022302.15
23608908.32
74466892.36
74320226.87
43012943.7
76875442.93
44973666.28
44032257.46
76255606.12
45687011.05
44367309.24
12388901.84
22082133.38
46451100.28
73895834.81
21504051.05
24431965.03
76276902.66
75900116.04
23524906.81
20717650.31
75717089.76
47261353.04
76289662.38
75400938.62
12406384.52
74460144.42
46443851.83
22300958.43
74466892.36
77599305.47
74441903.9
23749107.04
44670262.63
76512286.7
75047527.85
75305400.17
76966778.99
39316727.96
25678238.36
44934873.26
46101863.3
23519811.49
45453499.92
76168396.39
45168998.29
22875306.97
45039729.38
22264926.89
45536439.01
74345412.22
45354213.6
21474236.01
24220328.42
45234530.99
77044763.99
77129943.67
74441903.9
76276902.66
24999295.81
20599784.29
74800993.39
21565144.2
44162066.96
75393738.56
23958209.36
45692769.12
76788239.17
24144154.84
75581545.96
12425484.46
74957857.2
46512736.41
44698205.58
43760309.37
44698052.48
22300048.76
12411044.36
23400563.38
75283392.61
39728226.53
44595971.07
76255606.12
44343891.26
76615798.98
75659557.83
41470536.88
23400563.38
76280341.93
46711647.22
43530205.12
79414117.69
23694848.06
45306475.43
74817676.68
43506255.42
23536522.08
78359569.13
75283392.61
46143131.25
77044763.99
41343023.28
74957857.2
22134213.81
76023099.35
24348455.09
19997282.2
44336395.81
74883632.21
45130702.1
43913727.19
22442764.88
22861936.73
77623042.94
22406838.0
21530166.95
21726913.69
74345412.22
77618823.79
75659557.83
47837615.97
45536439.01
46074779.58
23878399.46
40403357.49
44498727.7
24657928.4
12425329.44
74957857.2
44017139.17
21779071.8
23507294.93
44757520.96
39740166.95
43446762.51
43908039.86
25458940.51
75884796.65
45579948.75
21226254.22
41754394.87
75625080.09
24065817.81
74644357.86
42357416.99
75691595.57
45153776.43
23520218.08
75581545.96
45400590.12
12394502.71
74703691.93
76050661.22
22264312.28
76276902.66
45692226.85
12471242.15
12402707.26
43694279.73
75211606.15
21694281.46
21392596.84
77623042.94
77139816.69
43830847.2
74071906.62
46382039.71
45446737.34
21654461.99
22881664.33
25812962.13
40608135.45
45650226.78
76655088.88
23536522.08
43872432.08
75097733.05
23584540.43
42059703.19
78359569.13
25850750.75
43732318.52
77797807.98
20449103.39
44757520.96
22105051.51
42013584.64
77078932.1
75717089.76
12411044.36
12394502.71
76370430.29
77773958.23
76903389.99
75784646.3
75658970.56
74883632.21
43715151.79
22666720.82
43768072.76
43367787.29
22452314.04
44489262.95
75656728.73
44519401.04
75738900.74
76276902.66
78359569.13
45641200.0
43950721.78
76014694.04
22062217.28
23971643.16
42478329.48
77188252.69
45366734.65
75650546.65
46495004.21
74644357.86
21519374.97
44943259.1
75219486.43
45414831.27
44609476.11
44598408.55
12384797.42
42867577.33
25808408.16
45388481.82
20449103.39
23394726.18
21481411.63
77599305.47
76370430.29
40371236.54
77599305.47
39747209.55
76023099.35
75784646.3
44486304.3
41364553.86
12423731.02
21008864.12
43595983.22
73970798.46
42520431.57
24137619.54
74883632.21
12408553.83
39565653.98
44072361.85
74817676.68
75488273.13
19986023.83
74441903.9
23008553.27
44354425.61
44482936.39
45062269.24
22235700.4
44021880.15
39871930.81
44391909.02
12463237.26
76370430.29
42189669.43
45130702.1
44763992.59
23266358.4
74058442.23
75717089.76
23620577.0
25042424.67
41651044.64
44669691.22
24229773.97
40395369.37
76370430.29
43119841.13
76165167.4
43647500.97
44812705.5
77902550.47
75283392.61
21967728.53
24027083.82
76788239.17
43436547.11
46089168.01
45439576.58
46242565.63
44477679.16
44322733.65
12391503.76
75691595.57
47241134.72
12478599.02
45083937.71
23412194.19
45234758.55
75400938.62
45052343.09
74071906.62
76903389.99
76875442.93
76255606.12
44140166.85
76014694.04
25665984.32
77773958.23
45957858.0
40462769.53
76168396.39
75111734.28
77188252.69
24551247.14
44930405.39
24154624.79
45095496.39
45101551.96
47055842.87
44766811.49
44150825.83
21767505.89
44715185.02
40014737.24
44765257.31
45233442.44
22528874.82
45365917.97
76512286.7
24501315.55
22592278.66
76370430.29
44576320.73
75211606.15
21434066.79
25502916.77
75625080.09
24138960.34
42561317.63
75488273.13
45366734.65
74575709.26
43916055.4
22094911.19
76512286.7
21768758.49
43862497.0
22264926.89
75691595.57
43506255.42
42188342.77
75659557.83
46059474.59
76966778.99
21610226.68
77375285.84
45337572.59
75658970.56
23030981.83
43449643.18
73895834.81
46416971.8
76014694.04
21828062.34
21504051.05
24267518.84
44207119.45
77139816.69
76875442.93
40218457.54
22852124.7
75393738.56
44620133.82
45391784.6
44021676.37
76050661.22
75738900.74
43752187.53
75463673.23
45398472.38
24849858.39
77044763.99
20355193.5
73966019.13
74058442.23
76918589.52
75738900.74
75097733.05
43823810.86
45536439.01
45282185.66
44596867.35
44691399.39
74071906.62
41994828.6
77044763.99
22395783.11
76139298.45
76370430.29
44622563.98
12425298.74
76345862.76
45094871.12
44628074.79
44316978.23
75944726.39
75884796.65
75283392.61
45447658.33
73936028.74
41999203.44
44712190.41
46284960.64
41078862.44
76903389.99
12372862.28
46174604.84
22485918.28
24269106.08
75884796.65
45107166.07
24396443.99
24159118.52
42231833.57
22277033.98
12425329.44
76014694.04
41275343.98
44671057.75
43282450.5
42238042.26
44767326.96
74345412.22
78002505.19
77773958.23
23452260.31
44335449.16
75650546.65
44630057.59
74883632.21
45234758.55
78002505.19
73936028.74
25654659.14
74817676.68
43092111.6
77773958.23
43263639.53
77904654.64
44298102.2
77797807.98
22246154.42
75046491.33
77773958.23
43811452.35
43645528.91
46364133.21
45388481.82
44704049.47
42837088.28
44756836.33
45153776.43
23948768.08
45029809.53
43429044.16
45785537.65
46801284.44
44162066.96
77773958.23
44421378.39
44767293.6
20740412.05
46036494.21
44366816.31
39834221.39
43695450.64
75650546.65
26462766.68
75283392.61
77904654.64
46354135.26
74703691.93
74727777.52
41502464.33
45276551.13
42903439.35
45095318.07
12425298.74
22997761.6
76592530.48
75167650.42
39942294.47
43779257.96
73936028.74
74644357.86
75219486.43
41049202.27
45385316.28
74644357.86
12399900.93
44455118.31
76345862.76
47329712.79
22434039.97
12445360.94
76966778.99
74644357.86
76655088.88
21486598.65
45943264.47
43193618.56
75784646.3
46046269.87
46036494.21
77773958.23
25442875.64
73936028.74
20440823.72
41253470.88
46035184.45
43251979.99
44704049.47
22836566.14
22485164.18
75283392.61
25396487.25
25707713.0
75650546.65
21682673.98
77078932.1
22867855.56
45957858.0
75738900.74
43931816.68
44841678.9
45440299.05
75658970.56
43968189.8
75283392.61
24112046.52
46772416.79
44371400.15
22790092.55
21215115.38
12374459.88
41230460.86
44519401.04
76615798.98
43873170.16
23683157.58
79414117.69
45494482.82
22354846.62
45501536.06
44677083.33
20694670.89
43365227.86
45187587.84
76289662.38
75046491.33
21530166.95
12502764.84
77797807.98
76931446.61
44483712.64
74320226.87
23410146.49
43610438.85
44934873.26
79414117.69
76165167.4
20401416.77
24841030.9
44272444.4
75495566.41
76966778.99
44973666.28
21828245.52
46711079.39
24220328.42
77623042.94
43955704.37
46227578.41
76345862.76
75488273.13
46364133.21
22732252.96
12399355.47
40043768.36
76255606.12
74254372.27
78359569.13
43898007.16
77904654.64
46432409.55
75658970.56
21787883.84
75522525.09
47877829.01
40462769.53
44573430.79
44797438.75
75488273.13
42561317.63
44766811.49
40706110.17
45202468.3
44453175.09
44477679.16
44503830.92
22485746.92
21599454.4
43970374.03
79414117.69
44669691.22
75900116.04
22273708.22
44976868.72
76165167.4
46033855.61
21206510.92
20540589.37
23609969.64
23673322.68
40073397.14
45052343.09
43497173.96
21768758.49
45236753.61
77078932.1
20449103.39
22909156.45
39300929.53
74254372.27
74727777.52
12426940.43
23405235.62
21384080.12
20401416.77
75047527.85
23656236.72
45420784.44
76903389.99
44274203.78
75900116.04
76512286.7
74345412.22
76370430.29
77659606.43
42878700.64
46128252.76
12450551.3
43901247.87
21871091.45
75203489.6
45030552.7
46174604.84
46497283.25
44710745.9
45401285.83
77797807.98
44705892.92
23621315.03
75309938.39
23828015.57
44487135.08
74605663.64
46365540.02
76165167.4
78359569.13
20067840.15
44386904.2
22276101.5
44630665.57
44788382.78
20449103.39
24673065.4
22768767.21
45452915.89
44855026.22
75581545.96
75495566.41
12429183.61
46171241.99
25041330.34
21518388.17
45169419.3
75219486.43
42622423.05
74644357.86
74644357.86
23394726.18
45302039.24
46104480.33
77773958.23
43043616.58
44085710.07
44768623.67
77902550.47
43255703.55
20770501.53
44071711.07
76655088.88
22119246.79
24786193.26
76139298.45
44928254.63
43438394.94
76875442.93
43781557.74
46727212.94
44727602.87
23520218.08
12388901.84
77599305.47
77313694.5
44219571.74
77313694.5
75219486.43
21779071.8
44198049.3
42867577.33
74727777.52
75203489.6
22962585.0
77078932.1
45236753.61
24267518.84
40965943.79
43744201.41
43772370.68
44014535.98
24784916.65
26003419.52
45659320.45
43925420.31
44556456.93
44078742.34
22485918.28
45516646.87
21486598.65
74287129.8
75691595.57
44583568.79
45110810.07
45249163.83
43530205.12
12426940.43
45598548.94
74951382.61
75046491.33
75944726.39
46190569.41
44897857.13
44908532.52
77188252.69
23083171.74
44540509.05
43779257.96
75738900.74
77797807.98
75203489.6
12425329.44
46425166.87
20717650.31
45370242.89
45268183.32
24041336.59
43863277.52
42964885.21
12393980.0
75738900.74
75047527.85
44611464.45
22233002.02
46005454.75
45101551.96
23592581.72
45509550.98
46117218.45
74800993.39
43585252.34
20271843.07
78359569.13
21544784.79
76370430.29
44148829.14
45193940.01
76255606.12
75167650.42
20440823.72
75398578.62
12502764.84
76023099.35
22226980.91
74951382.61
75495566.41
21983758.64
22783311.74
76512286.7
47246060.05
23550235.31
75309938.39
76370430.29
73966019.13
21340562.52
43968189.8
75205961.51
44261527.09
76903389.99
46101863.3
24229470.54
47329712.79
44895778.3
76280341.93
44583568.79
75167650.42
43864677.18
12449212.43
45556597.64
22263008.76
23815021.17
23495595.53
21644907.28
75211606.15
45533607.52
47078795.27
77139816.69
44974523.09
46517047.06
43438664.61
76255606.12
76875442.93
77904654.64
76931446.61
44609476.11
75309938.39
22962585.0
74703691.93
21315151.76
45354876.38
24436806.04
40729455.2
41049202.27
74287129.8
75659557.83
22520625.23
45335887.83
22225749.41
74951382.61
40794924.78
23519811.49
78002505.19
76165167.4
22043725.47
78359569.13
76512286.7
21008159.43
44398397.94
46451100.28
22228949.3
76931446.61
79414117.69
77044763.99
77902550.47
75717089.76
45520547.59
75656728.73
41989233.7
75111734.28
39821150.25
44487925.96
76014694.04
42102864.78
74800993.39
77188252.69
75691595.57
74058442.23
76615798.98
75495566.41
21480433.62
75283392.61
76788239.17
76276902.66
44072361.85
77078932.1
47966595.54
44998247.68
74575709.26
24144154.84
77797807.98
74320226.87
21779071.8
43950007.19
42729780.32
46826898.31
25812962.13
22107535.08
40513839.72
45453499.92
77139816.69
44842374.05
45579948.75
77375285.84
43218957.2
21352737.01
74345412.22
43915752.63
46162303.23
76512286.7
75788924.62
46801284.44
21286535.7
74800993.39
76918589.52
45399172.18
45420231.33
24146170.59
43785372.09
21381006.58
76168396.39
21659188.56
43700159.02
75111734.28
12391503.76
24436806.04
43978502.8
21352737.01
74345412.22
20967572.51
76345862.76
23263637.84
42264971.4
25812962.13
44354205.85
43169506.91
24124244.27
74644357.86
23984040.45
21860489.07
76592530.48
44671057.75
40840699.66
43916325.2
74957857.2
75691595.57
74071906.62
21659188.56
42024248.41
75995464.39
76512286.7
75650546.65
21683916.19
40756989.79
22075274.6
77902550.47
23394515.82
42152016.38
43630002.71
41651044.64
77375285.84
45147624.52
76931446.61
40591118.87
76023099.35
23608908.32
75309938.39
21975055.03
75047527.85
45113715.32
44596867.35
46211544.2
77599305.47
44811789.75
22747066.57
73970798.46
75097733.05
41378905.18
43039280.79
44574500.99
75203489.6
24124244.27
44672486.35
19997282.2
76512286.7
75211606.15
74817676.68
42013584.64
76276902.66
21587656.49
74957857.2
22541963.4
76276902.66
76592530.48
44691125.34
22898276.46
12407313.09
23636268.57
41078862.44
20091164.34
25128901.41
75046491.33
75522525.09
75463673.23
23394726.18
77599305.47
76370430.29
44841678.9
75305400.17
23998615.18
25808408.16
44266005.49
76370430.29
45099445.36
44038359.16
76788239.17
44875348.63
25531121.52
46479484.86
46037551.58
75309938.39
77078932.1
45303676.92
12407060.98
25588761.62
75495566.41
45061769.0
43004338.86
12488071.97
75650546.65
39888399.86
27049460.31
43785372.09
74320226.87
43646322.69
12411044.36
76139298.45
45520547.59
42815181.29
76788239.17
40686667.76
43505585.36
41039956.32
74320226.87
74320226.87
44855574.65
77129943.67
40706110.17
78359569.13
41864778.48
75495566.41
75463673.23
74058442.23
24999295.81
22656965.01
76512286.7
22235700.4
44222216.12
44895082.12
24388266.69
75047527.85
24396443.99
46033855.61
25396487.25
74951382.61
75495566.41
75738900.74
24956331.66
22107535.08
75211606.15
45991387.83
42015873.11
12454705.59
74703691.93
47822957.91
21286535.7
45522846.78
43646322.69
23566137.74
23123797.28
44298102.2
40578466.39
76168396.39
75625080.09
76139298.45
20893508.45
24237879.69
45452915.89
45421131.17
77904654.64
43874348.1
26462766.68
45943900.46
78359569.13
24438428.04
24622128.38
45069698.51
76139298.45
45095318.07
41616080.35
77188252.69
24409998.31
46557931.86
23621315.03
42735694.48
75203489.6
22215796.81
23189513.74
23538559.47
44602708.56
23539600.61
75211606.15
46502462.87
77044763.99
24016439.55
42832068.39
75658970.56
46447526.09
45354258.06
75097733.05
23015310.51
23094809.65
43660395.76
25608489.87
44021676.37
46395338.4
43898721.75
76168396.39
23168927.31
74957857.2
75944726.39
76276902.66
40218952.79
39636972.86
77599305.47
23750084.8
42651326.07
46504224.57
75650546.65
42179768.75
77139816.69
74058442.23
24841030.9
25412228.13
75625080.09
44756836.33
23394515.82
76370430.29
46055955.52
42854550.99
76918589.52
44124248.7
76165167.4
22075274.6
74071906.62
21875109.8
43580087.97
44864025.48
24914834.99
77623042.94
24551247.14
20157315.35
44421378.39
26058096.64
22621722.18
22948472.23
21987281.59
74460144.42
45213604.05
44602708.56
46821234.03
76345862.76
46128252.76
77797807.98
44016379.98
22367239.24
74883632.21
41166032.78
24849858.39
77797807.98
46416234.58
73966019.13
25400524.67
21955710.37
75283392.61
12426723.63
43024655.77
77129943.67
23978858.74
76512286.7
42753423.86
23862014.72
75717089.76
44580720.26
43090738.78
75658970.56
46365540.02
25182595.1
41899677.2
44629433.69
74345412.22
76280341.93
73895834.81
21960243.73
43365227.86
76014694.04
74071906.62
12426723.63
76014694.04
46705489.33
46479484.86
75717089.76
76050661.22
44589051.25
45060147.41
77081330.43
21501724.47
44918674.63
46814816.46
77139816.69
76655088.88
74817676.68
44006906.08
44943259.1
22099220.43
12448822.68
23083171.74
45107419.6
44487825.14
76918589.52
26148446.26
22459246.24
74071906.62
74466892.36
21004812.92
21727933.28
45070322.29
44976868.72
76168396.39
45153776.43
42291172.81
44274203.78
76875442.93
77078932.1
75283392.61
46091325.62
75400938.62
43884518.27
74883632.21
75788924.62
75305400.17
76165167.4
46048014.51
44628569.22
75691595.57
76168396.39
76165167.4
46050339.26
42188342.77
44210362.08
44487925.96
23496624.3
74817676.68
23486363.03
44710745.9
44017139.17
45102188.03
42680877.85
23410146.49
44210362.08
46188733.12
77618823.79
40906177.51
45250414.35
77618823.79
42615133.52
76512286.7
75305400.17
74287129.8
44877222.83
75995464.39
40929384.1
76875442.93
43676494.05
45533988.77
46189480.62
75691595.57
46495004.21
75463673.23
23803387.36
43638154.68
45533988.77
22892311.32
25310045.09
45941974.66
23041657.65
44503631.13
45168998.29
45335887.83
44071711.07
12449663.03
42815181.29
75046491.33
24778036.59
45838970.3
75788924.62
77773958.23
41327506.3
45446737.34
45444475.28
22073972.54
40298739.61
44369990.68
45045665.35
74058442.23
24098129.9
21352173.21
75305400.17
22431102.69
40554340.01
45887986.11
74345412.22
45336630.89
77081330.43
44024229.89
44598408.55
21474236.01
77044763.99
77902550.47
23176834.68
44038359.16
41078862.44
43004338.86
75658970.56
40554340.01
12378466.11
76655088.88
45392569.59
12440619.66
75393738.56
46292021.08
40410219.18
77078932.1
75581545.96
74575709.26
75581545.96
43715552.02
46479484.86
24915595.4
43843563.75
76255606.12
25918230.11
24541979.66
25366246.34
44219571.74
44558197.05
40633440.82
23699121.02
74071906.62
76050661.22
76050661.22
39740166.95
45200588.72
21974046.04
45522846.78
44895778.3
44556456.93
43816405.54
76165167.4
42964885.21
24759130.5
24908641.7
75650546.65
75884796.65
45501536.06
41989233.7
74441903.9
44503631.13
45399980.05
22062217.28
12430967.08
76345862.76
78359569.13
44727602.87
75738900.74
23291127.14
43452758.65
75625080.09
74441903.9
77659606.43
44877592.82
46059474.59
22093684.58
23563207.39
75393738.56
26148446.26
39728226.53
74727777.52
24409998.32
23686314.9
24778036.59
74441903.9
25566914.21
75717089.76
45903026.2
40537104.96
45386038.74
77313694.5
74951382.61
44432333.86
43663143.7
24562894.77
44888413.19
73895834.81
47877118.61
44085710.07
24137690.82
12384235.38
24143004.47
75884796.65
21226254.22
44538087.12
45420579.67
45605862.89
25648958.12
22863849.82
42534345.09
46842119.61
22093684.58
75046491.33
46365540.02
73895834.81
45108839.44
77618823.79
40300242.05
44006133.96
75738900.74
75659557.83
43913727.19
12408115.23
24143004.47
44487825.14
76512286.7
76014694.04
42986565.56
46129651.7
22459246.24
24993690.15
76050661.22
45146252.91
22273708.22
43919817.02
21500720.28
45469325.76
77044763.99
76918589.52
75522525.09
40965943.79
12426940.43
21694281.46
44426741.82
44426741.82
12448822.68
77618823.79
43024655.77
74800993.39
45444475.28
76050661.22
12419812.12
44426741.82
74817676.68
43647500.97
23495932.45
76280341.93
43689818.28
78002505.19
21518388.17
24523149.24
75305400.17
44662010.61
44839892.64
78002505.19
45092014.62
46175160.0
77618823.79
46354135.26
77659606.43
22702996.67
44628724.5
25458940.51
74727777.52
12434435.05
77904654.64
77659606.43
44403875.15
73895834.81
46854358.92
75463673.23
75111734.28
43770483.36
42759196.0
43888298.8
44258639.45
21481534.08
39888399.86
75211606.15
45469428.19
39830539.42
23998615.18
75305400.17
23268752.63
45249163.83
22396366.41
22327282.08
23005624.64
43612898.08
22339004.64
45839668.52
44854468.46
43925420.31
76255606.12
76165167.4
22747066.57
74071906.62
21927803.46
41858719.58
74800993.39
43808741.21
42246794.6
43638154.68
39803029.9
45785537.65
46212193.37
42238042.26
43489915.91
46104480.33
43564984.54
43919817.02
45385316.28
45354258.06
20710261.18
46292021.08
75205961.51
46262370.14
75047527.85
39694573.12
24143004.47
24238136.45
24903979.73
12388063.91
43594088.76
44023630.51
43694279.73
43173300.52
20355193.5
75788924.62
75305400.17
75097733.05
22613082.25
45271588.62
77078932.1
76370430.29
44641781.25
73895834.81
22214993.63
77599305.47
41065015.84
74703691.93
75463673.23
43860874.38
40043768.36
23676544.18
42754313.8
42983397.05
20711514.41
45182899.76
43785372.09
44548844.6
40842648.89
75944726.39
44270858.81
12391497.56
22570253.6
76966778.99
76615798.98
75309938.39
44868828.44
74071906.62
75488273.13
45466223.32
23661247.07
77902550.47
23971846.42
75400938.62
74287129.8
77044763.99
43638154.68
44681810.74
77659606.43
43794696.99
43873720.89
21940480.47
77797807.98
45413904.78
76289662.38
76255606.12
44017139.17
12380527.56
21786779.01
21978349.13
44996960.12
75398578.62
24908641.7
42983397.05
22244747.2
45491404.11
40720144.83
75355518.82
23618994.43
44541199.11
46085702.88
43941503.01
47021727.45
44687248.33
20875382.74
39821150.25
44265343.22
41999203.44
23004905.12
76289662.38
44586342.01
45404294.17
76512286.7
22434039.97
74800993.39
12406745.32
22800402.36
77618823.79
40187724.69
43646190.67
22485746.92
75309938.39
12400664.06
43716935.95
21638037.89
44214013.17
74460144.42
24039433.7
75097733.05
23778711.51
21928664.79
46175160.0
74644357.86
43699497.26
45061769.0
22539632.39
12376480.01
44768739.51
47140961.77
42615133.52
75995464.39
45042063.78
23394524.91
76512286.7
45420141.6
74644357.86
76592530.48
75488273.13
74320226.87
44483275.79
24138960.34
74575709.26
43899875.58
46378560.67
22132257.93
46826245.56
21728369.05
76345862.76
76615798.98
44124899.49
44022409.81
41422926.62
24908641.7
74817676.68
43472169.75
74058442.23
77081330.43
42357416.99
46089168.01
12423731.02
45017749.03
75355518.82
44543806.72
12412815.45
25078646.62
77375285.84
21215115.38
74957857.2
76276902.66
24166742.39
76931446.61
21906401.57
75995464.39
76023099.35
40903452.29
22206531.96
46088488.06
75203489.6
77129943.67
75355518.82
77081330.43
76023099.35
22119246.79
76276902.66
22900396.15
42357416.99
43489405.17
75488273.13
43695942.63
21971978.91
75211606.15
75283392.61
46447526.09
40903452.29
20250670.16
75691595.57
44071834.36
77659606.43
22086844.97
76788239.17
76918589.52
77081330.43
21008159.43
43120878.58
43744201.41
22412890.79
75625080.09
77188252.69
77313694.5
44354205.85
44833305.42
21297299.7
24348117.95
23729864.5
23999570.73
22835445.05
75691595.57
75398578.62
75738900.74
77618823.79
25400407.46
42756853.5
43513116.71
21878020.5
79414117.69
27049460.31
77618823.79
45064260.96
44281319.64
46095997.15
26085021.38
21788334.23
73936028.74
12429448.85
12453882.32
75900116.04
75784646.3
46799821.25
21377881.6
22053456.32
21061600.71
75205961.51
25366246.34
23496624.3
44552326.38
21738645.3
75393738.56
43779820.07
20116687.27
25088118.46
44163109.11
77773958.23
46380019.18
46431679.66
75784646.3
24293831.4
42108863.14
24317010.69
39728226.53
44811123.99
43385389.8
43771213.08
41065015.84
41502464.33
21492228.27
22541963.4
77081330.43
23967564.12
23795429.05
22835445.05
77129943.67
75788924.62
43720478.21
44944303.74
75463673.23
73895834.81
22082133.38
75659557.83
21340562.52
12457658.83
24344295.6
78002505.19
42561317.63
45368075.14
45095318.07
42424117.19
42419831.5
24220689.86
44022409.81
46774459.11
12411311.43
44222216.12
23453292.17
23676544.18
75650546.65
20694670.89
24849858.39
74800993.39
44560542.12
75046491.33
79414117.69
42238042.26
25472848.61
43255703.55
75495566.41
74951382.61
45516646.87
44629433.69
74575709.26
22527856.73
22875306.97
77618823.79
24586213.63
75393738.56
42199834.93
43424624.8
42923169.43
24172929.73
22300048.76
75488273.13
47245360.19
74287129.8
42782346.66
44318012.73
44710178.0
43452758.65
44436546.82
44329968.25
45131591.84
44819505.9
43760309.37
46510327.61
22076438.29
74575709.26
43595983.22
43760309.37
42471660.13
46101217.74
12467613.87
40634451.54
76931446.61
76014694.04
24857345.06
21486598.65
74254372.27
75205961.51
39568424.88
77773958.23
24644591.05
24436806.04
77044763.99
44819379.06
12400664.06
21382135.22
76165167.4
44573103.66
23984040.45
46284960.64
44215917.1
25707713.0
74727777.52
22886075.4
77773958.23
43823810.86
43646916.33
40952464.07
22541963.4
22215920.59
45451607.96
22076516.15
77129943.67
74058442.23
75111734.28
75658970.56
75219486.43
74466892.36
24302694.56
74058442.23
24388266.69
25612375.51
73895834.81
22117095.49
43830226.81
74320226.87
76788239.17
23084277.08
75650546.65
46479484.86
22431102.69
75738900.74
43647669.41
12395274.64
41304566.17
74703691.93
75305400.17
44504394.21
12388063.91
77902550.47
73966019.13
42640653.1
44332450.56
74644357.86
75046491.33
44895082.12
73966019.13
22821778.0
44741645.59
22434039.97
24698826.13
45638085.79
42069073.17
24867953.77
45774454.25
44354739.6
43888298.8
25412228.13
41266033.69
76655088.88
77904654.64
12470576.77
75944726.39
76165167.4
20893508.45
43093960.95
74727777.52
21659188.56
44072567.8
12369724.23
75393738.56
46188733.12
77081330.43
21978349.13
44214013.17
74320226.87
45183553.99
46241818.13
43303824.23
20572510.87
78359569.13
12386417.92
40329898.21
74460144.42
77188252.69
75625080.09
45277120.37
24950853.12
22496762.45
45605306.1
76370430.29
45354213.6
24146170.59
46095319.43
12455222.47
44740875.42
47822247.52
42646071.05
44252884.16
75203489.6
77904654.64
75658970.56
22226479.77
41580363.23
74058442.23
76370430.29
76592530.48
42357551.55
76255606.12
78002505.19
45368075.14
23877130.32
44547025.77
76512286.7
75111734.28
25053047.8
44712190.41
45481754.75
75205961.51
42679728.55
41086395.14
74345412.22
76168396.39
26179102.43
24438428.04
44528534.17
46020359.28
46127530.5
44928446.56
22863168.68
22042489.49
45086274.99
23176834.68
46058829.34
20841362.48
73936028.74
77313694.5
75581545.96
44433635.98
45638085.79
44602125.53
44918674.63
76165167.4
76165167.4
44911014.81
76655088.88
22678429.01
25176240.75
21382135.22
74957857.2
22424659.9
19997282.2
75463673.23
43932765.78
77618823.79
24237879.69
23268752.63
45224399.93
43627801.42
21966634.18
45303676.92
22873502.68
39424459.15
44459624.64
76345862.76
22874593.33
45015821.91
74951382.61
43562610.71
23452260.31
75355518.82
23263637.84
75995464.39
75691595.57
26093435.12
75393738.56
77797807.98
75650546.65
76255606.12
25678238.36
75884796.65
45385316.28
74441903.9
75944726.39
43863277.52
74058442.23
75111734.28
42369411.74
74703691.93
42302838.02
75522525.09
46581524.34
45467413.38
76023099.35
45451607.96
77081330.43
22874593.33
23405235.62
76788239.17
74605663.64
42264971.4
12453882.32
75659557.83
24699806.64
39834221.39
24956331.66
24349068.09
73895834.81
75522525.09
22233987.38
75625080.09
24418438.66
44895082.12
42838735.96
75691595.57
77139816.69
44365929.53
41012962.27
74957857.2
22750321.91
42015873.11
44448898.28
75581545.96
23345004.0
22536381.99
75283392.61
41763023.9
43662711.29
43436547.11
75211606.15
45889950.46
77902550.47
43173300.52
22117095.49
21588649.98
43700159.02
40528211.27
77623042.94
46095255.48
75488273.13
43700159.02
74727777.52
24886771.55
42915711.02
45352976.5
76255606.12
45387397.14
76655088.88
75398578.62
23008553.27
75495436.6
23187842.66
75944726.39
26558065.06
45302039.24
25078646.62
74058442.23
75788924.62
12408553.83
45288611.05
74460144.42
74883632.21
76050661.22
45074209.76
41253470.88
46195344.92
41342014.97
77902550.47
25850750.75
21338973.95
77078932.1
44662010.61
23684858.6
44021676.37
75581545.96
24910042.94
22484978.32
21633251.56
77188252.69
25531121.52
26148446.26
76280341.93
22063227.37
22145816.2
75203489.6
76918589.52
44271982.96
42179768.75
74800993.39
23573800.45
75659557.83
76592530.48
76050661.22
76276902.66
45083937.71
76023099.35
47062739.75
46380019.18
45398472.38
21530166.95
75463673.23
76139298.45
43663143.7
24438746.85
75495436.6
43481357.58
44078742.34
44343891.26
44146658.76
24767992.35
76788239.17
41754394.87
42025164.19
42357551.55
41484090.28
45069698.51
44489262.95
74071906.62
77375285.84
44052781.57
43837973.45
41767824.88
75400938.62
20091164.34
45095496.39
42290931.27
46154155.77
74727777.52
24523149.24
75393738.56
46850267.37
22356590.22
44448674.4
75097733.05
40181863.48
43950721.78
74287129.8
12430967.08
21359435.66
76615798.98
75717089.76
76050661.22
45674809.92
75219486.43
24269106.08
75355518.82
77129943.67
75393738.56
45086274.99
75522525.09
75463673.23
12456275.59
25654659.14
46190569.41
43861446.95
74345412.22
75047527.85
75205961.51
44284442.21
75203489.6
43954685.52
41913052.84
74254372.27
43811804.37
76276902.66
22901463.16
43585252.34
23424642.86
44448629.77
44281319.64
77902550.47
24461114.83
47824280.13
44698052.48
76918589.52
22263950.14
43694279.73
12449212.43
46657329.73
12408115.23
45186176.99
40842648.89
74071906.62
40686968.82
75995464.39
78002505.19
45354801.37
46773719.2
24442618.82
43255703.55
75355518.82
22042489.49
44207786.58
74058442.23
44140984.72
23504700.72
45153262.25
40882180.09
44386904.2
76592530.48
73936028.74
22094911.19
24490128.15
43953913.39
44140166.85
23453292.17
74800993.39
12363815.71
45108839.44
78359569.13
22604032.58
74727777.52
22105051.51
74058442.23
12401523.54
12433610.67
75900116.04
44996960.12
24490128.15
44775920.86
73966019.13
75522525.09
44145976.32
75788924.62
42189669.43
75995464.39
22702996.67
45991387.83
21955710.37
22367239.24
44763424.7
76255606.12
20519487.52
77044763.99
42374379.01
77797807.98
75884796.65
21251095.07
22807082.37
47246060.05
75995464.39
74703691.93
42838735.96
77618823.79
39527349.95
21512476.71
77078932.1
41327506.3
76788239.17
44819379.06
73895834.81
75393738.56
40840699.66
47140961.77
78002505.19
40907427.58
39942294.47
43816405.54
45030552.7
76512286.7
75522525.09
76966778.99
12457381.6
75046491.33
73966019.13
44487925.96
74800993.39
39992072.51
46774383.12
45250414.35
74800993.39
76918589.52
25715160.3
42419831.5
43860874.38
20818851.47
43707573.24
74957857.2
23478739.61
39927385.4
44450699.72
44630057.59
44489262.95
44943259.1
44489083.06
43489405.17
45454232.91
76276902.66
23807414.49
12384235.38
75581545.96
42898238.41
73966019.13
44405402.66
74644357.86
45386038.74
44986257.63
76788239.17
46042826.32
47193429.89
21377881.6
42025164.19
12419812.12
76345862.76
23486363.03
44538718.67
75658970.56
76903389.99
44602125.53
75522525.09
74800993.39
76370430.29
42937123.78
47875067.94
77044763.99
46046915.43
73970798.46
42729780.32
23015310.51
75659557.83
77313694.5
23263637.84
75738900.74
21638037.89
20440823.72
44766811.49
23406085.32
22134213.81
43594841.83
75495436.6
75283392.61
44501198.32
75900116.04
75047527.85
24586213.63
43781557.74
41343023.28
46160839.72
46821753.14
21868669.73
75398578.62
22901463.16
22660999.2
46476141.93
75788924.62
76370430.29
44096341.06
76512286.7
75495566.41
75738900.74
78002505.19
46655920.19
25588761.62
22841344.57
44323479.6
75625080.09
22214993.63
42108863.14
74441903.9
22744062.05
76255606.12
75884796.65
44574500.99
75788924.62
22131423.7
41470536.88
74071906.62
74951382.61
77797807.98
75393738.56
76370430.29
20449650.7
77797807.98
22582126.41
46220135.47
41378905.18
44580720.26
75111734.28
74287129.8
42735694.48
75944726.39
39694573.12
41994828.6
77659606.43
46226948.23
24010341.11
74441903.9
76875442.93
20710261.18
40743646.04
44316736.54
44212153.47
24085421.15
45708388.52
42374379.01
75047527.85
75884796.65
21955710.37
25654659.14
41368173.71
76615798.98
74883632.21
12413987.1
74345412.22
46425057.17
45183553.99
77904654.64
40528211.27
76788239.17
43864677.18
46333160.66
40591118.87
75305400.17
75495436.6
73895834.81
46416234.58
21943972.68
44483712.64
39527349.95
43926158.39
46364133.21
41304566.17
47329712.79
42476779.55
77797807.98
75784646.3
42854550.99
20889157.26
41102010.34
44270858.81
44016379.98
21860489.07
46041599.88
12427690.24
41864778.48
21646273.28
21738645.3
46257667.54
23268752.63
76139298.45
12420831.76
44503830.92
45365275.13
21077169.35
44087564.64
24220328.42
22384883.71
43489915.91
45943900.46
45101636.91
75658970.56
44589051.25
76168396.39
43970374.03
46438314.55
42964885.21
40756989.79
25040008.4
23400563.38
44448674.4
41086395.14
76165167.4
43075191.69
75211606.15
43662224.67
43446762.51
21634424.7
22621722.18
77902550.47
23463971.17
74460144.42
74575709.26
21945019.67
23706551.16
44616843.61
76050661.22
75219486.43
74957857.2
77081330.43
73970798.46
74800993.39
76875442.93
22265372.13
46814816.46
73895834.81
76014694.04
75398578.62
40122235.07
75203489.6
46077446.94
75203489.6
45255490.0
74441903.9
22869367.52
23869245.24
25042424.67
75097733.05
21481411.63
76931446.61
43090738.78
74605663.64
45107166.07
76615798.98
45501063.67
22863849.82
76345862.76
12416906.06
47241134.72
19675051.68
76139298.45
23661730.87
47062739.75
22041614.31
41871522.72
46211544.2
23538559.47
21960243.73
25310820.28
76918589.52
75211606.15
42923169.43
46083574.51
44203535.0
43338535.75
46333160.66
77902550.47
44865034.3
23391413.51
74287129.8
74058442.23
75488273.13
44375858.16
76023099.35
79414117.69
44725044.93
24431965.03
45513638.43
44543806.72
46013528.65
77081330.43
45287827.03
22263008.76
22656965.01
39424459.15
75995464.39
22909156.45
46005454.75
46188733.12
75111734.28
75995464.39
74466892.36
26558065.06
12378466.11
44779474.45
44370570.65
44712190.41
40300242.05
45438480.0
12440619.66
74320226.87
75995464.39
12406576.58
24490128.15
24657928.4
22464842.41
21380955.41
45336911.56
78002505.19
44354739.6
25946554.2
76592530.48
12413702.29
75398578.62
76168396.39
76615798.98
21966350.49
42342642.98
76370430.29
24247353.58
44022409.81
43727414.92
44671057.75
22790092.55
44731372.35
45039729.38
12455222.47
77188252.69
44433635.98
25725970.54
44618321.53
75658970.56
21251095.07
45352774.46
77139816.69
39728226.53
46363395.99
44597491.86
44354739.6
44904404.94
43915453.69
42374379.01
25803992.55
43438664.61
40578466.39
22105288.96
24269106.08
21983758.64
45399980.05
45393679.65
23817445.9
46443225.05
23674568.07
76289662.38
44985031.12
76918589.52
22867855.56
25725970.54
21768758.49
44681810.74
75625080.09
44219571.74
22653260.22
12433610.67
22435271.92
43992038.85
42943351.97
74800993.39
44021880.15
78359569.13
44766580.22
76280341.93
45997525.51
42534345.09
76592530.48
21614740.55
44672486.35
43627801.42
74287129.8
44725757.25
22131423.7
45692226.85
75625080.09
21434066.79
21943972.68
45223527.34
39409587.06
43438394.94
42680877.85
45080269.54
76139298.45
43701910.26
76788239.17
45022648.14
77375285.84
76655088.88
23976850.79
24541979.66
22445598.86
23519854.65
77375285.84
46870389.77
44704049.47
22632032.18
23003710.91
46305282.49
74957857.2
45314928.85
43700817.31
43594841.83
76875442.93
43700817.31
77078932.1
46655352.37
12446196.46
77659606.43
44270858.81
26005928.52
44841678.9
39725080.47
40633440.82
21030829.33
22225749.41
45508983.88
75788924.62
75788924.62
19965565.68
12363534.1
76875442.93
46655352.37
22744062.05
45099959.54
23083171.74
25521476.97
44765257.31
46154155.77
77129943.67
43843563.75
75691595.57
77902550.47
77623042.94
75205961.51
12374459.88
22821778.0
44698205.58
44772976.58
44767293.6
73966019.13
23406085.32
45903026.2
74575709.26
74883632.21
22303670.02
76289662.38
75995464.39
43824072.05
75784646.3
12389750.49
41039956.32
44596867.35
40481918.95
44559930.45
45085031.01
75784646.3
77129943.67
76276902.66
74058442.23
23686314.9
12428382.38
24586961.62
75656728.73
21373024.71
20717650.31
45099445.36
43781557.74
45031003.87
76165167.4
23003710.91
74575709.26
12429448.85
25665984.32
75659557.83
75900116.04
44690000.93
75659557.83
45314928.85
22602441.62
21812613.94
79414117.69
77599305.47
19953686.58
44908532.52
45107419.6
23878399.46
44704049.47
74320226.87
74287129.8
21392596.84
43883897.89
42270929.3
77659606.43
77313694.5
43263639.53
25725970.54
74345412.22
44705892.92
24112046.52
26179102.43
76345862.76
44475899.55
74466892.36
77659606.43
76139298.45
41258655.7
44628569.22
44343891.26
75463673.23
45523434.38
44920132.96
42357416.99
44433635.98
45216617.67
44202412.61
24644591.05
21354342.79
75283392.61
75046491.33
44073498.83
76050661.22
74644357.86
75400938.62
76370430.29
43876838.66
12428382.38
21486598.65
44061194.32
40076406.52
45282185.66
22086844.97
21518388.17
76615798.98
42055303.21
44890690.05
21226254.22
75625080.09
24438428.04
76592530.48
76014694.04
76276902.66
23187842.66
43823810.86
23390163.05
74800993.39
21071549.66
43794696.99
45031003.87
73966019.13
24027083.82
44096341.06
45889950.46
22233002.02
25366246.34
44767326.96
73970798.46
75738900.74
22835445.05
43872432.08
45161241.79
77188252.69
43861446.95
43715151.79
44756076.65
46338182.83
44594101.41
46416971.8
76931446.61
75283392.61
78002505.19
46160190.55
44224493.69
24436806.04
42837088.28
74727777.52
24359870.62
44673424.52
78359569.13
76903389.99
20557255.46
22539632.39
75047527.85
75305400.17
46432152.92
24767992.35
40043768.36
45222958.1
45398150.1
75219486.43
44489083.06
45436833.65
25808408.16
75625080.09
22580863.58
76966778.99
44459624.64
75205961.51
44197154.78
21836952.62
44708492.22
43181941.68
22733181.46
75111734.28
46380634.66
40218457.54
76788239.17
45268183.32
21519374.97
74287129.8
74883632.21
41913052.84
19863790.82
22097763.21
75488273.13
43926158.39
40076406.52
45249325.3
76168396.39
46037551.58
39625931.56
40247005.42
24907263.41
78002505.19
25040008.4
21798485.33
45522846.78
23385574.62
45408386.58
75047527.85
45651422.21
44725044.93
74254372.27
74254372.27
44087564.64
47245360.19
41176628.6
74441903.9
43389844.21
46088488.06
22117095.49
77618823.79
12375552.51
75167650.42
74957857.2
45256053.22
75393738.56
44976125.55
23518495.87
75788924.62
75738900.74
77773958.23
46380652.46
45509693.06
23100962.31
77659606.43
43446762.51
75046491.33
12464873.15
75400938.62
46176795.53
44596867.35
44641781.25
76280341.93
77623042.94
43955704.37
44540509.05
73966019.13
40906177.51
75656728.73
22947404.27
74441903.9
75203489.6
40218952.79
12412450.14
75047527.85
45335065.24
44203535.0
76370430.29
44943934.88
41871522.72
42059703.19
74058442.23
76918589.52
74575709.26
43024655.77
77139816.69
44713336.22
45444475.28
74727777.52
46035737.04
75219486.43
44650135.18
45042957.89
43715481.18
45436722.44
46431146.6
23134616.45
74727777.52
21738645.3
43505585.36
74703691.93
23495932.45
45077911.2
24010341.11
20067840.15
43770483.36
46711647.22
46195344.92
76168396.39
40187175.25
12502764.84
76592530.48
42278320.59
74817676.68
47877829.01
76615798.98
23323523.21
44907984.09
44710745.9
45336630.89
46175663.12
22527856.73
77618823.79
23815021.17
21694281.46
73895834.81
76615798.98
75167650.42
77773958.23
45131591.84
75717089.76
39850841.65
22246154.42
44207119.45
44819505.9
46242964.15
76023099.35
45336911.56
77659606.43
74460144.42
45639345.29
76139298.45
75167650.42
40506273.69
45452915.89
39871930.81
46117218.45
40686968.82
75788924.62
77599305.47
45387397.14
75581545.96
23695883.5
46801284.44
21779071.8
44725686.75
45042063.78
75522525.09
45102188.03
75463673.23
75522525.09
40126199.44
44742285.74
75463673.23
73970798.46
75097733.05
46380634.66
73936028.74
74575709.26
44671774.03
23794282.63
43689818.28
76788239.17
44875885.48
44756076.65
76050661.22
45354876.38
77623042.94
75205961.51
45234530.99
23197949.54
76345862.76
47966595.54
44405402.66
12413702.29
22996778.79
24784916.65
75495436.6
76918589.52
44197154.78
43181941.68
12439946.11
75047527.85
75398578.62
45501063.67
74703691.93
43963356.66
76875442.93
22519758.34
75393738.56
76966778.99
46842310.5
75211606.15
22234532.49
44329968.25
76918589.52
44796415.97
25531121.52
41754394.87
43968189.8
22277033.98
45042957.89
75047527.85
77081330.43
43709188.07
21064432.7
76280341.93
19816931.74
23971643.16
43877271.73
25128901.41
77129943.67
20440861.38
43898007.16
12374459.88
46006100.0
44959144.21
76966778.99
75900116.04
22285874.2
75219486.43
46657329.73
44376498.14
75944726.39
75393738.56
22869367.52
78359569.13
46774383.12
44354739.6
24532278.25
44483275.79
47245360.19
43877271.73
47021727.45
74951382.61
45413918.78
46041599.88
43916055.4
74605663.64
47966595.54
76966778.99
22547261.21
43790103.95
45422098.01
75522525.09
46870389.77
45282905.26
75205961.51
43808741.21
41012962.27
12412815.45
73936028.74
75309938.39
23180626.04
75219486.43
43562610.71
25400524.67
75995464.39
45839668.52
46074779.58
44985031.12
43794696.99
76139298.45
76168396.39
76168396.39
44888413.19
44698052.48
76345862.76
75522525.09
45469428.19
12423731.02
44843852.5
39565653.98
22736541.25
76255606.12
22108530.5
22620464.59
43662539.21
76903389.99
45408386.58
22841344.57
77078932.1
76165167.4
20711514.41
46179404.3
75788924.62
45268183.32
76615798.98
44162066.96
20572510.87
21974046.04
45674809.92
46395338.4
74345412.22
45060147.41
75219486.43
43728289.08
20271843.07
22405652.49
43489405.17
23495595.53
12425484.46
42139591.61
46089168.01
23940715.71
77659606.43
22951045.94
46850267.37
76966778.99
76050661.22
75884796.65
75788924.62
39671244.39
45356072.39
22519758.34
77375285.84
20557255.46
45168220.74
44096341.06
23100962.31
43176335.87
46426474.51
73966019.13
24027083.82
22233987.38
20730166.92
24154624.79
20449650.7
75995464.39
40552398.03
24166742.39
41651044.64
74703691.93
22847106.81
74460144.42
76345862.76
20770501.53
76918589.52
44402516.98
44448898.28
12420831.76
46006100.0
22873502.68
75097733.05
12370340.47
75097733.05
46035184.45
46262370.14
47837615.97
43898721.75
76875442.93
23584540.43
22214993.63
44620133.82
45364970.19
44061194.32
45069052.57
42646071.05
41102010.34
45233442.44
45935107.84
40043768.36
75581545.96
44431557.6
20572510.87
73966019.13
76592530.48
24586961.62
22886075.4
40218457.54
75203489.6
12386417.92
75097733.05
75717089.76
45400590.12
12452287.16
42231833.57
75305400.17
45637543.51
41422926.62
44453175.09
23828015.57
74605663.64
20557255.46
77129943.67
24146170.59
24317010.69
42552725.6
74460144.42
40301040.71
76918589.52
23853013.31
76023099.35
44367309.24
76345862.76
23573800.45
77623042.94
22602441.62
44003918.68
12375552.51
12372862.28
21867524.56
45510859.83
76168396.39
40481918.95
21348553.78
74575709.26
21512476.71
41214444.72
44477679.16
75205961.51
75581545.96
75900116.04
22582126.41
45430742.25
46162303.23
43781557.74
76276902.66
44818632.32
46641010.34
75659557.83
43354470.61
75659557.83
40634451.54
45784342.32
47063306.45
25678238.36
39316727.96
44889489.85
12431697.15
44316978.23
40294294.21
20440861.38
46211544.2
43701910.26
73936028.74
24171917.96
25531121.52
39725080.47
79414117.69
44252884.16
75625080.09
74883632.21
44530454.94
45027961.42
44434617.28
75305400.17
45037885.19
77081330.43
40965943.79
44023630.51
77313694.5
43700817.31
44215917.1
25608489.87
74951382.61
46195344.92
46129651.7
22553721.0
75400938.62
24084414.44
45201151.94
12422157.27
76875442.93
21251095.07
21273363.93
45413904.78
42369411.74
23869817.32
41086395.14
74441903.9
23794282.63
76289662.38
46503166.77
74703691.93
44559930.45
75393738.56
76255606.12
22666720.82
44366816.31
74071906.62
21944977.42
45091414.43
45466223.32
45406766.4
24523615.27
24229470.54
77599305.47
22821778.0
45440299.05
41007999.54
22997761.6
43742544.48
76875442.93
45102188.03
22157789.56
75219486.43
44713336.22
41377879.91
23393592.53
12411462.62
46203878.44
43709188.07
77139816.69
20730166.92
75738900.74
43679444.0
74320226.87
77313694.5
44270204.69
75047527.85
78002505.19
22413919.81
76023099.35
75495436.6
73970798.46
44912629.72
20425466.49
76931446.61
12430967.08
40410219.18
46476141.93
45250414.35
46036494.21
75884796.65
44783371.85
45029884.53
75944726.39
23550235.31
44515938.39
44991179.11
21392596.84
77129943.67
23391413.51
45336911.56
21588649.98
12395274.64
22285874.2
45398883.08
41266033.69
75309938.39
76139298.45
75047527.85
46705489.33
44766654.44
45186176.99
44763424.7
43931413.41
77797807.98
40181904.86
76255606.12
44163109.11
25306378.04
26462766.68
75309938.39
41102010.34
74345412.22
43303627.92
75283392.61
45468137.5
43058209.95
75884796.65
24578791.43
45888702.82
75309938.39
26003419.52
76512286.7
42958317.86
77623042.94
77773958.23
75995464.39
12456275.59
21340417.56
75283392.61
77078932.1
24993690.15
45146252.91
44713336.22
74345412.22
74605663.64
22094911.19
47007481.59
21788334.23
44756076.65
19760706.93
75203489.6
24841030.9
75625080.09
22863168.68
21927803.46
75205961.51
22063227.37
75211606.15
12422157.27
75659557.83
74727777.52
46842310.5
78002505.19
23950281.73
44504394.21
44658786.95
46046269.87
74254372.27
46711079.39
21215115.38
12449107.86
46305282.49
24171917.96
21269009.96
22744062.05
24767992.35
75205961.51
45216617.67
74951382.61
21475234.51
25546658.76
76050661.22
44616272.21
45510859.83
24229773.97
46435111.06
21481534.08
76931446.61
44547608.81
44715332.55
42983397.05
74466892.36
73970798.46
77129943.67
44611464.45
75167650.42
76139298.45
21565144.2
23630517.42
40135863.87
75656728.73
75203489.6
23805874.15
74703691.93
45638085.79
43505585.36
23290784.25
75995464.39
78002505.19
23390163.05
45935107.84
75625080.09
21286535.7
75046491.33
41147366.24
75211606.15
45481754.75
25725970.54
74605663.64
74703691.93
22289215.72
42520431.57
45022648.14
42419831.5
21485072.56
77623042.94
22898276.46
44977845.54
40744079.37
23014555.26
76345862.76
75691595.57
42753423.86
77188252.69
74883632.21
44669691.22
24137619.54
43908039.86
74951382.61
12393980.0
12450551.3
22093699.09
25850750.75
44211024.36
23999570.73
76931446.61
74320226.87
75111734.28
76370430.29
44115529.08
44938385.59
45605862.89
41484090.28
78002505.19
20770501.53
21683916.19
74466892.36
41265709.71
12391497.56
74957857.2
23656236.72
46425166.87
77773958.23
44919727.11
44403875.15
44450699.72
22519758.34
43864677.18
42539951.2
26275678.3
75784646.3
44406038.39
76918589.52
44163109.11
77797807.98
46111273.55
75784646.3
76255606.12
46211544.2
22996778.79
76903389.99
43521499.48
22660999.2
46432409.55
76139298.45
43481357.58
77139816.69
26003419.52
45351294.13
22053456.32
75495566.41
45943264.47
21591904.03
44673424.52
41580363.23
24118590.58
74575709.26
76289662.38
42903439.35
74703691.93
44323479.6
40328740.38
24785682.53
21492228.27
43790103.95
45182899.76
75495566.41
43875846.58
44386904.2
25472848.61
22947404.27
23003710.91
45302039.24
24137619.54
43695942.63
76370430.29
23950281.73
21297299.7
42345355.17
46175663.12
45508983.88
76023099.35
22396366.41
46189480.62
44974523.09
46051344.89
43899875.58
43447813.07
75784646.3
77659606.43
22765272.13
77599305.47
73895834.81
45182899.76
76345862.76
44691399.39
74800993.39
45658763.66
20425466.49
23958209.36
21148814.97
76023099.35
40642457.64
23948768.08
44855574.65
77618823.79
75305400.17
43858607.55
44649510.67
22485164.18
75944726.39
22853139.38
43899729.32
75305400.17
44010330.14
40300242.05
42646071.05
45083937.71
75691595.57
44685716.47
43863277.52
23976850.79
76788239.17
75581545.96
45306475.43
77313694.5
47893213.83
42651326.07
22807082.37
21203633.88
23853013.31
43874348.1
44981615.81
21269009.96
76788239.17
23395688.88
25009115.01
75691595.57
21269009.96
21836952.62
22997761.6
45354801.37
44618279.61
43093960.95
25715160.3
46005454.75
42937123.78
44150825.83
47007481.59
76139298.45
44650135.18
76280341.93
44986257.63
76165167.4
43610438.85
22206531.96
45408386.58
74345412.22
42059703.19
46773719.2
44863282.42
76280341.93
74071906.62
75656728.73
42646071.05
76050661.22
23380904.46
22528874.82
44198156.09
77904654.64
12457658.83
44981615.81
77623042.94
40729455.2
76255606.12
77139816.69
40816880.56
44488518.82
75495436.6
20889157.26
75522525.09
76903389.99
40554340.01
46095255.48
44320726.11
44686672.32
77129943.67
23948768.08
45352774.46
75309938.39
40578466.39
43024655.77
25812962.13
75900116.04
24010341.11
76255606.12
39527349.95
24494223.49
44403875.15
74058442.23
41778509.31
23683157.58
74605663.64
43043616.58
43610438.85
75400938.62
75522525.09
44662010.61
43342895.82
43530205.12
76875442.93
43916055.4
45520547.59
23524906.81
44353222.72
75463673.23
24698826.13
21194587.51
77904654.64
75522525.09
41147366.24
78002505.19
44448898.28
12439946.11
75691595.57
75488273.13
44006906.08
22432254.77
43699497.26
44365929.53
44271982.96
12426723.63
22300958.43
23676544.18
75884796.65
43996979.75
46380634.66
75656728.73
75167650.42
41342014.97
23804578.68
76592530.48
45439576.58
22244747.2
45835697.4
40578466.39
22496762.45
40706110.17
75625080.09
46074779.58
22519758.34
40744079.37
22733181.46
76931446.61
22591542.39
24914834.99
45130702.1
46077446.94
21868669.73
46378560.67
74320226.87
76875442.93
74951382.61
77904654.64
75944726.39
41778509.31
40354204.9
77313694.5
44811789.75
42759196.0
42231833.57
46379290.56
22733181.46
41422926.62
42199834.93
23620577.0
44918984.04
21977003.6
77659606.43
12386417.92
75944726.39
45413918.78
75398578.62
45564440.24
12380527.56
44321366.09
44204129.21
41778509.31
24886771.55
44431557.6
75784646.3
77623042.94
44609476.11
21064432.7
25008767.04
22384883.71
74605663.64
76592530.48
45069052.57
45420579.67
77188252.69
25040008.4
79414117.69
45080269.54
75691595.57
74320226.87
43451009.38
44690000.93
43092111.6
46496656.47
74460144.42
44996960.12
21973010.07
44682305.17
22485746.92
77313694.5
76370430.29
40395369.37
75167650.42
44486304.3
45249325.3
41902017.45
74345412.22
22591542.39
24146170.59
77375285.84
43727414.92
46451100.28
45991387.83
45401285.83
45493690.96
44260859.96
45366734.65
45784342.32
23385574.62
21871091.45
12401747.84
22263008.76
42151263.55
43039280.79
44336395.81
44486304.3
24622128.38
44746055.01
46826245.56
42246794.6
21348553.78
42424117.19
45352976.5
40829874.0
40739430.35
75717089.76
22075274.6
45421131.17
24229470.54
75398578.62
22228949.3
44421378.39
41155843.97
43862497.0
77139816.69
73895834.81
45692769.12
45224399.93
45045665.35
22620464.59
22579836.74
77623042.94
39850841.65
76023099.35
75658970.56
44197154.78
77902550.47
21500720.28
21787883.84
77078932.1
25803992.55
77618823.79
42222808.78
40403357.49
46799158.83
75995464.39
75495566.41
44023630.51
45234530.99
44339461.35
74951382.61
79414117.69
73895834.81
43931816.68
22762227.12
76023099.35
75659557.83
40642457.64
75305400.17
25310045.09
75111734.28
74817676.68
75219486.43
22994123.11
77902550.47
74727777.52
75205961.51
46090568.46
74071906.62
20599784.29
75097733.05
23406085.32
12488071.97
75691595.57
43075191.69
75788924.62
74817676.68
75581545.96
22875306.97
46173330.51
24849858.39
45064260.96
46495004.21
12406384.52
45222958.1
45303296.04
45637543.51
45607369.0
78002505.19
46379933.22
21480433.62
46566876.54
77902550.47
75305400.17
23620577.0
75650546.65
43873170.16
75656728.73
46226948.23
41012962.27
44569859.69
75211606.15
73970798.46
44551528.18
45039729.38
44928254.63
74883632.21
21875109.8
74287129.8
73936028.74
74727777.52
76276902.66
22852124.7
74800993.39
41065015.84
46855021.34
26462766.68
43808741.21
73895834.81
23345004.0
76050661.22
23815021.17
21504051.05
25078646.62
75495436.6
75738900.74
76168396.39
75625080.09
45400590.12
44980975.72
76165167.4
45147624.52
45943264.47
23750084.8
44595971.07
44146658.76
22214817.74
45153262.25
42484071.96
23547805.47
44611464.45
