77893042.94
44594133.72
76862530.48
39920030.21
46569889.99
40428889.13
44154518.27
41903075.81
22330182.94
40262815.34
22458239.05
45010660.17
25113782.1
41069786.91
22737691.49
24350473.31
23478979.34
44186325.2
76925088.88
26677826.09
23448103.27
75792525.09
44900665.57
75929557.83
22926469.8
41743191.46
44094072.05
25278095.35
44022834.92
26588688.21
45160402.79
44158298.8
45036811.49
25019217.45
41859603.78
74236019.13
45138828.44
43970159.02
27451265.26
39473247.54
75765436.6
78174654.64
45178532.52
77869305.47
40809843.56
40809843.56
21364151.07
45455748.32
42378395.84
43915991.49
23686292.91
22821794.52
23426220.0
13053556.12
78067807.98
46069051.1
74206028.74
77058239.17
22060519.26
22197491.28
40927193.56
46316915.43
26522496.6
42624510.47
25777526.84
25762558.79
41010068.14
46540469.21
78067807.98
74341906.62
45350269.54
45834440.24
45370294.57
44920135.18
76054646.3
39183185.58
46430839.72
22813280.23
13115207.22
75758273.13
45545386.07
76170116.04
74236019.13
45584928.85
41334752.93
23488903.4
42507308.84
43913864.34
41997632.29
26814327.31
24399539.02
75553392.61
23701188.09
77645285.84
41112463.64
76293099.35
44601485.06
41223693.82
26041690.19
74236019.13
23433942.55
75437650.42
42833072.95
44921958.01
24154642.95
40119920.11
76293099.35
40672812.92
45189727.11
41203966.12
26454904.98
74206028.74
40663811.64
45811662.15
48107615.97
46938892.47
76170116.04
24524134.02
76525606.12
43116864.6
40247740.9
27734584.85
26688771.72
27221336.15
23226647.6
75928970.56
77058239.17
13163052.26
44911292.5
44394899.49
40912441.94
75733673.23
47210132.53
19657361.95
40374552.01
75920546.65
46827931.86
22968241.53
44727884.57
42001328.96
39947061.63
24788749.4
40395261.75
44022834.92
13088538.04
74341906.62
77351330.43
13037341.95
76862530.48
76409298.45
45308485.39
74590226.87
44646498.14
76320661.22
44718898.28
45577680.21
44186055.4
44574258.9
77188589.52
39783098.53
26631255.87
75733673.23
27427447.82
77348932.1
45313075.73
42646197.89
25743270.82
44342567.8
40650089.84
44055372.09
27226325.39
40283814.57
44921958.01
43877847.09
23965869.68
47043069.54
46058172.66
75367733.05
24789438.01
40603202.75
74590226.87
46024359.98
42259534.67
42216875.48
23678845.5
41397664.22
44494493.69
44745901.42
45299893.5
45659224.88
43914913.47
26647053.77
22961781.34
44240374.03
27327917.84
78629569.13
75317527.85
42336729.58
75575400.17
75625518.82
39645366.01
44220721.78
23650489.07
22618121.31
41390811.98
75381734.28
41381399.97
23316996.8
76054646.3
78174654.64
42129052.64
46938892.47
23307563.3
26171325.79
26042989.79
45791254.92
77458252.69
40183025.07
26814327.31
40350391.87
77869305.47
44242913.14
77645285.84
40560210.14
22339099.49
44574258.9
26195832.31
46708116.62
23178553.7
22072546.56
22454876.24
46459935.07
40636229.84
44774394.21
18208168.78
40200888.98
46568595.03
41020033.13
75929557.83
44591186.6
44186055.4
24271492.81
46420168.22
42393916.21
76615862.76
76615862.76
44896568.03
39274297.0
44287730.64
75575400.17
23099484.83
45983833.29
47196235.09
41513971.4
77348932.1
40305441.26
25277249.0
76214726.39
22950265.17
27159751.56
45558611.05
26480102.65
45190597.49
75317527.85
44057962.05
21655268.48
45087141.1
25933646.62
23536760.4
23214386.68
46445551.9
40783050.24
44355953.9
22243200.1
45326633.31
44100847.2
42147920.51
44952305.17
45483604.05
39235303.82
22954281.45
44143170.16
22282119.36
44757825.14
46207714.35
75920546.65
40845580.61
26656130.2
45529908.06
45883034.01
44758518.82
41056177.77
46213900.46
40502509.7
26733071.86
42992078.18
41116009.21
23440504.34
13082977.12
77314763.99
41112463.64
74206028.74
74845709.26
41754235.84
42000391.65
22999256.41
74206028.74
24028290.32
77929606.43
45468701.66
41916626.0
41127789.79
44811199.11
44956647.86
75153632.21
40768843.05
23516454.2
41556740.76
42208423.64
13070005.64
45777809.04
46978430.85
25887366.43
25228563.89
23222783.3
41180873.7
45147592.82
46368151.91
26064636.43
44533330.58
46512272.88
41149950.19
40075536.65
45504096.67
23470824.94
76170116.04
48424861.5
42764899.39
45606630.89
45440639.43
76525606.12
45627474.9
23681274.78
45605917.92
23907853.74
44586736.54
23816487.83
77869305.47
42053689.4
23027802.89
26824620.77
42556643.97
25523499.57
42556643.97
77399943.67
41635986.37
75553392.61
44540001.65
40110685.95
41208883.73
22282119.35
46765327.83
74736892.36
22419463.34
23605004.82
77314763.99
42224499.81
46634133.21
42492224.45
40851092.71
75895080.09
42407786.64
43848920.18
25854373.36
45691131.17
75792525.09
42294980.55
75316491.33
78067807.98
22665885.6
45624801.37
40717792.68
45738120.72
76265464.39
22471589.1
77201446.61
26959265.29
46459935.07
20100944.28
26264896.4
44999490.72
41092749.86
42259463.89
75473489.6
22867296.71
77351330.43
76546902.66
46313064.83
75381734.28
23523297.5
45635917.97
23200920.67
48147829.01
24833231.24
26300362.61
45041067.59
45758344.22
45891830.11
40611225.24
18683323.99
40706400.05
75481606.15
44375708.41
40851489.64
77201446.61
76214726.39
46495695.75
44980171.82
44255825.62
40106113.39
22641781.21
40633941.69
41030419.19
24500253.3
75367733.05
45658359.8
74524372.27
44940262.63
75473489.6
40420023.02
40323940.19
75733673.23
44417364.09
25612796.11
45455748.32
74557129.8
46569889.99
24282306.34
13115207.22
13065662.58
13014082.79
47333306.45
74240798.46
42083175.35
46175126.84
26684180.8
45764482.82
45835192.34
13114537.73
44293018.0
40192202.54
40463586.97
39956641.4
45710299.05
24044890.99
45051910.06
45351827.58
44746513.35
23353628.86
47420305.39
44678108.15
75668578.62
45423776.43
44939006.66
22961781.34
75481606.15
46824427.03
39877441.8
42216875.48
40495725.43
40061992.88
43478742.12
24484151.54
42648259.26
76170116.04
47794824.56
39881125.45
26785855.81
41179165.7
42579530.71
74615412.22
74875663.64
22283370.27
78272505.19
40342287.48
42164023.0
20734062.34
40491149.93
45913040.69
42346116.97
45138828.44
40848979.72
22728046.56
28029488.16
44248502.8
76320661.22
75961595.57
75087676.68
41594960.89
40140072.95
45098280.94
76214726.39
40291333.85
26247842.7
76438396.39
24792500.49
23325106.12
22882939.6
26785255.64
45298745.34
22956450.56
46664742.94
42975155.45
41230511.78
77351330.43
45607572.59
44636816.31
42053689.4
45386316.46
41933788.9
41073007.6
45861646.33
44641400.15
75920546.65
25746965.2
45122617.84
42740936.58
23222783.3
74328442.23
44113563.75
24465336.7
41737695.7
46268161.51
41203966.12
77351330.43
74973691.93
45051018.03
23788388.27
75437650.42
76008900.74
25417663.05
42107018.32
26038913.67
75758273.13
45178532.52
47420305.39
44337964.81
42753955.76
18111528.27
19771572.11
24496314.11
75987089.76
46649782.35
75895080.09
44296596.66
46273095.31
77351330.43
77201446.61
74524372.27
43144591.57
40053812.51
44019561.71
45828135.58
46361325.62
46109668.52
44194681.95
74328442.23
74875663.64
45547120.37
45490984.17
23216662.44
42208423.64
46024359.98
45390038.64
42303528.56
24142142.17
75316491.33
24601570.48
74328442.23
18674551.51
74997777.52
48212535.01
19201634.95
22750030.27
74997777.52
44432066.96
44864101.41
76293099.35
46398252.76
23061852.94
43068298.56
23287531.73
75317527.85
41239350.16
21924044.32
75920546.65
23517295.52
22930129.0
78067807.98
22511118.28
44920135.18
74165834.81
41030970.51
42108739.43
75579938.39
46568595.03
25854373.36
44019561.71
46459935.07
75733673.23
26800728.05
46914159.39
23488495.03
41581798.87
42738355.14
25413879.52
44020938.69
44387154.11
45160402.79
39611595.76
79684117.69
44561263.79
26018438.42
40601930.76
42032086.91
45246868.72
26248314.24
77201446.61
19577828.83
24398791.15
75489486.43
47096898.31
74711903.9
44233356.66
75928970.56
46815469.11
46471738.62
75153632.21
40350889.99
20142486.09
23827926.81
46458339.54
45606115.26
45710299.05
24869679.49
77869305.47
42724320.29
46598033.19
42087017.15
46864476.54
13033815.67
40574495.83
47333306.45
47257700.42
76438396.39
23642008.21
40192202.54
40945038.31
44781473.61
24456477.82
45383715.32
20241352.0
24969339.6
75489486.43
40122811.81
74165834.81
44586736.54
24379132.22
39838537.05
45875665.84
25392792.79
44255825.62
43566410.64
22660556.86
76293099.35
41811317.34
75316491.33
75765436.6
13092669.79
39183185.58
41773013.71
13062835.77
44594133.72
76782286.7
40516397.96
25249687.12
22618121.31
40075536.65
44496691.65
41468232.07
42989910.53
74240798.46
79684117.69
76320661.22
43043484.76
76640430.29
40943382.63
41330723.29
13165013.99
39392532.52
75670938.62
76214726.39
23083206.35
41343134.47
13187667.19
44131446.95
22614151.47
24154516.81
75625518.82
75851545.96
45581036.77
23120034.48
23503491.35
23173470.75
40902249.48
22330182.94
45691131.17
46071811.86
22112334.09
18481584.45
24961376.68
77888823.79
13129185.36
39598459.9
25904034.18
43970159.02
23349741.73
23041455.13
75579938.39
24361339.38
45468701.66
75481606.15
23107810.94
77893042.94
42274915.92
45051910.06
22897970.77
13111240.11
45429879.33
45998718.68
75227857.2
42598220.41
75733673.23
45776608.08
76409298.45
24856622.62
75481606.15
75668578.62
22865032.71
26824620.77
24391365.47
75987089.76
41853905.74
46290359.28
45298745.34
23869620.32
40342287.48
44900665.57
40973409.54
75670938.62
40445621.74
24154642.95
41410525.1
74328442.23
40005312.76
41676680.51
78043958.23
27565548.92
40245426.12
46762463.32
44829930.45
41653427.79
24928724.5
76154796.65
75579938.39
44496691.65
45767368.89
46069051.1
40910979.47
24597142.78
13067381.27
13074262.37
41614695.66
24826480.84
23874354.03
42492224.45
40802075.7
25904034.18
24778875.68
24507125.06
25434420.36
40005312.76
75758273.13
78629569.13
23270305.53
22243200.1
45966683.05
44983999.46
44154518.27
44682823.43
13184250.47
77458252.69
26588688.21
75987089.76
46419362.58
74914357.86
23396431.52
44623222.72
46804340.43
25162507.18
74590226.87
77869305.47
40972226.86
23075504.35
41330723.29
46827931.86
23134514.95
40413024.91
75475961.51
46639722.95
75733673.23
42872131.87
22980606.97
47058985.35
25059086.49
77869305.47
40758355.13
13130579.54
24002362.98
75227857.2
22844185.87
76409298.45
25512057.75
76320661.22
45707625.52
44287139.17
45533042.15
44951068.55
39537584.17
39069246.45
25389072.22
46981647.22
45683904.78
75481606.15
42402342.37
44741150.32
24754909.73
75437650.42
42753955.76
77188589.52
41779784.24
74736892.36
46842384.85
22179403.98
75920546.65
41073007.6
22478461.52
45252983.53
22281133.08
46981647.22
23609810.58
42082182.37
75473489.6
44419423.35
76925088.88
23151742.31
39955272.31
44956672.32
74236019.13
45097995.89
47188193.92
75928970.56
41190598.19
27811259.47
23151113.04
45903122.02
24350832.3
45891830.11
76546902.66
77869305.47
46223391.05
20145641.09
24313727.49
39820188.58
74590226.87
40262815.34
77145442.93
45266179.07
39582563.93
76525606.12
45962769.12
40571370.8
13055113.87
25859124.4
46856159.85
39024266.69
13037341.95
45198791.47
76546902.66
42014966.53
46399475.85
40792386.84
75987089.76
78629569.13
76559662.38
40147222.77
13084441.57
74730144.42
24359042.87
22775716.37
74736892.36
77869305.47
40560731.9
46834928.14
44938600.74
76782286.7
44874031.2
75575400.17
42147920.51
39627732.93
46612967.94
75920546.65
24282306.34
27388845.9
45724232.91
76438396.39
45467185.16
45618134.95
45322343.09
44939006.66
41086133.34
44648004.93
45624801.37
22169089.35
23079929.36
23613006.12
42863592.36
77399943.67
40573816.2
76546902.66
45817570.21
18823191.56
40665959.79
41643341.67
44432066.96
45692313.76
27760142.83
45962769.12
77058239.17
24849867.56
75851545.96
13111240.11
44972206.01
77929606.43
77583694.5
41101514.41
40245426.12
23136636.83
13087517.66
27189132.32
41439395.25
40039309.49
75553392.61
42513353.28
44636406.91
76885798.98
75929557.83
41780775.7
23880131.42
42069202.37
46981647.22
76293099.35
43395807.87
46677291.5
23657134.75
41382861.02
22117766.3
42353503.11
43898648.06
45134199.3
46413131.25
41908741.66
45776608.08
40866172.31
22830503.72
41916626.0
26250589.15
25287871.17
22810432.89
40244527.32
78272505.19
44183727.19
41187107.25
23566290.86
77893042.94
45160402.79
22359515.56
44257304.6
39402764.54
77888823.79
41731648.51
44039319.05
45943088.85
76885798.98
44641400.15
40784205.23
40053812.51
22604918.2
26552830.49
75227857.2
22458239.05
22614151.47
46459214.42
45164081.95
40050095.55
40785221.97
21448555.44
24325446.63
76154796.65
76438396.39
19410767.94
27197482.2
41884260.67
22928001.1
40408895.71
74524372.27
40968837.54
45423776.43
24000929.75
75851545.96
23738597.92
22434018.19
74973691.93
76320661.22
44921958.01
76546902.66
23954308.83
24500253.3
22582626.75
21141541.34
41238834.58
22526438.22
44010326.57
77893042.94
77409816.69
22091958.25
74341906.62
46664742.94
26810586.4
41811317.34
45673968.6
24685070.52
40971810.58
23907853.74
41208883.73
46419362.58
44143170.16
41149950.19
25481279.22
44250044.19
47667819.76
23809892.71
39280283.59
42393461.34
40445621.74
40307795.1
25885805.8
42378395.84
42756235.8
75987089.76
26171810.62
25740456.14
76640430.29
43723228.85
77173389.99
76054646.3
75928970.56
75153632.21
43985151.79
23366331.98
74206028.74
40615300.07
22927054.11
44781473.61
75926728.73
40723144.12
76008900.74
76546902.66
42936883.96
45934893.04
22419463.34
76284694.04
22756778.26
44745901.42
39722284.68
41702955.31
23631437.43
41771864.25
42042612.05
74914357.86
44057838.18
41147230.4
75489486.43
26714508.34
75481606.15
46794793.79
22129570.46
75481606.15
24678543.1
45657549.91
40445621.74
46425572.79
44225062.18
43102983.19
76640430.29
25879402.31
77869305.47
40118357.56
76293099.35
41779784.24
41735723.53
41743191.46
26512727.68
19198608.25
39815334.83
40149103.14
27814110.51
44911292.5
41381435.47
26042989.79
18258218.13
44342361.85
75087676.68
40283814.57
25280947.17
40573816.2
23851022.23
40571117.83
44753712.64
23274868.03
44967890.74
39575169.24
22482297.31
44795405.4
27673389.12
40853134.37
39431699.85
42374286.71
45033992.59
23751685.69
40419186.83
75987089.76
46573653.97
48212535.01
41958740.55
23019456.95
45021222.05
18966759.21
76640430.29
75473489.6
45943088.85
43930395.76
45090145.06
47248927.75
40103678.93
44713226.61
21986835.07
77058239.17
21800011.43
24180238.41
45710299.05
46512565.63
25933646.62
22699953.26
25512057.75
41920851.03
47516060.05
28029488.16
45362014.62
44022834.92
23394785.84
41335666.09
45322343.09
39598459.9
77173389.99
42801707.9
41353048.36
39690345.77
42036259.02
46767283.25
78043958.23
76862530.48
18919870.27
76438396.39
75381734.28
42890517.78
25253831.0
45213259.1
24999168.72
45365496.39
42348481.58
47333306.45
45034743.09
40366966.27
44349031.7
44997602.87
40324377.87
45051218.83
45504096.67
45321669.33
23506772.64
42092175.68
45365496.39
23294479.6
76640430.29
44859051.25
75481606.15
41529578.47
46471485.89
41884260.67
44899433.69
75227857.2
75758273.13
45647319.89
74845709.26
22507248.58
22791662.9
76782286.7
22462896.47
44143720.89
44939006.66
75961595.57
43774101.71
39436430.39
75929557.83
24314782.57
42147920.51
41780775.7
41939901.2
45607572.59
75928970.56
43366523.74
39654184.17
74165834.81
24587947.68
76284694.04
22294240.45
25278095.35
45036811.49
44477786.58
42508663.89
77145442.93
40528529.42
45695716.08
75663738.56
44911292.5
45662569.59
44292409.81
45924077.67
76008900.74
44022834.92
45646864.77
23605004.82
45764482.82
77314763.99
25651948.05
39215652.88
40359742.36
42807968.23
76008900.74
75367733.05
22367807.97
76435167.4
22656782.02
44867491.86
41939901.2
40714179.22
42303528.56
77314763.99
26171810.62
76409298.45
41987714.94
26040296.53
23281720.84
76615862.76
45365496.39
22813280.23
25774050.81
76214726.39
76154796.65
75553392.61
45724232.91
40601930.76
39345587.84
44994236.13
24304372.21
45511455.69
77173389.99
21825804.99
46450126.56
23184677.36
23123356.57
76154796.65
45401327.77
45178532.52
44872708.56
27608405.3
13084441.57
13114533.55
42094456.4
23705358.5
44964510.33
75663738.56
44434077.57
23015868.12
40734788.02
47629103.22
42753135.85
46336337.68
22699953.26
41565858.72
40844664.11
75153632.21
45505542.57
78272505.19
40410260.94
24529329.15
41382861.02
40342287.48
78043958.23
75765436.6
46900713.13
41635986.37
43478829.26
44987249.97
41068521.17
78043958.23
76615862.76
21884577.09
24412073.63
23650949.53
40909119.61
74845709.26
45033992.59
45421719.25
44632609.06
23366555.94
40672812.92
46069051.1
43017743.86
40366528.59
78043958.23
75316491.33
23018907.92
26038913.67
46306494.21
44636816.31
44272823.58
76550341.93
40435573.61
28376617.18
75553392.61
78174654.64
77583694.5
74973691.93
44812012.33
41811317.34
45547120.37
40147222.77
40648182.51
26588688.21
45903122.02
76862530.48
45414481.19
40310821.34
76550341.93
74206028.74
74914357.86
75489486.43
41360605.66
23440504.34
74914357.86
13074157.95
41702955.31
76615862.76
47614509.47
45256847.59
13148251.51
77236778.99
44471197.54
76925088.88
19657361.95
24061865.99
40435573.61
41763657.05
46316915.43
24002362.98
78043958.23
27354052.93
39449706.98
40386300.73
19466094.06
46318014.51
75851545.96
44974049.47
23536760.4
13098693.66
75553392.61
46460517.44
46705812.51
75920546.65
44355953.9
41654431.58
26647053.77
76862530.48
41541765.15
74711903.9
41058592.18
45708426.79
75928970.56
76925088.88
75553392.61
44861131.94
47043069.54
22750697.52
45627474.9
19381819.85
25113782.1
41539699.14
22831953.89
76885798.98
44143170.16
27476468.07
79684117.69
45764482.82
26135027.13
23767928.31
44952305.17
18914618.24
40611225.24
47376072.91
76559662.38
75316491.33
44076284.7
28779643.97
43494644.73
42948939.37
44752072.05
44712728.89
13153349.29
43880438.85
45337796.84
79684117.69
42168782.58
40324377.87
45809158.9
77058239.17
75765566.41
42147920.51
45266179.07
13055113.87
46981647.22
45051018.03
77893042.94
44240374.03
46497578.41
41018389.3
75758273.13
24412073.63
23434352.98
25859124.4
44485505.63
76525606.12
74524372.27
43913864.34
44168721.75
78174654.64
46702409.55
75928970.56
22485774.58
75792525.09
25820126.88
40773303.42
44850720.26
77869305.47
75758273.13
44752702.43
45036811.49
41016003.78
45483604.05
46644737.68
44758518.82
74845709.26
42829543.47
44272823.58
22511118.28
44743675.43
44938600.74
76170116.04
27590976.6
23191257.85
42183398.26
46303855.61
43848920.18
25838512.18
46552949.5
46582417.86
18666570.23
23289525.3
21190463.02
22462896.47
45520414.35
77348932.1
25746649.18
23742064.59
39611595.76
74524372.27
45025091.53
26528004.45
46445398.3
25151355.35
25695979.09
41179442.59
24499598.67
23681274.78
42934146.55
44569980.11
76170116.04
76782286.7
40587703.97
76640430.29
77929606.43
76058924.62
24169614.08
23962491.45
44194454.6
44561263.79
75473489.6
45298564.14
46450126.56
46765327.83
22896217.47
45671285.83
43494644.73
41955411.89
13167990.56
75579938.39
21780201.37
44757825.14
40574495.83
24548389.26
76435167.4
42764899.39
40035569.94
75489486.43
44942273.49
22976667.21
77399943.67
18683323.99
45486794.88
13114533.55
45722915.89
45125574.65
41541724.39
41483918.1
26647053.77
46458339.54
25746965.2
44057838.18
76320661.22
41020033.13
75221382.61
74914357.86
40559494.55
46425572.79
45572039.24
41651451.37
78043958.23
76008900.74
44355710.07
23151742.31
78172550.47
75987089.76
40885586.98
44342361.85
42343195.87
40784205.23
45547120.37
76409298.45
23307563.3
39654184.17
77145442.93
44069258.81
77888823.79
23099484.83
13163052.26
25604549.32
77869305.47
43047795.08
75227857.2
77583694.5
75489486.43
40305441.26
44496691.65
40110685.95
40921396.54
40286248.35
41780050.59
77348932.1
23529305.24
22226603.45
26524068.03
76284694.04
39989650.03
41353048.36
26684315.12
47096898.31
45927542.97
44194404.4
75575400.17
44378894.72
23184677.36
45817570.21
41570330.98
74557129.8
75961595.57
46779924.83
75733673.23
45526053.22
40771847.66
23221224.62
23953627.42
40912557.73
75316491.33
41594960.89
46473878.44
45190597.49
23270305.53
41702955.31
45861018.78
44811199.11
45967170.76
76008900.74
47598401.43
75473489.6
26552830.49
24257367.77
18925315.37
40918824.52
45547120.37
13191477.21
44133277.52
45149299.29
25681121.79
76008900.74
75317527.85
40815891.82
22933893.66
24140298.06
42348481.58
44287117.52
45779550.98
41664402.49
75070993.39
75792525.09
40247740.9
43956803.41
13038707.04
46110053.3
22525582.6
45486794.88
42320069.68
75437650.42
25735207.6
75668578.62
13246532.66
41962081.59
40971810.58
40927035.18
41525969.94
44682823.43
45577680.21
45990895.65
25331414.56
46454126.06
41025887.48
45882847.75
74236019.13
13027541.01
76925088.88
75475961.51
44531527.09
46779924.83
46369705.84
13206464.21
47614767.97
45163794.94
46190541.62
41922785.41
75437650.42
44147271.73
27198312.17
45834440.24
26042989.79
42710832.45
24201165.92
22482297.31
45012546.29
45822493.35
78043958.23
77409816.69
26341381.81
24675752.97
45633330.53
76525606.12
77145442.93
43149844.04
42890246.5
45012546.29
75579938.39
45847385.93
74973691.93
41561926.46
23561423.46
45251615.81
41039175.44
19453069.89
74557129.8
75929557.83
45269901.23
23475474.36
22926469.8
40912557.73
41104642.0
24008819.41
43506659.15
76435167.4
42303528.56
78629569.13
46213325.26
19206760.18
25865890.35
77869305.47
13085414.3
77201446.61
44549929.19
77314763.99
78172550.47
75987089.76
45789542.73
75926728.73
39235303.82
41069786.91
40132702.31
44758518.82
76284694.04
74206028.74
40665959.79
42849254.97
41920851.03
74328442.23
76885798.98
75765566.41
44225062.18
41288327.71
46766781.21
42101587.13
22398476.49
77348932.1
48245035.23
23304890.86
74845709.26
47166222.12
43494644.73
74590226.87
44370524.58
44218971.96
75489486.43
47096898.31
46802801.49
22812732.79
40885271.68
23783324.62
77409816.69
45133964.56
76438396.39
77645285.84
40463586.97
13029098.49
74615412.22
44186325.2
24355221.48
76782286.7
45022534.17
24910908.33
21978609.78
75070993.39
77188589.52
23605004.82
45706358.91
44940262.63
39989650.03
41539699.14
42268806.32
22129570.46
43968074.78
75381734.28
22207990.59
22393800.61
44248502.8
25131962.37
74615412.22
26273129.44
76615862.76
23748703.64
46697345.77
46802564.91
44624739.6
75851545.96
44864101.41
74914357.86
21941252.53
22555909.19
46364453.38
44964775.76
23282428.73
22369461.37
75227857.2
75961595.57
74341906.62
25434420.36
39274297.0
76265464.39
76782286.7
75920546.65
22374881.97
26310562.0
22773872.83
78172550.47
46281677.41
24499598.67
75961595.57
26968048.17
42112451.49
26551339.59
42890246.5
40964056.65
76293099.35
46552949.5
41232641.53
22668124.15
40986926.07
45383715.32
22836871.06
24395455.87
77869305.47
45115148.51
26528004.45
40135750.46
75367733.05
45811662.15
40286248.35
22837186.72
45529908.06
26024098.41
44942486.35
39838537.05
76782286.7
75481606.15
41397664.22
46445398.3
76546902.66
22283370.27
75227857.2
23248132.49
76546902.66
42589077.79
44974049.47
23597693.51
26057997.48
44322191.77
41445380.59
40050095.55
46030091.15
75316491.33
75792525.09
75733673.23
24101288.67
42124984.88
42194090.22
45124468.46
45309417.39
24708691.67
46786294.52
44536005.49
76640430.29
23349741.73
44308359.16
42661773.8
23131410.86
24400825.17
46747545.5
42253371.24
44923050.04
77348932.1
76409298.45
26086520.16
46512565.63
75765566.41
45339698.51
40344741.68
28210856.96
41625209.23
18620501.41
48245035.23
22208459.71
40595422.12
76409298.45
26171810.62
40982437.36
45791254.92
75575400.17
77058239.17
23204843.73
43776255.42
45476497.73
74590226.87
40653644.88
23093948.32
77399943.67
41016003.78
78629569.13
42235672.86
41468232.07
75733673.23
74328442.23
23870397.22
26439290.42
41133189.35
22930129.0
44492216.12
45165778.3
45115148.51
39843282.53
45178532.52
24005242.98
46460232.4
75221382.61
75765566.41
76008900.74
45861909.45
22812732.79
75481606.15
23325106.12
42380773.71
24000929.75
40845496.85
25645199.53
44038090.8
45792846.78
76409298.45
27358633.28
45999189.67
46493155.34
40889299.43
42209494.44
45796114.02
76409298.45
19097364.44
23101890.89
45722915.89
45691131.17
43134975.05
40092683.95
24423021.52
24061865.99
78629569.13
23302565.8
45449531.49
45337493.29
41954575.93
76265464.39
24019615.64
77458252.69
45190397.34
46825738.18
27427447.82
75579938.39
75473489.6
45020322.66
43970159.02
46434251.2
23030468.62
46434251.2
41298059.04
24544876.19
42863592.36
27811259.47
75668578.62
42103620.53
77399943.67
45624876.38
75367733.05
41745690.11
45880430.33
43930395.76
46608866.88
22482146.83
24557950.23
44168721.75
42209494.44
46175126.84
40851489.64
76214726.39
76546902.66
25815518.68
39947061.63
43145848.3
46834928.14
75579938.39
46787047.06
75920546.65
44375708.41
77409816.69
74328442.23
45809158.9
46371863.3
75895080.09
45033992.59
46281677.41
41987714.94
46325955.52
40103678.93
77188589.52
22575017.93
46287595.29
44825146.94
74341906.62
27201644.05
43877572.43
45134025.48
45715260.27
43417297.41
47583623.75
25456668.4
75316491.33
24022446.09
45420492.51
45748832.81
22461790.23
74730144.42
45483604.05
44872708.56
47096966.87
46003470.77
24169614.08
78067807.98
44287139.17
41061329.33
75153632.21
26651212.88
22806291.49
43478829.26
46686971.8
40291333.85
46458339.54
40556037.59
75553392.61
26549848.97
45221777.46
77399943.67
22839939.46
76782286.7
47184002.06
44569757.38
75987089.76
44850720.26
75087676.68
75928970.56
46650019.18
46061851.74
42208423.64
44899433.69
40529015.71
76550341.93
40163824.36
25740456.14
75926728.73
76284694.04
74341906.62
13115089.52
76284694.04
27840135.12
24433475.92
75987089.76
40672812.92
40792911.63
23397214.49
77351330.43
22197491.28
77893042.94
47084816.46
42508663.89
76925088.88
41588792.31
22552547.59
23267056.06
13074787.8
23911845.85
23782365.35
75926728.73
22737691.49
77188589.52
47196235.09
13098316.28
74341906.62
40828383.47
41050161.46
22417906.52
47257700.42
45246868.72
76438396.39
45423776.43
75070993.39
22726533.75
42759072.85
42756235.8
75553392.61
24178709.32
75670938.62
22266133.77
75153632.21
76058924.62
41189885.92
76435167.4
42251012.05
44898569.22
75961595.57
76438396.39
42375997.1
46320339.26
39436430.39
44481024.36
44758518.82
46439225.05
75087676.68
44255614.44
44980745.9
44285006.15
42345876.77
44874031.2
27198312.17
44481024.36
46459480.62
43359182.18
41275571.53
41453883.86
77888823.79
39955272.31
76782286.7
75575400.17
44467700.04
45158424.5
76265464.39
41239350.16
42743653.22
43946494.05
45823850.9
46459480.62
41933788.9
46900713.13
41754235.84
46755421.98
43917669.41
23872522.55
41625766.6
23274428.53
46212691.38
26824620.77
44774394.21
45467185.16
23475474.36
44342361.85
24008819.41
75575400.17
75316491.33
22738989.49
46107733.7
76058924.62
43767486.12
45767368.89
45722915.89
45715260.27
44765507.19
25907298.31
41613947.88
45452129.85
39280283.59
44927582.54
43865454.39
75575400.17
45233620.19
40866531.21
46158702.82
74615412.22
45606630.89
46509314.76
44322408.72
77201446.61
22169089.35
77314763.99
43536913.88
46030459.61
44308359.16
23590665.77
45201559.57
75928970.56
26180451.17
21945524.8
76925088.88
45662569.59
23748703.64
75663738.56
46582024.52
44847475.53
77348932.1
41556740.76
45039504.31
45662798.51
40961064.97
46749484.86
26828164.95
44113563.75
42305345.95
46981647.22
45312813.76
46268161.51
39767264.44
44861131.94
19097364.44
44394899.49
44630666.04
76320661.22
76320661.22
40050095.55
45471151.94
44709304.14
23743625.41
45165778.3
44963205.71
21332928.49
76435167.4
76058924.62
23613006.12
13246532.66
75920546.65
76154796.65
45790792.83
74328442.23
74711903.9
22698048.84
45683918.78
22756778.26
26659138.74
42161036.76
78629569.13
44997602.87
76008900.74
44069528.85
43735843.34
75895080.09
40560731.9
77929606.43
45147592.82
46329474.59
42336729.58
24264875.64
75663738.56
47196029.67
18481584.45
39825893.97
45190397.34
44387154.11
26688603.31
39476679.61
24436425.09
41838822.63
46173026.2
19025293.43
45656038.74
77583694.5
75221382.61
44702333.86
22122776.94
47603188.85
22299810.05
74165834.81
48145688.84
22531297.27
44920135.18
25358233.28
47166222.12
76154796.65
41275051.82
44808718.67
45691131.17
23737244.54
46598033.19
41648089.66
74997777.52
42393461.34
27414583.88
41068521.17
42583309.51
74165834.81
45386316.46
43419005.22
18778948.49
22552547.59
41393476.84
75929557.83
44183727.19
13085414.3
47166222.12
44757825.14
42150753.16
76284694.04
75670938.62
46413131.25
26247136.48
45791254.92
40717792.68
45440490.89
20378251.62
41255651.22
44095754.62
45751754.75
77314763.99
46870931.55
41879136.43
41275051.82
13116528.8
44376662.79
44827090.65
39970045.66
13156782.09
43359182.18
40364859.77
75070993.39
45715260.27
45575200.16
26387632.38
75381734.28
40262815.34
39864050.08
44186325.2
76550341.93
43996730.65
78272505.19
22210027.86
45350269.54
41397844.55
44940262.63
45110588.82
78272505.19
45362014.62
46465773.13
77888823.79
77583694.5
77929606.43
13110665.41
44897181.92
46368151.91
40965041.42
13127129.76
43343950.13
77929606.43
25844671.91
74165834.81
24953219.47
75733673.23
75381734.28
41010068.14
40007264.44
44158298.8
44536005.49
19652324.29
25651948.05
45360055.29
45874392.74
18410107.16
47048176.57
75575400.17
13146755.58
22604103.64
26176448.72
23032207.97
23850931.7
40853134.37
41022036.91
46107733.7
45124468.46
44196158.39
76525606.12
76435167.4
26528004.45
44828747.65
25701398.94
74165834.81
44567838.37
25896719.73
42554940.41
43917669.41
40177250.56
46069051.1
46480538.99
74615412.22
43758026.23
77351330.43
43861144.59
76438396.39
23440504.34
23561423.46
26015632.96
24484151.54
75475961.51
46549248.28
45091720.82
18210161.75
24849867.56
45041067.59
45790792.83
22197636.21
21989763.6
40243477.38
43970159.02
43536069.28
40200888.98
41314534.05
41189885.92
75367733.05
13099347.44
45674247.72
46863057.95
76640430.29
22094992.21
40148844.07
45020322.66
77869305.47
26523589.86
74973691.93
41739548.18
44131446.95
40420124.86
21628716.16
47186458.13
47420305.39
18927124.03
45453553.99
44055372.09
40763115.05
19253944.15
41611359.4
44540858.81
22304394.57
27900358.83
41010068.14
76885798.98
75579938.39
23226711.82
74341906.62
75758273.13
45759701.07
24506185.35
78172550.47
22827894.96
45397793.68
74557129.8
77314763.99
21243535.91
44950424.91
77929606.43
76435167.4
40078158.35
44561374.7
47378792.53
41617747.37
76559662.38
42513353.28
44287139.17
13038707.04
22485774.58
44733046.23
75987089.76
75668578.62
28779643.97
43353924.73
45029746.97
22806291.49
19166668.34
75625518.82
22478461.52
44811199.11
27226325.39
21498604.77
47291727.45
44971156.0
19088472.14
18515075.09
44533820.93
44201948.79
45791434.13
40936502.21
22078336.63
45814624.89
76782286.7
45256847.59
40682315.04
13085889.72
45648329.36
77888823.79
40496687.39
43916190.67
20593341.89
41025887.48
25877715.4
22299596.29
22103832.26
74973691.93
74730144.42
21995434.12
45249521.31
21733349.33
44542123.04
24411479.88
40366220.26
43970159.02
22464159.1
41275571.53
25228563.89
40985971.04
47433594.36
44812012.33
41748236.19
45312689.04
21349205.45
76782286.7
45690784.44
39219938.89
42604575.68
75758273.13
74590226.87
44776630.2
22094957.24
41127789.79
74615412.22
24422494.34
20247610.76
47096898.31
25502527.26
76615862.76
76885798.98
44394899.49
22482146.83
41780050.59
25395611.87
75087676.68
45667002.34
40373867.22
42796892.52
44561750.19
46357120.15
13114537.73
23337718.06
41675450.42
44813806.72
13097002.82
23040423.97
43125901.41
41374601.4
75227857.2
76546902.66
44850720.26
77201446.61
25681121.79
76265464.39
41903075.81
26344999.16
22681052.01
24180238.41
40331228.11
77399943.67
75625518.82
46860979.42
76293099.35
44849632.04
45874392.74
45758577.91
39705366.99
43759915.91
41412243.83
40936502.21
44663847.38
75481606.15
45005685.08
46857631.88
41213806.8
18515075.09
40794291.65
44342567.8
77929606.43
44847475.53
77058239.17
77188589.52
46636746.16
41065707.6
45314520.16
45943427.76
23110001.9
41692168.69
41875320.64
43005310.02
44624739.6
42075840.65
44057962.05
25061688.33
44287730.64
24708691.67
45777185.7
42125570.42
41207393.82
41348613.76
77888823.79
24271492.81
40008832.75
76320661.22
27203635.23
48657300.55
25917315.17
77888823.79
45347911.2
44685034.77
46365997.15
28000582.84
25557290.59
44511943.77
23343298.39
13164490.29
76170116.04
76054646.3
24778875.68
26684180.8
44765761.19
21529272.1
45221777.46
46268161.51
24201165.92
44822326.38
40211585.85
75663738.56
76559662.38
18376665.69
23953627.42
22659858.57
43914913.47
46650019.18
46702409.55
76054646.3
45134248.45
42473454.93
26221124.77
25497541.96
26221124.77
75895080.09
44041213.08
41374601.4
41811317.34
44242913.14
45432085.63
77351330.43
21921404.43
46771324.83
23536760.4
43097415.42
41463005.58
22248938.27
45350596.6
75733673.23
40163824.36
25859124.4
41716009.46
21809457.18
27451416.75
45165778.3
43565663.05
39895577.51
45638075.14
45505601.42
42786124.78
74341906.62
44964775.76
22482146.83
24754909.73
13095921.98
40426706.56
46336337.68
44276906.08
41580637.07
40713916.43
26753677.98
75070993.39
44854221.14
75316491.33
79684117.69
39577141.01
46450126.56
40502509.7
41483918.1
40971444.84
45817570.21
44899433.69
74845709.26
23226647.6
23575711.87
77888823.79
45467185.16
41587397.65
74875663.64
40762864.55
75437650.42
47190635.64
41056557.09
41412243.83
47516060.05
40618770.06
47211664.17
44599968.25
22896217.47
22074600.4
22861368.65
22706379.99
40681209.6
23192747.25
76154796.65
46802801.49
13071006.26
40052244.2
22124947.27
76154796.65
74973691.93
46371863.3
24444082.89
26197801.75
77201446.61
46155226.95
45725555.81
26798972.84
44431552.44
75475961.51
44010326.57
42579530.71
45526053.22
26341381.81
77314763.99
45087586.92
25877715.4
22076745.22
76435167.4
75668578.62
44753712.64
46555644.69
41462304.64
27616447.73
74997777.52
23723679.61
78043958.23
44125023.11
43915991.49
23432024.01
23248132.49
44932076.66
45721607.96
44825146.94
43291038.57
74328442.23
41056177.77
42103620.53
75489486.43
40975481.46
26206293.06
40373867.22
45115148.51
46581824.88
40207517.76
25887366.43
22091958.27
40653644.88
77058239.17
23782365.35
41565858.72
46749484.86
45233620.19
41348613.76
43917669.41
25722858.3
26727954.8
74973691.93
75575400.17
44774394.21
25502527.26
78172550.47
74236019.13
27953222.13
76885798.98
74914357.86
75316491.33
23215045.81
74236019.13
23297672.23
45010660.17
23134827.13
45558611.05
23779203.36
39410121.49
45759701.07
46061851.74
22644425.35
22350281.28
27325112.26
41575158.96
42356404.01
43343950.13
27834569.8
76214726.39
76435167.4
40943382.63
40340769.92
39780914.21
25434420.36
44342567.8
21717775.99
75663738.56
46459480.62
42946817.44
44733046.23
74973691.93
39647973.3
45453553.99
46512565.63
45493281.06
40680555.71
78629569.13
13045196.56
40699822.75
44246953.47
77458252.69
41692168.69
23663587.34
23820975.95
45267718.99
45875862.89
41987714.94
23642008.21
44940262.63
46365997.15
27427447.82
40289507.08
25645199.53
39889049.27
44531527.09
75473489.6
47257382.79
75928970.56
44951093.23
46018361.7
40565412.47
76640430.29
76862530.48
46793845.34
46210297.86
47403964.98
45638075.14
44594133.72
22852614.49
76782286.7
75381734.28
25896719.73
44994236.13
41685930.08
75475961.51
39926430.77
19541393.46
40734788.02
42416098.67
25046343.24
45266179.07
44799220.66
46290359.28
24169614.08
45199086.66
23566290.86
44748016.93
45365496.39
46030459.61
46329474.59
40889299.43
74206028.74
77583694.5
75851545.96
44718674.4
23779203.36
44872708.56
47105590.83
46287595.29
41214856.34
75851545.96
76925088.88
45476497.73
46207714.35
43988857.43
41058864.43
41114533.64
18279673.29
75733673.23
41179165.7
77888823.79
44999490.72
27057008.21
26608646.71
40873844.76
44713226.61
45712015.83
45751529.93
43865454.39
41792481.5
76615862.76
23351692.9
23204051.26
40912557.73
76409298.45
46336337.68
75625518.82
13148330.07
40648182.51
45696000.81
24961376.68
75663738.56
78067807.98
75920546.65
76525606.12
46612737.13
42052814.45
45656038.74
74711903.9
76214726.39
44133277.52
39235303.82
41069786.91
42677882.9
74973691.93
74590226.87
41879136.43
46865818.4
23691226.93
76293099.35
23677861.99
41606471.61
26659138.74
24250508.87
42855038.01
74875663.64
24549203.34
27337682.03
75929557.83
45504096.67
40207261.03
23816487.83
47400829.99
74165834.81
75792525.09
45010347.32
75895080.09
45190415.16
45165778.3
75367733.05
40839271.41
77409816.69
77348932.1
45451312.68
40851489.64
45491822.84
24248267.24
44718898.28
75851545.96
43877847.09
23010408.71
75553392.61
39008881.5
44072013.84
43707057.85
75481606.15
46173026.2
78172550.47
47603188.85
13070672.15
44255654.15
22059573.29
44956647.86
42120820.41
46371863.3
41619929.48
43970159.02
74997777.52
45706572.41
45108167.94
45755574.35
46424898.84
45671285.83
76925088.88
45327425.53
45921666.75
75765436.6
46047715.67
76214726.39
25423740.8
23466255.3
26992869.48
44136828.17
76058924.62
13085293.51
45558611.05
40530226.24
75153632.21
76320661.22
26429982.8
26631255.87
46605696.75
45775154.76
42390856.53
46827931.86
26651212.88
77348932.1
22103665.15
24529812.41
44292409.81
41556740.76
45722915.89
45249230.31
22330628.68
42833072.95
46430405.87
25019217.45
46190541.62
44746513.35
40834632.24
75473489.6
42749848.07
44554442.21
39518586.39
75070993.39
46540469.21
41773013.71
42797323.88
42011615.65
46223391.05
26371536.43
41903075.81
47331368.03
46650019.18
45669172.18
44076284.7
75733673.23
76409298.45
43933143.7
45213934.88
75765436.6
43759915.91
22634151.7
44636153.03
44416658.76
45624801.37
77058239.17
42064429.91
24350473.31
42727739.32
45921666.75
23378536.52
44781473.61
74341906.62
77645285.84
76925088.88
41081804.09
24020561.45
75670938.62
25389072.22
23372641.87
20241352.0
79684117.69
40906193.71
26429982.8
75663738.56
47125021.34
45107953.03
44718674.4
75367733.05
40491149.93
44218971.96
74557129.8
26659138.74
41397306.61
42705227.99
41646116.27
76320661.22
76525606.12
44791296.1
44970874.42
41466151.37
77399943.67
40623089.97
26411057.82
41895031.75
41739548.18
27476468.07
46847094.81
46473878.44
22193531.11
39447744.31
44745602.52
75475961.51
44554442.21
75473489.6
44224685.52
42222456.08
44766999.64
46002450.53
76546902.66
45758577.91
75792525.09
25316358.46
77351330.43
75221382.61
43687417.91
26371536.43
44039319.05
45103116.26
77188589.52
44939006.66
43970159.02
23889586.03
24745697.83
26008339.15
47378792.53
26373024.12
40772176.75
23136636.83
45850819.94
78272505.19
45623054.92
24754909.73
45289715.92
40502509.7
75625518.82
22736502.77
22551049.88
40419186.83
22736485.54
44125265.45
45423776.43
19263019.72
75489486.43
46709120.86
74206028.74
22791662.9
45279341.29
44224685.52
74736892.36
24154642.95
40665959.79
21617402.73
45386316.46
78629569.13
45429879.33
44682633.99
25885805.8
74328442.23
22632673.2
26785255.64
76170116.04
75987089.76
45279341.29
77645285.84
40350391.87
41895031.75
44416658.76
41254999.31
74711903.9
76265464.39
26490558.14
46268161.51
44621547.14
45127044.37
45033992.59
76525606.12
40528782.39
77314763.99
39710771.4
78067807.98
76154796.65
25022034.55
26588688.21
47516060.05
41748236.19
74973691.93
45039649.4
42227389.7
39838537.05
22346297.78
42756235.8
41701460.63
42646197.89
45089379.06
40355121.21
75663738.56
41210107.95
25231621.93
42419266.47
19246764.2
44376662.79
44094072.05
45300552.7
42092175.68
75792525.09
77236778.99
27464075.85
41053992.03
74236019.13
22903818.51
39537584.17
44439433.79
24826480.84
45520414.35
40724020.67
41619422.73
46686971.8
74341906.62
44131446.95
40848979.72
43986935.95
75227857.2
44194454.6
44370524.58
77348932.1
44911320.4
22906975.85
45213259.1
44772419.64
21975971.43
45724232.91
42101587.13
27596223.45
25358233.28
75851545.96
40234393.06
74236019.13
44676038.39
39219938.89
45656038.74
77888823.79
77058239.17
46325955.52
47476231.71
19533655.27
46459214.42
13106667.44
76615862.76
44255825.62
44808718.67
46204839.15
46651312.63
23030468.62
75792525.09
44439630.89
41025387.53
45134199.3
48147829.01
77314763.99
46316915.43
44253709.16
44919259.95
45811929.05
41716009.46
42989910.53
27059545.47
45455121.7
25407457.18
18683131.74
45036811.49
46301680.74
22830503.72
43864841.83
75765436.6
75553392.61
41749193.45
76170116.04
75317527.85
45467185.16
44069528.85
45776608.08
46430839.72
23965869.68
22565020.69
75668578.62
23600349.74
23137309.73
46749484.86
76058924.62
45755574.35
44387154.11
76782286.7
40340769.92
76008900.74
78272505.19
46925920.19
23552698.46
43182758.38
44592096.71
41692168.69
22909228.58
46540469.21
74711903.9
41545401.1
46081394.97
46170488.67
44845210.17
76058924.62
27526364.75
26922978.78
74341906.62
75221382.61
78067807.98
75663738.56
41987714.94
25749522.59
78067807.98
23281992.36
46497578.41
41745504.75
44850720.26
41116009.21
74557129.8
40065896.93
40635969.9
25266268.04
20160121.46
43164752.82
24432874.83
47066636.66
74711903.9
42759072.85
40773303.42
23258275.79
22574566.9
44494493.69
47164481.56
46111347.18
44567838.37
40986926.07
76154796.65
44621547.14
46846882.47
45798382.79
42720578.92
75153632.21
22938722.36
74615412.22
46702409.55
23401204.33
43134975.05
40889832.46
77058239.17
22465255.4
46608866.88
23083206.35
41205747.69
75765436.6
74165834.81
24587947.68
22639959.69
22858420.85
18279673.29
44196158.39
46634133.21
19577828.83
47614767.97
39820188.58
43536368.28
76054646.3
75553392.61
40944921.42
26579507.49
22573817.79
44285006.15
44540001.65
24148897.52
26662389.19
24249984.37
41958740.55
44276959.68
46666229.87
23748473.96
76409298.45
26490558.14
74845709.26
45635917.97
41192439.15
74341906.62
45051218.83
45085190.14
21975971.43
46213900.46
45383715.32
75928970.56
44859051.25
76438396.39
40175290.71
46708314.55
76058924.62
19206760.18
45929320.45
13153886.79
44718674.4
41397306.61
76435167.4
75153632.21
45360055.29
40912441.94
75926728.73
22330628.68
23316996.8
78172550.47
46356465.83
40530226.24
40007264.44
22639959.69
46697345.77
22844185.87
76320661.22
75489486.43
75227857.2
42753955.76
40194443.74
75070993.39
42743653.22
44921958.01
43017743.86
74165834.81
76284694.04
41264958.56
40495725.43
41617909.78
46368151.91
75473489.6
45526053.22
74711903.9
26649773.23
44445749.8
25746965.2
41132528.73
44225062.18
42890246.5
75087676.68
74875663.64
45401327.77
41579495.29
45790483.0
45713970.13
76615862.76
13098747.15
28376617.18
24968711.62
76409298.45
27451416.75
47333306.45
22736502.77
42181911.4
46482193.37
24242247.35
22434018.19
27223091.72
42807968.23
75481606.15
40170568.09
27227847.57
44474129.21
75987089.76
27525842.44
78172550.47
45147592.82
46428288.11
40766955.67
44478553.78
45314520.16
44644192.91
76293099.35
44743675.43
44993398.71
45198791.47
26898165.95
44813806.72
41562841.2
42738355.14
45558611.05
22736446.21
23132176.14
22179403.98
41732685.18
45775154.76
24140298.06
24287090.19
40098545.06
40775911.61
44886496.51
47614767.97
13034544.67
45186091.0
21823365.85
40928175.38
25863733.75
45721607.96
13148330.07
74590226.87
76265464.39
25987489.61
45279153.19
26551339.59
26248314.24
22076745.22
45607572.59
78272505.19
44624739.6
24811442.26
42589077.79
22927054.11
41415765.5
42209494.44
42705227.99
22656925.0
74341906.62
46110053.3
22203300.03
44292409.81
76615862.76
44964775.76
23488495.03
26206293.06
41256395.21
13167990.56
77458252.69
22818504.36
46702409.55
22976667.21
75928970.56
13021790.08
23611973.17
46615867.54
40039309.49
24412073.63
44867491.86
22644425.35
45174404.94
44184119.23
75070993.39
46804058.84
76265464.39
26146046.87
44917349.64
44971156.0
40616591.36
41617679.83
23748296.25
46793845.34
46713851.83
46582417.86
76559662.38
45279153.19
77188589.52
26647053.77
27642668.6
44349031.7
44952305.17
75895080.09
44624389.36
20757842.82
26785255.64
45256847.59
44287117.52
40190751.25
75070993.39
74524372.27
78629569.13
23015868.12
76550341.93
46268161.51
74997777.52
76862530.48
44266070.69
22946943.98
76170116.04
40575074.94
44995757.25
42598220.41
45960959.84
75895080.09
41529578.47
44601485.06
23486950.77
43848920.18
43719643.18
40016690.97
45350269.54
40809495.06
39920030.21
77058239.17
45300552.7
77645285.84
76925088.88
44694127.09
45313075.73
45275936.92
43996730.65
41939901.2
78272505.19
44974049.47
41374236.07
23701468.24
46598033.19
40866172.31
45584928.85
43970817.31
21989763.6
77145442.93
22112334.09
77348932.1
46925920.19
27159751.56
43150569.36
44540858.81
47081210.35
45124468.46
25363884.47
40943382.63
41213806.8
44990937.21
23612464.9
76058924.62
76058924.62
40005312.76
13010197.97
77145442.93
46925920.19
45611815.34
23349741.73
23782365.35
46482193.37
23079929.36
43395807.87
46857631.88
40047901.17
75961595.57
42518001.69
77893042.94
75475961.51
13027541.01
13120190.44
46889966.69
77929606.43
45037293.6
74236019.13
46301680.74
24142045.33
41186162.71
75153632.21
26086520.16
76559662.38
41732685.18
44092156.36
76054646.3
13052228.84
41410525.1
22836871.06
40792386.84
44829930.45
75929557.83
41821166.3
77399943.67
76546902.66
74328442.23
22546410.51
26605223.29
23452811.03
75926728.73
25144049.66
26024380.14
45369959.54
44069528.85
41235027.56
76435167.4
23701468.24
41142215.65
13119949.56
46767283.25
75929557.83
42014966.53
23003763.15
75929557.83
45584928.85
26387632.38
22281133.08
48299238.49
77869305.47
39947061.63
45178532.52
75926728.73
25777526.84
23135363.34
39473247.54
74557129.8
44010326.57
22266133.77
74711903.9
77929606.43
43005310.02
40602532.23
46702409.55
74615412.22
77399943.67
22984378.19
47223339.16
76615862.76
25887029.89
74736892.36
77929606.43
76409298.45
26798972.84
44898569.22
22827894.96
75733673.23
45808966.18
45198791.47
74524372.27
40653014.14
78272505.19
77409816.69
26552815.71
19525358.97
45347945.02
75316491.33
40290329.3
76320661.22
74914357.86
75670938.62
76640430.29
46071811.86
13120190.44
41570330.98
25676754.17
40386300.73
45558611.05
40781815.27
22210027.86
46481629.74
20280185.32
23266534.89
41275051.82
45452129.85
45266179.07
42604575.68
76284694.04
46002450.53
41981394.63
44125265.45
46428288.11
75070993.39
41218523.17
41041153.58
45301003.87
40307665.14
44758518.82
44386865.6
42107018.32
22933893.66
27275620.57
45037326.96
74240798.46
76008900.74
45777185.7
44143170.16
45449764.6
46605696.75
22193531.11
43985151.79
41997632.29
46608866.88
44864101.41
46684977.6
43099718.6
41246155.7
78272505.19
24220527.78
22697103.72
45251615.81
74845709.26
40906193.71
43353924.73
44956672.32
43898648.06
77173389.99
40610425.73
23376022.79
75317527.85
75575400.17
77645285.84
45624801.37
22635494.36
45493527.34
23607626.09
41034424.83
44772419.64
23543150.73
46786294.52
75895080.09
45436805.11
77236778.99
77188589.52
41330723.29
44474129.21
22307375.86
44999217.21
40428614.53
23434352.98
75381734.28
46650634.66
40528529.42
41517861.44
45547120.37
22210027.86
74557129.8
75153632.21
42222456.08
39772746.42
25877715.4
41426889.25
44194404.4
25735207.6
75792525.09
41081804.09
46320339.26
22127699.74
40616591.36
45790294.9
43506659.15
23000346.53
44485505.63
41726956.58
44019351.67
41612919.38
75317527.85
45929320.45
23120034.48
74524372.27
74524372.27
74341906.62
47516060.05
45611815.34
44680856.72
40636229.84
46359168.01
22582626.75
47481932.29
13027077.94
41296373.57
75227857.2
45524058.26
41780772.71
23191257.85
25413879.52
76058924.62
40200446.35
42579530.71
42599232.38
45913040.69
21054159.19
43150569.36
45642445.18
41053992.03
27596223.45
75670938.62
24391365.47
44867491.86
44920135.18
76550341.93
47105590.83
40175290.71
22912846.87
44201948.79
45341600.23
41944921.48
45748832.81
74711903.9
75473489.6
40528782.39
26171325.79
75317527.85
45626123.91
44472170.4
42002154.4
23308130.14
27327917.84
74914357.86
40359742.36
42765242.79
74845709.26
75475961.51
46615867.54
22968241.53
23788388.27
40921396.54
24002362.98
41020033.13
44920135.18
45312957.89
44122430.32
76559662.38
46705812.51
46018361.7
74997777.52
44276959.68
22117766.3
40845496.85
44186325.2
41281938.57
47066636.66
25363884.47
77236778.99
24789438.01
77458252.69
42416098.67
22805498.73
25395611.87
76862530.48
39530189.48
75087676.68
48145688.84
76885798.98
27109854.44
45176976.2
44980745.9
23475474.36
46445663.12
23226647.6
42272369.47
46777542.12
44376662.79
74165834.81
76885798.98
75437650.42
43723228.85
76054646.3
40502509.7
44286848.38
44987249.97
22551049.88
45090145.06
46651312.63
41903075.81
45607572.59
77929606.43
39344851.69
45920226.78
76409298.45
75437650.42
44942273.49
23779695.3
40247823.79
77188589.52
45122617.84
45149299.29
43295974.01
41604514.86
75851545.96
46677291.5
47084816.46
44370524.58
45021222.05
23199609.43
41936775.44
42345876.77
75733673.23
41895031.75
44561374.7
23177491.29
75733673.23
40149103.14
40008832.75
24398791.15
40410260.94
74845709.26
22946943.98
24496314.11
43996730.65
42704787.81
45145885.48
41997632.29
76320661.22
45624876.38
43224565.69
41523897.9
45523335.41
43861144.59
41146194.23
48244812.51
22841583.54
13095908.19
45903122.02
45607572.59
75765436.6
42765242.79
21780201.37
75765436.6
27062364.39
75317527.85
40250807.93
45790294.9
74973691.93
22282119.36
42951018.8
23220264.88
40448721.92
77236778.99
42390856.53
40110685.95
44967890.74
40533738.33
77188589.52
45098280.94
46430205.07
20017407.29
41208883.73
26056643.04
41246554.53
75317527.85
77351330.43
41047913.16
19253944.15
42083175.35
39627732.93
44745901.42
44147271.73
46030091.15
43080105.38
40496687.39
44168721.75
25113782.1
24140298.06
76214726.39
77236778.99
76170116.04
42540721.11
75489486.43
42872131.87
44644192.91
45715865.86
41573987.09
26649773.23
43956803.41
42989767.09
44624739.6
23397214.49
44776368.24
25331414.56
44147271.73
25099683.78
45033023.17
23741741.3
46311599.88
44184119.23
74875663.64
25917315.17
77236778.99
23378733.58
22382497.02
76154796.65
42087636.46
47277069.59
45564983.48
75475961.51
48233191.1
45451312.68
22940769.43
74206028.74
75579938.39
42127676.78
41227127.66
40809495.06
24271788.75
76265464.39
46109668.52
41624475.05
45279341.29
76435167.4
40854474.82
46330169.12
42268806.32
45165778.3
76008900.74
46223145.09
41895031.75
41017206.63
26512727.68
47026707.64
25280947.17
13113750.93
42305345.95
22812732.79
23316996.8
22122776.94
77173389.99
45678386.58
28169576.24
77348932.1
76435167.4
40750323.23
24345702.1
76058924.62
22746622.58
76885798.98
22601247.67
18783849.09
22668124.15
46081394.97
42599232.38
74615412.22
45351827.58
41034424.83
76546902.66
18518927.42
23105620.58
43759915.91
46439225.05
26520629.08
46573653.97
46359168.01
46894787.16
77929606.43
23644423.99
28000582.84
42206993.68
76320661.22
76154796.65
76058924.62
40050413.26
45638075.14
45269901.23
43085663.45
25863733.75
23418910.89
22546410.51
43759915.91
40514359.72
46708314.55
74236019.13
44758518.82
22933893.66
40720526.64
47186458.13
40491149.93
76265464.39
44987249.97
44850720.26
41958740.55
74973691.93
23686292.91
74730144.42
76615862.76
26076832.61
77188589.52
44694389.06
40653471.47
23182036.92
24140298.06
41685315.27
44910800.88
24968611.81
75367733.05
46318014.51
46549248.28
48107615.97
22243200.1
46864476.54
44287139.17
45020322.66
44911055.92
23503491.35
21733349.33
45337493.29
39889049.27
41411295.46
45502483.46
27223091.72
44485505.63
40458004.67
22683373.41
40680555.71
40307665.14
76862530.48
45401327.77
45635083.0
18771086.95
75473489.6
25407457.18
45249521.31
45749372.7
41617747.37
27358633.28
42540721.11
75575400.17
45908085.79
45847385.93
77145442.93
44474129.21
40590686.26
18778948.49
77399943.67
22103665.15
45089379.06
44751998.61
74730144.42
44733046.23
77188589.52
25749591.6
76293099.35
44637309.24
42119107.58
42473454.93
77893042.94
23080335.38
44296596.66
21847588.61
25131962.37
22565020.69
41726956.58
46112700.65
40792386.84
26666031.12
74845709.26
44115534.84
41581798.87
21986835.07
75475961.51
75851545.96
45775855.71
23281992.36
23727798.79
46445663.12
22149441.95
42101587.13
45087586.92
46926808.41
75929557.83
76265464.39
40588961.93
40944921.42
23771445.44
47331368.03
46612967.94
18111528.27
23132638.46
26825957.75
44594133.72
40661654.66
18667932.72
46480538.99
43985151.79
74206028.74
24876263.83
46430405.87
18324881.4
79684117.69
25749591.6
75895080.09
75153632.21
40747802.4
23222783.3
44705210.14
75575400.17
45308485.39
77351330.43
41275051.82
22616596.48
77583694.5
22112334.09
76862530.48
27525842.44
39828078.29
77458252.69
24303984.21
45451312.68
75670938.62
24792500.49
45471151.94
13113750.93
77145442.93
21717775.99
41360605.66
45683904.78
42677882.9
44646498.14
26664702.74
40764726.74
46771324.83
76559662.38
46773166.77
44751998.61
22985103.41
75663738.56
76525606.12
23366331.98
40571117.83
40714179.22
25722858.3
45362014.62
45759886.87
45676766.4
23392171.13
24717421.41
46856159.85
26605223.29
45710299.05
41374236.07
23703527.22
25308075.16
42759072.85
78172550.47
25939336.39
75489486.43
44983999.46
45811929.05
46425572.79
22869875.79
46473878.44
45904944.35
77409816.69
40720526.64
45103116.26
76154796.65
40803802.35
46889966.69
22573817.78
75317527.85
43522959.9
23110001.9
42108739.43
41569564.62
74240798.46
26250589.15
40384118.16
47009579.87
23351692.9
22925962.53
23532494.27
23529305.24
24002362.98
42052814.45
40987509.82
45312957.89
41594960.89
46454126.06
77201446.61
41195480.2
22228842.42
42128946.03
24097990.67
45605484.87
44255654.15
25722858.3
42540721.11
45668883.08
19649285.31
41041315.51
41938323.03
45091720.82
23884584.15
23018907.91
42520981.71
23071456.76
74557129.8
42520981.71
44621547.14
76525606.12
44433109.11
46361325.62
47516060.05
75579938.39
41411295.46
74615412.22
75895080.09
40277172.9
76615862.76
28350136.15
42067014.81
45386316.46
24008122.61
41041315.51
27925335.39
76782286.7
76008900.74
42247980.38
43708415.49
41732685.18
27476468.07
43845969.99
75553392.61
77348932.1
45791254.92
45440220.85
22968241.53
74615412.22
44349838.7
44896568.03
47278048.29
13052228.84
78174654.64
18015852.22
41426109.55
23707330.97
45796114.02
45729124.97
22396737.0
41374944.78
22756778.26
40110685.95
26522496.6
75929557.83
40965041.42
47248927.75
78272505.19
21899767.11
22698048.84
44950881.6
24107368.32
74524372.27
46981647.22
41374601.4
27189132.32
46597812.77
47190635.64
41411295.46
23580217.96
22729249.42
75475961.51
47403964.98
75221382.61
22169089.35
46465773.13
41862878.47
22844185.87
23743625.41
45021222.05
46703522.32
41575091.43
42905929.25
44817608.81
22203300.03
25207879.58
40975481.46
40135750.46
77399943.67
22969178.13
41503395.44
76409298.45
41643341.67
44186055.4
25746649.18
75926728.73
75473489.6
24514446.15
74973691.93
45908085.79
43774101.71
43917669.41
45633330.53
78272505.19
46428288.11
23273158.36
75895080.09
44038090.8
75316491.33
19525358.97
41445137.39
45751754.75
23689391.67
40783412.19
74973691.93
45103546.19
42829543.47
45300552.7
44630666.04
41684368.18
77893042.94
45758344.22
23324756.91
45180472.67
41745504.75
76615862.76
75961595.57
47184002.06
42833072.95
75153632.21
44940262.63
44911055.92
25392792.79
75221382.61
25681121.79
27272399.36
22791662.9
27761146.46
44481024.36
24708691.67
41764160.8
40803802.35
39925065.9
42002154.4
44394899.49
22389773.06
23737244.54
45921666.75
42374286.71
40885586.98
22374881.97
74736892.36
19652324.29
13056381.8
44624389.36
46588499.84
46695166.87
43708415.49
45189727.11
44681141.42
41781881.65
23220264.88
40081897.9
75221382.61
24238849.47
41779784.24
44676038.39
77188589.52
44433109.11
42348481.58
41658927.65
76054646.3
76525606.12
46482193.37
23703527.22
42891854.13
74165834.81
13110602.52
46702409.55
41954575.93
43759915.91
41403089.57
47096898.31
23747723.75
40699822.75
75765566.41
24061865.99
25358233.28
40891568.12
41952219.61
26018438.42
74845709.26
42082182.37
40147222.77
39721097.33
22750008.4
22905577.5
45605917.92
40177250.56
44088474.66
45453553.99
75765566.41
44154518.27
44791296.1
27388547.71
23650489.07
45791434.13
23466255.3
44911292.5
76559662.38
76640430.29
25844671.91
39991616.37
46777542.12
42379317.98
23612464.9
76293099.35
26176448.72
46459480.62
45251615.81
46329474.59
39447744.31
45646864.77
41779784.24
43164752.82
26549848.97
77869305.47
40148844.07
23401204.33
76615862.76
77645285.84
75070993.39
45929320.45
18666570.23
24444082.89
19332113.48
76293099.35
45087141.1
44632814.48
23093948.31
42227389.7
41247736.76
46038866.5
44920135.18
26264896.4
76214726.39
45695716.08
40118125.06
40061133.63
44287139.17
40610425.73
75489486.43
22421964.03
41920851.03
45092648.7
22330182.94
44694389.06
77058239.17
41600654.12
45606115.26
43199651.17
43440787.63
75579938.39
23281720.84
21665449.63
44531527.09
22350281.28
45251615.81
26579507.49
77058239.17
24099846.85
45822493.35
75961595.57
19440998.35
25612796.11
23703527.22
45624801.37
45022534.17
40340769.92
46686971.8
46276100.0
75553392.61
44433109.11
47278048.29
45712015.83
44920135.18
76550341.93
42227389.7
76435167.4
39815334.83
25987489.61
45678386.58
39577141.01
74914357.86
24754909.73
23042240.38
76550341.93
74341906.62
40611225.24
75489486.43
41862878.47
44094072.05
23226647.6
22641781.21
42042612.05
13167934.29
45251615.81
77893042.94
26223000.31
42320069.68
42702759.27
41187107.25
44756623.44
45330596.71
26197801.75
41936775.44
77173389.99
40866531.21
23373212.04
22565413.08
44956672.32
77399943.67
22810432.89
45622774.46
75579938.39
19045542.78
75475961.51
46802801.49
76170116.04
42999876.06
76525606.12
25287871.17
45300552.7
44681141.42
74328442.23
74165834.81
27476468.07
74875663.64
40372620.23
43880438.85
75670938.62
75792525.09
26050637.34
75929557.83
40771847.66
77145442.93
44186055.4
45791254.92
24230797.84
22665885.6
75733673.23
45558611.05
43830990.64
78174654.64
41879136.43
26656130.2
78272505.19
44718898.28
13146507.73
75961595.57
45186091.0
44276906.08
45233620.19
43968074.78
77348932.1
40488210.14
23242276.26
26082837.84
44276906.08
40972173.32
44276906.08
46650634.66
41752617.19
45414481.19
41708985.5
46755421.98
41462304.64
45708426.79
40964056.65
26992869.48
40889299.43
45267718.99
26220407.44
40724087.4
46481629.74
45269901.23
41114533.64
45594124.19
46666229.87
41390811.98
45715260.27
78272505.19
46367906.1
22565020.69
46649290.56
44504694.68
77145442.93
75221382.61
43134975.05
41611359.4
74165834.81
40663811.64
41859603.78
23257520.82
40007264.44
42540721.11
24422494.34
23434352.98
45847385.93
39448116.58
46573653.97
45189727.11
40557404.8
43150569.36
22103832.26
41611359.4
45683918.78
45108167.94
23787706.71
25316928.99
22565413.06
44474129.21
39024266.69
45706358.91
44702333.86
76054646.3
43224565.69
75481606.15
41152891.79
45824085.17
45085190.14
74875663.64
42589077.79
23378536.52
45689330.1
42849254.97
26950661.1
44549929.19
45350269.54
75961595.57
40611256.43
43721679.43
44960000.93
75625518.82
46767283.25
74730144.42
45404653.56
44663847.38
44952305.17
42829543.47
47110373.46
40898114.13
40705214.0
75437650.42
41735723.53
75792525.09
19986799.29
40542513.29
45456333.71
26050637.34
77645285.84
40973409.54
77869305.47
27275620.57
45671285.83
45764482.82
44529776.0
41581150.63
23771445.44
22248938.27
22707409.17
25875499.06
13085293.51
20286094.53
40286248.35
44632814.48
77314763.99
45449764.6
45041278.78
47094903.54
20378251.62
19515660.56
24601570.48
76640430.29
23333876.65
26308373.33
75987089.76
44825146.94
23678153.29
28029488.16
40077832.05
26008339.15
44828332.04
45598705.6
44143720.89
77409816.69
74165834.81
45960959.84
22660556.86
75895080.09
45420492.51
45436805.11
46978430.85
40221233.53
76293099.35
42103620.53
25723597.46
78172550.47
44095754.62
44466828.45
77348932.1
46804340.43
77888823.79
39473247.54
44849632.04
24778875.68
76265464.39
75765566.41
44308359.16
45523079.22
75317527.85
75221382.61
79684117.69
40148844.07
44333448.57
41445380.59
40945086.2
41716009.46
45087141.1
75575400.17
27227847.57
44955590.05
75087676.68
75489486.43
45786908.57
42345876.77
74997777.52
45434884.27
46361325.62
40730776.71
40610883.07
41132528.73
42235672.86
24900485.14
75961595.57
40420023.02
41268883.36
75087676.68
75851545.96
45618134.95
46460517.44
45764482.82
23407193.39
78174654.64
26056643.04
23486950.77
23598687.41
23779203.36
41823364.11
78272505.19
24398791.15
44225062.18
46847094.81
78172550.47
41205747.69
24465336.7
75920546.65
22215868.94
75926728.73
46497578.41
23396431.52
46766242.39
75481606.15
40135750.46
21957148.45
23289525.3
45197084.49
41366560.78
42210782.83
39481410.15
74206028.74
40921396.54
41017206.63
45695716.08
40682315.04
19381819.85
47125021.34
47516060.05
44164894.18
74165834.81
43877572.43
76320661.22
46777542.12
21973114.35
46109668.52
41555237.25
41334752.93
45983833.29
41676680.51
45683904.78
45251615.81
76435167.4
45423776.43
46213900.46
46834928.14
75553392.61
44416658.76
22911955.05
45423776.43
46914159.39
27337682.03
44881464.45
