2.265175119683828355e-04
1.834791846943902016e-02
2.516861244093142127e-05
2.516861244093142127e-05
2.516861244093142127e-05
3.107236103818692252e-07
2.265175119683828355e-04
1.834791846943902016e-02
2.516861244093142127e-05
2.265175119683828355e-04
2.516861244093142127e-05
2.265175119683828355e-04
2.265175119683828355e-04
2.038657607715446251e-03
2.038657607715446251e-03
2.265175119683828355e-04
2.796512493436823927e-06
1.834791846943902016e-02
2.516861244093142127e-05
2.796512493436823927e-06
2.265175119683828355e-04
2.038657607715446251e-03
2.265175119683828355e-04
3.107236103818692252e-07
3.107236103818692252e-07
2.038657607715446251e-03
2.516861244093142127e-05
3.107236103818692252e-07
2.265175119683828355e-04
2.796512493436823927e-06
2.265175119683828355e-04
2.516861244093142127e-05
2.516861244093142127e-05
1.651312662249512231e-01
2.038657607715446251e-03
2.516861244093142127e-05
3.107236103818692252e-07
2.516861244093142127e-05
1.834791846943902016e-02
2.516861244093142127e-05
2.516861244093142127e-05
2.796512493436823927e-06
2.516861244093142127e-05
2.796512493436823927e-06
2.516861244093142127e-05
2.038657607715446251e-03
2.516861244093142127e-05
2.265175119683828355e-04
2.265175119683828355e-04
2.516861244093142127e-05
2.038657607715446251e-03
2.265175119683828355e-04
2.516861244093142127e-05
1.834791846943902016e-02
2.516861244093142127e-05
2.796512493436823927e-06
2.265175119683828355e-04
2.265175119683828355e-04
2.796512493436823927e-06
2.516861244093142127e-05
2.516861244093142127e-05
2.796512493436823927e-06
2.516861244093142127e-05
2.796512493436823927e-06
2.796512493436823927e-06
2.038657607715446251e-03
2.265175119683828355e-04
3.107236103818692252e-07
2.038657607715446251e-03
2.516861244093142127e-05
2.265175119683828355e-04
2.038657607715446251e-03
2.516861244093142127e-05
2.265175119683828355e-04
2.265175119683828355e-04
2.265175119683828355e-04
2.516861244093142127e-05
1.834791846943902016e-02
2.038657607715446251e-03
3.107236103818692252e-07
2.516861244093142127e-05
2.265175119683828355e-04
2.038657607715446251e-03
2.796512493436823927e-06
2.516861244093142127e-05
2.265175119683828355e-04
2.516861244093142127e-05
2.796512493436823927e-06
3.452484559798546799e-08
2.516861244093142127e-05
2.796512493436823927e-06
2.265175119683828355e-04
2.796512493436823927e-06
3.107236103818692252e-07
2.516861244093142127e-05
2.796512493436823927e-06
2.516861244093142127e-05
2.516861244093142127e-05
2.265175119683828355e-04
2.516861244093142127e-05
2.038657607715446251e-03
2.796512493436823927e-06
2.516861244093142127e-05
2.516861244093142127e-05
2.265175119683828355e-04
2.265175119683828355e-04
2.796512493436823927e-06
2.038657607715446251e-03
2.265175119683828355e-04
2.796512493436823927e-06
2.265175119683828355e-04
2.796512493436823927e-06
2.265175119683828355e-04
2.516861244093142127e-05
1.834791846943902016e-02
2.516861244093142127e-05
2.265175119683828355e-04
2.516861244093142127e-05
2.265175119683828355e-04
2.516861244093142127e-05
2.265175119683828355e-04
1.651312662249512231e-01
3.107236103818692252e-07
2.516861244093142127e-05
2.265175119683828355e-04
2.796512493436823927e-06
2.516861244093142127e-05
2.796512493436823927e-06
2.516861244093142127e-05
2.516861244093142127e-05
2.038657607715446251e-03
2.516861244093142127e-05
2.038657607715446251e-03
2.265175119683828355e-04
2.516861244093142127e-05
2.265175119683828355e-04
2.038657607715446251e-03
2.516861244093142127e-05
2.516861244093142127e-05
2.516861244093142127e-05
2.516861244093142127e-05
2.516861244093142127e-05
2.796512493436823927e-06
2.516861244093142127e-05
2.796512493436823927e-06
2.516861244093142127e-05
2.516861244093142127e-05
2.265175119683828355e-04
2.265175119683828355e-04
2.796512493436823927e-06
2.265175119683828355e-04
2.516861244093142127e-05
2.516861244093142127e-05
2.516861244093142127e-05
3.107236103818692252e-07
2.265175119683828355e-04
1.834791846943902016e-02
2.796512493436823927e-06
2.796512493436823927e-06
2.516861244093142127e-05
2.038657607715446251e-03
2.265175119683828355e-04
2.265175119683828355e-04
2.265175119683828355e-04
2.516861244093142127e-05
2.038657607715446251e-03
3.107236103818692252e-07
2.265175119683828355e-04
2.265175119683828355e-04
2.265175119683828355e-04
2.265175119683828355e-04
1.834791846943902016e-02
2.265175119683828355e-04
2.516861244093142127e-05
2.796512493436823927e-06
2.516861244093142127e-05
2.516861244093142127e-05
2.265175119683828355e-04
2.516861244093142127e-05
2.038657607715446251e-03
2.796512493436823927e-06
2.516861244093142127e-05
3.107236103818692252e-07
2.516861244093142127e-05
2.516861244093142127e-05
2.038657607715446251e-03
2.796512493436823927e-06
2.796512493436823927e-06
2.265175119683828355e-04
2.265175119683828355e-04
2.265175119683828355e-04
2.038657607715446251e-03
2.265175119683828355e-04
2.516861244093142127e-05
2.265175119683828355e-04
2.516861244093142127e-05
2.796512493436823927e-06
2.516861244093142127e-05
2.265175119683828355e-04
2.516861244093142127e-05
2.265175119683828355e-04
2.038657607715446251e-03
2.265175119683828355e-04
2.796512493436823927e-06
1.834791846943902016e-02
2.038657607715446251e-03
2.038657607715446251e-03
2.265175119683828355e-04
2.265175119683828355e-04
2.265175119683828355e-04
2.516861244093142127e-05
2.516861244093142127e-05
2.516861244093142127e-05
2.516861244093142127e-05
2.516861244093142127e-05
2.516861244093142127e-05
2.038657607715446251e-03
3.107236103818692252e-07
2.038657607715446251e-03
2.038657607715446251e-03
2.796512493436823927e-06
2.796512493436823927e-06
2.265175119683828355e-04
2.265175119683828355e-04
3.107236103818692252e-07
2.038657607715446251e-03
2.796512493436823927e-06
2.516861244093142127e-05
2.796512493436823927e-06
2.265175119683828355e-04
2.038657607715446251e-03
2.265175119683828355e-04
1.834791846943902016e-02
2.796512493436823927e-06
2.265175119683828355e-04
2.265175119683828355e-04
2.265175119683828355e-04
2.038657607715446251e-03
2.038657607715446251e-03
2.265175119683828355e-04
2.516861244093142127e-05
2.265175119683828355e-04
2.038657607715446251e-03
2.796512493436823927e-06
2.516861244093142127e-05
2.516861244093142127e-05
2.516861244093142127e-05
2.796512493436823927e-06
2.516861244093142127e-05
2.516861244093142127e-05
2.265175119683828355e-04
2.796512493436823927e-06
3.107236103818692252e-07
1.834791846943902016e-02
2.796512493436823927e-06
2.038657607715446251e-03
3.107236103818692252e-07
2.796512493436823927e-06
2.516861244093142127e-05
2.516861244093142127e-05
2.796512493436823927e-06
1.834791846943902016e-02
2.516861244093142127e-05
2.038657607715446251e-03
2.516861244093142127e-05
2.265175119683828355e-04
2.038657607715446251e-03
2.265175119683828355e-04
2.796512493436823927e-06
2.796512493436823927e-06
2.038657607715446251e-03
2.265175119683828355e-04
2.038657607715446251e-03
2.516861244093142127e-05
2.265175119683828355e-04
2.265175119683828355e-04
2.038657607715446251e-03
2.265175119683828355e-04
2.265175119683828355e-04
2.265175119683828355e-04
2.516861244093142127e-05
3.452484559798546799e-08
2.516861244093142127e-05
2.038657607715446251e-03
2.516861244093142127e-05
2.038657607715446251e-03
2.265175119683828355e-04
2.516861244093142127e-05
2.516861244093142127e-05
2.516861244093142127e-05
2.265175119683828355e-04
2.038657607715446251e-03
2.265175119683828355e-04
2.516861244093142127e-05
2.516861244093142127e-05
2.796512493436823927e-06
2.265175119683828355e-04
2.038657607715446251e-03
2.516861244093142127e-05
2.796512493436823927e-06
2.516861244093142127e-05
1.834791846943902016e-02
2.796512493436823927e-06
2.265175119683828355e-04
2.516861244093142127e-05
2.796512493436823927e-06
2.265175119683828355e-04
2.265175119683828355e-04
2.038657607715446251e-03
2.038657607715446251e-03
2.038657607715446251e-03
3.107236103818692252e-07
2.516861244093142127e-05
2.265175119683828355e-04
2.516861244093142127e-05
2.516861244093142127e-05
1.834791846943902016e-02
2.516861244093142127e-05
2.265175119683828355e-04
2.265175119683828355e-04
2.038657607715446251e-03
1.834791846943902016e-02
3.107236103818692252e-07
1.834791846943902016e-02
2.516861244093142127e-05
2.038657607715446251e-03
2.516861244093142127e-05
3.107236103818692252e-07
2.796512493436823927e-06
2.038657607715446251e-03
1.651312662249512231e-01
2.796512493436823927e-06
2.265175119683828355e-04
2.265175119683828355e-04
2.265175119683828355e-04
2.265175119683828355e-04
2.265175119683828355e-04
2.038657607715446251e-03
2.038657607715446251e-03
2.265175119683828355e-04
2.038657607715446251e-03
2.265175119683828355e-04
2.265175119683828355e-04
2.265175119683828355e-04
1.834791846943902016e-02
2.516861244093142127e-05
2.265175119683828355e-04
2.516861244093142127e-05
2.265175119683828355e-04
2.796512493436823927e-06
2.516861244093142127e-05
2.516861244093142127e-05
2.265175119683828355e-04
2.516861244093142127e-05
2.796512493436823927e-06
2.796512493436823927e-06
2.516861244093142127e-05
2.516861244093142127e-05
2.038657607715446251e-03
2.265175119683828355e-04
2.265175119683828355e-04
2.265175119683828355e-04
2.516861244093142127e-05
1.834791846943902016e-02
2.038657607715446251e-03
1.834791846943902016e-02
2.516861244093142127e-05
2.265175119683828355e-04
2.265175119683828355e-04
2.516861244093142127e-05
2.796512493436823927e-06
2.796512493436823927e-06
2.265175119683828355e-04
2.796512493436823927e-06
2.516861244093142127e-05
3.107236103818692252e-07
2.796512493436823927e-06
2.265175119683828355e-04
2.516861244093142127e-05
2.265175119683828355e-04
2.265175119683828355e-04
2.796512493436823927e-06
2.796512493436823927e-06
2.796512493436823927e-06
