5.689899982641508363e-05
6.322111091823896769e-06
5.689899982641508363e-05
6.322111091823896769e-06
5.120909984377359017e-04
5.689899982641508363e-05
5.120909984377359017e-04
6.322111091823896769e-06
4.608818985939623983e-03
4.608818985939623983e-03
6.322111091823896769e-06
5.120909984377359017e-04
6.322111091823896769e-06
5.689899982641508363e-05
4.608818985939623983e-03
6.322111091823896769e-06
5.120909984377359017e-04
7.024567879804326920e-07
6.322111091823896769e-06
5.689899982641508363e-05
4.608818985939623983e-03
5.689899982641508363e-05
5.689899982641508363e-05
4.147937087345662105e-02
5.689899982641508363e-05
5.689899982641508363e-05
5.120909984377359017e-04
7.024567879804326920e-07
4.608818985939623983e-03
5.689899982641508363e-05
5.120909984377359017e-04
5.689899982641508363e-05
5.689899982641508363e-05
4.608818985939623983e-03
5.120909984377359017e-04
5.689899982641508363e-05
5.120909984377359017e-04
6.322111091823896769e-06
5.120909984377359017e-04
4.147937087345662105e-02
5.120909984377359017e-04
4.147937087345662105e-02
5.120909984377359017e-04
5.689899982641508363e-05
5.120909984377359017e-04
5.689899982641508363e-05
5.120909984377359017e-04
5.120909984377359017e-04
5.689899982641508363e-05
6.322111091823896769e-06
4.608818985939623983e-03
4.608818985939623983e-03
5.689899982641508363e-05
5.120909984377359017e-04
5.689899982641508363e-05
4.608818985939623983e-03
5.689899982641508363e-05
4.608818985939623983e-03
5.689899982641508363e-05
7.024567879804326920e-07
5.689899982641508363e-05
6.322111091823896769e-06
5.689899982641508363e-05
5.120909984377359017e-04
4.147937087345662105e-02
5.120909984377359017e-04
4.147937087345662105e-02
5.120909984377359017e-04
5.689899982641508363e-05
6.322111091823896769e-06
5.120909984377359017e-04
6.322111091823896769e-06
5.689899982641508363e-05
6.322111091823896769e-06
6.322111091823896769e-06
5.689899982641508363e-05
5.120909984377359017e-04
5.120909984377359017e-04
5.120909984377359017e-04
6.322111091823896769e-06
5.689899982641508363e-05
5.120909984377359017e-04
6.322111091823896769e-06
5.689899982641508363e-05
4.608818985939623983e-03
5.689899982641508363e-05
4.608818985939623983e-03
6.322111091823896769e-06
5.120909984377359017e-04
4.147937087345662105e-02
5.689899982641508363e-05
4.147937087345662105e-02
6.322111091823896769e-06
6.322111091823896769e-06
4.608818985939623983e-03
5.120909984377359017e-04
4.608818985939623983e-03
4.147937087345662105e-02
4.147937087345662105e-02
6.322111091823896769e-06
5.689899982641508363e-05
5.120909984377359017e-04
5.689899982641508363e-05
5.120909984377359017e-04
4.147937087345662105e-02
4.147937087345662105e-02
5.689899982641508363e-05
5.120909984377359017e-04
5.120909984377359017e-04
7.024567879804326920e-07
5.120909984377359017e-04
7.805075422004807836e-08
4.608818985939623983e-03
5.120909984377359017e-04
7.024567879804326920e-07
5.120909984377359017e-04
6.322111091823896769e-06
5.689899982641508363e-05
6.322111091823896769e-06
7.024567879804326920e-07
5.689899982641508363e-05
7.024567879804326920e-07
5.120909984377359017e-04
6.322111091823896769e-06
5.689899982641508363e-05
6.322111091823896769e-06
5.120909984377359017e-04
5.120909984377359017e-04
5.689899982641508363e-05
5.689899982641508363e-05
5.689899982641508363e-05
6.322111091823896769e-06
5.689899982641508363e-05
6.322111091823896769e-06
5.120909984377359017e-04
7.024567879804326920e-07
5.120909984377359017e-04
4.608818985939623983e-03
7.024567879804326920e-07
6.322111091823896769e-06
7.024567879804326920e-07
4.608818985939623983e-03
7.024567879804326920e-07
4.608818985939623983e-03
5.120909984377359017e-04
4.608818985939623983e-03
5.120909984377359017e-04
5.689899982641508363e-05
7.024567879804326920e-07
5.120909984377359017e-04
4.608818985939623983e-03
4.608818985939623983e-03
3.733143378611097352e-01
5.120909984377359017e-04
5.120909984377359017e-04
6.322111091823896769e-06
5.120909984377359017e-04
6.322111091823896769e-06
5.689899982641508363e-05
6.322111091823896769e-06
5.689899982641508363e-05
5.689899982641508363e-05
5.120909984377359017e-04
7.024567879804326920e-07
5.120909984377359017e-04
5.120909984377359017e-04
5.120909984377359017e-04
6.322111091823896769e-06
5.120909984377359017e-04
5.689899982641508363e-05
5.120909984377359017e-04
7.024567879804326920e-07
5.689899982641508363e-05
6.322111091823896769e-06
7.024567879804326920e-07
5.120909984377359017e-04
7.024567879804326920e-07
5.120909984377359017e-04
5.689899982641508363e-05
5.120909984377359017e-04
5.689899982641508363e-05
7.024567879804326920e-07
7.024567879804326920e-07
5.120909984377359017e-04
5.120909984377359017e-04
5.120909984377359017e-04
6.322111091823896769e-06
5.120909984377359017e-04
4.147937087345662105e-02
5.120909984377359017e-04
5.689899982641508363e-05
6.322111091823896769e-06
