3.569050603164654334e-03
2.890930988563371051e-01
3.965611781294059467e-04
3.569050603164654334e-03
3.212145542848189594e-02
3.212145542848189594e-02
4.406235312548953533e-05
4.406235312548953533e-05
2.890930988563371051e-01
3.965611781294059467e-04
3.569050603164654334e-03
3.212145542848189594e-02
3.212145542848189594e-02
3.965611781294059467e-04
3.965611781294059467e-04
3.965611781294059467e-04
3.569050603164654334e-03
3.569050603164654334e-03
3.569050603164654334e-03
3.569050603164654334e-03
3.965611781294059467e-04
4.406235312548953533e-05
3.569050603164654334e-03
3.569050603164654334e-03
3.569050603164654334e-03
4.895817013943280857e-06
3.212145542848189594e-02
3.965611781294059467e-04
3.569050603164654334e-03
3.569050603164654334e-03
4.406235312548953533e-05
3.212145542848189594e-02
3.212145542848189594e-02
4.406235312548953533e-05
3.569050603164654334e-03
4.406235312548953533e-05
3.212145542848189594e-02
3.965611781294059467e-04
3.569050603164654334e-03
3.965611781294059467e-04
4.406235312548953533e-05
4.406235312548953533e-05
3.965611781294059467e-04
3.965611781294059467e-04
4.406235312548953533e-05
3.212145542848189594e-02
3.965611781294059467e-04
3.965611781294059467e-04
4.406235312548953533e-05
4.406235312548953533e-05
4.406235312548953533e-05
3.965611781294059467e-04
3.569050603164654334e-03
4.406235312548953533e-05
3.212145542848189594e-02
3.569050603164654334e-03
3.212145542848189594e-02
3.965611781294059467e-04
3.569050603164654334e-03
4.406235312548953533e-05
3.965611781294059467e-04
3.965611781294059467e-04
3.965611781294059467e-04
4.406235312548953533e-05
