1.124071754189269988e-03
1.248968615765855121e-04
1.541936562673894408e-06
1.248968615765855121e-04
1.011664578770343249e-02
1.124071754189269988e-03
1.387742906406505369e-05
1.248968615765855121e-04
1.387742906406505369e-05
1.248968615765855121e-04
1.541936562673894408e-06
1.248968615765855121e-04
1.248968615765855121e-04
1.248968615765855121e-04
1.248968615765855121e-04
1.248968615765855121e-04
1.387742906406505369e-05
1.248968615765855121e-04
1.248968615765855121e-04
1.248968615765855121e-04
1.124071754189269988e-03
1.124071754189269988e-03
1.124071754189269988e-03
1.248968615765855121e-04
1.124071754189269988e-03
1.248968615765855121e-04
1.387742906406505369e-05
1.124071754189269988e-03
1.541936562673894408e-06
1.541936562673894408e-06
1.387742906406505369e-05
1.124071754189269988e-03
1.124071754189269988e-03
1.387742906406505369e-05
1.248968615765855121e-04
1.248968615765855121e-04
9.104981208933091152e-02
1.387742906406505369e-05
1.124071754189269988e-03
1.248968615765855121e-04
1.124071754189269988e-03
1.124071754189269988e-03
1.248968615765855121e-04
1.248968615765855121e-04
1.248968615765855121e-04
1.124071754189269988e-03
1.124071754189269988e-03
1.541936562673894408e-06
1.124071754189269988e-03
1.248968615765855121e-04
1.387742906406505369e-05
1.124071754189269988e-03
1.387742906406505369e-05
1.124071754189269988e-03
1.248968615765855121e-04
1.248968615765855121e-04
1.011664578770343249e-02
1.248968615765855121e-04
1.011664578770343249e-02
1.011664578770343249e-02
1.124071754189269988e-03
1.011664578770343249e-02
1.248968615765855121e-04
1.011664578770343249e-02
1.011664578770343249e-02
1.248968615765855121e-04
1.387742906406505369e-05
1.124071754189269988e-03
1.387742906406505369e-05
1.387742906406505369e-05
1.248968615765855121e-04
1.011664578770343249e-02
1.387742906406505369e-05
1.124071754189269988e-03
1.124071754189269988e-03
1.011664578770343249e-02
1.387742906406505369e-05
1.124071754189269988e-03
1.248968615765855121e-04
1.011664578770343249e-02
9.104981208933091152e-02
1.248968615765855121e-04
1.387742906406505369e-05
1.124071754189269988e-03
1.124071754189269988e-03
1.248968615765855121e-04
1.248968615765855121e-04
1.011664578770343249e-02
1.011664578770343249e-02
1.248968615765855121e-04
1.387742906406505369e-05
1.011664578770343249e-02
1.248968615765855121e-04
1.124071754189269988e-03
1.124071754189269988e-03
1.011664578770343249e-02
1.011664578770343249e-02
1.124071754189269988e-03
1.248968615765855121e-04
1.124071754189269988e-03
1.387742906406505369e-05
1.124071754189269988e-03
1.248968615765855121e-04
1.387742906406505369e-05
1.124071754189269988e-03
1.124071754189269988e-03
1.011664578770343249e-02
1.541936562673894408e-06
1.387742906406505369e-05
1.248968615765855121e-04
1.541936562673894408e-06
1.248968615765855121e-04
1.248968615765855121e-04
1.124071754189269988e-03
1.541936562673894408e-06
9.104981208933091152e-02
9.104981208933091152e-02
1.124071754189269988e-03
1.124071754189269988e-03
1.124071754189269988e-03
1.124071754189269988e-03
1.387742906406505369e-05
1.124071754189269988e-03
1.248968615765855121e-04
1.248968615765855121e-04
9.104981208933091152e-02
1.124071754189269988e-03
1.124071754189269988e-03
1.124071754189269988e-03
9.104981208933091152e-02
1.387742906406505369e-05
1.248968615765855121e-04
1.011664578770343249e-02
1.387742906406505369e-05
1.387742906406505369e-05
1.124071754189269988e-03
1.541936562673894408e-06
1.124071754189269988e-03
1.248968615765855121e-04
1.541936562673894408e-06
1.248968615765855121e-04
1.387742906406505369e-05
1.248968615765855121e-04
1.387742906406505369e-05
1.248968615765855121e-04
1.011664578770343249e-02
1.248968615765855121e-04
1.011664578770343249e-02
1.124071754189269988e-03
1.011664578770343249e-02
1.248968615765855121e-04
1.011664578770343249e-02
1.124071754189269988e-03
1.248968615765855121e-04
1.124071754189269988e-03
1.387742906406505369e-05
1.713262847415438143e-07
1.124071754189269988e-03
1.011664578770343249e-02
1.248968615765855121e-04
1.011664578770343249e-02
1.011664578770343249e-02
1.248968615765855121e-04
1.387742906406505369e-05
1.124071754189269988e-03
1.011664578770343249e-02
1.124071754189269988e-03
1.124071754189269988e-03
1.248968615765855121e-04
1.011664578770343249e-02
1.541936562673894408e-06
1.248968615765855121e-04
1.124071754189269988e-03
1.124071754189269988e-03
1.124071754189269988e-03
1.248968615765855121e-04
1.541936562673894408e-06
1.124071754189269988e-03
1.387742906406505369e-05
1.541936562673894408e-06
1.011664578770343249e-02
9.104981208933091152e-02
1.124071754189269988e-03
1.011664578770343249e-02
1.124071754189269988e-03
1.387742906406505369e-05
1.248968615765855121e-04
1.011664578770343249e-02
1.248968615765855121e-04
1.248968615765855121e-04
1.387742906406505369e-05
1.387742906406505369e-05
