3.711918466106974989e-04
3.711918466106974989e-04
3.711918466106974989e-04
3.340726619496278520e-03
3.006653957546651101e-02
2.705988561791986546e-01
3.006653957546651101e-02
3.006653957546651101e-02
4.124353851229971231e-05
3.711918466106974989e-04
3.340726619496278520e-03
4.124353851229971231e-05
3.340726619496278520e-03
3.340726619496278520e-03
3.006653957546651101e-02
3.340726619496278520e-03
3.006653957546651101e-02
3.711918466106974989e-04
4.124353851229971231e-05
3.340726619496278520e-03
3.006653957546651101e-02
3.711918466106974989e-04
3.340726619496278520e-03
3.340726619496278520e-03
3.711918466106974989e-04
3.006653957546651101e-02
3.340726619496278520e-03
3.711918466106974989e-04
3.006653957546651101e-02
3.711918466106974989e-04
4.124353851229971231e-05
3.340726619496278520e-03
4.124353851229971231e-05
4.582615390255521990e-06
4.582615390255521990e-06
3.006653957546651101e-02
2.705988561791986546e-01
4.124353851229971231e-05
3.340726619496278520e-03
3.711918466106974989e-04
3.006653957546651101e-02
3.006653957546651101e-02
3.340726619496278520e-03
3.340726619496278520e-03
3.340726619496278520e-03
3.711918466106974989e-04
3.340726619496278520e-03
3.340726619496278520e-03
3.711918466106974989e-04
4.124353851229971231e-05
3.340726619496278520e-03
3.711918466106974989e-04
4.124353851229971231e-05
3.711918466106974989e-04
3.711918466106974989e-04
3.711918466106974989e-04
3.006653957546651101e-02
3.711918466106974989e-04
4.124353851229971231e-05
3.006653957546651101e-02
3.340726619496278520e-03
3.711918466106974989e-04
3.711918466106974989e-04
3.711918466106974989e-04
