4.128170215764688576e-04
4.586855795294097213e-05
5.096506439215661782e-06
5.096506439215661782e-06
4.586855795294097213e-05
4.586855795294097213e-05
4.128170215764688576e-04
3.715353194188220423e-03
4.128170215764688576e-04
3.715353194188220423e-03
4.586855795294097213e-05
4.586855795294097213e-05
4.586855795294097213e-05
4.128170215764688576e-04
4.586855795294097213e-05
5.096506439215661782e-06
4.586855795294097213e-05
4.586855795294097213e-05
3.715353194188220423e-03
5.096506439215661782e-06
4.586855795294097213e-05
4.128170215764688576e-04
4.586855795294097213e-05
4.128170215764688576e-04
4.586855795294097213e-05
5.096506439215661782e-06
3.715353194188220423e-03
4.128170215764688576e-04
4.586855795294097213e-05
4.128170215764688576e-04
3.715353194188220423e-03
4.128170215764688576e-04
3.715353194188220423e-03
5.096506439215661782e-06
4.586855795294097213e-05
4.586855795294097213e-05
3.715353194188220423e-03
4.128170215764688576e-04
4.586855795294097213e-05
5.662784932461845130e-07
4.586855795294097213e-05
3.343817874769398901e-02
5.096506439215661782e-06
4.586855795294097213e-05
5.662784932461845130e-07
4.128170215764688576e-04
4.128170215764688576e-04
4.586855795294097213e-05
4.586855795294097213e-05
4.586855795294097213e-05
5.096506439215661782e-06
4.128170215764688576e-04
4.586855795294097213e-05
4.128170215764688576e-04
4.586855795294097213e-05
4.128170215764688576e-04
4.586855795294097213e-05
4.128170215764688576e-04
4.586855795294097213e-05
5.662784932461845130e-07
4.586855795294097213e-05
3.343817874769398901e-02
4.128170215764688576e-04
4.128170215764688576e-04
4.128170215764688576e-04
5.096506439215661782e-06
3.715353194188220423e-03
5.096506439215661782e-06
3.343817874769398901e-02
5.662784932461845130e-07
3.343817874769398901e-02
4.586855795294097213e-05
5.662784932461845130e-07
3.715353194188220423e-03
3.715353194188220423e-03
4.128170215764688576e-04
4.128170215764688576e-04
4.586855795294097213e-05
4.128170215764688576e-04
4.586855795294097213e-05
4.128170215764688576e-04
3.343817874769398901e-02
3.715353194188220423e-03
4.128170215764688576e-04
3.715353194188220423e-03
3.343817874769398901e-02
4.128170215764688576e-04
3.715353194188220423e-03
4.586855795294097213e-05
5.096506439215661782e-06
4.586855795294097213e-05
4.586855795294097213e-05
4.586855795294097213e-05
4.128170215764688576e-04
5.096506439215661782e-06
4.586855795294097213e-05
5.662784932461845130e-07
5.096506439215661782e-06
4.586855795294097213e-05
4.586855795294097213e-05
4.586855795294097213e-05
4.586855795294097213e-05
5.096506439215661782e-06
4.586855795294097213e-05
5.096506439215661782e-06
4.128170215764688576e-04
3.715353194188220423e-03
4.586855795294097213e-05
4.586855795294097213e-05
4.586855795294097213e-05
4.128170215764688576e-04
3.343817874769398901e-02
5.096506439215661782e-06
5.662784932461845130e-07
3.715353194188220423e-03
4.128170215764688576e-04
3.715353194188220423e-03
6.291983258290938298e-08
4.586855795294097213e-05
5.662784932461845130e-07
4.128170215764688576e-04
5.096506439215661782e-06
5.096506439215661782e-06
4.128170215764688576e-04
4.128170215764688576e-04
4.128170215764688576e-04
5.662784932461845130e-07
4.586855795294097213e-05
4.128170215764688576e-04
4.586855795294097213e-05
3.715353194188220423e-03
3.715353194188220423e-03
4.586855795294097213e-05
4.586855795294097213e-05
5.662784932461845130e-07
4.586855795294097213e-05
3.715353194188220423e-03
5.096506439215661782e-06
3.715353194188220423e-03
6.291983258290938298e-08
4.586855795294097213e-05
5.096506439215661782e-06
5.096506439215661782e-06
3.343817874769398901e-02
4.586855795294097213e-05
3.715353194188220423e-03
4.586855795294097213e-05
4.586855795294097213e-05
4.128170215764688576e-04
4.586855795294097213e-05
4.128170215764688576e-04
5.096506439215661782e-06
4.128170215764688576e-04
5.096506439215661782e-06
4.586855795294097213e-05
4.128170215764688576e-04
5.096506439215661782e-06
4.128170215764688576e-04
4.586855795294097213e-05
5.096506439215661782e-06
5.662784932461845130e-07
3.343817874769398901e-02
3.715353194188220423e-03
4.586855795294097213e-05
4.586855795294097213e-05
5.096506439215661782e-06
4.128170215764688576e-04
3.715353194188220423e-03
4.586855795294097213e-05
4.128170215764688576e-04
4.586855795294097213e-05
3.715353194188220423e-03
5.096506439215661782e-06
3.343817874769398901e-02
5.096506439215661782e-06
3.715353194188220423e-03
5.096506439215661782e-06
4.586855795294097213e-05
4.586855795294097213e-05
4.128170215764688576e-04
5.096506439215661782e-06
4.128170215764688576e-04
4.128170215764688576e-04
4.128170215764688576e-04
4.586855795294097213e-05
5.662784932461845130e-07
4.128170215764688576e-04
4.128170215764688576e-04
4.586855795294097213e-05
4.128170215764688576e-04
5.662784932461845130e-07
5.096506439215661782e-06
3.715353194188220423e-03
4.586855795294097213e-05
4.128170215764688576e-04
5.096506439215661782e-06
4.586855795294097213e-05
4.586855795294097213e-05
4.128170215764688576e-04
4.586855795294097213e-05
3.343817874769398901e-02
5.096506439215661782e-06
4.586855795294097213e-05
5.096506439215661782e-06
4.586855795294097213e-05
4.128170215764688576e-04
4.586855795294097213e-05
3.715353194188220423e-03
4.128170215764688576e-04
4.586855795294097213e-05
5.096506439215661782e-06
4.586855795294097213e-05
5.096506439215661782e-06
4.128170215764688576e-04
4.128170215764688576e-04
4.128170215764688576e-04
4.128170215764688576e-04
4.586855795294097213e-05
5.096506439215661782e-06
4.128170215764688576e-04
4.586855795294097213e-05
4.128170215764688576e-04
4.128170215764688576e-04
4.586855795294097213e-05
3.715353194188220423e-03
4.586855795294097213e-05
5.096506439215661782e-06
4.128170215764688576e-04
5.662784932461845130e-07
4.586855795294097213e-05
4.586855795294097213e-05
5.096506439215661782e-06
4.128170215764688576e-04
5.096506439215661782e-06
3.715353194188220423e-03
4.586855795294097213e-05
4.128170215764688576e-04
4.128170215764688576e-04
3.715353194188220423e-03
4.586855795294097213e-05
4.586855795294097213e-05
4.586855795294097213e-05
5.096506439215661782e-06
4.586855795294097213e-05
4.128170215764688576e-04
5.662784932461845130e-07
4.128170215764688576e-04
4.586855795294097213e-05
4.128170215764688576e-04
4.128170215764688576e-04
4.586855795294097213e-05
4.586855795294097213e-05
4.586855795294097213e-05
5.096506439215661782e-06
3.715353194188220423e-03
4.586855795294097213e-05
4.128170215764688576e-04
4.128170215764688576e-04
3.715353194188220423e-03
4.586855795294097213e-05
4.586855795294097213e-05
5.096506439215661782e-06
4.128170215764688576e-04
3.715353194188220423e-03
4.586855795294097213e-05
4.586855795294097213e-05
4.586855795294097213e-05
5.096506439215661782e-06
5.096506439215661782e-06
3.715353194188220423e-03
4.586855795294097213e-05
4.586855795294097213e-05
5.096506439215661782e-06
4.586855795294097213e-05
3.343817874769398901e-02
5.096506439215661782e-06
4.586855795294097213e-05
5.662784932461845130e-07
4.586855795294097213e-05
5.096506439215661782e-06
4.586855795294097213e-05
4.586855795294097213e-05
4.128170215764688576e-04
3.343817874769398901e-02
4.586855795294097213e-05
5.096506439215661782e-06
4.586855795294097213e-05
4.128170215764688576e-04
4.128170215764688576e-04
4.586855795294097213e-05
4.128170215764688576e-04
3.343817874769398901e-02
4.128170215764688576e-04
3.715353194188220423e-03
3.343817874769398901e-02
5.096506439215661782e-06
4.128170215764688576e-04
5.662784932461845130e-07
3.343817874769398901e-02
4.586855795294097213e-05
5.662784932461845130e-07
3.715353194188220423e-03
5.096506439215661782e-06
5.096506439215661782e-06
4.128170215764688576e-04
4.128170215764688576e-04
3.715353194188220423e-03
4.128170215764688576e-04
4.586855795294097213e-05
4.128170215764688576e-04
4.586855795294097213e-05
4.586855795294097213e-05
6.291983258290938298e-08
5.096506439215661782e-06
3.715353194188220423e-03
3.715353194188220423e-03
3.715353194188220423e-03
4.586855795294097213e-05
5.096506439215661782e-06
4.128170215764688576e-04
4.128170215764688576e-04
4.128170215764688576e-04
4.128170215764688576e-04
4.586855795294097213e-05
4.586855795294097213e-05
4.586855795294097213e-05
5.662784932461845130e-07
4.586855795294097213e-05
3.715353194188220423e-03
3.715353194188220423e-03
4.586855795294097213e-05
3.715353194188220423e-03
5.096506439215661782e-06
3.343817874769398901e-02
3.715353194188220423e-03
4.128170215764688576e-04
3.715353194188220423e-03
4.586855795294097213e-05
5.096506439215661782e-06
4.586855795294097213e-05
4.586855795294097213e-05
5.662784932461845130e-07
3.715353194188220423e-03
4.128170215764688576e-04
5.096506439215661782e-06
4.128170215764688576e-04
3.343817874769398901e-02
3.715353194188220423e-03
3.343817874769398901e-02
4.128170215764688576e-04
6.291983258290938298e-08
3.715353194188220423e-03
5.096506439215661782e-06
5.662784932461845130e-07
5.096506439215661782e-06
3.343817874769398901e-02
4.586855795294097213e-05
4.128170215764688576e-04
4.586855795294097213e-05
5.662784932461845130e-07
4.128170215764688576e-04
5.096506439215661782e-06
4.128170215764688576e-04
5.096506439215661782e-06
5.096506439215661782e-06
4.586855795294097213e-05
4.586855795294097213e-05
3.343817874769398901e-02
5.662784932461845130e-07
5.096506439215661782e-06
5.662784932461845130e-07
4.128170215764688576e-04
4.586855795294097213e-05
3.715353194188220423e-03
4.128170215764688576e-04
3.343817874769398901e-02
5.662784932461845130e-07
5.096506439215661782e-06
6.291983258290938298e-08
4.128170215764688576e-04
3.343817874769398901e-02
3.715353194188220423e-03
4.128170215764688576e-04
4.586855795294097213e-05
