2.475113800232279205e-06
2.004842178188147295e-04
2.227602420209052174e-05
1.461529947899160575e-01
2.004842178188147295e-04
2.475113800232279205e-06
1.623922164332399984e-02
2.004842178188147295e-04
2.475113800232279205e-06
2.004842178188147295e-04
2.227602420209052174e-05
2.004842178188147295e-04
2.475113800232279205e-06
2.475113800232279205e-06
2.227602420209052174e-05
1.804357960369333026e-03
1.804357960369333026e-03
2.004842178188147295e-04
2.750126444702531920e-07
2.004842178188147295e-04
2.227602420209052174e-05
1.804357960369333026e-03
2.475113800232279205e-06
2.475113800232279205e-06
2.750126444702531920e-07
1.804357960369333026e-03
1.623922164332399984e-02
2.004842178188147295e-04
2.004842178188147295e-04
1.461529947899160575e-01
2.004842178188147295e-04
1.623922164332399984e-02
2.750126444702531920e-07
1.623922164332399984e-02
1.804357960369333026e-03
2.475113800232279205e-06
2.004842178188147295e-04
1.804357960369333026e-03
2.227602420209052174e-05
1.804357960369333026e-03
2.750126444702531920e-07
2.004842178188147295e-04
2.227602420209052174e-05
2.227602420209052174e-05
2.004842178188147295e-04
1.804357960369333026e-03
2.227602420209052174e-05
2.475113800232279205e-06
2.004842178188147295e-04
2.227602420209052174e-05
1.804357960369333026e-03
2.475113800232279205e-06
2.227602420209052174e-05
2.004842178188147295e-04
2.227602420209052174e-05
2.004842178188147295e-04
2.004842178188147295e-04
2.227602420209052174e-05
1.804357960369333026e-03
2.004842178188147295e-04
1.804357960369333026e-03
2.750126444702531920e-07
1.804357960369333026e-03
2.227602420209052174e-05
1.804357960369333026e-03
1.804357960369333026e-03
1.804357960369333026e-03
2.004842178188147295e-04
2.004842178188147295e-04
2.750126444702531920e-07
2.004842178188147295e-04
2.475113800232279205e-06
1.804357960369333026e-03
2.004842178188147295e-04
2.227602420209052174e-05
2.227602420209052174e-05
2.475113800232279205e-06
2.475113800232279205e-06
1.623922164332399984e-02
2.475113800232279205e-06
2.227602420209052174e-05
2.004842178188147295e-04
2.004842178188147295e-04
2.004842178188147295e-04
1.804357960369333026e-03
2.227602420209052174e-05
2.227602420209052174e-05
2.227602420209052174e-05
2.004842178188147295e-04
2.227602420209052174e-05
2.004842178188147295e-04
2.227602420209052174e-05
2.475113800232279205e-06
2.227602420209052174e-05
2.227602420209052174e-05
2.004842178188147295e-04
2.227602420209052174e-05
2.004842178188147295e-04
2.004842178188147295e-04
2.750126444702531920e-07
2.004842178188147295e-04
1.804357960369333026e-03
2.475113800232279205e-06
1.804357960369333026e-03
2.475113800232279205e-06
1.804357960369333026e-03
1.623922164332399984e-02
2.004842178188147295e-04
2.227602420209052174e-05
2.004842178188147295e-04
2.750126444702531920e-07
2.475113800232279205e-06
1.623922164332399984e-02
1.804357960369333026e-03
2.227602420209052174e-05
2.227602420209052174e-05
2.004842178188147295e-04
2.004842178188147295e-04
1.804357960369333026e-03
2.004842178188147295e-04
2.227602420209052174e-05
2.004842178188147295e-04
2.004842178188147295e-04
1.804357960369333026e-03
2.004842178188147295e-04
2.227602420209052174e-05
1.804357960369333026e-03
2.004842178188147295e-04
2.004842178188147295e-04
1.804357960369333026e-03
1.623922164332399984e-02
1.804357960369333026e-03
2.227602420209052174e-05
2.475113800232279205e-06
2.004842178188147295e-04
2.227602420209052174e-05
2.475113800232279205e-06
2.004842178188147295e-04
2.004842178188147295e-04
1.804357960369333026e-03
1.804357960369333026e-03
2.004842178188147295e-04
1.623922164332399984e-02
2.227602420209052174e-05
2.227602420209052174e-05
2.004842178188147295e-04
2.227602420209052174e-05
2.475113800232279205e-06
1.804357960369333026e-03
1.804357960369333026e-03
1.804357960369333026e-03
1.804357960369333026e-03
2.004842178188147295e-04
2.227602420209052174e-05
2.475113800232279205e-06
1.804357960369333026e-03
2.750126444702531920e-07
2.004842178188147295e-04
1.804357960369333026e-03
2.227602420209052174e-05
1.804357960369333026e-03
2.227602420209052174e-05
2.004842178188147295e-04
2.227602420209052174e-05
2.227602420209052174e-05
1.804357960369333026e-03
2.227602420209052174e-05
2.227602420209052174e-05
2.004842178188147295e-04
2.475113800232279205e-06
1.804357960369333026e-03
2.004842178188147295e-04
2.475113800232279205e-06
2.004842178188147295e-04
1.804357960369333026e-03
1.804357960369333026e-03
2.227602420209052174e-05
2.750126444702531920e-07
2.227602420209052174e-05
2.475113800232279205e-06
1.804357960369333026e-03
2.227602420209052174e-05
2.227602420209052174e-05
2.004842178188147295e-04
2.227602420209052174e-05
2.004842178188147295e-04
2.475113800232279205e-06
1.804357960369333026e-03
2.004842178188147295e-04
1.804357960369333026e-03
2.475113800232279205e-06
2.227602420209052174e-05
2.475113800232279205e-06
2.004842178188147295e-04
2.004842178188147295e-04
1.804357960369333026e-03
1.804357960369333026e-03
2.004842178188147295e-04
2.004842178188147295e-04
2.475113800232279205e-06
2.004842178188147295e-04
2.475113800232279205e-06
2.004842178188147295e-04
2.004842178188147295e-04
2.227602420209052174e-05
1.623922164332399984e-02
2.475113800232279205e-06
2.227602420209052174e-05
2.750126444702531920e-07
2.227602420209052174e-05
2.227602420209052174e-05
2.227602420209052174e-05
2.227602420209052174e-05
2.004842178188147295e-04
2.475113800232279205e-06
1.804357960369333026e-03
2.004842178188147295e-04
2.750126444702531920e-07
1.804357960369333026e-03
2.004842178188147295e-04
2.004842178188147295e-04
2.004842178188147295e-04
2.750126444702531920e-07
2.475113800232279205e-06
2.227602420209052174e-05
1.804357960369333026e-03
2.227602420209052174e-05
2.227602420209052174e-05
2.475113800232279205e-06
1.623922164332399984e-02
2.475113800232279205e-06
1.623922164332399984e-02
1.804357960369333026e-03
2.750126444702531920e-07
2.475113800232279205e-06
2.227602420209052174e-05
2.004842178188147295e-04
2.004842178188147295e-04
2.227602420209052174e-05
2.004842178188147295e-04
2.227602420209052174e-05
1.623922164332399984e-02
1.804357960369333026e-03
2.475113800232279205e-06
1.623922164332399984e-02
2.750126444702531920e-07
2.475113800232279205e-06
2.475113800232279205e-06
2.227602420209052174e-05
2.475113800232279205e-06
2.227602420209052174e-05
2.004842178188147295e-04
2.227602420209052174e-05
1.804357960369333026e-03
2.227602420209052174e-05
1.804357960369333026e-03
2.475113800232279205e-06
2.475113800232279205e-06
2.227602420209052174e-05
2.750126444702531920e-07
2.004842178188147295e-04
2.004842178188147295e-04
2.004842178188147295e-04
2.227602420209052174e-05
1.804357960369333026e-03
1.804357960369333026e-03
2.227602420209052174e-05
2.227602420209052174e-05
3.055696049669479397e-08
2.004842178188147295e-04
2.227602420209052174e-05
2.004842178188147295e-04
2.475113800232279205e-06
2.004842178188147295e-04
1.623922164332399984e-02
2.004842178188147295e-04
2.475113800232279205e-06
1.804357960369333026e-03
2.475113800232279205e-06
2.004842178188147295e-04
1.804357960369333026e-03
2.004842178188147295e-04
1.804357960369333026e-03
1.623922164332399984e-02
2.227602420209052174e-05
1.623922164332399984e-02
2.227602420209052174e-05
1.623922164332399984e-02
2.004842178188147295e-04
2.750126444702531920e-07
2.475113800232279205e-06
3.055696049669479397e-08
2.227602420209052174e-05
1.623922164332399984e-02
2.004842178188147295e-04
1.623922164332399984e-02
2.750126444702531920e-07
1.804357960369333026e-03
2.227602420209052174e-05
2.004842178188147295e-04
2.227602420209052174e-05
1.804357960369333026e-03
1.623922164332399984e-02
2.750126444702531920e-07
2.004842178188147295e-04
2.004842178188147295e-04
2.004842178188147295e-04
1.804357960369333026e-03
2.004842178188147295e-04
2.227602420209052174e-05
2.227602420209052174e-05
2.004842178188147295e-04
3.055696049669479397e-08
1.804357960369333026e-03
2.004842178188147295e-04
2.004842178188147295e-04
2.227602420209052174e-05
1.804357960369333026e-03
2.004842178188147295e-04
2.004842178188147295e-04
2.004842178188147295e-04
2.750126444702531920e-07
1.804357960369333026e-03
2.227602420209052174e-05
2.227602420209052174e-05
2.004842178188147295e-04
2.004842178188147295e-04
1.804357960369333026e-03
2.004842178188147295e-04
2.750126444702531920e-07
1.804357960369333026e-03
3.055696049669479397e-08
2.227602420209052174e-05
2.004842178188147295e-04
2.004842178188147295e-04
2.227602420209052174e-05
2.750126444702531920e-07
2.004842178188147295e-04
2.227602420209052174e-05
2.004842178188147295e-04
2.475113800232279205e-06
2.227602420209052174e-05
2.004842178188147295e-04
2.475113800232279205e-06
2.475113800232279205e-06
1.623922164332399984e-02
2.475113800232279205e-06
2.475113800232279205e-06
2.227602420209052174e-05
2.475113800232279205e-06
1.804357960369333026e-03
2.227602420209052174e-05
2.227602420209052174e-05
2.227602420209052174e-05
2.004842178188147295e-04
2.004842178188147295e-04
1.804357960369333026e-03
1.804357960369333026e-03
1.623922164332399984e-02
2.227602420209052174e-05
1.804357960369333026e-03
1.804357960369333026e-03
1.804357960369333026e-03
2.227602420209052174e-05
2.227602420209052174e-05
1.804357960369333026e-03
1.623922164332399984e-02
1.461529947899160575e-01
2.227602420209052174e-05
2.004842178188147295e-04
1.804357960369333026e-03
1.623922164332399984e-02
2.475113800232279205e-06
2.004842178188147295e-04
2.227602420209052174e-05
2.750126444702531920e-07
2.227602420209052174e-05
2.004842178188147295e-04
2.004842178188147295e-04
2.750126444702531920e-07
2.004842178188147295e-04
2.750126444702531920e-07
1.804357960369333026e-03
2.475113800232279205e-06
