4.440477861202718506e-05
4.440477861202718506e-05
4.933864290225241467e-06
4.440477861202718506e-05
3.996430075082447672e-04
4.440477861202718506e-05
3.996430075082447672e-04
3.596787067574203772e-03
3.596787067574203772e-03
2.913397524735106825e-01
4.933864290225241467e-06
5.482071433583600218e-07
4.440477861202718506e-05
4.933864290225241467e-06
3.996430075082447672e-04
4.440477861202718506e-05
4.440477861202718506e-05
3.996430075082447672e-04
3.996430075082447672e-04
4.933864290225241467e-06
3.596787067574203772e-03
3.996430075082447672e-04
4.440477861202718506e-05
3.996430075082447672e-04
3.596787067574203772e-03
3.996430075082447672e-04
4.440477861202718506e-05
4.933864290225241467e-06
3.996430075082447672e-04
3.996430075082447672e-04
4.440477861202718506e-05
3.596787067574203772e-03
4.933864290225241467e-06
4.440477861202718506e-05
4.440477861202718506e-05
3.996430075082447672e-04
4.440477861202718506e-05
3.996430075082447672e-04
3.996430075082447672e-04
3.996430075082447672e-04
4.933864290225241467e-06
3.596787067574203772e-03
3.996430075082447672e-04
2.913397524735106825e-01
3.996430075082447672e-04
3.996430075082447672e-04
4.440477861202718506e-05
4.440477861202718506e-05
3.996430075082447672e-04
3.237108360816784436e-02
4.440477861202718506e-05
4.440477861202718506e-05
4.440477861202718506e-05
4.933864290225241467e-06
3.996430075082447672e-04
3.596787067574203772e-03
3.596787067574203772e-03
3.596787067574203772e-03
4.933864290225241467e-06
3.237108360816784436e-02
3.596787067574203772e-03
3.596787067574203772e-03
4.440477861202718506e-05
4.933864290225241467e-06
3.996430075082447672e-04
3.237108360816784436e-02
3.996430075082447672e-04
4.933864290225241467e-06
4.933864290225241467e-06
4.933864290225241467e-06
4.440477861202718506e-05
4.440477861202718506e-05
3.996430075082447672e-04
4.440477861202718506e-05
3.996430075082447672e-04
3.596787067574203772e-03
4.440477861202718506e-05
3.996430075082447672e-04
3.596787067574203772e-03
4.933864290225241467e-06
4.440477861202718506e-05
3.996430075082447672e-04
3.996430075082447672e-04
3.596787067574203772e-03
4.440477861202718506e-05
3.996430075082447672e-04
4.440477861202718506e-05
4.440477861202718506e-05
4.440477861202718506e-05
3.596787067574203772e-03
3.596787067574203772e-03
3.996430075082447672e-04
4.440477861202718506e-05
4.933864290225241467e-06
3.237108360816784436e-02
3.596787067574203772e-03
3.996430075082447672e-04
3.996430075082447672e-04
4.440477861202718506e-05
3.237108360816784436e-02
3.996430075082447672e-04
4.440477861202718506e-05
4.440477861202718506e-05
4.933864290225241467e-06
3.996430075082447672e-04
3.996430075082447672e-04
4.440477861202718506e-05
3.996430075082447672e-04
3.596787067574203772e-03
3.996430075082447672e-04
4.933864290225241467e-06
4.933864290225241467e-06
4.440477861202718506e-05
4.440477861202718506e-05
4.933864290225241467e-06
4.440477861202718506e-05
4.440477861202718506e-05
4.933864290225241467e-06
4.933864290225241467e-06
3.996430075082447672e-04
3.596787067574203772e-03
5.482071433583600218e-07
3.237108360816784436e-02
5.482071433583600218e-07
4.933864290225241467e-06
4.933864290225241467e-06
4.933864290225241467e-06
4.440477861202718506e-05
4.933864290225241467e-06
3.996430075082447672e-04
4.440477861202718506e-05
3.237108360816784436e-02
4.440477861202718506e-05
4.440477861202718506e-05
4.933864290225241467e-06
4.933864290225241467e-06
3.596787067574203772e-03
4.933864290225241467e-06
3.596787067574203772e-03
3.996430075082447672e-04
3.996430075082447672e-04
3.596787067574203772e-03
4.440477861202718506e-05
5.482071433583600218e-07
4.440477861202718506e-05
3.596787067574203772e-03
4.440477861202718506e-05
3.996430075082447672e-04
4.440477861202718506e-05
4.440477861202718506e-05
4.440477861202718506e-05
4.440477861202718506e-05
3.996430075082447672e-04
4.933864290225241467e-06
4.933864290225241467e-06
3.237108360816784436e-02
4.440477861202718506e-05
3.996430075082447672e-04
4.440477861202718506e-05
4.440477861202718506e-05
5.482071433583600218e-07
3.596787067574203772e-03
3.596787067574203772e-03
3.596787067574203772e-03
4.440477861202718506e-05
4.440477861202718506e-05
4.933864290225241467e-06
3.996430075082447672e-04
4.933864290225241467e-06
3.237108360816784436e-02
4.933864290225241467e-06
3.596787067574203772e-03
4.440477861202718506e-05
3.996430075082447672e-04
4.440477861202718506e-05
5.482071433583600218e-07
3.996430075082447672e-04
4.440477861202718506e-05
3.996430075082447672e-04
3.996430075082447672e-04
4.440477861202718506e-05
4.440477861202718506e-05
4.933864290225241467e-06
5.482071433583600218e-07
4.440477861202718506e-05
5.482071433583600218e-07
4.440477861202718506e-05
4.933864290225241467e-06
3.596787067574203772e-03
3.596787067574203772e-03
4.933864290225241467e-06
4.440477861202718506e-05
