1.704758919365028519e-02
1.894176577072253717e-03
2.338489601323768779e-05
2.338489601323768779e-05
2.338489601323768779e-05
2.338489601323768779e-05
2.338489601323768779e-05
1.894176577072253717e-03
1.894176577072253717e-03
2.104640641191392477e-04
2.338489601323768779e-05
2.104640641191392477e-04
2.338489601323768779e-05
2.104640641191392477e-04
2.338489601323768779e-05
2.598321779248631365e-06
2.104640641191392477e-04
2.338489601323768779e-05
2.104640641191392477e-04
1.894176577072253717e-03
2.104640641191392477e-04
2.104640641191392477e-04
2.104640641191392477e-04
1.894176577072253717e-03
2.598321779248631365e-06
2.338489601323768779e-05
2.104640641191392477e-04
2.887024199165145020e-07
1.894176577072253717e-03
2.598321779248631365e-06
2.598321779248631365e-06
1.704758919365028519e-02
2.338489601323768779e-05
2.338489601323768779e-05
2.338489601323768779e-05
2.887024199165145020e-07
2.338489601323768779e-05
2.104640641191392477e-04
1.894176577072253717e-03
2.104640641191392477e-04
2.338489601323768779e-05
2.338489601323768779e-05
1.894176577072253717e-03
2.338489601323768779e-05
2.598321779248631365e-06
2.598321779248631365e-06
2.338489601323768779e-05
2.104640641191392477e-04
2.104640641191392477e-04
2.104640641191392477e-04
2.598321779248631365e-06
2.598321779248631365e-06
2.598321779248631365e-06
2.104640641191392477e-04
2.104640641191392477e-04
1.894176577072253717e-03
1.704758919365028519e-02
2.338489601323768779e-05
1.894176577072253717e-03
2.338489601323768779e-05
2.104640641191392477e-04
2.338489601323768779e-05
2.104640641191392477e-04
1.894176577072253717e-03
2.104640641191392477e-04
2.338489601323768779e-05
2.338489601323768779e-05
2.338489601323768779e-05
2.598321779248631365e-06
2.338489601323768779e-05
2.598321779248631365e-06
2.104640641191392477e-04
2.104640641191392477e-04
2.598321779248631365e-06
2.338489601323768779e-05
2.104640641191392477e-04
2.338489601323768779e-05
1.534283027428526291e-01
2.338489601323768779e-05
2.104640641191392477e-04
2.338489601323768779e-05
1.894176577072253717e-03
2.598321779248631365e-06
2.338489601323768779e-05
1.894176577072253717e-03
2.598321779248631365e-06
2.104640641191392477e-04
2.598321779248631365e-06
2.598321779248631365e-06
2.104640641191392477e-04
2.338489601323768779e-05
2.598321779248631365e-06
2.104640641191392477e-04
2.104640641191392477e-04
1.894176577072253717e-03
2.104640641191392477e-04
1.894176577072253717e-03
2.598321779248631365e-06
2.338489601323768779e-05
1.894176577072253717e-03
2.104640641191392477e-04
2.104640641191392477e-04
2.338489601323768779e-05
2.104640641191392477e-04
2.104640641191392477e-04
2.338489601323768779e-05
1.894176577072253717e-03
2.598321779248631365e-06
2.104640641191392477e-04
2.104640641191392477e-04
2.104640641191392477e-04
2.338489601323768779e-05
2.104640641191392477e-04
2.887024199165145020e-07
2.598321779248631365e-06
1.894176577072253717e-03
1.894176577072253717e-03
1.704758919365028519e-02
2.598321779248631365e-06
1.534283027428526291e-01
2.598321779248631365e-06
2.338489601323768779e-05
1.704758919365028519e-02
2.338489601323768779e-05
1.894176577072253717e-03
2.338489601323768779e-05
2.104640641191392477e-04
2.887024199165145020e-07
2.338489601323768779e-05
2.104640641191392477e-04
2.598321779248631365e-06
2.104640641191392477e-04
1.894176577072253717e-03
2.104640641191392477e-04
2.338489601323768779e-05
1.704758919365028519e-02
2.104640641191392477e-04
2.104640641191392477e-04
2.104640641191392477e-04
1.894176577072253717e-03
2.598321779248631365e-06
2.887024199165145020e-07
2.887024199165145020e-07
1.534283027428526291e-01
2.104640641191392477e-04
1.704758919365028519e-02
2.338489601323768779e-05
2.104640641191392477e-04
1.894176577072253717e-03
2.598321779248631365e-06
1.894176577072253717e-03
1.894176577072253717e-03
2.338489601323768779e-05
2.598321779248631365e-06
1.894176577072253717e-03
2.338489601323768779e-05
2.104640641191392477e-04
2.104640641191392477e-04
1.894176577072253717e-03
1.894176577072253717e-03
2.598321779248631365e-06
2.338489601323768779e-05
2.104640641191392477e-04
3.207804665739049507e-08
2.104640641191392477e-04
2.598321779248631365e-06
2.598321779248631365e-06
1.894176577072253717e-03
2.598321779248631365e-06
2.104640641191392477e-04
2.338489601323768779e-05
1.894176577072253717e-03
1.894176577072253717e-03
1.704758919365028519e-02
1.894176577072253717e-03
1.704758919365028519e-02
1.894176577072253717e-03
2.104640641191392477e-04
2.104640641191392477e-04
2.598321779248631365e-06
2.887024199165145020e-07
1.894176577072253717e-03
2.104640641191392477e-04
2.338489601323768779e-05
2.104640641191392477e-04
2.598321779248631365e-06
2.104640641191392477e-04
1.704758919365028519e-02
2.598321779248631365e-06
2.887024199165145020e-07
2.338489601323768779e-05
2.104640641191392477e-04
2.598321779248631365e-06
1.894176577072253717e-03
1.894176577072253717e-03
1.894176577072253717e-03
2.104640641191392477e-04
2.338489601323768779e-05
2.338489601323768779e-05
2.338489601323768779e-05
2.338489601323768779e-05
2.338489601323768779e-05
2.598321779248631365e-06
1.894176577072253717e-03
2.104640641191392477e-04
2.104640641191392477e-04
1.894176577072253717e-03
1.894176577072253717e-03
1.894176577072253717e-03
2.104640641191392477e-04
2.104640641191392477e-04
2.598321779248631365e-06
2.887024199165145020e-07
1.704758919365028519e-02
2.104640641191392477e-04
2.104640641191392477e-04
2.104640641191392477e-04
1.894176577072253717e-03
2.338489601323768779e-05
1.894176577072253717e-03
2.338489601323768779e-05
2.104640641191392477e-04
2.338489601323768779e-05
2.104640641191392477e-04
2.104640641191392477e-04
2.104640641191392477e-04
2.338489601323768779e-05
1.894176577072253717e-03
2.338489601323768779e-05
2.338489601323768779e-05
1.894176577072253717e-03
2.104640641191392477e-04
2.598321779248631365e-06
2.338489601323768779e-05
2.598321779248631365e-06
2.104640641191392477e-04
2.338489601323768779e-05
2.887024199165145020e-07
2.104640641191392477e-04
2.338489601323768779e-05
2.104640641191392477e-04
1.704758919365028519e-02
2.104640641191392477e-04
2.338489601323768779e-05
2.338489601323768779e-05
2.598321779248631365e-06
2.598321779248631365e-06
2.104640641191392477e-04
2.887024199165145020e-07
2.887024199165145020e-07
2.598321779248631365e-06
2.104640641191392477e-04
2.104640641191392477e-04
2.104640641191392477e-04
2.598321779248631365e-06
2.598321779248631365e-06
2.887024199165145020e-07
2.104640641191392477e-04
2.104640641191392477e-04
2.104640641191392477e-04
2.598321779248631365e-06
2.104640641191392477e-04
2.598321779248631365e-06
2.338489601323768779e-05
1.894176577072253717e-03
2.104640641191392477e-04
2.104640641191392477e-04
2.338489601323768779e-05
2.598321779248631365e-06
2.338489601323768779e-05
1.704758919365028519e-02
2.887024199165145020e-07
2.104640641191392477e-04
1.704758919365028519e-02
2.104640641191392477e-04
2.104640641191392477e-04
2.104640641191392477e-04
2.338489601323768779e-05
1.534283027428526291e-01
1.894176577072253717e-03
2.887024199165145020e-07
1.894176577072253717e-03
1.894176577072253717e-03
2.104640641191392477e-04
1.894176577072253717e-03
3.207804665739049507e-08
1.894176577072253717e-03
2.338489601323768779e-05
2.887024199165145020e-07
2.104640641191392477e-04
2.104640641191392477e-04
1.894176577072253717e-03
1.894176577072253717e-03
2.338489601323768779e-05
2.338489601323768779e-05
2.338489601323768779e-05
2.598321779248631365e-06
2.104640641191392477e-04
2.338489601323768779e-05
2.104640641191392477e-04
2.338489601323768779e-05
1.894176577072253717e-03
2.338489601323768779e-05
2.598321779248631365e-06
2.104640641191392477e-04
2.104640641191392477e-04
2.338489601323768779e-05
2.338489601323768779e-05
1.894176577072253717e-03
2.104640641191392477e-04
2.104640641191392477e-04
1.894176577072253717e-03
2.104640641191392477e-04
2.338489601323768779e-05
2.104640641191392477e-04
2.598321779248631365e-06
2.338489601323768779e-05
2.338489601323768779e-05
1.704758919365028519e-02
1.894176577072253717e-03
