3.052452949515357521e-05
3.052452949515357521e-05
2.472486889107440751e-03
3.052452949515357521e-05
2.472486889107440751e-03
3.391614388350396305e-06
3.052452949515357521e-05
3.052452949515357521e-05
2.225238200196696936e-02
3.768460431500438750e-07
4.187178257222709281e-08
2.002714380177028075e-01
2.472486889107440751e-03
2.747207654563821972e-04
2.472486889107440751e-03
3.391614388350396305e-06
2.747207654563821972e-04
3.052452949515357521e-05
3.052452949515357521e-05
2.747207654563821972e-04
3.052452949515357521e-05
3.052452949515357521e-05
2.747207654563821972e-04
2.225238200196696936e-02
3.052452949515357521e-05
2.472486889107440751e-03
2.747207654563821972e-04
2.747207654563821972e-04
3.052452949515357521e-05
3.391614388350396305e-06
3.391614388350396305e-06
2.472486889107440751e-03
3.052452949515357521e-05
2.472486889107440751e-03
2.225238200196696936e-02
2.747207654563821972e-04
3.052452949515357521e-05
3.391614388350396305e-06
3.391614388350396305e-06
2.472486889107440751e-03
2.472486889107440751e-03
2.747207654563821972e-04
2.472486889107440751e-03
2.747207654563821972e-04
2.747207654563821972e-04
3.768460431500438750e-07
2.747207654563821972e-04
3.052452949515357521e-05
2.472486889107440751e-03
3.052452949515357521e-05
2.472486889107440751e-03
2.747207654563821972e-04
3.768460431500438750e-07
2.472486889107440751e-03
3.391614388350396305e-06
2.747207654563821972e-04
3.052452949515357521e-05
3.052452949515357521e-05
3.391614388350396305e-06
3.052452949515357521e-05
3.768460431500438750e-07
2.225238200196696936e-02
2.747207654563821972e-04
2.472486889107440751e-03
2.472486889107440751e-03
3.768460431500438750e-07
3.052452949515357521e-05
3.052452949515357521e-05
3.768460431500438750e-07
3.052452949515357521e-05
3.052452949515357521e-05
3.391614388350396305e-06
3.391614388350396305e-06
2.472486889107440751e-03
3.391614388350396305e-06
2.747207654563821972e-04
2.472486889107440751e-03
3.052452949515357521e-05
3.052452949515357521e-05
3.391614388350396305e-06
2.472486889107440751e-03
2.747207654563821972e-04
2.747207654563821972e-04
3.052452949515357521e-05
3.052452949515357521e-05
3.768460431500438750e-07
3.052452949515357521e-05
3.391614388350396305e-06
2.747207654563821972e-04
3.052452949515357521e-05
3.052452949515357521e-05
2.747207654563821972e-04
2.747207654563821972e-04
3.052452949515357521e-05
3.391614388350396305e-06
3.768460431500438750e-07
3.052452949515357521e-05
3.391614388350396305e-06
3.768460431500438750e-07
2.747207654563821972e-04
3.052452949515357521e-05
3.768460431500438750e-07
3.391614388350396305e-06
2.472486889107440751e-03
2.747207654563821972e-04
3.391614388350396305e-06
2.747207654563821972e-04
2.747207654563821972e-04
2.747207654563821972e-04
3.052452949515357521e-05
2.472486889107440751e-03
3.052452949515357521e-05
2.747207654563821972e-04
2.747207654563821972e-04
2.747207654563821972e-04
2.747207654563821972e-04
2.472486889107440751e-03
3.052452949515357521e-05
3.391614388350396305e-06
2.747207654563821972e-04
3.052452949515357521e-05
3.391614388350396305e-06
3.052452949515357521e-05
3.391614388350396305e-06
3.052452949515357521e-05
3.052452949515357521e-05
3.391614388350396305e-06
3.052452949515357521e-05
2.225238200196696936e-02
2.747207654563821972e-04
2.225238200196696936e-02
3.052452949515357521e-05
2.472486889107440751e-03
2.472486889107440751e-03
3.052452949515357521e-05
3.052452949515357521e-05
2.472486889107440751e-03
2.747207654563821972e-04
3.052452949515357521e-05
2.225238200196696936e-02
3.052452949515357521e-05
2.472486889107440751e-03
3.768460431500438750e-07
2.747207654563821972e-04
2.472486889107440751e-03
3.052452949515357521e-05
3.052452949515357521e-05
2.472486889107440751e-03
3.391614388350396305e-06
3.052452949515357521e-05
3.391614388350396305e-06
3.052452949515357521e-05
2.472486889107440751e-03
2.747207654563821972e-04
2.225238200196696936e-02
3.768460431500438750e-07
3.052452949515357521e-05
3.391614388350396305e-06
3.052452949515357521e-05
2.472486889107440751e-03
2.747207654563821972e-04
2.747207654563821972e-04
3.052452949515357521e-05
2.747207654563821972e-04
2.747207654563821972e-04
3.052452949515357521e-05
2.747207654563821972e-04
2.747207654563821972e-04
3.052452949515357521e-05
2.472486889107440751e-03
3.052452949515357521e-05
3.391614388350396305e-06
2.747207654563821972e-04
2.472486889107440751e-03
3.768460431500438750e-07
3.391614388350396305e-06
3.052452949515357521e-05
3.052452949515357521e-05
2.472486889107440751e-03
2.472486889107440751e-03
2.747207654563821972e-04
2.472486889107440751e-03
3.052452949515357521e-05
2.747207654563821972e-04
3.052452949515357521e-05
2.747207654563821972e-04
2.472486889107440751e-03
3.391614388350396305e-06
3.052452949515357521e-05
3.052452949515357521e-05
3.052452949515357521e-05
3.768460431500438750e-07
4.187178257222709281e-08
3.391614388350396305e-06
2.747207654563821972e-04
2.472486889107440751e-03
2.747207654563821972e-04
3.052452949515357521e-05
3.052452949515357521e-05
2.472486889107440751e-03
3.052452949515357521e-05
2.472486889107440751e-03
3.052452949515357521e-05
3.052452949515357521e-05
3.391614388350396305e-06
2.472486889107440751e-03
2.747207654563821972e-04
3.052452949515357521e-05
3.052452949515357521e-05
3.391614388350396305e-06
2.472486889107440751e-03
2.472486889107440751e-03
2.747207654563821972e-04
2.472486889107440751e-03
2.747207654563821972e-04
2.472486889107440751e-03
2.472486889107440751e-03
2.747207654563821972e-04
3.052452949515357521e-05
2.472486889107440751e-03
3.052452949515357521e-05
2.747207654563821972e-04
2.747207654563821972e-04
3.052452949515357521e-05
2.472486889107440751e-03
3.391614388350396305e-06
2.747207654563821972e-04
2.225238200196696936e-02
2.747207654563821972e-04
2.472486889107440751e-03
2.747207654563821972e-04
2.472486889107440751e-03
3.052452949515357521e-05
2.225238200196696936e-02
3.391614388350396305e-06
3.391614388350396305e-06
2.747207654563821972e-04
2.747207654563821972e-04
3.768460431500438750e-07
2.747207654563821972e-04
2.472486889107440751e-03
2.747207654563821972e-04
3.768460431500438750e-07
3.391614388350396305e-06
2.747207654563821972e-04
3.052452949515357521e-05
3.391614388350396305e-06
2.747207654563821972e-04
2.472486889107440751e-03
2.747207654563821972e-04
3.768460431500438750e-07
2.747207654563821972e-04
2.472486889107440751e-03
2.747207654563821972e-04
3.052452949515357521e-05
2.747207654563821972e-04
2.747207654563821972e-04
3.391614388350396305e-06
2.747207654563821972e-04
2.747207654563821972e-04
3.391614388350396305e-06
3.052452949515357521e-05
3.052452949515357521e-05
2.747207654563821972e-04
3.052452949515357521e-05
2.747207654563821972e-04
2.472486889107440751e-03
3.052452949515357521e-05
2.747207654563821972e-04
2.747207654563821972e-04
2.747207654563821972e-04
2.747207654563821972e-04
3.391614388350396305e-06
3.052452949515357521e-05
2.747207654563821972e-04
2.747207654563821972e-04
3.768460431500438750e-07
3.052452949515357521e-05
3.052452949515357521e-05
2.472486889107440751e-03
3.768460431500438750e-07
2.472486889107440751e-03
2.225238200196696936e-02
4.187178257222709281e-08
3.052452949515357521e-05
2.472486889107440751e-03
2.472486889107440751e-03
2.225238200196696936e-02
2.747207654563821972e-04
2.472486889107440751e-03
2.747207654563821972e-04
3.052452949515357521e-05
3.391614388350396305e-06
3.391614388350396305e-06
3.052452949515357521e-05
3.391614388350396305e-06
2.747207654563821972e-04
3.052452949515357521e-05
3.391614388350396305e-06
2.747207654563821972e-04
3.391614388350396305e-06
3.391614388350396305e-06
2.747207654563821972e-04
2.747207654563821972e-04
2.747207654563821972e-04
2.747207654563821972e-04
3.768460431500438750e-07
2.225238200196696936e-02
2.472486889107440751e-03
3.391614388350396305e-06
2.472486889107440751e-03
2.747207654563821972e-04
3.391614388350396305e-06
2.747207654563821972e-04
3.391614388350396305e-06
2.225238200196696936e-02
3.052452949515357521e-05
2.225238200196696936e-02
3.052452949515357521e-05
2.225238200196696936e-02
2.472486889107440751e-03
3.052452949515357521e-05
3.391614388350396305e-06
2.472486889107440751e-03
3.391614388350396305e-06
2.225238200196696936e-02
3.391614388350396305e-06
3.052452949515357521e-05
2.747207654563821972e-04
2.472486889107440751e-03
3.391614388350396305e-06
3.052452949515357521e-05
3.052452949515357521e-05
3.052452949515357521e-05
2.225238200196696936e-02
2.747207654563821972e-04
3.391614388350396305e-06
3.052452949515357521e-05
3.391614388350396305e-06
2.472486889107440751e-03
3.052452949515357521e-05
2.747207654563821972e-04
3.768460431500438750e-07
3.052452949515357521e-05
3.391614388350396305e-06
2.747207654563821972e-04
3.052452949515357521e-05
3.768460431500438750e-07
3.052452949515357521e-05
2.747207654563821972e-04
3.052452949515357521e-05
2.747207654563821972e-04
2.747207654563821972e-04
3.052452949515357521e-05
2.747207654563821972e-04
3.052452949515357521e-05
2.472486889107440751e-03
3.052452949515357521e-05
3.052452949515357521e-05
3.768460431500438750e-07
3.052452949515357521e-05
4.187178257222709281e-08
3.768460431500438750e-07
2.747207654563821972e-04
3.052452949515357521e-05
2.002714380177028075e-01
3.052452949515357521e-05
2.747207654563821972e-04
2.472486889107440751e-03
4.187178257222709281e-08
3.052452949515357521e-05
2.472486889107440751e-03
3.052452949515357521e-05
2.747207654563821972e-04
2.472486889107440751e-03
2.472486889107440751e-03
3.391614388350396305e-06
3.052452949515357521e-05
3.391614388350396305e-06
3.768460431500438750e-07
3.052452949515357521e-05
3.052452949515357521e-05
2.747207654563821972e-04
2.747207654563821972e-04
