2.980398869220041527e-04
3.311554299133378495e-05
2.980398869220041527e-04
2.980398869220041527e-04
4.088338640905403341e-07
3.311554299133378495e-05
3.679504776814863960e-06
3.311554299133378495e-05
2.682358982298037754e-03
2.980398869220041527e-04
4.088338640905403341e-07
2.414123084068234629e-02
3.311554299133378495e-05
3.679504776814863960e-06
3.311554299133378495e-05
2.682358982298037754e-03
4.088338640905403341e-07
2.980398869220041527e-04
2.414123084068234629e-02
2.980398869220041527e-04
2.682358982298037754e-03
3.311554299133378495e-05
2.682358982298037754e-03
3.679504776814863960e-06
2.414123084068234629e-02
2.682358982298037754e-03
2.980398869220041527e-04
2.682358982298037754e-03
3.679504776814863960e-06
2.980398869220041527e-04
2.980398869220041527e-04
3.311554299133378495e-05
2.682358982298037754e-03
2.980398869220041527e-04
3.679504776814863960e-06
2.980398869220041527e-04
2.682358982298037754e-03
2.414123084068234629e-02
4.088338640905403341e-07
3.311554299133378495e-05
2.980398869220041527e-04
3.679504776814863960e-06
2.980398869220041527e-04
2.172710775661411964e-01
2.682358982298037754e-03
3.311554299133378495e-05
3.311554299133378495e-05
3.311554299133378495e-05
3.311554299133378495e-05
3.311554299133378495e-05
2.682358982298037754e-03
3.679504776814863960e-06
3.311554299133378495e-05
2.414123084068234629e-02
3.311554299133378495e-05
3.311554299133378495e-05
3.311554299133378495e-05
4.088338640905403341e-07
3.311554299133378495e-05
2.682358982298037754e-03
2.980398869220041527e-04
3.679504776814863960e-06
3.679504776814863960e-06
2.980398869220041527e-04
3.679504776814863960e-06
2.980398869220041527e-04
3.311554299133378495e-05
3.679504776814863960e-06
3.311554299133378495e-05
2.980398869220041527e-04
3.679504776814863960e-06
2.980398869220041527e-04
3.311554299133378495e-05
3.311554299133378495e-05
3.679504776814863960e-06
2.682358982298037754e-03
3.679504776814863960e-06
2.980398869220041527e-04
3.311554299133378495e-05
3.679504776814863960e-06
2.980398869220041527e-04
2.414123084068234629e-02
2.414123084068234629e-02
2.682358982298037754e-03
2.980398869220041527e-04
2.980398869220041527e-04
2.980398869220041527e-04
2.682358982298037754e-03
4.088338640905403341e-07
2.682358982298037754e-03
3.679504776814863960e-06
2.682358982298037754e-03
3.679504776814863960e-06
3.311554299133378495e-05
3.311554299133378495e-05
2.980398869220041527e-04
3.311554299133378495e-05
2.980398869220041527e-04
3.311554299133378495e-05
2.414123084068234629e-02
2.980398869220041527e-04
2.682358982298037754e-03
3.311554299133378495e-05
4.088338640905403341e-07
2.980398869220041527e-04
2.414123084068234629e-02
2.980398869220041527e-04
2.414123084068234629e-02
2.980398869220041527e-04
3.679504776814863960e-06
4.088338640905403341e-07
2.980398869220041527e-04
3.311554299133378495e-05
2.980398869220041527e-04
2.682358982298037754e-03
2.980398869220041527e-04
2.980398869220041527e-04
2.682358982298037754e-03
2.980398869220041527e-04
3.679504776814863960e-06
2.682358982298037754e-03
3.311554299133378495e-05
2.682358982298037754e-03
3.311554299133378495e-05
4.088338640905403341e-07
3.311554299133378495e-05
2.682358982298037754e-03
2.414123084068234629e-02
2.980398869220041527e-04
2.980398869220041527e-04
3.679504776814863960e-06
2.682358982298037754e-03
4.088338640905403341e-07
2.980398869220041527e-04
2.980398869220041527e-04
2.682358982298037754e-03
3.679504776814863960e-06
2.980398869220041527e-04
3.679504776814863960e-06
2.980398869220041527e-04
2.980398869220041527e-04
2.980398869220041527e-04
3.679504776814863960e-06
2.682358982298037754e-03
2.682358982298037754e-03
2.682358982298037754e-03
3.311554299133378495e-05
2.980398869220041527e-04
2.682358982298037754e-03
2.980398869220041527e-04
2.980398869220041527e-04
3.679504776814863960e-06
2.980398869220041527e-04
3.679504776814863960e-06
4.088338640905403341e-07
2.980398869220041527e-04
3.311554299133378495e-05
3.311554299133378495e-05
3.311554299133378495e-05
3.679504776814863960e-06
2.980398869220041527e-04
2.682358982298037754e-03
3.679504776814863960e-06
2.980398869220041527e-04
2.980398869220041527e-04
2.980398869220041527e-04
4.088338640905403341e-07
3.679504776814863960e-06
4.088338640905403341e-07
2.682358982298037754e-03
2.980398869220041527e-04
2.414123084068234629e-02
3.311554299133378495e-05
2.980398869220041527e-04
2.980398869220041527e-04
2.414123084068234629e-02
3.311554299133378495e-05
2.682358982298037754e-03
2.682358982298037754e-03
2.682358982298037754e-03
2.980398869220041527e-04
2.682358982298037754e-03
2.980398869220041527e-04
2.682358982298037754e-03
3.679504776814863960e-06
3.679504776814863960e-06
3.679504776814863960e-06
2.682358982298037754e-03
2.682358982298037754e-03
2.980398869220041527e-04
2.980398869220041527e-04
2.980398869220041527e-04
3.679504776814863960e-06
2.980398869220041527e-04
2.682358982298037754e-03
3.311554299133378495e-05
2.414123084068234629e-02
3.311554299133378495e-05
2.682358982298037754e-03
3.311554299133378495e-05
2.682358982298037754e-03
3.679504776814863960e-06
3.679504776814863960e-06
3.679504776814863960e-06
2.980398869220041527e-04
3.679504776814863960e-06
2.414123084068234629e-02
2.980398869220041527e-04
2.682358982298037754e-03
2.980398869220041527e-04
3.679504776814863960e-06
2.682358982298037754e-03
4.088338640905403341e-07
3.311554299133378495e-05
3.679504776814863960e-06
3.311554299133378495e-05
4.542598489894892086e-08
3.311554299133378495e-05
3.311554299133378495e-05
2.682358982298037754e-03
2.682358982298037754e-03
3.679504776814863960e-06
3.679504776814863960e-06
2.980398869220041527e-04
3.679504776814863960e-06
2.414123084068234629e-02
2.980398869220041527e-04
3.679504776814863960e-06
2.682358982298037754e-03
2.682358982298037754e-03
3.679504776814863960e-06
4.542598489894892086e-08
2.682358982298037754e-03
3.311554299133378495e-05
2.682358982298037754e-03
2.980398869220041527e-04
2.980398869220041527e-04
3.311554299133378495e-05
3.311554299133378495e-05
4.088338640905403341e-07
2.980398869220041527e-04
2.414123084068234629e-02
3.311554299133378495e-05
2.980398869220041527e-04
3.679504776814863960e-06
2.980398869220041527e-04
3.679504776814863960e-06
2.172710775661411964e-01
2.682358982298037754e-03
3.311554299133378495e-05
2.980398869220041527e-04
3.311554299133378495e-05
2.980398869220041527e-04
4.542598489894892086e-08
3.679504776814863960e-06
2.980398869220041527e-04
