4.749084188950226601e-05
3.846758193049685214e-03
3.846758193049685214e-03
4.274175770055204889e-04
4.274175770055204889e-04
5.863066899938548000e-07
4.274175770055204889e-04
4.749084188950226601e-05
4.749084188950226601e-05
4.274175770055204889e-04
5.276760209944695000e-06
4.274175770055204889e-04
3.846758193049685214e-03
3.846758193049685214e-03
4.749084188950226601e-05
4.749084188950226601e-05
4.274175770055204889e-04
3.462082373744717473e-02
3.846758193049685214e-03
4.749084188950226601e-05
5.276760209944695000e-06
5.863066899938548000e-07
3.462082373744717473e-02
3.846758193049685214e-03
4.274175770055204889e-04
3.846758193049685214e-03
4.274175770055204889e-04
3.846758193049685214e-03
5.276760209944695000e-06
5.276760209944695000e-06
3.846758193049685214e-03
4.749084188950226601e-05
3.846758193049685214e-03
4.274175770055204889e-04
4.274175770055204889e-04
5.863066899938548000e-07
5.276760209944695000e-06
3.462082373744717473e-02
3.846758193049685214e-03
3.462082373744717473e-02
4.274175770055204889e-04
4.749084188950226601e-05
5.863066899938548000e-07
4.274175770055204889e-04
3.462082373744717473e-02
4.749084188950226601e-05
4.749084188950226601e-05
3.846758193049685214e-03
5.276760209944695000e-06
4.749084188950226601e-05
4.274175770055204889e-04
4.749084188950226601e-05
4.749084188950226601e-05
5.863066899938548000e-07
4.749084188950226601e-05
3.846758193049685214e-03
3.846758193049685214e-03
5.863066899938548000e-07
5.276760209944695000e-06
4.274175770055204889e-04
4.749084188950226601e-05
3.846758193049685214e-03
4.274175770055204889e-04
5.276760209944695000e-06
4.749084188950226601e-05
4.749084188950226601e-05
3.462082373744717473e-02
5.276760209944695000e-06
5.276760209944695000e-06
4.749084188950226601e-05
4.749084188950226601e-05
4.749084188950226601e-05
4.274175770055204889e-04
4.274175770055204889e-04
4.749084188950226601e-05
4.274175770055204889e-04
3.462082373744717473e-02
4.749084188950226601e-05
4.749084188950226601e-05
4.274175770055204889e-04
3.846758193049685214e-03
4.749084188950226601e-05
4.274175770055204889e-04
3.846758193049685214e-03
4.749084188950226601e-05
4.749084188950226601e-05
5.276760209944695000e-06
3.846758193049685214e-03
5.276760209944695000e-06
4.749084188950226601e-05
4.749084188950226601e-05
3.846758193049685214e-03
4.274175770055204889e-04
4.274175770055204889e-04
3.462082373744717473e-02
3.846758193049685214e-03
4.274175770055204889e-04
3.846758193049685214e-03
4.274175770055204889e-04
3.846758193049685214e-03
4.274175770055204889e-04
3.846758193049685214e-03
3.462082373744717473e-02
3.846758193049685214e-03
5.276760209944695000e-06
4.274175770055204889e-04
5.276760209944695000e-06
4.274175770055204889e-04
3.462082373744717473e-02
4.274175770055204889e-04
5.276760209944695000e-06
3.846758193049685214e-03
4.749084188950226601e-05
4.274175770055204889e-04
4.749084188950226601e-05
3.462082373744717473e-02
5.276760209944695000e-06
4.274175770055204889e-04
4.749084188950226601e-05
3.846758193049685214e-03
4.749084188950226601e-05
4.274175770055204889e-04
5.863066899938548000e-07
4.274175770055204889e-04
4.274175770055204889e-04
4.274175770055204889e-04
4.749084188950226601e-05
4.274175770055204889e-04
4.749084188950226601e-05
4.749084188950226601e-05
4.274175770055204889e-04
3.846758193049685214e-03
4.274175770055204889e-04
3.846758193049685214e-03
4.749084188950226601e-05
4.274175770055204889e-04
5.863066899938548000e-07
5.276760209944695000e-06
3.846758193049685214e-03
4.274175770055204889e-04
4.749084188950226601e-05
3.462082373744717473e-02
4.749084188950226601e-05
3.115874136370246905e-01
5.863066899938548000e-07
5.863066899938548000e-07
4.274175770055204889e-04
3.846758193049685214e-03
4.749084188950226601e-05
4.274175770055204889e-04
4.274175770055204889e-04
3.846758193049685214e-03
5.276760209944695000e-06
4.749084188950226601e-05
4.274175770055204889e-04
4.749084188950226601e-05
5.276760209944695000e-06
4.749084188950226601e-05
4.274175770055204889e-04
3.846758193049685214e-03
5.276760209944695000e-06
4.749084188950226601e-05
4.274175770055204889e-04
3.462082373744717473e-02
4.274175770055204889e-04
3.846758193049685214e-03
4.749084188950226601e-05
3.846758193049685214e-03
4.749084188950226601e-05
4.749084188950226601e-05
3.846758193049685214e-03
4.274175770055204889e-04
4.274175770055204889e-04
4.274175770055204889e-04
4.274175770055204889e-04
3.846758193049685214e-03
5.276760209944695000e-06
3.462082373744717473e-02
3.462082373744717473e-02
4.274175770055204889e-04
4.274175770055204889e-04
5.276760209944695000e-06
4.274175770055204889e-04
4.274175770055204889e-04
4.749084188950226601e-05
3.846758193049685214e-03
5.276760209944695000e-06
5.863066899938548000e-07
4.749084188950226601e-05
4.274175770055204889e-04
4.274175770055204889e-04
4.274175770055204889e-04
