3.637900520720991075e-07
2.946699421784004639e-05
2.652029479605604988e-04
2.946699421784004639e-05
2.946699421784004639e-05
2.386826531645044706e-03
2.386826531645044706e-03
2.946699421784004639e-05
3.274110468648893291e-06
3.274110468648893291e-06
3.274110468648893291e-06
3.637900520720991075e-07
2.946699421784004639e-05
2.652029479605604988e-04
2.652029479605604988e-04
3.274110468648893291e-06
2.946699421784004639e-05
3.274110468648893291e-06
3.274110468648893291e-06
1.933329490632487435e-01
2.652029479605604988e-04
2.946699421784004639e-05
2.652029479605604988e-04
2.652029479605604988e-04
2.946699421784004639e-05
2.148143878480540669e-02
3.274110468648893291e-06
2.652029479605604988e-04
2.386826531645044706e-03
2.386826531645044706e-03
3.274110468648893291e-06
3.274110468648893291e-06
2.652029479605604988e-04
3.637900520720991075e-07
3.274110468648893291e-06
3.274110468648893291e-06
2.652029479605604988e-04
2.386826531645044706e-03
2.652029479605604988e-04
2.946699421784004639e-05
3.637900520720991075e-07
2.946699421784004639e-05
2.652029479605604988e-04
2.652029479605604988e-04
2.652029479605604988e-04
2.386826531645044706e-03
2.386826531645044706e-03
2.386826531645044706e-03
2.652029479605604988e-04
2.652029479605604988e-04
2.946699421784004639e-05
2.652029479605604988e-04
2.652029479605604988e-04
2.652029479605604988e-04
2.946699421784004639e-05
2.148143878480540669e-02
3.274110468648893291e-06
2.946699421784004639e-05
2.652029479605604988e-04
2.946699421784004639e-05
2.386826531645044706e-03
2.386826531645044706e-03
3.274110468648893291e-06
2.946699421784004639e-05
2.946699421784004639e-05
2.946699421784004639e-05
4.042111689689990009e-08
3.274110468648893291e-06
3.274110468648893291e-06
2.652029479605604988e-04
2.946699421784004639e-05
2.652029479605604988e-04
2.386826531645044706e-03
3.637900520720991075e-07
2.386826531645044706e-03
2.652029479605604988e-04
2.386826531645044706e-03
2.946699421784004639e-05
2.652029479605604988e-04
3.274110468648893291e-06
2.946699421784004639e-05
2.148143878480540669e-02
2.386826531645044706e-03
3.274110468648893291e-06
2.652029479605604988e-04
2.652029479605604988e-04
2.652029479605604988e-04
2.652029479605604988e-04
3.274110468648893291e-06
2.652029479605604988e-04
2.652029479605604988e-04
3.274110468648893291e-06
2.946699421784004639e-05
2.946699421784004639e-05
2.386826531645044706e-03
2.652029479605604988e-04
3.274110468648893291e-06
2.652029479605604988e-04
2.386826531645044706e-03
3.274110468648893291e-06
2.386826531645044706e-03
2.386826531645044706e-03
2.386826531645044706e-03
2.946699421784004639e-05
2.652029479605604988e-04
3.274110468648893291e-06
2.946699421784004639e-05
2.652029479605604988e-04
2.946699421784004639e-05
3.637900520720991075e-07
3.274110468648893291e-06
2.946699421784004639e-05
2.946699421784004639e-05
2.652029479605604988e-04
2.652029479605604988e-04
3.274110468648893291e-06
2.946699421784004639e-05
2.148143878480540669e-02
2.652029479605604988e-04
3.637900520720991075e-07
2.652029479605604988e-04
2.946699421784004639e-05
2.946699421784004639e-05
2.652029479605604988e-04
2.946699421784004639e-05
2.946699421784004639e-05
2.946699421784004639e-05
3.637900520720991075e-07
3.637900520720991075e-07
2.946699421784004639e-05
3.637900520720991075e-07
2.652029479605604988e-04
2.652029479605604988e-04
2.148143878480540669e-02
2.946699421784004639e-05
2.148143878480540669e-02
2.946699421784004639e-05
2.652029479605604988e-04
2.386826531645044706e-03
3.637900520720991075e-07
3.637900520720991075e-07
2.652029479605604988e-04
2.386826531645044706e-03
2.652029479605604988e-04
2.946699421784004639e-05
3.274110468648893291e-06
2.652029479605604988e-04
3.274110468648893291e-06
2.652029479605604988e-04
3.274110468648893291e-06
2.386826531645044706e-03
2.652029479605604988e-04
2.652029479605604988e-04
2.386826531645044706e-03
2.946699421784004639e-05
2.652029479605604988e-04
2.386826531645044706e-03
2.386826531645044706e-03
2.946699421784004639e-05
2.386826531645044706e-03
2.652029479605604988e-04
2.946699421784004639e-05
2.148143878480540669e-02
2.946699421784004639e-05
2.946699421784004639e-05
2.652029479605604988e-04
2.652029479605604988e-04
3.637900520720991075e-07
2.946699421784004639e-05
2.386826531645044706e-03
2.386826531645044706e-03
2.652029479605604988e-04
3.274110468648893291e-06
2.652029479605604988e-04
3.637900520720991075e-07
2.652029479605604988e-04
3.637900520720991075e-07
2.652029479605604988e-04
2.652029479605604988e-04
2.652029479605604988e-04
2.652029479605604988e-04
3.274110468648893291e-06
2.946699421784004639e-05
3.637900520720991075e-07
2.652029479605604988e-04
3.274110468648893291e-06
2.652029479605604988e-04
2.386826531645044706e-03
2.386826531645044706e-03
2.652029479605604988e-04
2.386826531645044706e-03
2.652029479605604988e-04
2.946699421784004639e-05
3.274110468648893291e-06
2.652029479605604988e-04
2.946699421784004639e-05
2.652029479605604988e-04
2.148143878480540669e-02
2.946699421784004639e-05
3.274110468648893291e-06
3.274110468648893291e-06
2.652029479605604988e-04
3.637900520720991075e-07
2.946699421784004639e-05
2.652029479605604988e-04
2.386826531645044706e-03
2.652029479605604988e-04
2.946699421784004639e-05
2.946699421784004639e-05
2.386826531645044706e-03
2.652029479605604988e-04
2.652029479605604988e-04
1.933329490632487435e-01
2.652029479605604988e-04
2.148143878480540669e-02
3.274110468648893291e-06
2.946699421784004639e-05
2.946699421784004639e-05
2.148143878480540669e-02
2.652029479605604988e-04
2.652029479605604988e-04
2.946699421784004639e-05
2.652029479605604988e-04
2.148143878480540669e-02
2.946699421784004639e-05
2.946699421784004639e-05
2.148143878480540669e-02
2.652029479605604988e-04
2.386826531645044706e-03
2.946699421784004639e-05
2.386826531645044706e-03
2.652029479605604988e-04
2.652029479605604988e-04
2.946699421784004639e-05
2.652029479605604988e-04
2.946699421784004639e-05
3.637900520720991075e-07
3.274110468648893291e-06
2.386826531645044706e-03
2.652029479605604988e-04
2.652029479605604988e-04
3.274110468648893291e-06
2.652029479605604988e-04
2.386826531645044706e-03
2.386826531645044706e-03
2.946699421784004639e-05
2.386826531645044706e-03
2.946699421784004639e-05
2.946699421784004639e-05
2.652029479605604988e-04
2.946699421784004639e-05
2.946699421784004639e-05
2.946699421784004639e-05
3.274110468648893291e-06
3.637900520720991075e-07
2.946699421784004639e-05
2.946699421784004639e-05
3.637900520720991075e-07
3.274110468648893291e-06
2.946699421784004639e-05
3.637900520720991075e-07
2.946699421784004639e-05
2.386826531645044706e-03
3.637900520720991075e-07
2.652029479605604988e-04
3.274110468648893291e-06
2.652029479605604988e-04
2.946699421784004639e-05
2.652029479605604988e-04
2.946699421784004639e-05
4.042111689689990009e-08
2.946699421784004639e-05
2.652029479605604988e-04
3.637900520720991075e-07
2.148143878480540669e-02
2.386826531645044706e-03
3.637900520720991075e-07
3.274110468648893291e-06
2.946699421784004639e-05
3.274110468648893291e-06
2.148143878480540669e-02
3.637900520720991075e-07
2.652029479605604988e-04
2.946699421784004639e-05
2.946699421784004639e-05
2.386826531645044706e-03
2.652029479605604988e-04
3.637900520720991075e-07
2.652029479605604988e-04
3.274110468648893291e-06
3.274110468648893291e-06
3.274110468648893291e-06
2.386826531645044706e-03
2.652029479605604988e-04
2.946699421784004639e-05
2.652029479605604988e-04
2.946699421784004639e-05
3.274110468648893291e-06
2.652029479605604988e-04
2.386826531645044706e-03
2.386826531645044706e-03
2.946699421784004639e-05
3.274110468648893291e-06
2.386826531645044706e-03
2.946699421784004639e-05
2.652029479605604988e-04
2.946699421784004639e-05
2.148143878480540669e-02
2.652029479605604988e-04
2.946699421784004639e-05
2.652029479605604988e-04
2.652029479605604988e-04
2.652029479605604988e-04
3.637900520720991075e-07
2.652029479605604988e-04
2.652029479605604988e-04
2.386826531645044706e-03
2.386826531645044706e-03
2.148143878480540669e-02
2.386826531645044706e-03
3.274110468648893291e-06
3.637900520720991075e-07
2.386826531645044706e-03
3.274110468648893291e-06
2.946699421784004639e-05
2.148143878480540669e-02
2.386826531645044706e-03
2.652029479605604988e-04
2.386826531645044706e-03
2.946699421784004639e-05
2.652029479605604988e-04
2.946699421784004639e-05
2.946699421784004639e-05
3.637900520720991075e-07
2.946699421784004639e-05
2.946699421784004639e-05
2.386826531645044706e-03
3.274110468648893291e-06
2.386826531645044706e-03
2.946699421784004639e-05
2.652029479605604988e-04
3.637900520720991075e-07
2.652029479605604988e-04
2.946699421784004639e-05
3.274110468648893291e-06
2.386826531645044706e-03
2.386826531645044706e-03
2.386826531645044706e-03
2.946699421784004639e-05
2.652029479605604988e-04
3.274110468648893291e-06
2.946699421784004639e-05
2.946699421784004639e-05
2.386826531645044706e-03
2.652029479605604988e-04
2.652029479605604988e-04
2.652029479605604988e-04
2.148143878480540669e-02
2.386826531645044706e-03
3.637900520720991075e-07
2.946699421784004639e-05
2.652029479605604988e-04
2.946699421784004639e-05
2.386826531645044706e-03
2.386826531645044706e-03
2.652029479605604988e-04
2.946699421784004639e-05
2.148143878480540669e-02
2.946699421784004639e-05
2.652029479605604988e-04
2.148143878480540669e-02
2.386826531645044706e-03
2.652029479605604988e-04
2.652029479605604988e-04
3.274110468648893291e-06
2.652029479605604988e-04
2.946699421784004639e-05
2.946699421784004639e-05
2.946699421784004639e-05
2.946699421784004639e-05
2.652029479605604988e-04
2.652029479605604988e-04
2.386826531645044706e-03
3.274110468648893291e-06
