3.534534405911488042e-02
4.848469692608347871e-05
5.387188547342606957e-06
4.848469692608347871e-05
3.927260451012763720e-03
3.927260451012763720e-03
5.387188547342606957e-06
4.363622723347514100e-04
4.848469692608347871e-05
3.927260451012763720e-03
4.363622723347514100e-04
4.848469692608347871e-05
4.363622723347514100e-04
4.363622723347514100e-04
5.387188547342606957e-06
4.848469692608347871e-05
4.848469692608347871e-05
4.363622723347514100e-04
3.534534405911488042e-02
5.387188547342606957e-06
4.363622723347514100e-04
4.363622723347514100e-04
4.363622723347514100e-04
5.387188547342606957e-06
4.363622723347514100e-04
5.387188547342606957e-06
4.363622723347514100e-04
3.534534405911488042e-02
3.181080965320340348e-01
5.985765052602894972e-07
4.848469692608347871e-05
4.848469692608347871e-05
3.927260451012763720e-03
4.363622723347514100e-04
5.387188547342606957e-06
4.363622723347514100e-04
5.387188547342606957e-06
3.534534405911488042e-02
3.927260451012763720e-03
3.927260451012763720e-03
4.363622723347514100e-04
3.534534405911488042e-02
4.363622723347514100e-04
5.387188547342606957e-06
3.534534405911488042e-02
4.363622723347514100e-04
4.363622723347514100e-04
4.363622723347514100e-04
4.848469692608347871e-05
4.363622723347514100e-04
4.848469692608347871e-05
5.387188547342606957e-06
5.985765052602894972e-07
4.363622723347514100e-04
4.363622723347514100e-04
3.927260451012763720e-03
4.363622723347514100e-04
4.363622723347514100e-04
3.927260451012763720e-03
5.387188547342606957e-06
4.363622723347514100e-04
4.848469692608347871e-05
5.387188547342606957e-06
6.650850058447659904e-08
4.363622723347514100e-04
5.387188547342606957e-06
4.848469692608347871e-05
4.363622723347514100e-04
4.848469692608347871e-05
4.363622723347514100e-04
6.650850058447659904e-08
4.848469692608347871e-05
5.387188547342606957e-06
3.534534405911488042e-02
3.927260451012763720e-03
3.927260451012763720e-03
4.363622723347514100e-04
5.387188547342606957e-06
4.848469692608347871e-05
4.848469692608347871e-05
3.927260451012763720e-03
4.363622723347514100e-04
4.363622723347514100e-04
4.363622723347514100e-04
5.387188547342606957e-06
4.848469692608347871e-05
4.363622723347514100e-04
4.363622723347514100e-04
3.927260451012763720e-03
4.848469692608347871e-05
4.363622723347514100e-04
4.363622723347514100e-04
4.848469692608347871e-05
4.363622723347514100e-04
5.387188547342606957e-06
4.363622723347514100e-04
5.387188547342606957e-06
4.363622723347514100e-04
5.387188547342606957e-06
4.363622723347514100e-04
4.363622723347514100e-04
4.363622723347514100e-04
4.363622723347514100e-04
3.927260451012763720e-03
3.927260451012763720e-03
3.181080965320340348e-01
5.985765052602894972e-07
4.363622723347514100e-04
5.387188547342606957e-06
5.985765052602894972e-07
4.363622723347514100e-04
4.848469692608347871e-05
4.848469692608347871e-05
3.534534405911488042e-02
5.387188547342606957e-06
5.985765052602894972e-07
4.363622723347514100e-04
4.363622723347514100e-04
5.387188547342606957e-06
5.387188547342606957e-06
5.387188547342606957e-06
5.387188547342606957e-06
5.387188547342606957e-06
5.387188547342606957e-06
4.363622723347514100e-04
4.363622723347514100e-04
4.363622723347514100e-04
3.927260451012763720e-03
