6.842418262667760928e-05
6.842418262667760928e-05
6.842418262667760928e-05
6.842418262667760928e-05
6.842418262667760928e-05
6.842418262667760928e-05
6.158176436400986326e-04
6.842418262667760928e-05
5.542358792760888886e-03
7.602686958519732200e-06
8.447429953910810849e-07
6.842418262667760928e-05
6.158176436400986326e-04
6.842418262667760928e-05
7.602686958519732200e-06
5.542358792760888886e-03
7.602686958519732200e-06
5.542358792760888886e-03
6.158176436400986326e-04
7.602686958519732200e-06
5.542358792760888886e-03
6.842418262667760928e-05
6.158176436400986326e-04
6.158176436400986326e-04
6.158176436400986326e-04
5.542358792760888886e-03
6.158176436400986326e-04
7.602686958519732200e-06
6.842418262667760928e-05
6.842418262667760928e-05
7.602686958519732200e-06
5.542358792760888886e-03
7.602686958519732200e-06
7.602686958519732200e-06
6.842418262667760928e-05
7.602686958519732200e-06
6.158176436400986326e-04
7.602686958519732200e-06
6.158176436400986326e-04
6.842418262667760928e-05
6.158176436400986326e-04
4.988122913484801385e-02
7.602686958519732200e-06
5.542358792760888886e-03
6.842418262667760928e-05
6.158176436400986326e-04
6.842418262667760928e-05
6.842418262667760928e-05
4.988122913484801385e-02
7.602686958519732200e-06
6.842418262667760928e-05
6.842418262667760928e-05
5.542358792760888886e-03
6.158176436400986326e-04
6.158176436400986326e-04
5.542358792760888886e-03
6.842418262667760928e-05
5.542358792760888886e-03
6.158176436400986326e-04
7.602686958519732200e-06
6.842418262667760928e-05
6.158176436400986326e-04
7.602686958519732200e-06
5.542358792760888886e-03
7.602686958519732200e-06
4.489310622136322704e-01
6.842418262667760928e-05
6.842418262667760928e-05
5.542358792760888886e-03
4.988122913484801385e-02
6.158176436400986326e-04
5.542358792760888886e-03
7.602686958519732200e-06
7.602686958519732200e-06
6.158176436400986326e-04
6.842418262667760928e-05
6.842418262667760928e-05
6.158176436400986326e-04
6.158176436400986326e-04
6.842418262667760928e-05
6.158176436400986326e-04
5.542358792760888886e-03
6.842418262667760928e-05
6.158176436400986326e-04
7.602686958519732200e-06
5.542358792760888886e-03
6.158176436400986326e-04
7.602686958519732200e-06
6.842418262667760928e-05
6.158176436400986326e-04
6.842418262667760928e-05
6.842418262667760928e-05
5.542358792760888886e-03
6.158176436400986326e-04
6.158176436400986326e-04
6.842418262667760928e-05
5.542358792760888886e-03
7.602686958519732200e-06
6.842418262667760928e-05
6.158176436400986326e-04
6.842418262667760928e-05
6.842418262667760928e-05
6.158176436400986326e-04
6.842418262667760928e-05
7.602686958519732200e-06
5.542358792760888886e-03
6.158176436400986326e-04
7.602686958519732200e-06
6.842418262667760928e-05
6.158176436400986326e-04
6.158176436400986326e-04
6.158176436400986326e-04
6.842418262667760928e-05
6.158176436400986326e-04
4.988122913484801385e-02
5.542358792760888886e-03
6.158176436400986326e-04
7.602686958519732200e-06
6.842418262667760928e-05
6.842418262667760928e-05
7.602686958519732200e-06
5.542358792760888886e-03
6.158176436400986326e-04
5.542358792760888886e-03
4.988122913484801385e-02
5.542358792760888886e-03
6.842418262667760928e-05
6.158176436400986326e-04
6.842418262667760928e-05
7.602686958519732200e-06
6.842418262667760928e-05
5.542358792760888886e-03
7.602686958519732200e-06
6.842418262667760928e-05
8.447429953910810849e-07
6.842418262667760928e-05
6.842418262667760928e-05
6.842418262667760928e-05
7.602686958519732200e-06
5.542358792760888886e-03
6.842418262667760928e-05
6.842418262667760928e-05
7.602686958519732200e-06
6.842418262667760928e-05
6.158176436400986326e-04
5.542358792760888886e-03
6.842418262667760928e-05
6.158176436400986326e-04
6.842418262667760928e-05
4.988122913484801385e-02
7.602686958519732200e-06
6.158176436400986326e-04
4.988122913484801385e-02
6.842418262667760928e-05
7.602686958519732200e-06
6.842418262667760928e-05
6.842418262667760928e-05
6.842418262667760928e-05
7.602686958519732200e-06
6.158176436400986326e-04
6.842418262667760928e-05
6.842418262667760928e-05
6.842418262667760928e-05
6.158176436400986326e-04
6.842418262667760928e-05
6.842418262667760928e-05
6.842418262667760928e-05
6.158176436400986326e-04
6.158176436400986326e-04
6.842418262667760928e-05
8.447429953910810849e-07
5.542358792760888886e-03
6.842418262667760928e-05
6.158176436400986326e-04
6.842418262667760928e-05
8.447429953910810849e-07
6.842418262667760928e-05
6.158176436400986326e-04
6.158176436400986326e-04
7.602686958519732200e-06
6.158176436400986326e-04
6.158176436400986326e-04
7.602686958519732200e-06
6.158176436400986326e-04
6.158176436400986326e-04
6.842418262667760928e-05
6.158176436400986326e-04
5.542358792760888886e-03
5.542358792760888886e-03
5.542358792760888886e-03
5.542358792760888886e-03
6.842418262667760928e-05
