2.678982664397499148e-03
3.307386005429009478e-05
3.307386005429009478e-05
3.307386005429009478e-05
2.678982664397499148e-03
2.678982664397499148e-03
2.169975958161975138e-01
2.411084397957749884e-02
2.976647404886109682e-04
2.678982664397499148e-03
2.411084397957749884e-02
3.307386005429009478e-05
4.083192599295071737e-07
2.411084397957749884e-02
3.307386005429009478e-05
3.674873339365565146e-06
2.678982664397499148e-03
2.678982664397499148e-03
2.976647404886109682e-04
2.976647404886109682e-04
2.678982664397499148e-03
3.674873339365565146e-06
2.411084397957749884e-02
3.307386005429009478e-05
2.976647404886109682e-04
3.307386005429009478e-05
2.678982664397499148e-03
2.678982664397499148e-03
2.169975958161975138e-01
2.411084397957749884e-02
3.307386005429009478e-05
2.976647404886109682e-04
2.411084397957749884e-02
2.411084397957749884e-02
2.678982664397499148e-03
2.678982664397499148e-03
2.976647404886109682e-04
2.678982664397499148e-03
4.083192599295071737e-07
2.411084397957749884e-02
2.976647404886109682e-04
2.678982664397499148e-03
2.678982664397499148e-03
2.411084397957749884e-02
3.307386005429009478e-05
3.307386005429009478e-05
2.411084397957749884e-02
2.976647404886109682e-04
2.678982664397499148e-03
2.411084397957749884e-02
2.411084397957749884e-02
2.976647404886109682e-04
2.976647404886109682e-04
3.307386005429009478e-05
2.678982664397499148e-03
2.678982664397499148e-03
2.678982664397499148e-03
2.678982664397499148e-03
2.678982664397499148e-03
3.307386005429009478e-05
2.678982664397499148e-03
3.307386005429009478e-05
2.169975958161975138e-01
3.674873339365565146e-06
