1.662971175166296574e-04
1.662971175166296574e-04
1.347006651884700805e-02
1.496674057649667296e-03
1.496674057649667296e-03
1.847745750184773557e-05
1.662971175166296574e-04
1.847745750184773557e-05
1.662971175166296574e-04
1.496674057649667296e-03
1.847745750184773557e-05
2.053050833538636438e-06
1.496674057649667296e-03
1.496674057649667296e-03
1.662971175166296574e-04
2.053050833538636438e-06
1.662971175166296574e-04
1.847745750184773557e-05
1.847745750184773557e-05
1.662971175166296574e-04
1.847745750184773557e-05
1.662971175166296574e-04
1.662971175166296574e-04
1.212305986696231019e-01
1.496674057649667296e-03
1.662971175166296574e-04
1.847745750184773557e-05
1.662971175166296574e-04
1.212305986696231019e-01
1.847745750184773557e-05
1.496674057649667296e-03
1.496674057649667296e-03
2.053050833538636438e-06
1.847745750184773557e-05
1.847745750184773557e-05
1.847745750184773557e-05
1.847745750184773557e-05
2.053050833538636438e-06
1.496674057649667296e-03
1.662971175166296574e-04
1.496674057649667296e-03
1.496674057649667296e-03
1.496674057649667296e-03
1.847745750184773557e-05
1.347006651884700805e-02
1.496674057649667296e-03
1.662971175166296574e-04
1.496674057649667296e-03
1.496674057649667296e-03
2.053050833538636438e-06
1.347006651884700805e-02
1.347006651884700805e-02
1.662971175166296574e-04
1.347006651884700805e-02
1.847745750184773557e-05
1.212305986696231019e-01
1.847745750184773557e-05
1.662971175166296574e-04
1.496674057649667296e-03
1.496674057649667296e-03
1.847745750184773557e-05
1.662971175166296574e-04
1.662971175166296574e-04
1.496674057649667296e-03
1.347006651884700805e-02
1.662971175166296574e-04
1.662971175166296574e-04
1.347006651884700805e-02
1.847745750184773557e-05
1.847745750184773557e-05
1.662971175166296574e-04
1.847745750184773557e-05
1.347006651884700805e-02
1.847745750184773557e-05
1.496674057649667296e-03
1.496674057649667296e-03
1.496674057649667296e-03
1.662971175166296574e-04
1.662971175166296574e-04
1.496674057649667296e-03
1.496674057649667296e-03
1.496674057649667296e-03
1.847745750184773557e-05
1.847745750184773557e-05
1.662971175166296574e-04
1.347006651884700805e-02
1.662971175166296574e-04
1.496674057649667296e-03
1.347006651884700805e-02
1.496674057649667296e-03
1.847745750184773557e-05
1.496674057649667296e-03
1.496674057649667296e-03
1.662971175166296574e-04
1.496674057649667296e-03
1.347006651884700805e-02
2.053050833538636438e-06
1.847745750184773557e-05
2.053050833538636438e-06
1.847745750184773557e-05
1.496674057649667296e-03
2.053050833538636438e-06
1.662971175166296574e-04
1.662971175166296574e-04
1.662971175166296574e-04
1.662971175166296574e-04
1.847745750184773557e-05
1.347006651884700805e-02
1.496674057649667296e-03
1.496674057649667296e-03
1.847745750184773557e-05
1.212305986696231019e-01
1.662971175166296574e-04
1.847745750184773557e-05
1.347006651884700805e-02
1.662971175166296574e-04
1.347006651884700805e-02
1.212305986696231019e-01
1.662971175166296574e-04
1.496674057649667296e-03
1.347006651884700805e-02
1.496674057649667296e-03
1.212305986696231019e-01
1.662971175166296574e-04
1.662971175166296574e-04
1.847745750184773557e-05
1.347006651884700805e-02
2.053050833538636438e-06
