1.981549464041154228e-05
1.981549464041154228e-05
1.783394517637039347e-04
1.981549464041154228e-05
1.981549464041154228e-05
1.981549464041154228e-05
2.201721626712393163e-06
1.783394517637039347e-04
2.201721626712393163e-06
2.446357363013769063e-07
1.783394517637039347e-04
2.201721626712393163e-06
1.783394517637039347e-04
1.981549464041154228e-05
1.981549464041154228e-05
1.605055065873335629e-03
1.783394517637039347e-04
1.605055065873335629e-03
2.201721626712393163e-06
1.783394517637039347e-04
1.783394517637039347e-04
2.446357363013769063e-07
2.201721626712393163e-06
1.783394517637039347e-04
1.981549464041154228e-05
2.201721626712393163e-06
1.783394517637039347e-04
1.605055065873335629e-03
1.981549464041154228e-05
1.444549559286002413e-02
1.783394517637039347e-04
1.981549464041154228e-05
1.444549559286002413e-02
1.605055065873335629e-03
1.783394517637039347e-04
2.446357363013769063e-07
1.783394517637039347e-04
2.446357363013769063e-07
1.783394517637039347e-04
1.783394517637039347e-04
1.981549464041154228e-05
2.201721626712393163e-06
1.605055065873335629e-03
1.783394517637039347e-04
1.981549464041154228e-05
1.981549464041154228e-05
1.981549464041154228e-05
2.446357363013769063e-07
1.605055065873335629e-03
1.444549559286002413e-02
1.783394517637039347e-04
1.444549559286002413e-02
1.981549464041154228e-05
1.783394517637039347e-04
1.444549559286002413e-02
1.783394517637039347e-04
1.981549464041154228e-05
1.783394517637039347e-04
1.605055065873335629e-03
1.783394517637039347e-04
1.783394517637039347e-04
2.201721626712393163e-06
1.981549464041154228e-05
1.981549464041154228e-05
1.981549464041154228e-05
1.783394517637039347e-04
1.783394517637039347e-04
1.981549464041154228e-05
1.783394517637039347e-04
1.783394517637039347e-04
2.446357363013769063e-07
1.444549559286002413e-02
1.444549559286002413e-02
2.446357363013769063e-07
1.981549464041154228e-05
2.201721626712393163e-06
1.444549559286002413e-02
1.981549464041154228e-05
1.783394517637039347e-04
1.444549559286002413e-02
1.981549464041154228e-05
1.981549464041154228e-05
1.605055065873335629e-03
1.783394517637039347e-04
1.981549464041154228e-05
2.446357363013769063e-07
1.981549464041154228e-05
2.446357363013769063e-07
1.981549464041154228e-05
2.446357363013769063e-07
1.605055065873335629e-03
1.300094603357402623e-01
2.201721626712393163e-06
1.783394517637039347e-04
1.605055065873335629e-03
1.981549464041154228e-05
1.783394517637039347e-04
1.783394517637039347e-04
2.201721626712393163e-06
1.981549464041154228e-05
2.201721626712393163e-06
1.783394517637039347e-04
1.981549464041154228e-05
1.783394517637039347e-04
1.981549464041154228e-05
1.783394517637039347e-04
1.981549464041154228e-05
1.783394517637039347e-04
2.201721626712393163e-06
1.605055065873335629e-03
1.605055065873335629e-03
2.446357363013769063e-07
1.605055065873335629e-03
1.605055065873335629e-03
1.605055065873335629e-03
2.201721626712393163e-06
1.605055065873335629e-03
1.605055065873335629e-03
1.783394517637039347e-04
1.981549464041154228e-05
1.981549464041154228e-05
1.981549464041154228e-05
1.981549464041154228e-05
1.605055065873335629e-03
1.981549464041154228e-05
1.605055065873335629e-03
2.201721626712393163e-06
2.201721626712393163e-06
2.201721626712393163e-06
1.783394517637039347e-04
1.783394517637039347e-04
1.981549464041154228e-05
1.783394517637039347e-04
1.981549464041154228e-05
2.201721626712393163e-06
2.446357363013769063e-07
1.981549464041154228e-05
2.446357363013769063e-07
1.981549464041154228e-05
2.201721626712393163e-06
1.981549464041154228e-05
2.446357363013769063e-07
1.605055065873335629e-03
1.981549464041154228e-05
2.446357363013769063e-07
1.444549559286002413e-02
1.605055065873335629e-03
2.201721626712393163e-06
1.605055065873335629e-03
2.201721626712393163e-06
1.981549464041154228e-05
1.444549559286002413e-02
1.981549464041154228e-05
1.605055065873335629e-03
2.201721626712393163e-06
1.783394517637039347e-04
1.783394517637039347e-04
1.605055065873335629e-03
1.783394517637039347e-04
1.981549464041154228e-05
1.783394517637039347e-04
1.783394517637039347e-04
2.201721626712393163e-06
1.605055065873335629e-03
1.605055065873335629e-03
2.718174847793076737e-08
1.605055065873335629e-03
1.981549464041154228e-05
1.783394517637039347e-04
1.783394517637039347e-04
1.605055065873335629e-03
1.605055065873335629e-03
2.201721626712393163e-06
2.446357363013769063e-07
2.446357363013769063e-07
2.201721626712393163e-06
1.981549464041154228e-05
1.444549559286002413e-02
2.201721626712393163e-06
1.783394517637039347e-04
1.783394517637039347e-04
2.201721626712393163e-06
2.201721626712393163e-06
2.446357363013769063e-07
1.605055065873335629e-03
1.783394517637039347e-04
2.446357363013769063e-07
1.783394517637039347e-04
1.981549464041154228e-05
1.981549464041154228e-05
1.783394517637039347e-04
1.783394517637039347e-04
1.981549464041154228e-05
1.783394517637039347e-04
2.201721626712393163e-06
1.981549464041154228e-05
2.446357363013769063e-07
1.783394517637039347e-04
1.444549559286002413e-02
1.605055065873335629e-03
1.605055065873335629e-03
2.718174847793076737e-08
1.981549464041154228e-05
2.201721626712393163e-06
1.981549464041154228e-05
1.981549464041154228e-05
1.605055065873335629e-03
1.981549464041154228e-05
1.981549464041154228e-05
1.783394517637039347e-04
1.981549464041154228e-05
1.981549464041154228e-05
1.444549559286002413e-02
2.201721626712393163e-06
2.201721626712393163e-06
1.981549464041154228e-05
1.981549464041154228e-05
1.783394517637039347e-04
1.605055065873335629e-03
1.981549464041154228e-05
1.783394517637039347e-04
1.783394517637039347e-04
2.201721626712393163e-06
1.981549464041154228e-05
1.981549464041154228e-05
2.446357363013769063e-07
1.605055065873335629e-03
2.201721626712393163e-06
1.783394517637039347e-04
1.783394517637039347e-04
1.981549464041154228e-05
1.981549464041154228e-05
1.981549464041154228e-05
1.981549464041154228e-05
2.201721626712393163e-06
1.605055065873335629e-03
1.444549559286002413e-02
1.300094603357402623e-01
2.446357363013769063e-07
2.446357363013769063e-07
1.981549464041154228e-05
1.783394517637039347e-04
1.605055065873335629e-03
2.201721626712393163e-06
1.444549559286002413e-02
2.446357363013769063e-07
1.981549464041154228e-05
1.605055065873335629e-03
1.783394517637039347e-04
1.783394517637039347e-04
1.605055065873335629e-03
1.605055065873335629e-03
1.783394517637039347e-04
2.201721626712393163e-06
1.605055065873335629e-03
1.783394517637039347e-04
2.201721626712393163e-06
1.981549464041154228e-05
2.446357363013769063e-07
1.783394517637039347e-04
1.783394517637039347e-04
1.605055065873335629e-03
1.981549464041154228e-05
1.981549464041154228e-05
2.201721626712393163e-06
1.981549464041154228e-05
1.981549464041154228e-05
1.605055065873335629e-03
2.446357363013769063e-07
1.300094603357402623e-01
1.783394517637039347e-04
1.605055065873335629e-03
1.783394517637039347e-04
1.605055065873335629e-03
1.783394517637039347e-04
1.300094603357402623e-01
1.783394517637039347e-04
1.783394517637039347e-04
1.981549464041154228e-05
1.981549464041154228e-05
1.783394517637039347e-04
1.783394517637039347e-04
1.981549464041154228e-05
1.783394517637039347e-04
1.981549464041154228e-05
1.981549464041154228e-05
1.605055065873335629e-03
1.605055065873335629e-03
1.783394517637039347e-04
1.981549464041154228e-05
1.444549559286002413e-02
1.605055065873335629e-03
1.605055065873335629e-03
2.446357363013769063e-07
2.201721626712393163e-06
1.605055065873335629e-03
1.783394517637039347e-04
1.981549464041154228e-05
1.605055065873335629e-03
1.783394517637039347e-04
1.300094603357402623e-01
1.981549464041154228e-05
1.981549464041154228e-05
1.605055065873335629e-03
1.981549464041154228e-05
1.783394517637039347e-04
2.201721626712393163e-06
1.605055065873335629e-03
1.981549464041154228e-05
2.201721626712393163e-06
1.783394517637039347e-04
1.981549464041154228e-05
1.605055065873335629e-03
1.605055065873335629e-03
2.201721626712393163e-06
2.201721626712393163e-06
2.201721626712393163e-06
2.201721626712393163e-06
2.201721626712393163e-06
1.783394517637039347e-04
