4.502365687452564472e-05
3.282224586152921592e-02
3.646916206836579161e-03
4.052129118707308974e-04
5.002628541613959396e-06
3.646916206836579161e-03
4.052129118707308974e-04
5.002628541613959396e-06
5.002628541613959396e-06
4.052129118707308974e-04
5.558476157348841655e-07
4.052129118707308974e-04
4.052129118707308974e-04
4.052129118707308974e-04
4.052129118707308974e-04
4.502365687452564472e-05
3.646916206836579161e-03
4.502365687452564472e-05
3.646916206836579161e-03
4.502365687452564472e-05
4.052129118707308974e-04
4.502365687452564472e-05
4.052129118707308974e-04
4.502365687452564472e-05
4.052129118707308974e-04
5.002628541613959396e-06
3.646916206836579161e-03
4.502365687452564472e-05
3.646916206836579161e-03
4.502365687452564472e-05
4.052129118707308974e-04
4.052129118707308974e-04
4.052129118707308974e-04
4.502365687452564472e-05
5.002628541613959396e-06
4.052129118707308974e-04
4.502365687452564472e-05
4.502365687452564472e-05
3.282224586152921592e-02
4.502365687452564472e-05
3.646916206836579161e-03
4.502365687452564472e-05
4.052129118707308974e-04
5.002628541613959396e-06
3.646916206836579161e-03
4.502365687452564472e-05
3.646916206836579161e-03
4.052129118707308974e-04
4.052129118707308974e-04
4.502365687452564472e-05
5.558476157348841655e-07
3.282224586152921592e-02
4.052129118707308974e-04
5.558476157348841655e-07
4.052129118707308974e-04
4.502365687452564472e-05
4.052129118707308974e-04
3.646916206836579161e-03
3.646916206836579161e-03
5.002628541613959396e-06
3.646916206836579161e-03
3.646916206836579161e-03
4.502365687452564472e-05
2.954002127537630473e-01
3.646916206836579161e-03
5.002628541613959396e-06
4.502365687452564472e-05
4.052129118707308974e-04
3.646916206836579161e-03
5.002628541613959396e-06
4.502365687452564472e-05
5.002628541613959396e-06
3.282224586152921592e-02
4.502365687452564472e-05
4.502365687452564472e-05
4.502365687452564472e-05
4.502365687452564472e-05
4.052129118707308974e-04
4.052129118707308974e-04
5.002628541613959396e-06
3.646916206836579161e-03
5.002628541613959396e-06
4.502365687452564472e-05
4.052129118707308974e-04
6.176084619276490287e-08
5.002628541613959396e-06
4.502365687452564472e-05
5.558476157348841655e-07
4.502365687452564472e-05
4.502365687452564472e-05
4.052129118707308974e-04
4.052129118707308974e-04
4.502365687452564472e-05
5.002628541613959396e-06
5.002628541613959396e-06
5.002628541613959396e-06
4.502365687452564472e-05
5.002628541613959396e-06
5.558476157348841655e-07
5.558476157348841655e-07
4.502365687452564472e-05
4.052129118707308974e-04
4.052129118707308974e-04
4.502365687452564472e-05
4.052129118707308974e-04
3.646916206836579161e-03
4.502365687452564472e-05
4.052129118707308974e-04
3.282224586152921592e-02
4.052129118707308974e-04
4.502365687452564472e-05
5.558476157348841655e-07
4.052129118707308974e-04
5.002628541613959396e-06
3.646916206836579161e-03
3.646916206836579161e-03
4.502365687452564472e-05
4.502365687452564472e-05
3.646916206836579161e-03
3.646916206836579161e-03
5.002628541613959396e-06
3.646916206836579161e-03
4.052129118707308974e-04
4.052129118707308974e-04
4.502365687452564472e-05
4.502365687452564472e-05
4.502365687452564472e-05
3.646916206836579161e-03
3.646916206836579161e-03
3.646916206836579161e-03
4.052129118707308974e-04
5.558476157348841655e-07
5.002628541613959396e-06
3.282224586152921592e-02
4.502365687452564472e-05
4.502365687452564472e-05
5.002628541613959396e-06
4.502365687452564472e-05
3.646916206836579161e-03
5.002628541613959396e-06
5.558476157348841655e-07
3.646916206836579161e-03
5.558476157348841655e-07
4.502365687452564472e-05
5.558476157348841655e-07
3.282224586152921592e-02
4.052129118707308974e-04
3.646916206836579161e-03
4.052129118707308974e-04
5.558476157348841655e-07
5.002628541613959396e-06
4.052129118707308974e-04
4.052129118707308974e-04
4.052129118707308974e-04
4.052129118707308974e-04
4.502365687452564472e-05
4.052129118707308974e-04
5.002628541613959396e-06
4.502365687452564472e-05
4.052129118707308974e-04
4.502365687452564472e-05
5.002628541613959396e-06
5.002628541613959396e-06
5.002628541613959396e-06
5.558476157348841655e-07
3.282224586152921592e-02
4.052129118707308974e-04
4.052129118707308974e-04
3.646916206836579161e-03
5.558476157348841655e-07
5.002628541613959396e-06
4.052129118707308974e-04
4.502365687452564472e-05
4.052129118707308974e-04
3.282224586152921592e-02
4.052129118707308974e-04
3.646916206836579161e-03
5.002628541613959396e-06
4.502365687452564472e-05
4.052129118707308974e-04
4.502365687452564472e-05
4.502365687452564472e-05
4.502365687452564472e-05
4.052129118707308974e-04
4.052129118707308974e-04
3.646916206836579161e-03
5.558476157348841655e-07
4.502365687452564472e-05
4.502365687452564472e-05
4.502365687452564472e-05
3.646916206836579161e-03
3.282224586152921592e-02
5.002628541613959396e-06
4.052129118707308974e-04
4.052129118707308974e-04
4.052129118707308974e-04
4.502365687452564472e-05
4.052129118707308974e-04
3.282224586152921592e-02
4.502365687452564472e-05
5.558476157348841655e-07
4.052129118707308974e-04
4.052129118707308974e-04
5.558476157348841655e-07
3.646916206836579161e-03
3.646916206836579161e-03
4.502365687452564472e-05
4.052129118707308974e-04
4.502365687452564472e-05
4.052129118707308974e-04
4.502365687452564472e-05
3.646916206836579161e-03
5.002628541613959396e-06
4.052129118707308974e-04
4.052129118707308974e-04
4.052129118707308974e-04
5.002628541613959396e-06
3.646916206836579161e-03
5.002628541613959396e-06
4.502365687452564472e-05
3.282224586152921592e-02
5.002628541613959396e-06
4.502365687452564472e-05
5.002628541613959396e-06
4.502365687452564472e-05
5.002628541613959396e-06
4.502365687452564472e-05
4.502365687452564472e-05
5.002628541613959396e-06
5.002628541613959396e-06
4.052129118707308974e-04
5.002628541613959396e-06
5.002628541613959396e-06
5.002628541613959396e-06
5.002628541613959396e-06
4.052129118707308974e-04
5.002628541613959396e-06
4.502365687452564472e-05
4.052129118707308974e-04
4.502365687452564472e-05
5.002628541613959396e-06
5.558476157348841655e-07
4.502365687452564472e-05
4.052129118707308974e-04
4.052129118707308974e-04
6.176084619276490287e-08
4.502365687452564472e-05
5.558476157348841655e-07
4.502365687452564472e-05
4.052129118707308974e-04
3.646916206836579161e-03
3.282224586152921592e-02
3.646916206836579161e-03
5.002628541613959396e-06
4.502365687452564472e-05
4.502365687452564472e-05
5.002628541613959396e-06
4.502365687452564472e-05
5.002628541613959396e-06
4.052129118707308974e-04
4.502365687452564472e-05
4.502365687452564472e-05
5.002628541613959396e-06
3.646916206836579161e-03
4.052129118707308974e-04
5.002628541613959396e-06
4.052129118707308974e-04
4.502365687452564472e-05
4.502365687452564472e-05
5.558476157348841655e-07
4.052129118707308974e-04
3.646916206836579161e-03
5.002628541613959396e-06
4.052129118707308974e-04
5.558476157348841655e-07
5.558476157348841655e-07
4.502365687452564472e-05
5.002628541613959396e-06
4.502365687452564472e-05
3.646916206836579161e-03
4.052129118707308974e-04
3.646916206836579161e-03
4.052129118707308974e-04
4.052129118707308974e-04
3.282224586152921592e-02
3.646916206836579161e-03
4.052129118707308974e-04
4.052129118707308974e-04
4.502365687452564472e-05
4.052129118707308974e-04
4.052129118707308974e-04
5.558476157348841655e-07
3.646916206836579161e-03
3.646916206836579161e-03
4.052129118707308974e-04
5.558476157348841655e-07
4.052129118707308974e-04
5.002628541613959396e-06
4.052129118707308974e-04
5.002628541613959396e-06
3.646916206836579161e-03
5.002628541613959396e-06
5.558476157348841655e-07
5.002628541613959396e-06
4.052129118707308974e-04
4.052129118707308974e-04
5.558476157348841655e-07
3.282224586152921592e-02
4.502365687452564472e-05
4.052129118707308974e-04
5.002628541613959396e-06
4.502365687452564472e-05
4.052129118707308974e-04
3.646916206836579161e-03
4.052129118707308974e-04
4.052129118707308974e-04
4.502365687452564472e-05
4.052129118707308974e-04
4.502365687452564472e-05
4.052129118707308974e-04
