1.008153949140648196e-06
6.614498060311798863e-03
9.073385542265836727e-06
7.349442289235330866e-04
7.349442289235330866e-04
6.614498060311798863e-03
6.614498060311798863e-03
1.008153949140648196e-06
5.953048254280620538e-02
7.349442289235330866e-04
6.614498060311798863e-03
9.073385542265836727e-06
8.166046988039254409e-05
6.614498060311798863e-03
1.008153949140648196e-06
9.073385542265836727e-06
5.953048254280620538e-02
7.349442289235330866e-04
6.614498060311798863e-03
1.008153949140648196e-06
9.073385542265836727e-06
8.166046988039254409e-05
8.166046988039254409e-05
7.349442289235330866e-04
9.073385542265836727e-06
7.349442289235330866e-04
6.614498060311798863e-03
9.073385542265836727e-06
8.166046988039254409e-05
8.166046988039254409e-05
8.166046988039254409e-05
8.166046988039254409e-05
7.349442289235330866e-04
1.008153949140648196e-06
9.073385542265836727e-06
9.073385542265836727e-06
7.349442289235330866e-04
8.166046988039254409e-05
8.166046988039254409e-05
9.073385542265836727e-06
7.349442289235330866e-04
7.349442289235330866e-04
6.614498060311798863e-03
1.008153949140648196e-06
7.349442289235330866e-04
1.008153949140648196e-06
6.614498060311798863e-03
8.166046988039254409e-05
8.166046988039254409e-05
9.073385542265836727e-06
6.614498060311798863e-03
9.073385542265836727e-06
1.008153949140648196e-06
9.073385542265836727e-06
7.349442289235330866e-04
6.614498060311798863e-03
8.166046988039254409e-05
6.614498060311798863e-03
7.349442289235330866e-04
7.349442289235330866e-04
8.166046988039254409e-05
9.073385542265836727e-06
8.166046988039254409e-05
6.614498060311798863e-03
9.073385542265836727e-06
8.166046988039254409e-05
8.166046988039254409e-05
8.166046988039254409e-05
1.008153949140648196e-06
8.166046988039254409e-05
8.166046988039254409e-05
7.349442289235330866e-04
8.166046988039254409e-05
8.166046988039254409e-05
7.349442289235330866e-04
9.073385542265836727e-06
1.008153949140648196e-06
8.166046988039254409e-05
8.166046988039254409e-05
6.614498060311798863e-03
6.614498060311798863e-03
8.166046988039254409e-05
8.166046988039254409e-05
6.614498060311798863e-03
8.166046988039254409e-05
9.073385542265836727e-06
7.349442289235330866e-04
8.166046988039254409e-05
7.349442289235330866e-04
8.166046988039254409e-05
5.357743428852560497e-01
7.349442289235330866e-04
5.953048254280620538e-02
6.614498060311798863e-03
8.166046988039254409e-05
9.073385542265836727e-06
6.614498060311798863e-03
5.953048254280620538e-02
8.166046988039254409e-05
9.073385542265836727e-06
7.349442289235330866e-04
8.166046988039254409e-05
7.349442289235330866e-04
9.073385542265836727e-06
9.073385542265836727e-06
8.166046988039254409e-05
7.349442289235330866e-04
6.614498060311798863e-03
8.166046988039254409e-05
9.073385542265836727e-06
8.166046988039254409e-05
8.166046988039254409e-05
5.953048254280620538e-02
9.073385542265836727e-06
6.614498060311798863e-03
7.349442289235330866e-04
8.166046988039254409e-05
1.008153949140648196e-06
6.614498060311798863e-03
8.166046988039254409e-05
9.073385542265836727e-06
9.073385542265836727e-06
1.008153949140648196e-06
8.166046988039254409e-05
7.349442289235330866e-04
6.614498060311798863e-03
1.008153949140648196e-06
8.166046988039254409e-05
