27314638.9
29346949.14
25223892.92
15248596.81
26277736.84
27494706.69
75454808.7
76814733.35
34798944.4
32969519.05
140652517.78
75809202.85
76802381.18
141116937.69
76437993.94
67685059.03
26613199.57
25622813.05
76568535.01
75825963.56
66414512.16
36214195.83
140253977.1
28421396.44
140376130.88
30336405.8
23528922.32
139812018.58
140878740.25
72333597.52
76135429.63
72924415.94
140403556.93
66748293.65
16286425.63
76472896.02
67911188.63
65881449.86
26766551.19
73939755.32
140352419.02
65263258.46
28807830.19
141418659.25
75495888.07
75637667.4
34848289.24
76623567.02
65897634.55
32044321.94
140268585.0
29993191.77
65904571.81
72124743.98
66766412.81
76071240.75
75727865.2
65997951.0
33003563.46
72727895.59
75849393.4
29522885.35
28629847.48
29478190.19
76309774.07
66073729.94
33300402.44
28606028.65
32660136.72
67366876.8
66788601.91
140579931.66
31402494.09
33284109.15
140420645.09
66632634.84
33017279.43
140418461.78
141697080.89
140261276.2
77980412.91
25376267.26
77478326.25
33146176.41
35413809.11
141403603.68
25714994.01
140699273.92
29605236.47
141565218.84
67880048.51
140912901.23
29247809.69
71914912.81
28830534.06
72407740.93
139949619.11
26710264.92
32485793.75
23737030.76
28314793.66
65394285.3
28166245.51
141257773.92
71391663.17
30161042.51
75662687.88
33089262.25
75857439.0
72172981.16
32491477.23
16577713.89
23856572.07
66711107.47
28904790.08
16247490.54
72646992.84
71820254.03
66573042.57
141535297.62
140512329.66
141345523.86
26438958.13
78295041.19
66822603.53
32644250.08
28454899.07
76661554.0
30549583.46
29813665.26
66744973.98
72028880.84
32996427.99
72820217.58
66137468.82
32547664.34
77823470.15
76342691.93
140879467.96
67643658.2
35690324.35
76982446.47
71792405.04
66217400.71
28779755.81
77954298.97
75925907.25
35368020.69
27274141.08
71892174.96
28673813.54
26429097.98
76193590.49
77449424.68
140329984.96
28576387.89
141110097.53
15120734.54
75891150.6
67844625.95
66951746.45
33698343.31
67073341.47
71431670.95
71989938.7
25298077.05
76481810.05
71898889.97
29944249.88
32725547.99
140655435.67
140701406.07
75857575.47
78184438.91
35501622.02
68365353.29
71930497.18
33989502.09
71368513.36
16231038.42
140569686.21
25059265.04
28672526.62
35691550.0
68295664.07
67650672.32
75552823.38
33425114.07
28164731.29
68922593.5
66160749.9
72614471.88
29144874.58
66192513.71
15154803.62
140360131.16
30526763.93
66390456.75
76148205.01
66987784.47
27643024.63
29937642.22
24838608.01
15240599.61
26775528.02
27764536.78
75668383.2
76554631.71
33105526.52
32932709.21
140706803.8
76675323.46
76171762.06
141667153.75
76026160.32
67344330.92
26572076.13
25739808.65
76833738.87
75624858.82
66993504.23
35460700.89
141346475.98
29235724.0
141107301.8
30166147.96
23563451.48
140276160.72
141000628.69
72281715.15
76273083.91
73018074.62
139990834.44
66063123.26
16242009.75
75823574.79
67632234.01
66938127.71
26064334.35
73590461.26
140914948.78
65849713.36
29545154.14
140498639.63
75692776.18
76021003.28
35108824.4
75043820.44
66171991.61
31662007.1
142022827.71
29847183.13
65683390.9
72162594.95
66331512.98
76801422.68
76339973.23
66743911.08
33162792.47
73489449.86
74841469.07
30295590.14
29011487.53
28651934.4
76384121.43
66383351.98
32961968.89
29073257.7
33633919.37
68204670.12
66148104.51
141119588.6
32005073.64
33087300.81
139349220.77
66377323.67
32082324.46
140630515.12
140652169.42
141605574.78
77451299.01
24694383.67
76769374.14
33038028.38
35761434.36
140501060.68
26810387.09
140687436.21
28380919.68
140830855.12
67903861.58
139373389.68
28819254.85
70987393.12
28807289.76
71291165.32
141058921.87
26747497.0
31310045.25
23007388.82
28313945.97
67332497.12
27328374.89
140324913.63
71855686.06
30197402.95
76196194.62
32494151.2
75509449.2
71808305.87
32200569.4
16542739.69
23324861.02
67933758.65
28894627.22
16258553.14
72765356.38
72416546.95
65965158.18
141315243.37
141174077.66
139708217.98
26466678.86
77461750.24
66003872.01
32887804.1
28594293.44
76986593.37
29795823.25
29710740.63
66145345.02
72348726.57
32465774.22
72722535.83
67126340.92
32646796.9
76395619.19
76999555.38
140272096.95
66381414.73
36214646.78
77221028.66
71334577.44
65811664.86
28461613.06
78015970.86
75576670.75
35927786.61
27303370.87
72093299.03
29303351.29
26437898.64
76274757.08
77108214.68
140849371.55
28581163.94
140208077.46
15109874.14
75249814.69
67422589.01
66028450.07
33133556.41
66936095.89
71651558.85
72130137.32
25329081.01
75963066.34
72060156.27
29816034.21
32847026.53
140792179.09
140707844.06
76075625.18
77113883.2
36193182.21
67822453.27
71976500.71
33827940.13
71859231.3
16303561.39
141631439.53
25445134.73
28622192.5
36154449.78
66700338.78
66965767.2
76514850.45
33414263.92
29153218.03
67908396.54
65899967.07
71893708.83
28966848.58
65542948.79
15144924.52
140345215.64
30337610.9
66230506.09
76226574.16
67610598.01
27945445.96
28758556.39
25400528.22
15229404.76
26416161.69
27554816.96
75615725.38
75925143.28
33076534.27
33274053.88
140396923.89
76417536.69
77230132.71
141566180.38
76763280.76
67280725.21
26311000.0
25871789.45
77027450.05
76490053.07
66199017.86
36365444.34
140811340.36
30208438.18
140642425.89
30002153.87
22725672.31
140367314.23
140575046.33
72319619.29
76907363.19
72942777.45
140920217.03
65594013.09
16277113.62
75234063.96
67150231.58
66407470.13
26892335.28
72914602.35
140145649.59
66105194.16
29259441.62
140450499.37
76312225.98
76795863.06
33645437.5
76024848.4
65913061.52
31829411.37
140436010.9
29364253.97
65713189.31
71338331.84
66076750.59
75497131.77
77061798.18
67003085.66
33639383.72
72827489.63
75579834.17
30157837.78
29173810.14
28529449.58
75840444.42
65885808.87
33342024.01
29462510.02
33356472.96
67248633.44
65676783.97
140971451.16
31516550.18
33128170.26
141498840.68
67266631.59
32506251.28
140675625.04
141905067.61
141239699.11
77508396.93
25500049.59
77015677.97
33733912.8
35688689.44
141015321.88
26373152.52
140531128.38
29414558.77
140278693.61
67411617.36
140476437.55
29043450.92
73308259.64
29508638.92
72198348.57
141672635.22
26618258.19
32180924.52
22834854.95
28597903.04
66647820.39
28404166.87
142193128.33
71438903.06
29992050.99
75875018.14
33561195.75
77249641.31
72615344.84
31647310.92
16561719.53
22882851.03
67305067.69
29278929.84
16295696.33
73077597.72
70786480.61
65989761.14
141820793.7
141076574.34
139837368.15
26270595.75
76812362.14
65951066.81
33961293.27
28937249.18
75545862.58
30965649.0
29768398.43
66562127.14
71520423.91
33192885.78
73223511.11
66634983.38
33350273.65
77710929.95
75392006.06
141380095.25
65726190.54
36646454.96
77187547.84
71329942.9
65495858.4
29167054.19
77849415.86
76003910.27
36192440.19
27964285.62
72106595.34
28885227.21
26690449.42
76610362.66
77840225.75
142202556.42
28340239.22
141292161.85
15143829.5
75146464.55
68373312.26
66894551.94
33134790.63
67116251.22
72002596.6
72722201.14
25105901.41
77018421.03
71925384.52
30416281.63
32337156.14
140943821.0
140479448.59
75750457.38
76881871.37
35099820.43
67091322.89
71699719.06
34319421.23
71981603.7
16270538.07
140853515.85
24512059.99
29230412.82
35848845.52
67878258.03
67415756.38
77101895.45
33165084.47
28783637.4
67362046.78
65920320.78
71784637.62
29373366.94
65951280.14
15140301.02
142799719.82
29614475.22
66891393.76
76112174.52
68099721.96
28305435.89
29553479.07
25320683.79
15229324.75
26269822.29
27739470.61
75802807.62
77226017.1
32993070.98
33413383.57
140813609.79
76104392.41
77079783.1
140875023.48
75711567.27
68174929.56
26909606.24
26055583.58
75783899.58
75564959.7
65605595.98
35920065.57
141625386.85
29098468.57
141129451.49
30114653.79
22652656.97
139289401.61
141348322.8
71781639.33
76128913.12
74063472.99
140986429.28
66144567.61
16289156.16
76746989.36
67915754.25
65921907.89
26323010.29
72720468.89
140610693.72
65941422.16
28945347.32
140688518.45
75131812.3
76186051.39
34360438.04
74964796.41
65391963.3
32194029.0
141089618.03
30293241.64
66812702.0
72789568.05
66865130.16
76249060.67
76183877.98
66439999.45
32870283.04
73259609.84
76562780.86
30079500.97
29581991.07
28863502.99
76354998.06
66329262.51
33076656.21
28770396.14
32549919.21
67488914.92
65473834.45
140366623.52
31603986.3
32859822.93
141313040.15
66125404.09
33529092.85
141109336.02
139823650.69
141248069.19
77342655.99
25103409.83
76160150.47
33101003.39
35575163.47
141497839.73
26277560.04
139373528.14
29571649.26
140888985.4
67403245.13
141131271.31
29369004.64
71848206.46
28450518.86
71553877.69
140882838.49
26793483.01
31993728.23
22810708.16
28361614.59
66896327.56
27770553.68
141463477.08
70790485.91
30538343.55
75962943.07
32871329.2
76141142.55
72017136.61
32476689.11
16555256.41
23808982.79
68023586.85
28562733.16
16278219.9
73696227.04
72187666.33
66625439.66
140926288.22
140483983.55
141066319.58
26536840.46
77349401.93
66498897.1
33639960.9
28578789.24
76214356.14
30281592.82
29864071.71
66298149.99
71389380.02
33097500.64
73042959.71
66384322.24
32221756.52
77495729.98
75737608.87
141388307.78
66663224.08
36627082.46
76970278.98
71770699.1
66163869.02
28184498.58
77553789.7
75467958.16
36383485.66
27619993.93
71541047.67
28745023.84
27093782.28
76357375.39
77676030.67
139983620.91
28550570.13
141732361.86
15147389.25
76163110.13
67803407.09
66601682.76
32847037.18
66911541.94
71041688.3
72729241.53
25540615.81
76619336.0
71967623.79
29966367.39
32957136.01
140529142.78
140835910.47
75758135.69
77790683.37
35204110.56
68413180.93
71369738.03
34548617.94
72266916.95
16300876.6
141182324.43
25642383.32
29336685.93
36075238.47
68786372.3
68744797.2
76183766.22
32836567.29
29006742.65
67462308.29
65384966.45
72089494.63
29231975.87
66349814.59
15080280.83
140677859.88
30131216.82
66803052.12
74976694.61
67971032.11
27868386.76
29089093.82
24734027.78
15239893.22
26167934.16
28792970.36
75919886.35
76729016.29
32462810.28
33375852.42
140517168.88
76413579.03
77163703.63
140631429.07
76075210.46
68051692.73
26860128.48
25193729.92
77640240.61
75335412.03
67537617.0
35471291.07
140750502.53
28955421.55
140626840.09
30315738.93
23229973.37
141317643.71
140344558.0
72398220.51
76180776.54
73388903.4
140971447.67
65604182.57
16274864.09
75644900.89
67450120.7
66291232.08
26677560.99
73011662.06
140788368.73
65986575.87
28894681.9
141142869.44
77731559.81
75930996.51
34287886.28
76685397.82
66205967.44
31375218.9
141429187.41
30571687.05
66993082.18
72580681.26
66550118.59
76034100.6
76709046.15
66672507.03
33208260.65
73050636.39
75866145.73
30328260.85
28969883.15
28640535.52
76309129.13
66118286.34
32897396.87
29217897.7
33370723.7
68126234.02
66475955.43
139487730.3
31705784.5
33164900.96
140952578.31
66463628.56
32955486.98
140661670.97
140862314.65
141228975.61
77601813.64
25261171.18
76871999.35
33226937.25
35471543.23
140524705.08
26202860.8
141126468.12
28642699.73
141121895.58
67407616.28
140841407.45
28657850.23
71863118.99
28624277.21
71192670.6
139628987.9
26290866.34
32175137.31
22878441.37
28351791.28
66995454.32
27413126.98
141415753.76
71294136.83
29849701.64
75919344.14
32348859.24
75944735.48
71626326.36
31903681.1
16556070.4
23531281.94
67451080.45
28504207.33
16271356.91
73998060.59
72610426.08
66599048.71
141085711.03
139985744.14
140283800.58
26111212.53
77305488.1
66936544.96
33339990.48
29130599.6
76338483.4
30388896.14
29673798.44
66145051.87
72425377.77
32828365.4
74113207.91
66112329.28
33288507.82
77109669.29
76220167.09
140627296.11
66689897.0
36131787.33
76830542.97
72086622.03
66609301.21
29031782.06
77377745.94
75891429.97
35697433.1
27774383.17
72086441.77
28779296.02
26332672.2
75498273.82
76638898.57
141436604.84
28969436.63
140559597.6
15117372.64
76086493.99
67440099.58
66468811.37
32652998.43
67514378.59
72216931.86
71558768.88
25115939.56
76810538.14
71342823.53
29951551.61
32949098.86
141144880.35
140033696.85
76037252.3
77222492.68
36128766.44
67772047.42
72432110.97
34392304.41
71785072.27
16260060.69
140655319.77
25832582.75
28883799.03
35133953.76
68485377.39
68645589.68
76003304.27
32471522.58
28882020.08
68388197.95
66242716.83
71678988.86
29078803.54
67117473.37
15139276.0
139953372.67
29652428.35
66048450.53
75912943.0
67367866.46
27602486.22
28930933.11
25256254.72
15273762.48
26361740.95
27375244.98
75683906.24
76053393.18
33697137.08
33133960.59
140591991.58
76047591.0
77546367.85
139842216.96
76274896.1
68449312.32
25904606.21
25479290.05
77793451.67
75839738.55
67423558.55
35768235.19
140172558.88
29150409.88
139871588.03
30156845.08
23035912.43
139530124.01
141285109.65
72344176.93
76706369.9
73085117.94
140456954.61
66840664.78
16301857.54
75744736.14
66168416.11
66807697.19
26647494.69
72503617.48
139682895.32
66193389.91
29340728.02
140965044.09
76312120.06
75653185.64
34451591.84
76277033.17
65375380.76
31384001.7
140630430.36
29669742.22
66684626.0
71703764.48
65815095.28
76446976.56
75739982.15
66881137.92
33289535.93
72183258.12
75219762.91
30551876.36
28819773.31
29264724.67
75603189.31
67039666.31
33680877.26
28449752.93
33056444.25
68132153.96
67143392.13
139789906.98
33164310.84
32810128.36
140421542.98
67077693.45
32855228.49
140277428.64
141034132.03
141253073.16
77909864.71
25587250.57
77904498.55
32677940.4
35265853.28
140360493.9
25979918.79
139680385.32
28571515.58
140704955.6
67745680.1
141406695.67
29474517.2
71522572.99
28598389.08
71656950.99
141205061.06
26439652.57
32256650.41
22961186.18
29107139.09
66483159.7
27749064.03
140825437.14
71579370.21
30254617.74
75682501.09
32658265.07
76671616.21
72663931.3
32061034.55
16579408.15
23203960.75
67905140.48
29049229.59
16240428.12
72859864.37
72067320.73
66204483.52
140302468.04
141592642.58
140884688.55
25772122.01
77507263.56
65648110.25
34439181.25
28597055.88
76075593.09
30117475.55
30013374.82
66365247.58
72165750.61
33681758.67
73135428.94
66637580.92
33270269.72
77455598.3
76578271.47
141580152.28
66110373.45
35644275.82
76774434.31
72035460.32
66025478.21
28800978.1
76721158.59
75963505.6
34998378.63
27348622.63
71496583.63
28120604.88
26646241.57
76203248.21
77374024.46
140744947.23
29118722.77
140444601.31
15154623.28
76158949.27
66429983.39
67194548.78
33288812.93
68009329.07
71393885.38
71320645.61
25229646.68
77156252.0
71128002.17
30386486.01
33157520.11
140578914.01
140986540.26
76663408.82
77980986.91
36884446.0
68033833.35
72339813.65
34321582.94
71792459.17
16312990.66
139903206.94
25182185.0
29770693.08
36667830.17
67475983.61
67712507.77
75914461.78
32436934.31
29156733.3
67977950.69
65713590.02
72557251.94
29084945.56
65897971.39
15161906.79
139246333.57
29837504.36
66244194.83
76673605.3
68138071.34
27286265.96
29130014.7
25394460.57
15214350.54
26311636.39
27372087.32
75331999.23
76415805.18
32705319.75
33087379.8
139610029.41
76761362.26
77228692.73
141671035.18
76411680.15
68182082.77
26445122.11
25308782.3
77371095.26
77005652.31
66375089.02
35654536.8
142538212.7
28562867.19
140233075.68
30005084.19
22882246.62
141369758.4
140988500.44
72578071.72
76720542.46
72717197.56
140009627.73
67320130.38
16284864.22
76285160.46
67230295.02
66317647.6
26878740.09
72978264.39
141543065.53
66124217.98
29097720.98
139974455.82
76465818.23
75818218.64
34546211.27
76117262.6
66696258.35
31818780.09
140607761.76
30012657.92
66595150.33
71520480.63
66281875.59
76492722.11
75614642.03
66618912.06
32125126.86
73012197.76
76517723.82
30450072.71
29374589.77
28554561.55
76894813.91
66784777.17
32724433.72
28771335.34
32539383.54
67370221.73
65209281.47
139798128.18
31821466.77
32994756.0
141574467.69
66271682.23
32593027.74
139417081.74
141480818.86
140422274.34
76975901.03
25308236.0
76794141.96
33290604.76
35817840.57
140397357.48
26583828.67
141117034.3
29069228.87
140809894.39
67013320.59
140058731.09
29044939.5
71018783.81
28785518.19
72181467.77
139725712.06
26555672.6
32411488.17
23369263.36
29190072.1
67284555.0
26544693.39
140250101.52
72245617.49
30356964.0
76582576.74
33132030.23
76155417.55
72248553.31
31796757.58
16545602.07
23147602.58
67767955.95
28390540.69
16249761.71
72386000.9
72437714.26
67082713.72
140342726.89
139175843.35
140356425.29
26950024.52
77173904.96
66367949.68
33403786.43
28734609.36
76474038.19
30368192.07
29705508.46
67194709.88
71614215.82
32602716.13
72535777.79
65929038.53
33762969.3
77719460.1
75250077.01
141442572.57
66746689.2
35058735.28
77359984.44
71838680.17
66944450.58
29112502.04
76494621.44
75594773.0
36060841.75
27699337.55
70768885.13
29031692.77
26387736.72
75602187.87
76658654.97
140498521.39
29355891.26
140132172.33
15108062.43
76252157.46
67954197.97
66312974.06
33950837.16
66401371.58
73104827.38
71587725.33
25741842.61
76827173.27
71821740.33
29749143.58
32191791.52
140065377.39
141394159.66
76415058.31
77191207.9
35909072.03
66850156.49
71601352.29
34136470.81
72520962.57
16245093.88
141423306.99
25188126.13
28521765.85
35899865.16
67541370.36
67303400.68
75680846.8
34069575.7
28509781.73
68418135.74
65671893.56
72190716.73
28750719.59
65850400.58
15123998.05
140545574.79
30137202.71
67243688.63
75654075.09
67587347.4
27372838.48
29229483.86
25227208.83
15241919.39
26071159.01
27626740.84
75772338.37
75753984.05
33021512.46
32253976.7
140722673.57
75854337.1
78024668.92
140505200.01
76960080.57
68695133.04
25997056.73
24619914.51
76715130.46
75548456.99
66736352.88
35562235.21
142245003.88
29882734.95
141079738.09
29983076.41
23092889.86
140219539.16
140844626.32
72373281.57
77049454.62
73368243.9
140559762.16
66240436.06
16274845.78
76713574.04
67356165.46
67302386.0
27295047.44
73501262.12
141743854.67
65508745.38
28993928.76
140749038.28
75835477.73
75713253.17
34301518.14
76651042.18
65954989.88
32429821.79
141347928.32
30364998.26
66387438.87
71568883.75
66146744.41
76012697.07
76241209.57
67049564.85
32938892.81
73376495.91
75790022.6
29670380.88
28767186.69
28660440.24
76076560.66
65995279.26
33412167.8
28974630.9
33312832.15
67539714.05
66422935.82
140037037.11
31626017.87
33564273.9
140642092.56
66554916.62
32989577.71
141269211.28
140827899.24
140573575.06
77927871.35
25300023.62
77585154.93
33782765.82
35647375.87
141298853.5
25909421.71
141207675.46
28380794.92
140744369.25
67726236.42
141305832.14
28982890.22
71405526.28
28692959.01
71039932.83
140489033.43
26489027.38
31725098.69
22914593.61
28616778.73
66138977.09
28124167.71
140585056.15
71611298.56
29901066.75
76506832.84
32896008.43
75517698.69
72068309.13
31750039.82
16560776.1
23221183.34
66883639.46
28809154.55
16256767.18
72804271.55
72003475.23
67136481.25
140732868.22
140446819.63
141218764.84
26516692.85
76884966.94
65896497.62
32681646.99
28745905.65
76286007.7
30051230.02
30319675.13
65993925.12
71596570.71
33144202.82
73841609.9
67116211.02
33082193.01
76814171.18
76802083.7
141102037.12
66601446.06
36259834.43
76491482.04
71402193.28
66543132.9
28488610.12
76993026.42
76561159.77
35430472.42
27698351.59
72119534.49
28588083.68
26528588.79
76316200.13
78157025.99
140409432.14
28543137.58
142004041.57
15112522.55
76464666.47
66987582.2
66467163.83
32701606.89
66934657.51
71829928.27
72733299.7
25075882.23
77190220.79
71441637.49
29575128.91
33520952.47
141179639.96
141854931.71
75806542.91
76618571.86
35756240.91
67075622.91
72008767.63
34247181.44
71503162.79
16254413.36
140693049.6
24666440.12
29017513.23
35377278.67
66825732.0
68292220.09
76391988.59
33449133.18
29367437.14
68070610.79
66406062.83
71973978.44
29489574.48
66499489.72
15157625.18
142672284.17
30784442.26
65735231.66
75614907.88
67952750.29
27318241.96
28527004.15
25331588.8
15217781.62
26497128.14
27846180.02
76932443.55
76460339.2
33260954.69
33003540.87
141196098.97
75229044.62
77210295.58
141248387.5
76356848.94
68127538.06
26881137.12
25039524.49
76873653.8
76467907.03
66914581.98
35992593.49
140939786.52
29009703.75
140463967.65
29826427.53
23423544.82
142876584.63
140749844.97
71507257.67
76430772.22
71747377.15
141166969.75
67026709.04
16273112.11
75982068.01
67454680.98
66395635.16
26612891.91
72888369.35
140323316.1
66878368.84
29820067.68
140604293.22
75962835.47
76342116.55
35050791.88
76620169.31
66675016.4
32412943.49
139879320.94
30351746.07
65974073.33
72201335.17
67456334.08
76047603.54
75392487.29
67025962.94
32685446.0
73503879.06
76537232.6
30256883.74
28411062.33
29281021.94
75858399.77
66241537.5
33000005.88
28309478.49
32674639.03
67408108.89
65828895.63
139848871.68
31990145.77
32946742.68
140674169.65
65449413.13
32980553.77
140535896.41
140649396.29
141131518.9
77283056.82
25208191.15
77845561.74
33106519.69
35164317.97
140352991.02
26079174.09
141587006.7
29041229.56
141242469.44
66708126.51
140363862.73
29816702.65
71924776.33
28219246.14
72322401.91
141362194.04
26981869.2
32325332.9
23504698.79
28353913.44
66009900.72
27945220.36
139754877.38
72525456.44
30027752.4
76249944.2
32932793.22
77290403.59
72021747.43
31761515.51
16548548.8
22982825.23
67112918.72
29226032.46
16296051.4
72636155.53
71263103.56
66323053.54
141469800.94
140099902.84
141535376.78
26918331.42
77019564.65
66368790.81
32745497.48
28718236.11
76434609.84
30081764.61
30033071.21
66811007.2
71952420.57
32826864.35
74091468.42
66579866.75
33001383.58
77623156.82
75973235.89
140560566.84
65868682.29
36056638.27
77391454.18
72086202.05
66824507.84
28638854.95
77279020.93
76579680.22
35695773.09
28039017.39
72133465.77
28903721.58
27231450.0
76244450.87
76618437.75
140484935.27
28718488.57
141178210.53
15092016.25
77441293.98
67864680.48
66814496.82
33161716.79
67172394.97
71137195.06
72159643.48
25680218.34
75955598.97
72917938.72
30296597.35
32803818.86
143029719.36
140084380.22
76909789.65
76634152.29
35764543.83
67515517.68
72143546.32
33861804.41
71540925.7
16258294.41
141252607.57
25811037.93
28707324.47
36543549.77
67542081.49
68229528.28
76146475.98
32498605.54
28766775.13
67874407.91
66604622.41
72407882.15
28522782.05
66491113.91
15119272.62
140535374.67
30252905.41
65785688.88
76075465.38
67078093.01
27353144.19
28625069.35
25125720.22
15226247.79
25894900.5
27315352.13
76435876.95
76859808.9
33149293.77
33302273.51
140415382.2
76346083.0
77624238.77
141246765.39
74755819.87
68420485.95
26250019.88
25188871.91
76946221.97
76563983.54
67112692.43
35818722.92
141757002.58
28513339.46
140469703.41
30172419.37
23275201.23
140554493.76
140619481.48
71866438.46
76310196.3
72396087.27
140307695.58
66776230.03
16295255.52
75276741.12
68107160.48
66617173.74
26426511.75
73549218.93
141419627.88
65819360.92
28703121.29
139381280.59
76475687.78
76164523.9
34701867.12
76251684.94
67118883.78
31770601.98
140576870.94
30326056.19
65894262.79
71976193.35
66791018.07
77031458.24
76299847.83
67325820.27
32744404.65
72012779.83
76611756.69
30358393.56
28881026.42
28198878.41
76819618.32
67019269.84
32613621.38
29105731.59
33538707.92
67602294.75
66492324.07
139672178.66
32438386.93
33034284.83
140901130.18
65962385.35
32680015.74
140435609.66
140490742.12
140473054.31
77529536.82
25265949.53
76524720.46
33393360.24
36397143.85
140760520.17
26368076.4
140813075.72
29051416.28
141656930.52
66732045.08
140559761.37
28734220.17
71753473.49
28423518.65
71398825.84
141429308.15
26440111.55
31844348.17
23043227.8
29222931.09
66589581.93
27848227.7
140914774.51
71909471.33
30339749.35
76475385.91
32811142.91
76522042.94
71821931.34
32120627.83
16563875.77
23304518.22
67162297.9
28420266.87
16326657.81
73455994.12
72452862.52
66056409.69
140522472.78
141171935.11
140872387.28
25939046.28
76918753.88
65735841.81
32771080.06
28942553.09
76624730.14
30361174.36
29846068.45
67145231.61
72629236.04
32971155.52
73324953.35
66185132.43
33002382.36
77183543.85
76100028.44
141811009.14
66991875.5
35499138.85
77460517.18
71841054.99
66692606.01
29349879.22
76498233.91
75810114.03
36091762.36
27388703.25
71500610.42
29099496.67
26444293.94
75787992.65
77550593.61
140862855.35
29052463.94
141645962.37
15144425.53
77219432.71
67806743.65
67063531.1
32579919.73
68000076.08
71408128.36
72288822.26
25363852.17
75978197.66
71568395.94
30037768.85
32781048.7
141010588.58
140843742.89
75899741.9
76956987.19
36272992.46
68182726.64
71853417.99
33904006.44
71854188.43
16249691.92
139385261.67
25049569.58
28582974.8
35400138.03
67974280.91
68687338.73
76182214.81
33358174.14
28895989.09
68344954.43
66263767.9
72590530.58
28825101.01
66437976.31
15143720.81
140518428.1
30220008.78
66377741.25
76406543.85
67423317.77
27659728.77
28287204.15
25283159.39
15216464.02
26206444.82
27348638.93
76740505.65
76144865.09
33237029.93
33045731.78
140282739.44
75870935.36
77666246.24
142227558.76
76544107.22
67225543.16
26494536.72
25273774.79
76544898.38
75540050.6
66810019.57
35082423.01
139903814.46
28858440.56
140490913.65
29148852.67
22920754.96
141100278.81
140301533.49
71506016.01
76744112.84
73149702.28
140517281.44
66464824.41
16259475.62
75786605.57
67272728.08
66087571.13
26890410.89
73225186.23
140262302.04
65994916.37
29126866.86
140438000.9
77124093.68
76333895.15
34851234.43
75997989.89
67028316.13
32013079.13
139683185.81
30276380.16
65871833.52
72372593.96
65949422.56
76302320.35
76493259.84
66961382.48
32886772.0
73371459.32
76662443.76
29889272.25
28618613.87
28504643.28
76242308.98
65707580.97
32364394.52
28703387.54
32520939.65
66667901.88
66991719.63
141879890.82
31224809.94
32666126.06
140609275.63
66156893.0
34031941.1
139715807.61
140657501.37
141587467.0
77098621.1
24786405.68
77933198.26
32760963.27
36047899.94
141093826.4
26097799.32
141412895.74
28879585.41
141020348.05
68157813.06
140168823.35
29260363.28
71940586.55
28639504.13
72016637.75
140407783.28
27348952.72
31833943.11
22575116.62
28708296.79
66570285.9
28154866.4
140875641.29
72034232.56
30498580.38
75328425.56
32398341.86
76262466.16
72133906.14
31767483.4
16523262.41
23240635.12
67709284.03
28498493.14
16275878.7
73058952.93
71562244.19
67086995.71
141052303.77
140346257.66
141324254.08
26624363.33
77108934.44
66649105.83
33051568.96
28719554.64
75678015.14
30531678.57
30160847.98
66510284.48
72445665.08
32472547.53
73144282.53
66733569.88
32866121.67
77140937.79
77066368.7
140146156.85
66604642.22
35668111.04
76627465.56
71608611.49
65564577.38
29044490.23
77209398.01
76094227.48
36353622.0
28344346.22
72250053.71
28333665.64
26510466.82
76102347.48
77629856.47
140512616.01
28964041.18
141624500.57
15099134.8
76248160.97
68431133.61
66402845.85
32956499.86
66750801.74
71530003.31
71397001.05
25745647.47
75407152.82
72002857.79
30154344.1
33506851.24
139747774.34
140807704.49
77346746.4
77793800.81
36355403.47
67729004.76
72364976.66
35024408.51
71982948.04
16259846.56
140221912.56
25448852.02
29348079.99
35370171.56
67935923.51
67417359.55
76946061.58
33008320.56
28562189.04
68618289.57
66599170.11
72251763.73
28971309.13
66107874.01
15119412.95
141048139.45
30297882.42
67316157.1
76555203.21
67473641.24
27941774.65
28956129.92
25419570.59
15257974.63
26552466.86
27613132.28
75999595.83
76673221.47
32544387.28
33094230.22
141544343.1
76484226.1
77123410.24
141051887.98
76748433.58
67685685.39
26561218.76
24986642.32
76940224.9
75988354.5
66307325.71
36711181.88
141634541.88
29134189.66
140235530.98
30132335.7
23349213.58
141353499.38
141381634.87
71213199.08
76522416.31
73796880.97
140704753.8
66317125.88
16262522.79
76208141.89
67209845.63
65727532.34
26689128.78
72700712.24
140343917.06
67164371.58
28815427.35
141556520.06
76210781.19
75115304.57
34057833.29
75649937.55
65560726.27
31819015.4
142300589.82
30094578.18
65560469.53
71969423.76
66891968.13
76364286.44
75824922.99
65704557.12
33018234.9
73217879.76
76589799.24
30240574.83
28816523.56
29316195.73
76294652.22
66019866.26
33469214.57
29262914.35
33034405.32
67404102.24
66053552.48
140300221.86
31603834.17
33468770.75
140589310.96
66517256.75
33296460.03
141223578.39
142961588.86
141741929.45
77102012.94
25639965.54
77241573.8
32405751.81
35626610.64
140409496.77
26337248.45
141320218.67
29251765.52
140408222.58
68163445.25
142136586.35
28583521.58
70920507.92
28421277.41
72615561.59
141557547.53
26127804.63
31946928.69
23456204.68
29081943.51
65691557.1
27906083.86
141601413.37
71675229.59
29054046.22
75688587.02
33405851.43
75623618.14
72400837.3
32078573.1
16565467.84
22455566.88
68121977.53
29063612.91
16309096.19
72821448.06
71861407.45
67178402.87
140530451.35
141275000.22
141771121.03
26721684.34
76509511.25
66853593.18
32872765.64
28418081.68
75282120.57
29952506.6
30441787.61
66216071.09
71975005.35
33657111.68
73636199.29
66635980.39
33380717.92
77703597.06
76849518.71
141437598.15
66203888.62
36352802.41
76842745.86
72469625.81
66108293.02
28775693.39
76216390.94
75329938.38
35507256.65
27416872.07
73165014.47
29446166.69
26647103.43
76330321.46
77299314.59
140932449.92
29685647.25
141908385.66
15122091.25
75637077.37
67139192.22
66513575.35
33161427.48
67928406.03
72489180.01
71562727.19
25143884.62
76371514.95
71479814.77
29987373.56
33611435.37
140546038.52
140978955.51
76923265.18
76837801.79
36073682.47
68332992.86
72826879.94
34111180.19
71122980.86
16284575.57
139738963.52
25127910.6
28657434.46
36374282.07
68255256.98
67742012.37
76469269.88
32510110.01
28930658.66
66659537.43
66555618.45
72178378.91
29457199.81
66485354.08
15121794.21
142259001.61
30865034.74
66903775.22
75100662.78
68518602.71
27427397.1
28848322.1
25260321.49
15222331.64
26465342.11
27444078.94
76485794.84
76188908.75
32371657.53
33594337.32
141157035.76
76264106.98
76695872.28
140991378.41
76699837.07
67962307.24
27124819.02
25625623.39
76444042.48
76354587.67
66334540.21
35951516.16
140983690.54
29332113.19
139979913.39
29379688.83
22677922.49
139706311.44
140915426.37
71446441.21
75740568.69
74023022.44
140184282.06
66066885.1
16267271.08
76716528.83
67733261.65
66225477.37
26963097.46
74205529.55
140586004.66
66052521.54
29420485.53
140516782.56
75219794.33
75939314.95
34934924.76
76589865.11
66217851.62
32366768.22
139946895.85
29937937.66
66561463.63
71501826.14
66316463.38
76052788.19
75847749.27
65680269.95
33951744.83
73028477.36
75622571.59
29816382.61
28126189.55
28801132.93
76820168.21
65958005.55
33558316.85
29038291.41
32861156.82
67613571.9
65970732.94
139901660.97
32381268.04
32630265.02
140859112.46
66580488.64
32739281.11
140999065.68
139662871.71
140514484.26
77994609.02
24908347.88
77380248.21
32823077.4
35990859.51
141525486.09
26270364.07
140855514.0
29217014.25
140712476.3
68103042.63
140215972.1
29593597.53
73011911.12
29372249.89
71609368.18
139841204.66
26359790.4
31525063.96
22697419.98
29258823.76
66056146.42
27470683.76
140625164.64
72476573.54
30759181.52
75527475.88
32443050.03
75779103.5
72507136.62
31404433.67
16591678.54
23310092.56
68200502.5
28914813.35
16272644.33
73498247.5
72190432.99
66611200.9
142010095.64
141016205.08
141856221.45
26616663.24
77271796.91
65628278.0
32735094.6
29071529.14
76341658.63
30155624.42
29690380.95
65831514.23
72349176.46
32785755.62
73241671.53
66730865.19
33324111.59
77892481.79
76080081.25
140597706.2
66175792.5
36925285.26
77378199.24
71546427.87
66611450.66
28987479.08
77752678.15
77081683.62
35887370.53
27240620.38
71113538.23
29406983.27
26781495.67
75925258.74
76344986.01
141244613.63
28286736.38
141573709.41
15126612.91
77180419.37
68387992.37
67007918.66
32245019.26
66763059.63
71629131.65
71954809.79
24833855.91
76587727.12
71826170.92
30850763.46
32429337.49
141776173.17
140637088.24
76029896.27
78001593.02
36209536.1
67292644.3
73136225.23
33757592.67
72003649.7
16280156.96
140244022.66
25438636.25
29437772.06
36766181.85
67470249.04
68558686.72
75793791.69
33368626.56
28977103.47
68037146.17
66451090.24
71709582.71
28891893.3
66763477.08
15140730.14
141572238.53
29835345.23
66572369.43
76498172.09
67005684.0
26953510.98
29119457.58
24975399.41
15210207.08
26465605.5
27433405.22
75752597.25
75309799.45
33674554.04
32825683.33
140606642.66
76560635.03
77474726.09
140691284.69
76472325.23
67695214.59
27179542.56
24950643.24
76410618.66
76685131.44
66763966.4
35084144.62
140714843.4
29837819.5
140364478.47
29816647.84
23297968.77
142783660.84
140669461.87
72383131.02
76426215.46
73215765.26
141515499.95
66094632.42
16247854.87
75883302.06
67879346.53
66929812.15
27204872.29
73055562.98
140316512.1
66148273.75
28968398.33
140107780.02
75536221.72
75446637.88
34979726.6
76082320.2
65862385.35
31907266.11
141185965.36
30102934.64
66243125.75
72715459.07
66120174.55
77330500.09
76349521.16
67149245.45
33492168.67
73099883.84
76032695.48
29790358.83
28744059.33
29331353.07
76711836.01
66600184.47
33063806.8
28812574.66
32411904.12
67116203.1
66059937.81
139573251.36
31522189.98
33416979.81
140648265.41
65902796.68
33264856.41
141110579.8
141685567.43
140548652.71
77817116.9
24822968.58
76735689.48
33336771.93
36486994.1
140534422.07
25676239.27
141609766.62
28535722.03
140474531.17
67274738.7
140645052.81
29528554.47
72306699.33
29038373.4
71814140.51
140860112.17
26794771.01
32166396.82
23192845.1
28524389.98
66218879.09
28149804.15
140534128.89
71621409.48
30568279.67
76629289.22
33362361.56
76512391.93
71903031.07
32152029.04
16578398.81
22867742.88
67769851.1
28414875.31
16263272.52
73703794.56
72381716.34
66794343.11
140780466.75
141252239.23
140803980.9
26972651.26
76869941.97
66057867.39
32858872.61
28318887.23
75883787.17
30040566.05
30310603.65
67452788.78
72439899.64
32972169.43
73712393.48
66690667.13
33295942.26
76845201.28
76534642.8
142143084.06
66812033.19
35964229.24
77930003.26
71911064.59
65326951.83
28147769.78
77376854.49
75521962.72
36304446.47
27683605.35
71450520.65
28797943.36
25983822.47
76351477.33
76526005.96
141114587.5
28731621.35
140574202.95
15124906.55
75220347.79
67346553.57
66028332.92
33824480.26
67852780.68
72509475.41
72316074.0
25220917.01
75672289.61
71359535.95
30003023.86
33693726.2
140656345.32
141617622.71
76671183.8
77773267.21
36540331.85
68275419.91
71585512.63
34231935.69
72986740.4
16287835.04
140969838.76
25155695.08
28993212.84
35767575.32
67410289.22
67633414.55
76426212.74
33022591.49
28327008.94
68245031.25
65928031.69
71849946.6
28931803.28
66416576.66
15097826.17
140954904.01
29772588.67
66475682.25
76640305.18
66693163.1
27138777.97
29401371.59
26048819.26
15231548.92
26452696.28
27792398.76
76121507.58
76382901.61
32642165.59
33008095.82
139820885.48
75441837.07
77471611.59
139819620.76
76080042.12
68088019.43
26831803.18
25731735.55
76995560.7
76980601.58
66305629.43
35881681.43
140572773.87
29243388.89
140823319.55
30232804.26
23000185.22
141525411.92
140648136.2
72409846.34
75773594.79
72526563.19
140637471.67
66240761.29
16245374.13
75151684.1
66718405.62
65690481.02
26197912.98
73167308.52
139979345.72
65740393.61
29323843.78
140538987.53
76087644.68
75687748.66
34137779.41
75840227.97
65725135.96
31182616.62
139158199.26
30331551.65
66229465.27
71675808.33
66492559.54
75702502.59
76138676.41
66212987.25
32872203.05
72800012.69
75864823.11
29679257.76
29086119.64
28746360.41
77083662.81
66436537.26
33534986.91
28958730.99
32807969.77
66857045.45
66109932.1
140162080.7
32180691.64
33404227.33
141979640.57
66290808.92
33261417.95
139692943.35
140474429.63
140113026.72
77516825.4
25090096.67
76888715.37
33545202.83
36215439.3
141247163.16
26676100.18
141202138.14
28931618.31
140555388.49
67587841.88
140347516.6
29224642.06
72485510.85
28693517.36
71887510.44
141637328.13
26943806.71
31675056.17
22557741.41
28670281.05
65916370.81
26988887.07
141300856.43
71724002.1
30431988.92
76244113.04
32765032.02
75997443.65
71896859.14
32127973.61
16530842.92
23621544.7
66150187.66
28899945.18
16246087.78
74224966.87
72335159.91
66548119.37
142456882.05
141161332.17
139326132.61
26684576.85
76906199.87
66623872.1
32994666.99
28738272.29
75287067.49
30005859.2
29690691.46
66213965.15
72157640.36
33044640.06
72523929.4
66403352.22
32897856.46
76536433.67
76004957.51
140484893.63
66293805.56
35736068.02
76615716.37
72151809.12
65883231.08
28280597.79
77309034.27
75637145.88
36008901.05
27659215.62
71528196.71
29145257.21
26047107.58
75514324.9
76986931.04
140135401.68
28590149.57
139685805.02
15135865.6
77536153.33
68086630.8
66218330.05
32799840.76
66909449.58
71703063.9
72132622.45
24993882.22
76921149.83
71913628.25
30407271.03
32794557.46
140910289.44
141321752.05
75904918.5
77273501.3
35811885.16
68382136.11
71391362.74
33745676.57
72633577.52
16297893.87
140152588.03
25079467.06
29425491.09
36202309.44
68090160.18
68016639.11
76681847.99
33179422.23
28744481.32
67734774.8
66328165.63
72849538.68
29158446.9
66543976.29
15098624.75
140726895.62
29967457.35
66126159.82
75117586.04
66695099.37
27396657.81
29725790.88
25385131.04
15247574.97
26426052.89
27811253.25
76534200.4
75972411.2
33189708.26
32850253.53
140299507.56
76191641.81
76387410.69
141229516.84
75391588.59
67676134.22
26357536.72
24938168.26
77547031.53
77269168.68
66303301.45
36114302.8
140315678.0
28998314.19
140450989.65
30279406.1
22686520.59
141251982.74
139828287.61
71975306.16
76227181.87
72355172.72
140334098.26
66389421.05
16282254.71
76182036.49
67656145.24
66802635.22
26894148.14
73663764.23
141087735.71
66508700.77
28806528.53
141317071.18
75805159.77
76269192.58
34380716.47
75796560.15
65405641.58
31815188.78
141509011.85
29996888.52
66270395.96
72649107.93
66578087.53
75998838.85
75300315.72
65662079.8
33061927.53
72724295.68
75619215.69
29979665.82
28691839.5
29247640.15
75312134.56
66675727.05
33154537.98
28715150.86
33319748.47
67830019.73
66015386.91
141049985.38
32324352.39
32631197.38
140699563.41
66368069.44
32761555.54
140602650.83
141221529.46
140611406.89
77673889.38
25215039.4
77321657.33
32977053.7
36174835.91
140472339.28
26641020.2
140566356.62
28765986.89
139829285.99
68013189.98
141067073.69
29770553.64
72547905.14
28176529.94
71970856.53
140668682.02
26207534.65
32720359.94
23604320.41
28906983.53
66567842.31
27852682.12
140726720.47
72386021.05
30316263.2
76091678.73
33155290.27
77430121.28
71797120.35
32551426.31
16584698.12
23487462.4
67358932.17
28932444.38
16287155.56
73645625.33
71929210.96
66025128.52
141133155.22
140864868.12
140147578.6
26167379.3
76578286.21
66439320.88
32785451.83
29506346.29
76520525.75
29525719.46
30625772.44
66531845.94
71220305.64
32872353.08
73397993.12
66646379.21
33555820.49
77394418.01
75505575.7
141279019.32
66222083.58
36242683.31
77689287.68
71845502.53
66536382.18
28850957.21
76719299.18
76561427.41
35910184.23
27122439.51
72400019.71
29119964.03
26106378.06
76628709.71
77740889.12
139988377.13
28941863.87
140039892.61
15114485.36
76786719.23
67659581.09
67293226.97
33610861.69
67731654.05
71543167.28
71810736.09
25829369.0
75899666.76
72208081.21
30063775.47
33188565.56
140359095.39
140751265.94
76282167.85
77129241.52
36327067.44
67947970.65
71474628.09
34010013.6
71125350.26
16264051.81
141258982.94
25677747.25
28814317.47
35607457.15
67582648.45
67875166.94
75868852.71
32914991.54
29031037.14
68681755.51
66388891.35
72282716.27
29760856.36
66012724.75
15144111.07
140443120.14
30562245.21
67116924.08
76223250.29
68297395.12
27381903.6
29243343.5
25321063.83
15234574.68
26055307.92
27553811.3
76207958.21
76829289.98
33236969.04
32359701.31
139950344.87
76194400.31
77220411.98
140874080.21
76196424.63
67209644.19
26214870.84
25492232.08
76834842.12
76060316.78
65803863.75
35211772.45
140274112.09
29050689.78
140865489.17
30153641.97
22627610.4
142041576.78
141237969.99
71856820.76
75662715.47
73649579.17
140502114.8
64706987.5
16243187.9
75694399.99
67946229.43
66129398.26
26583858.01
72914370.07
141604564.52
66293760.83
28976162.42
141560498.87
75756324.3
76671737.06
34563468.43
75853165.01
66364999.58
31540153.97
140938673.94
30118107.28
66208948.31
72476214.63
66471331.2
76086202.02
75994275.95
66423192.59
32710648.46
73893701.74
76327604.46
29806133.52
29136340.29
28952655.28
76337258.03
66759860.48
32905438.64
29170145.38
32963970.17
67631088.7
66080592.42
140140709.71
30922923.14
33001688.26
140775023.42
66130509.58
33194106.37
140193683.2
139048640.03
141172014.39
77382097.37
25022162.68
77574805.74
33038739.99
35253466.17
141701001.06
26001521.63
141423243.45
28426178.34
140612087.9
67344036.88
142133711.71
29706541.42
71685004.69
28727822.3
73187071.74
141351451.48
26345770.3
32699682.3
23431039.22
28743769.68
66281128.13
27373838.73
141318224.51
71512507.06
30014749.81
75488661.19
32564342.94
75691477.97
71464390.89
31697357.66
16592172.37
23260922.8
66715647.65
28808562.24
16246050.93
73421181.94
71866088.12
65836631.8
141389632.68
140712486.62
141506075.75
26489609.24
76834130.98
66119415.16
33184589.38
28725182.48
76985669.45
29485872.96
30023136.54
66134615.64
71291679.43
32603793.65
73899049.38
67061653.21
33453979.23
76770343.33
75307003.51
140236025.07
67357456.56
36038808.64
76897704.35
71258231.68
66714446.59
28833156.14
78227164.73
76355462.75
35813546.59
27851121.09
71440751.92
28509253.68
26179728.94
77381704.69
77072618.25
140886719.61
28414871.87
141004571.35
15102133.3
75612468.44
67438942.56
66339513.04
33031078.61
67469620.02
72801224.83
72298772.87
24678069.4
77114152.64
71858055.82
30056616.24
33423992.12
141116556.39
142273935.82
75801229.01
77562321.62
35515827.89
67145384.8
72582435.37
33475603.17
70968168.84
16271786.94
140795799.71
25913658.71
29213752.96
36497664.07
67490257.89
69301815.02
76148402.4
33345528.39
28982040.06
68324900.67
66261823.12
71473207.94
28716438.48
65750881.28
15124323.42
140041974.79
30361073.25
67053461.33
76240834.08
68111854.58
27174635.57
28990147.72
25830768.48
15228372.0
26412277.99
27651337.1
76772661.09
76793657.4
33053059.99
33718764.85
140341113.28
77006632.83
77482693.48
142028210.57
75424121.93
66916298.36
26254767.78
25284193.68
77297495.93
76140399.76
66627469.24
36085031.5
142225033.65
29434570.65
140466156.78
29107895.24
23280336.64
140239608.46
140992116.79
71625420.95
74640207.06
72357815.2
141963514.86
66336179.38
16292435.62
76134198.72
68070722.27
65966032.99
26431104.33
72864989.04
140624077.93
66123943.29
28819922.11
140275830.57
76161838.7
75989641.7
33798013.59
76515163.49
66621523.99
32023412.01
140164317.52
30210206.35
66431291.94
71962684.07
65821353.52
76219407.32
76541352.91
67303862.22
33610009.15
74065732.25
75600243.64
29693409.51
29094522.32
28333886.62
75413407.78
66516053.54
33075232.83
28818481.23
33497540.21
67314113.88
65501821.61
139862512.4
31520926.89
32754042.96
142075186.58
65799253.08
32859340.41
140699487.55
142167409.21
140782521.33
77724495.03
25575315.49
77109131.95
32784925.92
36134878.2
139941549.28
26707482.4
140274069.69
28774906.46
139954830.43
67935587.38
139979742.67
29387106.54
72717449.48
28964692.6
72073951.61
142508169.28
26309500.03
32334433.08
23606875.68
28244232.04
65899797.37
27673556.29
141741891.05
72235053.93
29895149.58
76377899.75
32817947.37
75870021.02
73136146.5
32092189.76
16545759.42
24013921.74
68058411.79
29463802.4
16297995.91
72557897.29
72403584.26
66288327.11
139970486.24
140930647.25
141952235.86
26786200.15
77086813.61
66432137.84
32849643.8
28895850.48
77067843.8
29386128.3
29783931.32
67015861.81
71724847.42
32576254.45
73728186.02
65617855.36
33173791.47
78279512.55
75371557.34
140566747.12
66482342.61
36137594.7
77015381.38
72075724.61
66199749.35
28625504.26
77116477.35
76232193.26
36421487.62
27469695.98
71260355.01
29229212.74
25937576.09
76558386.61
78260706.76
141112145.53
28230955.12
141039734.54
15135543.64
76055083.26
68335227.11
66140982.45
32482072.02
67822813.69
72286149.41
71898246.18
25452508.49
76237853.96
72423537.28
29741377.0
32319845.05
140747777.82
139840981.09
76169932.92
78126256.52
36347606.64
66909168.42
70874570.15
33855608.72
72366627.13
16239124.42
140925198.08
25145438.69
29084665.53
36377820.8
67051782.62
68223618.5
76459854.77
33079565.39
29227091.0
68803525.46
66064712.83
71381466.51
29062116.51
66028424.59
15151399.61
140424656.74
29986374.51
65908723.43
77899541.64
67606837.27
28309183.45
29101521.84
25110775.11
15226465.94
26226542.85
27351106.42
76772042.54
76368060.45
33321782.83
32014271.44
139569423.58
75919639.05
77753634.0
139835384.8
75698754.31
67069064.63
26653204.77
25432731.63
76747730.31
76573419.99
65334823.22
36752431.86
142155951.37
28821544.2
140814747.12
30417635.81
22979247.4
139932291.57
140666704.45
71948210.72
76496042.05
72854792.05
141182847.01
66705291.24
16282432.63
75640041.76
67892619.71
66074670.75
26866133.96
72854725.69
140431891.55
65995905.94
28242413.51
139958714.43
76720106.05
76053574.6
33275340.53
76559051.17
66560487.24
31632013.72
141394319.25
30080303.3
67329357.86
72490629.74
66437177.29
75555786.79
76191489.25
65622459.35
33027325.46
73742767.95
76566762.22
29976202.11
28929644.05
28618916.64
76218840.15
66101631.34
32305667.72
28581879.25
32722694.2
67106682.18
65367902.9
139820281.18
32513735.09
33161184.44
141570942.62
66853856.48
33459909.67
141272123.06
140646170.23
141514803.16
77306525.37
25237621.42
76900230.83
33216056.11
35897552.59
139788962.99
25869158.2
141427251.84
28806783.04
141306609.64
68511108.92
142064068.03
28960983.72
71902415.57
28719213.13
71770168.2
141258316.76
26169547.84
31800000.81
23239365.76
28667243.31
65105892.55
27738410.03
140568376.48
71855207.47
30762360.76
75714056.67
33354592.64
75652103.28
72126417.89
31316946.88
16557020.06
23048694.19
67798016.8
29750023.25
16307523.56
72674986.02
72055614.84
65909234.39
139637438.52
140622071.94
141105959.23
26008608.83
77375376.2
65579930.83
33188323.56
28657004.54
76257232.35
29996132.58
30472988.29
67058029.57
72310180.61
32682036.11
73594891.58
66470419.85
32868686.86
76729243.87
76942159.28
141684882.81
65763085.28
35357453.52
77520905.64
72778949.42
65519738.47
28585110.44
76809784.27
76311929.59
35408658.57
27792170.68
70356734.44
28760849.59
26133001.85
75892217.29
77444121.42
140672421.55
28571189.51
140810990.86
15141372.69
76206920.28
67659812.4
66059778.32
33564003.94
66459249.86
72750671.66
71607957.67
25453274.32
76184536.99
72298668.23
29425860.02
33098648.38
140972856.98
140936774.46
76701960.24
77252480.5
36202113.02
67566284.96
71558147.1
33764305.75
71941184.22
16302801.36
140410062.81
25227894.73
28887636.95
36295882.84
67580512.85
67982476.09
76134702.78
33168556.13
28793373.92
67205047.47
67074392.83
72559641.99
29448826.15
66029334.01
15131019.44
140649677.6
30193329.8
66007685.78
75806985.84
68075820.91
27065108.0
29176855.31
25212773.78
15223833.3
25282380.05
27737897.22
76570645.42
76371526.97
33015744.9
33281913.38
142434266.04
77347544.63
77278278.55
141478873.22
76650889.13
67808037.33
26242243.36
25586425.85
77196582.7
76168316.2
66353878.67
36643311.66
141836095.35
29510871.18
140705035.15
29853944.55
23063554.37
140847301.56
140141902.17
72301525.74
76429309.63
72202686.86
140125456.0
66710993.38
16319321.2
75924248.92
67314474.27
66498346.25
26446031.96
73489150.27
140219841.43
66923284.52
28885814.59
141338610.9
75657237.49
75927240.58
34721983.81
75826361.92
66376838.02
31638826.45
140801707.14
29798147.84
66576346.63
72011262.57
66027258.49
76432287.32
75692686.26
66189588.52
33102212.06
73508810.13
75447508.18
30419793.52
28809666.0
28506962.62
75624335.79
65784034.84
33754035.44
28365539.44
33248636.33
67956923.8
66629058.99
141157070.63
32165241.91
32738535.74
140448464.92
65967993.21
33665724.81
140780327.83
140685184.49
139987678.67
78033350.93
25469223.21
77861769.29
32790327.07
36102075.65
139677430.0
26086173.88
140391517.74
29180666.72
140427900.8
67520043.56
140759122.17
29231930.55
70674051.12
28549816.72
71557100.03
141120052.22
26232270.73
31825101.98
22892420.75
28875940.92
66301825.07
27768713.93
139788276.65
72679161.43
29924679.84
76584851.9
33193114.09
76320183.56
72262366.21
32353317.65
16559233.45
22912255.59
67835907.86
29616716.46
16276599.72
72740942.37
72310751.07
66063278.97
140612371.87
141530645.82
140653427.55
26497298.87
77968202.87
67040590.27
33367882.3
29004855.1
76446568.02
29968203.38
30231019.24
66494551.4
71959093.33
32830580.13
73190340.66
66584755.51
32444135.09
77241511.09
76548022.57
140391260.05
67113739.49
35169045.03
76857729.72
71602565.48
65920633.22
28801947.95
77384480.42
75679945.71
36803696.74
27630556.23
71899097.39
29499847.95
26185359.43
76778336.95
77477243.59
139858451.92
28337206.19
140643887.97
15115678.7
76014659.4
67773123.81
66610363.21
33597571.27
67404838.06
71046740.63
71160320.01
25070603.12
77541546.81
71688283.92
30666142.78
33015604.42
140991393.88
139301747.9
76050644.79
77445385.96
36118223.04
67488642.59
71185010.95
34981784.06
72555596.24
16298134.77
140587248.45
25543689.97
28922273.15
35909722.97
68020827.08
67621283.46
76515840.98
34245586.25
28961137.31
68166974.54
67077547.07
72226302.41
28669740.67
65702758.81
15112561.63
139312759.27
29581194.92
66860815.56
75882438.26
67481729.01
27643164.95
28727422.34
25014985.21
15240804.0
26670363.13
27837178.03
75263350.04
75939403.66
33116921.24
32919713.35
140265202.08
76856798.97
77359032.05
141373629.61
76574836.71
67760486.9
26049478.82
25107544.22
75438568.0
76339727.5
66887932.51
36341397.68
141425357.4
28914468.11
141650888.13
30528137.25
22834437.44
141513380.77
140685482.3
72888347.51
76443601.03
72381117.25
140827636.75
65912086.77
16263139.19
75919519.87
67863671.61
65458905.74
26513628.28
72395305.62
140908715.09
66569575.07
28575401.73
141645717.38
76015935.77
76165349.35
34200834.33
76160467.95
66519637.16
31819969.07
140086058.37
30411693.78
66435304.44
70707168.71
66393402.33
76116756.66
76351929.74
66765376.13
33053216.59
73543959.84
75996593.48
29835036.16
28864723.4
28791044.93
76023087.15
65938643.26
33117927.27
29173087.12
32854424.35
67769506.61
66622373.44
140992638.62
31447014.4
32736645.48
140827129.06
65964585.24
33291449.63
141527594.27
140143365.01
140408677.19
76735157.73
25283616.45
77753512.57
33041576.46
35380840.1
140034170.47
26433819.62
140886879.3
28931933.7
140901440.57
67187239.2
142108048.22
29240846.51
72530886.78
28928463.56
70854656.61
140047563.92
27027813.74
32142166.02
23037613.57
29278601.7
66577082.66
27857962.08
140952115.43
71479243.94
30522168.8
75663433.09
32873027.38
75659694.91
72126716.18
31835292.47
16574761.61
23462200.2
67104694.48
29534695.62
16255850.76
73704609.51
72456146.61
65638047.26
141411579.43
140416226.45
141052616.67
26533781.78
76350244.31
65992815.81
33341370.44
28796110.78
77079631.95
29799759.53
30461969.16
67041924.0
71542725.42
32957195.45
73058903.25
66611279.34
33694621.04
77328889.33
76008003.09
140791277.9
66679679.56
36337790.18
77251776.85
72111373.35
66551545.47
28808407.84
76901542.79
76659666.09
36189835.6
27792553.84
70982991.65
29512258.33
26372544.17
76432387.38
77746808.77
141266876.39
28674857.54
140245796.25
15136466.65
76625162.85
68344565.02
66464351.93
33227093.66
67367398.69
72310277.92
71816101.46
25189783.28
76363061.35
72291575.7
30187519.47
33320546.93
140879938.0
140942090.82
76394237.86
78053048.59
36239867.46
67947882.63
70676907.52
33709166.71
70789435.14
16303838.63
140312806.82
24546444.64
29410376.05
35930496.51
67109596.36
67636870.3
76086024.57
33448510.33
28403161.65
67722989.76
65734937.28
71636117.31
28843781.28
66142479.41
15105616.61
140285519.23
29767941.68
66512123.84
76599200.93
67392267.4
27813390.64
29066269.62
25450764.37
15195922.17
26513916.21
27843973.23
76072381.69
74980837.74
32574436.97
33379692.2
141196030.81
75430560.74
77517849.36
140526979.75
76433569.76
67177564.94
26607453.07
25467955.11
77957870.09
76049955.1
66480088.69
35482493.18
140231478.15
29851372.31
141075491.04
29972555.44
23336581.75
141297245.06
140121183.07
72341315.23
76625771.98
73373247.97
140921258.15
66779488.25
16252816.0
76836391.62
67393707.04
67195691.09
26449056.69
73587961.64
141954990.73
65996467.99
29485914.39
140496021.0
75065759.99
76511924.35
34488056.42
76438513.11
66491271.95
31994522.22
140644416.83
30648119.61
65378851.8
72644464.56
66776082.05
75911446.21
75658698.1
66365973.34
33056034.36
73708591.5
76218494.35
30061363.98
28905244.35
28315268.47
77116693.21
66126027.19
33088975.7
29234978.65
31660089.2
67306177.45
65898940.4
140984142.7
32240781.37
33997668.32
140531088.13
67160388.16
34014160.93
140526468.59
140606028.64
140906654.01
76795001.3
25423265.02
76780465.4
32852363.17
36124036.71
140811181.94
26170558.08
139411792.98
29407864.17
140692372.84
67242419.64
140670392.97
29294690.58
70903139.05
29015184.93
71686205.66
141925250.91
26826493.72
31820977.68
23051881.4
29332742.21
65720464.41
27703822.72
139976675.83
71811996.52
30383227.45
76880196.62
32295464.82
75891658.3
71097677.9
32313006.81
16540600.01
23683754.61
67596456.59
28831666.37
16266969.52
72917438.55
72037592.45
65577331.8
140958782.98
140267991.82
140752452.8
25925902.36
77106313.11
66547539.13
33589944.84
28212304.41
75859776.3
29643686.16
29382944.4
66447717.23
71992119.32
33489003.72
72817584.91
65933960.29
33250201.34
76802642.16
74707469.79
140590316.51
66180306.23
36403101.09
77331210.97
72215015.49
66452745.43
28750656.19
77637591.89
76593731.17
36279651.25
27476491.41
71779203.39
28651442.19
26474287.18
76606980.98
77275082.1
141343946.45
28805252.61
141042354.17
15088619.83
76717413.82
67460120.53
66187381.33
32924177.81
67259292.28
72740322.37
71912300.61
25900070.98
74805675.9
72296335.15
30583005.89
33212786.41
140704054.42
140145043.48
75733986.95
77777429.29
36399054.42
67080941.73
72254345.05
34516844.01
71745301.63
16222068.8
139978759.63
25313816.25
29242414.74
35979204.85
67645693.04
67641581.95
76227324.46
32492262.28
28904533.51
67213571.03
66572933.45
72037020.94
28432153.75
66481795.23
15154439.55
140086108.28
29998556.95
66655093.67
75430660.45
68075532.38
27936181.56
28428844.33
24879625.46
15231731.05
26396358.43
27868917.21
76487816.29
76018038.07
33408415.47
33413010.44
141024006.71
75610106.89
76819909.47
141176126.79
76374362.95
67760344.79
26581431.84
25025650.88
77536369.07
76957096.1
67096051.46
35633687.08
140642359.04
28826290.42
141594970.76
30818831.4
23042764.43
140947996.78
140216573.15
72374119.04
76797220.76
72995238.81
139824988.35
65485534.52
16298185.11
75971791.21
67200449.6
65936137.05
26599474.81
73666182.06
140343332.83
66138443.48
28931617.34
140930011.5
76691912.35
75545761.34
34158062.87
76925857.14
66257680.73
32115728.47
139864781.36
29765920.13
66925643.86
71779623.01
66570317.17
75773546.58
75583869.92
66817373.41
33147307.54
73778453.77
75483925.08
30896069.03
28900095.79
28551267.27
75620999.33
66293318.21
33799808.07
29341494.85
32868545.56
67983764.76
65980274.48
140339637.47
32329412.78
32690253.34
140371675.62
66536194.73
33238192.9
140237429.08
140029507.32
140797326.27
77158146.15
24771856.24
76700568.46
32903596.86
36227710.36
141400264.32
26714751.88
140012772.7
29225139.35
141695482.24
68000643.82
141769896.02
28946768.62
71648775.52
28825603.26
72063501.2
140677265.64
26151897.16
31657807.43
22880426.83
29290089.97
66446620.71
27613486.42
139713661.02
71625786.41
29671211.02
76545393.31
31963777.01
77708528.48
72102682.28
31364958.63
16561003.81
23036323.42
68145623.3
28372840.83
16237005.54
73240552.46
72072350.73
66043830.9
140602899.9
140036079.02
139903996.18
26834011.17
78279290.57
66424324.41
33681698.58
29008554.61
76325322.85
29694037.47
30384834.75
65625389.25
71413903.61
32949553.33
72622018.72
67023624.25
33839136.52
77670896.93
76834617.65
141218795.14
66768703.56
36375504.27
77355407.51
70631207.28
67186261.57
28737907.52
77324066.45
75324279.67
35900229.01
27988337.12
72454080.77
29042058.18
26787097.62
75937520.13
76784326.3
139392994.33
29196725.92
140748257.91
15151308.22
76026275.94
68111826.15
66474266.37
32215755.4
68143203.38
71965059.29
71292063.79
25432336.73
76193947.16
72129398.97
30129891.78
33653942.42
140649853.0
140653279.53
76227985.67
77032609.99
35775751.34
68243691.41
71647156.34
34056531.34
71591288.59
16274980.11
140609947.62
25325220.45
28805640.41
35358046.74
67969476.53
68159975.88
75546727.05
33468608.36
28592319.15
67784146.28
66212594.94
71822678.01
28602704.52
66213328.16
15133910.55
142346024.84
30603983.72
66515525.31
77037514.07
67231699.96
27958051.94
29319432.58
25350900.27
15200373.36
26522397.95
27927119.9
75914871.69
76154366.05
32805594.19
32431054.16
140290758.12
76266967.31
78747977.19
140654478.93
76254620.25
67400506.83
26823502.33
25742097.89
77148507.45
75845399.79
67025232.31
36322930.76
140675869.33
29213087.61
141228293.65
29931722.38
22931193.46
140093230.95
141542248.88
72264082.88
76483704.31
72986012.25
140215116.43
66606943.3
16300956.94
75835895.35
67772504.07
67051354.56
26379566.22
73627785.31
141033185.57
65939678.77
28850796.71
140566106.31
76650584.56
76348994.21
33760673.42
76153517.55
66314750.71
31927183.32
140966019.39
30157433.63
65501872.58
72025170.04
65999803.13
76694465.85
76635011.59
66291418.66
33838684.03
73381215.11
77061868.45
30080202.42
29333549.89
28250186.15
76275952.0
65897151.29
32666791.93
28734759.8
33006223.64
67306754.05
65840370.38
140517231.3
32652567.16
32922327.92
140738375.79
66367090.0
33106085.49
141254896.74
140659691.45
140904222.57
77453060.92
24966371.54
77485941.36
32644238.36
35846785.73
139963974.02
25754533.11
139783239.95
29042899.54
140549144.29
68167956.51
140629253.3
29108783.51
72840345.73
28879109.02
71763335.56
141309245.81
26811929.84
31819330.38
23220829.11
29179629.83
66078082.09
27686940.56
142023232.78
72449200.36
30397123.74
76329247.21
33594619.33
76881309.74
72508196.62
31769286.13
16549272.48
23410852.03
67419069.68
28248748.46
16285745.78
72466053.93
71478681.33
66173246.05
140941608.35
141110332.73
140321077.89
26528054.77
77152677.86
65270036.79
33121098.81
28203817.0
76211861.41
30379540.77
30174160.61
66270255.18
71958907.52
32689531.88
73656923.44
66829906.56
33411646.32
77398354.12
77158068.78
141438357.57
65946633.11
36483087.96
76503696.39
71819337.55
65987324.41
29479532.33
76273575.64
75430197.99
36023122.83
27433149.85
71778245.3
28793788.21
26289521.35
76565158.67
77383316.24
140146609.85
29063512.74
139695255.05
15150436.18
75681547.79
68196263.96
65860621.4
32464887.33
66737342.25
71451398.17
71497346.15
25508091.94
77060357.61
71252385.67
30206944.77
32940681.1
140759449.65
140510557.2
76083352.74
78072166.66
35949699.58
68494715.09
71060231.24
35409657.02
71784692.07
16312042.08
141251238.67
25646208.8
28975149.22
36271134.94
67466039.02
67939790.78
75849646.88
33472798.02
28985407.64
68426811.1
66512331.06
71958428.06
29422038.22
67201320.88
15155843.82
140168931.55
30429241.16
67117654.43
76773200.41
67310493.84
27939783.69
29113799.66
25745555.13
15208944.56
26391812.82
27731450.48
75817331.3
77011935.23
33091018.08
32544884.33
140413213.17
75543792.21
77719594.61
140947314.3
75479903.35
67221936.89
26037579.89
25041868.2
77729115.01
76014174.9
66029538.82
36746413.88
140780270.27
29171679.55
140851031.82
29972058.25
23027574.44
139481623.23
140893407.63
72116130.86
76326410.79
72839291.05
141399391.29
66399479.31
16296190.18
76354903.52
66913986.25
66647839.42
25941609.11
73199668.64
141167458.87
67148792.51
28938033.82
140654468.32
77180304.21
76356405.46
33576829.25
75906306.37
66114460.46
31763834.43
141105351.97
30449576.41
65996330.37
71443845.32
66107167.14
75965549.1
74981428.57
66410844.45
33288330.42
73305343.46
75578784.11
29932771.51
28685022.68
29031826.66
76337070.35
66178689.75
32309273.61
29153616.33
33255773.03
67924761.74
66156524.94
140386009.96
32189140.74
33372532.0
140398897.2
65574658.55
32533844.85
141476220.31
141630984.39
140279916.58
76970930.58
25160333.29
77719321.58
32757553.58
35007914.13
139876985.74
26469189.98
142081899.69
29012595.99
142140271.26
67839113.27
140196949.84
28974523.81
71121657.91
28655771.93
72254922.08
141365686.21
26295302.31
32116306.01
22663840.25
28202560.32
67071381.51
27642787.78
140090902.61
71846023.66
29888856.11
76052799.4
33010468.62
76784527.19
72257521.51
32775338.79
16594003.71
23473707.48
66984287.79
29283313.12
16263679.14
73197462.25
71991702.14
66289595.34
141379352.97
141005016.67
141221595.85
26957455.59
76708220.84
66017180.68
32991814.47
28848895.39
76625814.17
29952567.64
30276338.99
66505119.67
72879342.34
33400829.69
74049302.62
66257452.97
33479136.78
76309533.99
75451342.43
141714544.0
65969728.94
35204026.87
76375519.13
71644403.25
66123679.81
28670984.08
76981739.11
76632826.32
35863421.68
27684797.18
71639258.28
28048372.75
26327167.75
75947924.15
77413873.88
140196932.97
29128881.49
140990377.96
15133000.05
76307359.13
67358490.28
66472374.06
32832405.19
67035722.75
71049621.58
70256279.08
25694209.92
76084423.57
71639581.9
29867698.44
33263694.76
141620210.51
140630848.9
76337178.5
76663885.62
36075881.63
68178649.92
72046119.45
33500129.54
72101097.11
16262378.01
140299257.49
25051100.36
29060073.11
35746140.87
68602824.8
67600639.86
76678592.38
32654345.3
29496703.87
67395068.1
65681578.91
72039737.5
29259339.68
66318031.0
15115427.22
140327534.58
29763953.6
66637021.44
76716305.7
67436188.68
