9.074580421741585995e-05
9.074580421741585995e-05
1.008286713526842681e-05
1.120318570585380357e-06
1.008286713526842681e-05
1.008286713526842681e-05
1.120318570585380357e-06
8.167122379567429971e-04
9.074580421741585995e-05
9.074580421741585995e-05
9.074580421741585995e-05
1.120318570585380357e-06
1.120318570585380357e-06
1.244798411761533848e-07
1.244798411761533848e-07
1.008286713526842681e-05
9.074580421741585995e-05
1.008286713526842681e-05
1.120318570585380357e-06
1.536788162668559203e-09
1.244798411761533848e-07
8.167122379567429971e-04
1.008286713526842681e-05
1.244798411761533848e-07
9.074580421741585995e-05
9.074580421741585995e-05
1.120318570585380357e-06
8.167122379567429971e-04
9.074580421741585995e-05
1.120318570585380357e-06
7.350410141610688383e-03
1.008286713526842681e-05
9.074580421741585995e-05
9.074580421741585995e-05
9.074580421741585995e-05
8.167122379567429971e-04
1.383109346401703779e-08
9.074580421741585995e-05
1.244798411761533848e-07
9.074580421741585995e-05
9.074580421741585995e-05
1.008286713526842681e-05
9.074580421741585995e-05
1.244798411761533848e-07
9.074580421741585995e-05
9.074580421741585995e-05
9.074580421741585995e-05
9.074580421741585995e-05
1.383109346401703779e-08
1.244798411761533848e-07
8.167122379567429971e-04
1.536788162668559203e-09
8.167122379567429971e-04
1.008286713526842681e-05
1.120318570585380357e-06
1.120318570585380357e-06
1.008286713526842681e-05
1.120318570585380357e-06
1.120318570585380357e-06
1.120318570585380357e-06
1.244798411761533848e-07
9.074580421741585995e-05
9.074580421741585995e-05
1.120318570585380357e-06
1.008286713526842681e-05
8.167122379567429971e-04
1.008286713526842681e-05
1.244798411761533848e-07
1.244798411761533848e-07
1.008286713526842681e-05
8.167122379567429971e-04
1.008286713526842681e-05
7.350410141610688383e-03
1.120318570585380357e-06
9.074580421741585995e-05
1.120318570585380357e-06
1.008286713526842681e-05
8.167122379567429971e-04
9.074580421741585995e-05
1.383109346401703779e-08
8.167122379567429971e-04
6.615369127449621800e-02
9.074580421741585995e-05
9.074580421741585995e-05
1.244798411761533848e-07
1.120318570585380357e-06
1.120318570585380357e-06
1.244798411761533848e-07
7.350410141610688383e-03
1.120318570585380357e-06
1.120318570585380357e-06
1.008286713526842681e-05
9.074580421741585995e-05
9.074580421741585995e-05
8.167122379567429971e-04
1.120318570585380357e-06
1.008286713526842681e-05
1.008286713526842681e-05
1.008286713526842681e-05
1.383109346401703779e-08
1.120318570585380357e-06
1.008286713526842681e-05
8.167122379567429971e-04
1.120318570585380357e-06
9.074580421741585995e-05
1.008286713526842681e-05
7.350410141610688383e-03
9.074580421741585995e-05
1.120318570585380357e-06
1.120318570585380357e-06
1.008286713526842681e-05
1.120318570585380357e-06
9.074580421741585995e-05
9.074580421741585995e-05
1.120318570585380357e-06
1.008286713526842681e-05
1.008286713526842681e-05
7.350410141610688383e-03
7.350410141610688383e-03
8.167122379567429971e-04
8.167122379567429971e-04
1.383109346401703779e-08
7.350410141610688383e-03
9.074580421741585995e-05
1.008286713526842681e-05
1.120318570585380357e-06
9.074580421741585995e-05
9.074580421741585995e-05
9.074580421741585995e-05
9.074580421741585995e-05
8.167122379567429971e-04
1.120318570585380357e-06
1.120318570585380357e-06
9.074580421741585995e-05
7.350410141610688383e-03
9.074580421741585995e-05
9.074580421741585995e-05
9.074580421741585995e-05
1.008286713526842681e-05
1.383109346401703779e-08
1.383109346401703779e-08
1.244798411761533848e-07
1.008286713526842681e-05
8.167122379567429971e-04
1.008286713526842681e-05
1.008286713526842681e-05
1.120318570585380357e-06
8.167122379567429971e-04
1.120318570585380357e-06
1.008286713526842681e-05
9.074580421741585995e-05
1.120318570585380357e-06
1.120318570585380357e-06
8.167122379567429971e-04
6.615369127449621800e-02
9.074580421741585995e-05
6.615369127449621800e-02
1.008286713526842681e-05
1.120318570585380357e-06
1.244798411761533848e-07
5.953832214704660730e-01
9.074580421741585995e-05
1.120318570585380357e-06
8.167122379567429971e-04
1.008286713526842681e-05
1.008286713526842681e-05
8.167122379567429971e-04
1.120318570585380357e-06
7.350410141610688383e-03
1.120318570585380357e-06
1.244798411761533848e-07
1.120318570585380357e-06
1.008286713526842681e-05
1.008286713526842681e-05
1.120318570585380357e-06
7.350410141610688383e-03
9.074580421741585995e-05
8.167122379567429971e-04
9.074580421741585995e-05
8.167122379567429971e-04
1.120318570585380357e-06
9.074580421741585995e-05
1.244798411761533848e-07
1.120318570585380357e-06
8.167122379567429971e-04
1.008286713526842681e-05
1.120318570585380357e-06
1.008286713526842681e-05
9.074580421741585995e-05
1.120318570585380357e-06
1.244798411761533848e-07
9.074580421741585995e-05
1.244798411761533848e-07
8.167122379567429971e-04
8.167122379567429971e-04
1.008286713526842681e-05
9.074580421741585995e-05
1.120318570585380357e-06
1.244798411761533848e-07
1.383109346401703779e-08
9.074580421741585995e-05
1.120318570585380357e-06
1.707542402965065580e-10
1.244798411761533848e-07
1.008286713526842681e-05
1.008286713526842681e-05
8.167122379567429971e-04
1.536788162668559203e-09
9.074580421741585995e-05
9.074580421741585995e-05
8.167122379567429971e-04
1.120318570585380357e-06
1.120318570585380357e-06
1.008286713526842681e-05
8.167122379567429971e-04
8.167122379567429971e-04
1.008286713526842681e-05
1.120318570585380357e-06
9.074580421741585995e-05
9.074580421741585995e-05
8.167122379567429971e-04
1.008286713526842681e-05
8.167122379567429971e-04
9.074580421741585995e-05
1.008286713526842681e-05
1.008286713526842681e-05
9.074580421741585995e-05
9.074580421741585995e-05
1.008286713526842681e-05
8.167122379567429971e-04
7.350410141610688383e-03
1.244798411761533848e-07
1.120318570585380357e-06
9.074580421741585995e-05
8.167122379567429971e-04
9.074580421741585995e-05
1.383109346401703779e-08
1.008286713526842681e-05
1.120318570585380357e-06
9.074580421741585995e-05
1.120318570585380357e-06
1.120318570585380357e-06
9.074580421741585995e-05
8.167122379567429971e-04
1.008286713526842681e-05
1.120318570585380357e-06
1.383109346401703779e-08
1.008286713526842681e-05
1.244798411761533848e-07
1.244798411761533848e-07
1.120318570585380357e-06
1.383109346401703779e-08
8.167122379567429971e-04
1.120318570585380357e-06
8.167122379567429971e-04
8.167122379567429971e-04
1.008286713526842681e-05
9.074580421741585995e-05
1.008286713526842681e-05
1.120318570585380357e-06
7.350410141610688383e-03
9.074580421741585995e-05
1.244798411761533848e-07
1.244798411761533848e-07
8.167122379567429971e-04
1.120318570585380357e-06
1.120318570585380357e-06
9.074580421741585995e-05
1.536788162668559203e-09
9.074580421741585995e-05
1.120318570585380357e-06
1.120318570585380357e-06
1.383109346401703779e-08
1.008286713526842681e-05
1.008286713526842681e-05
1.244798411761533848e-07
1.120318570585380357e-06
1.120318570585380357e-06
1.120318570585380357e-06
7.350410141610688383e-03
1.120318570585380357e-06
1.008286713526842681e-05
9.074580421741585995e-05
1.120318570585380357e-06
1.008286713526842681e-05
1.120318570585380357e-06
9.074580421741585995e-05
1.120318570585380357e-06
1.383109346401703779e-08
1.008286713526842681e-05
7.350410141610688383e-03
1.244798411761533848e-07
1.008286713526842681e-05
9.074580421741585995e-05
1.008286713526842681e-05
1.120318570585380357e-06
8.167122379567429971e-04
9.074580421741585995e-05
1.120318570585380357e-06
1.120318570585380357e-06
1.120318570585380357e-06
1.120318570585380357e-06
1.008286713526842681e-05
1.120318570585380357e-06
1.008286713526842681e-05
9.074580421741585995e-05
1.244798411761533848e-07
8.167122379567429971e-04
1.120318570585380357e-06
1.008286713526842681e-05
1.008286713526842681e-05
8.167122379567429971e-04
1.008286713526842681e-05
1.244798411761533848e-07
8.167122379567429971e-04
1.008286713526842681e-05
8.167122379567429971e-04
1.008286713526842681e-05
1.008286713526842681e-05
9.074580421741585995e-05
1.008286713526842681e-05
8.167122379567429971e-04
8.167122379567429971e-04
1.008286713526842681e-05
8.167122379567429971e-04
8.167122379567429971e-04
1.008286713526842681e-05
8.167122379567429971e-04
9.074580421741585995e-05
9.074580421741585995e-05
8.167122379567429971e-04
9.074580421741585995e-05
1.244798411761533848e-07
1.244798411761533848e-07
1.244798411761533848e-07
1.008286713526842681e-05
1.383109346401703779e-08
8.167122379567429971e-04
1.244798411761533848e-07
1.244798411761533848e-07
1.120318570585380357e-06
8.167122379567429971e-04
9.074580421741585995e-05
1.008286713526842681e-05
7.350410141610688383e-03
9.074580421741585995e-05
1.008286713526842681e-05
1.120318570585380357e-06
9.074580421741585995e-05
1.120318570585380357e-06
9.074580421741585995e-05
1.008286713526842681e-05
1.120318570585380357e-06
1.244798411761533848e-07
9.074580421741585995e-05
7.350410141610688383e-03
1.008286713526842681e-05
1.120318570585380357e-06
1.120318570585380357e-06
8.167122379567429971e-04
9.074580421741585995e-05
7.350410141610688383e-03
1.008286713526842681e-05
9.074580421741585995e-05
1.120318570585380357e-06
9.074580421741585995e-05
1.244798411761533848e-07
1.120318570585380357e-06
9.074580421741585995e-05
1.244798411761533848e-07
1.383109346401703779e-08
8.167122379567429971e-04
1.120318570585380357e-06
1.244798411761533848e-07
1.383109346401703779e-08
1.244798411761533848e-07
9.074580421741585995e-05
1.120318570585380357e-06
1.120318570585380357e-06
9.074580421741585995e-05
1.008286713526842681e-05
1.008286713526842681e-05
9.074580421741585995e-05
1.008286713526842681e-05
1.008286713526842681e-05
1.120318570585380357e-06
1.008286713526842681e-05
1.008286713526842681e-05
8.167122379567429971e-04
9.074580421741585995e-05
1.008286713526842681e-05
9.074580421741585995e-05
8.167122379567429971e-04
1.244798411761533848e-07
1.120318570585380357e-06
1.008286713526842681e-05
1.383109346401703779e-08
1.120318570585380357e-06
9.074580421741585995e-05
1.244798411761533848e-07
1.008286713526842681e-05
1.120318570585380357e-06
1.120318570585380357e-06
9.074580421741585995e-05
9.074580421741585995e-05
1.120318570585380357e-06
1.244798411761533848e-07
1.120318570585380357e-06
1.008286713526842681e-05
1.244798411761533848e-07
9.074580421741585995e-05
1.008286713526842681e-05
1.008286713526842681e-05
1.120318570585380357e-06
1.120318570585380357e-06
1.008286713526842681e-05
1.008286713526842681e-05
1.008286713526842681e-05
1.120318570585380357e-06
9.074580421741585995e-05
1.008286713526842681e-05
9.074580421741585995e-05
1.008286713526842681e-05
1.120318570585380357e-06
8.167122379567429971e-04
1.244798411761533848e-07
8.167122379567429971e-04
1.120318570585380357e-06
1.008286713526842681e-05
1.244798411761533848e-07
1.244798411761533848e-07
9.074580421741585995e-05
1.244798411761533848e-07
8.167122379567429971e-04
1.120318570585380357e-06
1.008286713526842681e-05
8.167122379567429971e-04
1.383109346401703779e-08
1.244798411761533848e-07
1.244798411761533848e-07
1.244798411761533848e-07
1.120318570585380357e-06
1.008286713526842681e-05
1.008286713526842681e-05
1.008286713526842681e-05
1.383109346401703779e-08
1.120318570585380357e-06
1.008286713526842681e-05
1.008286713526842681e-05
1.120318570585380357e-06
1.120318570585380357e-06
1.008286713526842681e-05
1.008286713526842681e-05
1.008286713526842681e-05
9.074580421741585995e-05
8.167122379567429971e-04
1.120318570585380357e-06
9.074580421741585995e-05
1.120318570585380357e-06
1.120318570585380357e-06
1.008286713526842681e-05
9.074580421741585995e-05
8.167122379567429971e-04
1.383109346401703779e-08
9.074580421741585995e-05
9.074580421741585995e-05
8.167122379567429971e-04
1.120318570585380357e-06
9.074580421741585995e-05
8.167122379567429971e-04
7.350410141610688383e-03
1.008286713526842681e-05
1.244798411761533848e-07
1.120318570585380357e-06
8.167122379567429971e-04
9.074580421741585995e-05
8.167122379567429971e-04
1.008286713526842681e-05
9.074580421741585995e-05
1.120318570585380357e-06
1.008286713526842681e-05
1.244798411761533848e-07
1.120318570585380357e-06
1.120318570585380357e-06
1.008286713526842681e-05
1.244798411761533848e-07
7.350410141610688383e-03
1.120318570585380357e-06
9.074580421741585995e-05
9.074580421741585995e-05
8.167122379567429971e-04
1.008286713526842681e-05
8.167122379567429971e-04
8.167122379567429971e-04
1.120318570585380357e-06
1.008286713526842681e-05
1.008286713526842681e-05
1.244798411761533848e-07
9.074580421741585995e-05
1.008286713526842681e-05
