4.325773360126214766e-06
4.325773360126214766e-06
5.340460938427423644e-08
4.325773360126214766e-06
3.503876421702235367e-04
5.340460938427423644e-08
3.503876421702235367e-04
3.153488779532013023e-03
4.325773360126214766e-06
3.893196024113594476e-05
4.325773360126214766e-06
4.325773360126214766e-06
3.503876421702235367e-04
4.806414844584682603e-07
4.806414844584682603e-07
3.503876421702235367e-04
3.503876421702235367e-04
3.893196024113594476e-05
5.340460938427423644e-08
3.893196024113594476e-05
3.893196024113594476e-05
3.893196024113594476e-05
3.503876421702235367e-04
4.325773360126214766e-06
3.153488779532013023e-03
4.325773360126214766e-06
3.153488779532013023e-03
4.806414844584682603e-07
3.893196024113594476e-05
5.340460938427423644e-08
4.806414844584682603e-07
3.503876421702235367e-04
3.503876421702235367e-04
4.325773360126214766e-06
2.838139901578812241e-02
2.838139901578812241e-02
3.153488779532013023e-03
4.325773360126214766e-06
3.503876421702235367e-04
3.893196024113594476e-05
4.806414844584682603e-07
3.503876421702235367e-04
3.893196024113594476e-05
5.340460938427423644e-08
4.806414844584682603e-07
4.806414844584682603e-07
4.325773360126214766e-06
3.153488779532013023e-03
3.893196024113594476e-05
3.893196024113594476e-05
3.503876421702235367e-04
5.340460938427423644e-08
3.893196024113594476e-05
4.325773360126214766e-06
4.325773360126214766e-06
4.325773360126214766e-06
2.838139901578812241e-02
3.893196024113594476e-05
3.503876421702235367e-04
3.503876421702235367e-04
3.893196024113594476e-05
3.503876421702235367e-04
3.893196024113594476e-05
3.893196024113594476e-05
5.340460938427423644e-08
3.893196024113594476e-05
3.503876421702235367e-04
3.893196024113594476e-05
4.806414844584682603e-07
4.325773360126214766e-06
3.503876421702235367e-04
3.893196024113594476e-05
4.325773360126214766e-06
3.153488779532013023e-03
2.838139901578812241e-02
3.893196024113594476e-05
4.325773360126214766e-06
4.806414844584682603e-07
3.893196024113594476e-05
3.893196024113594476e-05
4.325773360126214766e-06
4.806414844584682603e-07
3.503876421702235367e-04
3.503876421702235367e-04
3.503876421702235367e-04
4.325773360126214766e-06
3.893196024113594476e-05
3.153488779532013023e-03
3.893196024113594476e-05
3.503876421702235367e-04
3.153488779532013023e-03
4.325773360126214766e-06
3.153488779532013023e-03
3.893196024113594476e-05
3.503876421702235367e-04
3.503876421702235367e-04
4.325773360126214766e-06
4.325773360126214766e-06
4.806414844584682603e-07
3.893196024113594476e-05
2.838139901578812241e-02
3.153488779532013023e-03
3.893196024113594476e-05
3.893196024113594476e-05
3.153488779532013023e-03
3.893196024113594476e-05
4.806414844584682603e-07
3.503876421702235367e-04
4.325773360126214766e-06
3.503876421702235367e-04
3.503876421702235367e-04
3.893196024113594476e-05
2.838139901578812241e-02
3.893196024113594476e-05
2.838139901578812241e-02
4.806414844584682603e-07
3.503876421702235367e-04
3.503876421702235367e-04
3.153488779532013023e-03
3.503876421702235367e-04
3.893196024113594476e-05
4.325773360126214766e-06
4.325773360126214766e-06
4.325773360126214766e-06
5.340460938427423644e-08
3.503876421702235367e-04
3.503876421702235367e-04
3.153488779532013023e-03
3.893196024113594476e-05
3.503876421702235367e-04
4.806414844584682603e-07
3.893196024113594476e-05
3.893196024113594476e-05
3.893196024113594476e-05
3.893196024113594476e-05
4.806414844584682603e-07
3.893196024113594476e-05
3.503876421702235367e-04
4.325773360126214766e-06
3.503876421702235367e-04
4.806414844584682603e-07
3.893196024113594476e-05
3.893196024113594476e-05
3.893196024113594476e-05
3.893196024113594476e-05
3.893196024113594476e-05
4.325773360126214766e-06
4.806414844584682603e-07
3.153488779532013023e-03
5.340460938427423644e-08
3.153488779532013023e-03
4.806414844584682603e-07
3.503876421702235367e-04
4.325773360126214766e-06
3.893196024113594476e-05
2.838139901578812241e-02
3.503876421702235367e-04
3.153488779532013023e-03
3.153488779532013023e-03
3.503876421702235367e-04
3.893196024113594476e-05
3.503876421702235367e-04
3.893196024113594476e-05
3.893196024113594476e-05
3.893196024113594476e-05
3.893196024113594476e-05
4.806414844584682603e-07
3.503876421702235367e-04
3.893196024113594476e-05
3.503876421702235367e-04
3.893196024113594476e-05
4.325773360126214766e-06
4.325773360126214766e-06
4.325773360126214766e-06
4.806414844584682603e-07
4.325773360126214766e-06
4.806414844584682603e-07
3.153488779532013023e-03
3.153488779532013023e-03
3.893196024113594476e-05
5.933845487141579897e-09
3.503876421702235367e-04
3.153488779532013023e-03
4.806414844584682603e-07
2.838139901578812241e-02
3.893196024113594476e-05
3.893196024113594476e-05
3.503876421702235367e-04
4.325773360126214766e-06
4.325773360126214766e-06
3.503876421702235367e-04
4.806414844584682603e-07
5.340460938427423644e-08
2.838139901578812241e-02
4.806414844584682603e-07
3.153488779532013023e-03
5.340460938427423644e-08
3.503876421702235367e-04
3.503876421702235367e-04
3.893196024113594476e-05
3.503876421702235367e-04
3.893196024113594476e-05
4.325773360126214766e-06
3.893196024113594476e-05
3.893196024113594476e-05
3.893196024113594476e-05
2.554325911420931572e-01
3.503876421702235367e-04
3.503876421702235367e-04
3.893196024113594476e-05
4.806414844584682603e-07
3.153488779532013023e-03
3.893196024113594476e-05
5.933845487141579897e-09
3.893196024113594476e-05
3.893196024113594476e-05
3.503876421702235367e-04
3.503876421702235367e-04
3.503876421702235367e-04
3.893196024113594476e-05
3.503876421702235367e-04
4.806414844584682603e-07
4.806414844584682603e-07
3.503876421702235367e-04
4.806414844584682603e-07
4.806414844584682603e-07
4.806414844584682603e-07
4.806414844584682603e-07
3.893196024113594476e-05
3.893196024113594476e-05
3.893196024113594476e-05
4.806414844584682603e-07
4.325773360126214766e-06
4.325773360126214766e-06
3.893196024113594476e-05
3.503876421702235367e-04
3.153488779532013023e-03
4.806414844584682603e-07
4.325773360126214766e-06
4.806414844584682603e-07
3.153488779532013023e-03
5.340460938427423644e-08
4.806414844584682603e-07
3.893196024113594476e-05
4.325773360126214766e-06
3.503876421702235367e-04
3.153488779532013023e-03
3.893196024113594476e-05
3.503876421702235367e-04
4.325773360126214766e-06
5.340460938427423644e-08
3.893196024113594476e-05
3.153488779532013023e-03
2.838139901578812241e-02
3.893196024113594476e-05
3.893196024113594476e-05
3.893196024113594476e-05
3.893196024113594476e-05
4.806414844584682603e-07
3.153488779532013023e-03
3.893196024113594476e-05
4.806414844584682603e-07
3.503876421702235367e-04
6.593161652379532184e-10
3.153488779532013023e-03
3.893196024113594476e-05
3.893196024113594476e-05
2.838139901578812241e-02
3.153488779532013023e-03
2.554325911420931572e-01
3.893196024113594476e-05
4.325773360126214766e-06
2.838139901578812241e-02
3.503876421702235367e-04
3.503876421702235367e-04
5.340460938427423644e-08
3.503876421702235367e-04
5.933845487141579897e-09
4.325773360126214766e-06
3.893196024113594476e-05
3.893196024113594476e-05
3.503876421702235367e-04
3.893196024113594476e-05
4.325773360126214766e-06
3.893196024113594476e-05
3.153488779532013023e-03
4.806414844584682603e-07
3.503876421702235367e-04
5.340460938427423644e-08
4.806414844584682603e-07
3.503876421702235367e-04
4.325773360126214766e-06
3.893196024113594476e-05
4.325773360126214766e-06
5.340460938427423644e-08
4.325773360126214766e-06
3.893196024113594476e-05
3.503876421702235367e-04
5.933845487141579897e-09
4.325773360126214766e-06
