1.955411864756095614e-05
2.172679849728994279e-06
1.759870678280486594e-04
1.759870678280486594e-04
1.583883610452438287e-03
2.172679849728994279e-06
2.172679849728994279e-06
2.172679849728994279e-06
1.759870678280486594e-04
1.425495249407194784e-02
1.955411864756095614e-05
1.583883610452438287e-03
1.425495249407194784e-02
2.414088721921104872e-07
1.955411864756095614e-05
2.172679849728994279e-06
1.955411864756095614e-05
1.955411864756095614e-05
1.955411864756095614e-05
1.759870678280486594e-04
2.414088721921104872e-07
1.955411864756095614e-05
1.955411864756095614e-05
1.759870678280486594e-04
1.759870678280486594e-04
1.759870678280486594e-04
2.682320802134560234e-08
1.955411864756095614e-05
1.955411864756095614e-05
2.414088721921104872e-07
1.759870678280486594e-04
1.583883610452438287e-03
2.414088721921104872e-07
1.583883610452438287e-03
1.583883610452438287e-03
1.583883610452438287e-03
2.414088721921104872e-07
2.414088721921104872e-07
2.172679849728994279e-06
1.955411864756095614e-05
1.955411864756095614e-05
1.759870678280486594e-04
1.425495249407194784e-02
1.955411864756095614e-05
1.759870678280486594e-04
1.425495249407194784e-02
2.172679849728994279e-06
2.414088721921104872e-07
2.172679849728994279e-06
1.955411864756095614e-05
1.759870678280486594e-04
2.172679849728994279e-06
2.172679849728994279e-06
2.172679849728994279e-06
2.414088721921104872e-07
1.759870678280486594e-04
1.759870678280486594e-04
1.583883610452438287e-03
2.172679849728994279e-06
2.172679849728994279e-06
2.172679849728994279e-06
2.172679849728994279e-06
1.425495249407194784e-02
2.414088721921104872e-07
2.172679849728994279e-06
2.172679849728994279e-06
2.172679849728994279e-06
1.583883610452438287e-03
2.172679849728994279e-06
1.955411864756095614e-05
1.955411864756095614e-05
2.414088721921104872e-07
2.172679849728994279e-06
1.955411864756095614e-05
1.955411864756095614e-05
1.955411864756095614e-05
1.583883610452438287e-03
1.583883610452438287e-03
1.759870678280486594e-04
2.682320802134560234e-08
1.955411864756095614e-05
1.955411864756095614e-05
1.955411864756095614e-05
2.172679849728994279e-06
1.955411864756095614e-05
1.955411864756095614e-05
1.583883610452438287e-03
1.759870678280486594e-04
1.759870678280486594e-04
1.282945724466475756e-01
1.759870678280486594e-04
2.414088721921104872e-07
1.955411864756095614e-05
1.955411864756095614e-05
1.759870678280486594e-04
1.759870678280486594e-04
1.955411864756095614e-05
2.414088721921104872e-07
1.955411864756095614e-05
1.583883610452438287e-03
2.172679849728994279e-06
1.583883610452438287e-03
1.955411864756095614e-05
2.414088721921104872e-07
1.955411864756095614e-05
1.955411864756095614e-05
1.759870678280486594e-04
1.955411864756095614e-05
2.172679849728994279e-06
1.425495249407194784e-02
1.759870678280486594e-04
1.759870678280486594e-04
1.583883610452438287e-03
1.583883610452438287e-03
1.583883610452438287e-03
1.759870678280486594e-04
1.955411864756095614e-05
1.759870678280486594e-04
2.414088721921104872e-07
2.172679849728994279e-06
1.759870678280486594e-04
1.955411864756095614e-05
1.955411864756095614e-05
1.759870678280486594e-04
1.583883610452438287e-03
1.955411864756095614e-05
1.425495249407194784e-02
2.414088721921104872e-07
1.583883610452438287e-03
2.172679849728994279e-06
1.759870678280486594e-04
1.955411864756095614e-05
2.682320802134560234e-08
1.759870678280486594e-04
2.172679849728994279e-06
1.955411864756095614e-05
1.955411864756095614e-05
2.414088721921104872e-07
1.759870678280486594e-04
1.955411864756095614e-05
2.414088721921104872e-07
1.955411864756095614e-05
1.759870678280486594e-04
1.955411864756095614e-05
1.955411864756095614e-05
1.955411864756095614e-05
1.955411864756095614e-05
2.172679849728994279e-06
1.583883610452438287e-03
1.583883610452438287e-03
2.172679849728994279e-06
1.583883610452438287e-03
1.955411864756095614e-05
1.759870678280486594e-04
1.759870678280486594e-04
1.759870678280486594e-04
1.759870678280486594e-04
1.282945724466475756e-01
1.583883610452438287e-03
1.759870678280486594e-04
1.583883610452438287e-03
1.955411864756095614e-05
1.583883610452438287e-03
1.955411864756095614e-05
1.955411864756095614e-05
1.759870678280486594e-04
2.172679849728994279e-06
1.425495249407194784e-02
1.759870678280486594e-04
1.955411864756095614e-05
1.955411864756095614e-05
1.759870678280486594e-04
2.414088721921104872e-07
1.583883610452438287e-03
2.172679849728994279e-06
1.955411864756095614e-05
2.414088721921104872e-07
1.955411864756095614e-05
2.414088721921104872e-07
1.955411864756095614e-05
1.759870678280486594e-04
2.414088721921104872e-07
1.425495249407194784e-02
1.955411864756095614e-05
1.759870678280486594e-04
1.759870678280486594e-04
2.172679849728994279e-06
1.425495249407194784e-02
1.955411864756095614e-05
1.583883610452438287e-03
1.759870678280486594e-04
1.955411864756095614e-05
2.172679849728994279e-06
2.172679849728994279e-06
1.759870678280486594e-04
1.759870678280486594e-04
1.759870678280486594e-04
1.955411864756095614e-05
1.759870678280486594e-04
1.759870678280486594e-04
2.172679849728994279e-06
1.583883610452438287e-03
1.583883610452438287e-03
1.583883610452438287e-03
1.759870678280486594e-04
1.759870678280486594e-04
1.759870678280486594e-04
2.414088721921104872e-07
1.955411864756095614e-05
1.955411864756095614e-05
1.955411864756095614e-05
1.759870678280486594e-04
2.172679849728994279e-06
2.414088721921104872e-07
2.414088721921104872e-07
2.172679849728994279e-06
2.414088721921104872e-07
1.955411864756095614e-05
1.282945724466475756e-01
1.425495249407194784e-02
2.414088721921104872e-07
1.759870678280486594e-04
1.955411864756095614e-05
2.172679849728994279e-06
1.955411864756095614e-05
1.955411864756095614e-05
2.172679849728994279e-06
1.955411864756095614e-05
1.425495249407194784e-02
2.682320802134560234e-08
1.282945724466475756e-01
1.955411864756095614e-05
1.759870678280486594e-04
1.759870678280486594e-04
2.414088721921104872e-07
1.955411864756095614e-05
1.955411864756095614e-05
2.172679849728994279e-06
1.759870678280486594e-04
2.414088721921104872e-07
1.583883610452438287e-03
2.172679849728994279e-06
1.759870678280486594e-04
1.759870678280486594e-04
1.955411864756095614e-05
2.682320802134560234e-08
2.682320802134560234e-08
1.759870678280486594e-04
1.583883610452438287e-03
1.955411864756095614e-05
1.583883610452438287e-03
2.172679849728994279e-06
2.172679849728994279e-06
2.172679849728994279e-06
1.759870678280486594e-04
1.759870678280486594e-04
1.759870678280486594e-04
1.759870678280486594e-04
2.172679849728994279e-06
1.583883610452438287e-03
1.583883610452438287e-03
1.583883610452438287e-03
1.955411864756095614e-05
2.414088721921104872e-07
1.425495249407194784e-02
1.425495249407194784e-02
1.583883610452438287e-03
2.682320802134560234e-08
1.759870678280486594e-04
1.955411864756095614e-05
2.172679849728994279e-06
1.759870678280486594e-04
2.172679849728994279e-06
2.172679849728994279e-06
1.955411864756095614e-05
2.172679849728994279e-06
2.172679849728994279e-06
1.759870678280486594e-04
1.425495249407194784e-02
2.172679849728994279e-06
1.759870678280486594e-04
2.414088721921104872e-07
2.682320802134560234e-08
1.955411864756095614e-05
2.172679849728994279e-06
2.172679849728994279e-06
1.759870678280486594e-04
1.759870678280486594e-04
1.759870678280486594e-04
1.955411864756095614e-05
1.583883610452438287e-03
2.172679849728994279e-06
2.172679849728994279e-06
2.682320802134560234e-08
2.414088721921104872e-07
2.414088721921104872e-07
2.172679849728994279e-06
1.583883610452438287e-03
1.759870678280486594e-04
1.759870678280486594e-04
2.172679849728994279e-06
1.955411864756095614e-05
1.759870678280486594e-04
1.955411864756095614e-05
2.414088721921104872e-07
2.682320802134560234e-08
2.414088721921104872e-07
1.955411864756095614e-05
2.172679849728994279e-06
2.414088721921104872e-07
1.583883610452438287e-03
2.980356446816177211e-09
2.172679849728994279e-06
1.759870678280486594e-04
1.759870678280486594e-04
2.172679849728994279e-06
2.172679849728994279e-06
1.759870678280486594e-04
1.955411864756095614e-05
1.425495249407194784e-02
1.759870678280486594e-04
1.583883610452438287e-03
1.583883610452438287e-03
1.425495249407194784e-02
1.955411864756095614e-05
1.759870678280486594e-04
2.682320802134560234e-08
1.759870678280486594e-04
2.172679849728994279e-06
1.759870678280486594e-04
2.414088721921104872e-07
2.682320802134560234e-08
2.172679849728994279e-06
1.955411864756095614e-05
1.955411864756095614e-05
2.172679849728994279e-06
1.955411864756095614e-05
2.980356446816177211e-09
1.955411864756095614e-05
2.172679849728994279e-06
2.172679849728994279e-06
1.583883610452438287e-03
1.759870678280486594e-04
2.172679849728994279e-06
2.172679849728994279e-06
2.414088721921104872e-07
1.583883610452438287e-03
2.172679849728994279e-06
1.759870678280486594e-04
1.759870678280486594e-04
1.955411864756095614e-05
1.955411864756095614e-05
1.955411864756095614e-05
2.172679849728994279e-06
2.172679849728994279e-06
1.759870678280486594e-04
2.172679849728994279e-06
2.980356446816177211e-09
1.955411864756095614e-05
1.759870678280486594e-04
1.583883610452438287e-03
1.955411864756095614e-05
1.759870678280486594e-04
2.414088721921104872e-07
1.955411864756095614e-05
1.759870678280486594e-04
2.414088721921104872e-07
2.682320802134560234e-08
2.172679849728994279e-06
2.172679849728994279e-06
1.955411864756095614e-05
1.955411864756095614e-05
1.282945724466475756e-01
1.955411864756095614e-05
1.759870678280486594e-04
2.414088721921104872e-07
1.955411864756095614e-05
1.425495249407194784e-02
2.414088721921104872e-07
2.172679849728994279e-06
1.759870678280486594e-04
2.682320802134560234e-08
2.414088721921104872e-07
1.955411864756095614e-05
1.955411864756095614e-05
2.172679849728994279e-06
1.759870678280486594e-04
1.425495249407194784e-02
2.682320802134560234e-08
2.980356446816177211e-09
1.955411864756095614e-05
2.172679849728994279e-06
1.955411864756095614e-05
1.955411864756095614e-05
2.414088721921104872e-07
2.414088721921104872e-07
1.759870678280486594e-04
2.682320802134560234e-08
1.955411864756095614e-05
2.172679849728994279e-06
