2.309659045838772541e-04
2.566287828709746816e-05
2.566287828709746816e-05
2.309659045838772541e-04
2.309659045838772541e-04
1.870823827129406910e-02
2.851430920788606586e-06
2.309659045838772541e-04
2.851430920788606586e-06
2.566287828709746816e-05
2.566287828709746816e-05
2.566287828709746816e-05
2.566287828709746816e-05
2.851430920788606586e-06
3.168256578654007317e-07
2.851430920788606586e-06
3.168256578654007317e-07
2.309659045838772541e-04
2.851430920788606586e-06
2.309659045838772541e-04
3.168256578654007317e-07
2.309659045838772541e-04
2.078693141254896182e-03
2.851430920788606586e-06
2.851430920788606586e-06
2.566287828709746816e-05
1.870823827129406910e-02
2.851430920788606586e-06
2.309659045838772541e-04
2.566287828709746816e-05
2.566287828709746816e-05
2.566287828709746816e-05
2.078693141254896182e-03
2.851430920788606586e-06
2.566287828709746816e-05
2.566287828709746816e-05
3.168256578654007317e-07
1.870823827129406910e-02
3.168256578654007317e-07
1.683741444416466670e-01
2.566287828709746816e-05
3.168256578654007317e-07
3.168256578654007317e-07
3.168256578654007317e-07
2.309659045838772541e-04
2.566287828709746816e-05
2.851430920788606586e-06
2.851430920788606586e-06
2.078693141254896182e-03
2.566287828709746816e-05
2.851430920788606586e-06
2.851430920788606586e-06
1.870823827129406910e-02
2.309659045838772541e-04
2.566287828709746816e-05
2.309659045838772541e-04
2.566287828709746816e-05
3.168256578654007317e-07
2.566287828709746816e-05
3.520285087393340287e-08
2.566287828709746816e-05
2.566287828709746816e-05
2.566287828709746816e-05
2.566287828709746816e-05
2.566287828709746816e-05
2.566287828709746816e-05
2.566287828709746816e-05
2.851430920788606586e-06
2.309659045838772541e-04
2.309659045838772541e-04
1.870823827129406910e-02
2.078693141254896182e-03
2.851430920788606586e-06
2.566287828709746816e-05
2.309659045838772541e-04
2.078693141254896182e-03
2.566287828709746816e-05
2.566287828709746816e-05
2.309659045838772541e-04
2.566287828709746816e-05
2.566287828709746816e-05
3.520285087393340287e-08
2.851430920788606586e-06
3.168256578654007317e-07
2.566287828709746816e-05
2.078693141254896182e-03
2.078693141254896182e-03
2.309659045838772541e-04
2.078693141254896182e-03
2.566287828709746816e-05
2.851430920788606586e-06
2.566287828709746816e-05
2.566287828709746816e-05
2.566287828709746816e-05
2.566287828709746816e-05
3.168256578654007317e-07
2.566287828709746816e-05
2.851430920788606586e-06
2.566287828709746816e-05
2.566287828709746816e-05
2.309659045838772541e-04
3.520285087393340287e-08
2.309659045838772541e-04
2.851430920788606586e-06
1.870823827129406910e-02
2.309659045838772541e-04
1.870823827129406910e-02
2.566287828709746816e-05
2.566287828709746816e-05
1.870823827129406910e-02
3.168256578654007317e-07
2.566287828709746816e-05
2.309659045838772541e-04
2.309659045838772541e-04
2.309659045838772541e-04
2.566287828709746816e-05
2.078693141254896182e-03
2.566287828709746816e-05
2.566287828709746816e-05
2.309659045838772541e-04
3.520285087393340287e-08
2.851430920788606586e-06
3.520285087393340287e-08
2.566287828709746816e-05
3.520285087393340287e-08
2.078693141254896182e-03
2.309659045838772541e-04
1.870823827129406910e-02
3.520285087393340287e-08
2.078693141254896182e-03
2.078693141254896182e-03
2.078693141254896182e-03
3.520285087393340287e-08
2.851430920788606586e-06
3.168256578654007317e-07
2.309659045838772541e-04
2.566287828709746816e-05
2.309659045838772541e-04
2.309659045838772541e-04
2.309659045838772541e-04
3.520285087393340287e-08
2.851430920788606586e-06
2.309659045838772541e-04
3.168256578654007317e-07
2.309659045838772541e-04
2.851430920788606586e-06
2.851430920788606586e-06
2.078693141254896182e-03
2.566287828709746816e-05
2.851430920788606586e-06
3.168256578654007317e-07
2.851430920788606586e-06
2.566287828709746816e-05
1.870823827129406910e-02
2.851430920788606586e-06
2.851430920788606586e-06
2.078693141254896182e-03
3.911427874881487921e-09
2.309659045838772541e-04
2.309659045838772541e-04
3.168256578654007317e-07
2.309659045838772541e-04
2.566287828709746816e-05
2.566287828709746816e-05
2.309659045838772541e-04
2.078693141254896182e-03
2.851430920788606586e-06
1.683741444416466670e-01
3.168256578654007317e-07
2.566287828709746816e-05
3.168256578654007317e-07
3.520285087393340287e-08
2.566287828709746816e-05
2.078693141254896182e-03
2.309659045838772541e-04
2.566287828709746816e-05
2.566287828709746816e-05
2.566287828709746816e-05
2.851430920788606586e-06
2.851430920788606586e-06
2.309659045838772541e-04
3.168256578654007317e-07
2.851430920788606586e-06
2.851430920788606586e-06
2.078693141254896182e-03
2.566287828709746816e-05
2.078693141254896182e-03
2.851430920788606586e-06
1.870823827129406910e-02
2.566287828709746816e-05
2.309659045838772541e-04
2.309659045838772541e-04
2.851430920788606586e-06
2.078693141254896182e-03
2.851430920788606586e-06
2.851430920788606586e-06
2.566287828709746816e-05
2.851430920788606586e-06
2.309659045838772541e-04
1.870823827129406910e-02
3.168256578654007317e-07
2.309659045838772541e-04
2.309659045838772541e-04
3.168256578654007317e-07
2.078693141254896182e-03
2.851430920788606586e-06
2.078693141254896182e-03
2.309659045838772541e-04
1.870823827129406910e-02
3.168256578654007317e-07
2.566287828709746816e-05
3.168256578654007317e-07
2.851430920788606586e-06
2.309659045838772541e-04
2.851430920788606586e-06
2.851430920788606586e-06
2.851430920788606586e-06
2.566287828709746816e-05
3.168256578654007317e-07
3.168256578654007317e-07
2.078693141254896182e-03
2.309659045838772541e-04
2.851430920788606586e-06
1.870823827129406910e-02
2.851430920788606586e-06
2.566287828709746816e-05
2.309659045838772541e-04
2.851430920788606586e-06
2.078693141254896182e-03
2.566287828709746816e-05
2.566287828709746816e-05
2.566287828709746816e-05
2.309659045838772541e-04
3.168256578654007317e-07
2.309659045838772541e-04
2.078693141254896182e-03
2.851430920788606586e-06
3.168256578654007317e-07
3.168256578654007317e-07
3.168256578654007317e-07
2.851430920788606586e-06
2.851430920788606586e-06
2.851430920788606586e-06
2.566287828709746816e-05
2.078693141254896182e-03
2.851430920788606586e-06
2.566287828709746816e-05
2.851430920788606586e-06
2.851430920788606586e-06
2.566287828709746816e-05
3.168256578654007317e-07
3.168256578654007317e-07
2.566287828709746816e-05
2.078693141254896182e-03
1.870823827129406910e-02
2.566287828709746816e-05
2.851430920788606586e-06
2.566287828709746816e-05
2.566287828709746816e-05
2.851430920788606586e-06
3.168256578654007317e-07
2.851430920788606586e-06
3.168256578654007317e-07
3.520285087393340287e-08
2.851430920788606586e-06
2.566287828709746816e-05
2.851430920788606586e-06
2.078693141254896182e-03
3.168256578654007317e-07
2.309659045838772541e-04
2.309659045838772541e-04
2.566287828709746816e-05
2.309659045838772541e-04
2.309659045838772541e-04
3.911427874881487921e-09
2.566287828709746816e-05
1.870823827129406910e-02
2.566287828709746816e-05
2.851430920788606586e-06
1.870823827129406910e-02
2.309659045838772541e-04
2.851430920788606586e-06
2.851430920788606586e-06
2.078693141254896182e-03
2.078693141254896182e-03
2.566287828709746816e-05
2.078693141254896182e-03
2.566287828709746816e-05
2.078693141254896182e-03
2.566287828709746816e-05
2.566287828709746816e-05
2.078693141254896182e-03
2.851430920788606586e-06
2.851430920788606586e-06
2.078693141254896182e-03
3.520285087393340287e-08
2.566287828709746816e-05
2.309659045838772541e-04
2.309659045838772541e-04
2.851430920788606586e-06
2.309659045838772541e-04
2.309659045838772541e-04
2.851430920788606586e-06
2.566287828709746816e-05
2.566287828709746816e-05
2.078693141254896182e-03
2.851430920788606586e-06
2.851430920788606586e-06
2.851430920788606586e-06
3.168256578654007317e-07
2.078693141254896182e-03
2.851430920788606586e-06
2.566287828709746816e-05
2.309659045838772541e-04
2.309659045838772541e-04
2.309659045838772541e-04
2.851430920788606586e-06
2.851430920788606586e-06
2.309659045838772541e-04
2.851430920788606586e-06
2.078693141254896182e-03
2.566287828709746816e-05
3.168256578654007317e-07
2.851430920788606586e-06
2.566287828709746816e-05
2.566287828709746816e-05
2.309659045838772541e-04
2.078693141254896182e-03
2.566287828709746816e-05
2.078693141254896182e-03
3.168256578654007317e-07
3.520285087393340287e-08
2.309659045838772541e-04
3.168256578654007317e-07
2.078693141254896182e-03
2.309659045838772541e-04
2.078693141254896182e-03
3.168256578654007317e-07
2.309659045838772541e-04
3.168256578654007317e-07
2.309659045838772541e-04
3.520285087393340287e-08
3.168256578654007317e-07
2.566287828709746816e-05
2.566287828709746816e-05
2.309659045838772541e-04
2.309659045838772541e-04
1.683741444416466670e-01
2.078693141254896182e-03
1.870823827129406910e-02
2.566287828709746816e-05
3.520285087393340287e-08
2.078693141254896182e-03
2.309659045838772541e-04
1.870823827129406910e-02
2.078693141254896182e-03
2.566287828709746816e-05
2.566287828709746816e-05
2.851430920788606586e-06
2.566287828709746816e-05
1.870823827129406910e-02
3.520285087393340287e-08
2.851430920788606586e-06
2.309659045838772541e-04
2.309659045838772541e-04
2.078693141254896182e-03
2.078693141254896182e-03
2.078693141254896182e-03
2.309659045838772541e-04
2.851430920788606586e-06
2.309659045838772541e-04
2.851430920788606586e-06
2.309659045838772541e-04
2.566287828709746816e-05
2.309659045838772541e-04
2.851430920788606586e-06
2.309659045838772541e-04
3.520285087393340287e-08
3.168256578654007317e-07
2.309659045838772541e-04
2.566287828709746816e-05
2.309659045838772541e-04
2.309659045838772541e-04
2.851430920788606586e-06
2.566287828709746816e-05
2.078693141254896182e-03
2.566287828709746816e-05
3.520285087393340287e-08
2.851430920788606586e-06
2.566287828709746816e-05
2.851430920788606586e-06
2.566287828709746816e-05
2.566287828709746816e-05
2.566287828709746816e-05
2.851430920788606586e-06
2.566287828709746816e-05
3.168256578654007317e-07
3.168256578654007317e-07
2.851430920788606586e-06
2.566287828709746816e-05
