2.118404560872110258e-04
2.118404560872110258e-04
2.118404560872110258e-04
1.906564104784899856e-03
2.615314272681616170e-06
3.228783052693352177e-08
2.615314272681616170e-06
1.906564104784899856e-03
2.353782845413455316e-05
2.118404560872110258e-04
2.615314272681616170e-06
2.615314272681616170e-06
2.118404560872110258e-04
1.715907694306410131e-02
2.615314272681616170e-06
3.587536725214834512e-09
1.544316924875769603e-01
2.118404560872110258e-04
2.905904747424018085e-07
2.118404560872110258e-04
2.118404560872110258e-04
2.118404560872110258e-04
2.118404560872110258e-04
2.118404560872110258e-04
2.118404560872110258e-04
2.353782845413455316e-05
2.615314272681616170e-06
1.906564104784899856e-03
2.353782845413455316e-05
2.118404560872110258e-04
2.118404560872110258e-04
2.353782845413455316e-05
1.906564104784899856e-03
3.228783052693352177e-08
2.353782845413455316e-05
3.228783052693352177e-08
2.353782845413455316e-05
2.905904747424018085e-07
2.353782845413455316e-05
2.353782845413455316e-05
2.615314272681616170e-06
2.905904747424018085e-07
2.118404560872110258e-04
2.353782845413455316e-05
1.906564104784899856e-03
1.906564104784899856e-03
3.228783052693352177e-08
2.353782845413455316e-05
2.353782845413455316e-05
2.118404560872110258e-04
2.118404560872110258e-04
1.715907694306410131e-02
2.905904747424018085e-07
2.615314272681616170e-06
1.906564104784899856e-03
2.118404560872110258e-04
2.353782845413455316e-05
2.905904747424018085e-07
2.353782845413455316e-05
2.615314272681616170e-06
2.353782845413455316e-05
2.118404560872110258e-04
2.118404560872110258e-04
1.906564104784899856e-03
2.353782845413455316e-05
2.353782845413455316e-05
2.615314272681616170e-06
2.353782845413455316e-05
2.353782845413455316e-05
2.118404560872110258e-04
2.353782845413455316e-05
1.715907694306410131e-02
2.353782845413455316e-05
2.615314272681616170e-06
2.615314272681616170e-06
2.615314272681616170e-06
2.615314272681616170e-06
2.118404560872110258e-04
2.353782845413455316e-05
2.905904747424018085e-07
1.544316924875769603e-01
1.906564104784899856e-03
1.715907694306410131e-02
2.353782845413455316e-05
2.615314272681616170e-06
2.615314272681616170e-06
2.615314272681616170e-06
2.118404560872110258e-04
2.615314272681616170e-06
2.905904747424018085e-07
2.353782845413455316e-05
1.906564104784899856e-03
1.715907694306410131e-02
2.615314272681616170e-06
2.905904747424018085e-07
2.118404560872110258e-04
2.615314272681616170e-06
2.118404560872110258e-04
2.353782845413455316e-05
2.615314272681616170e-06
2.615314272681616170e-06
3.228783052693352177e-08
2.615314272681616170e-06
2.905904747424018085e-07
2.118404560872110258e-04
2.615314272681616170e-06
2.118404560872110258e-04
2.118404560872110258e-04
1.906564104784899856e-03
1.906564104784899856e-03
1.906564104784899856e-03
2.615314272681616170e-06
2.353782845413455316e-05
1.906564104784899856e-03
2.905904747424018085e-07
1.906564104784899856e-03
2.118404560872110258e-04
2.615314272681616170e-06
2.615314272681616170e-06
2.353782845413455316e-05
2.615314272681616170e-06
3.228783052693352177e-08
2.615314272681616170e-06
1.544316924875769603e-01
2.118404560872110258e-04
2.615314272681616170e-06
2.615314272681616170e-06
2.905904747424018085e-07
2.615314272681616170e-06
2.118404560872110258e-04
2.118404560872110258e-04
2.615314272681616170e-06
2.905904747424018085e-07
2.615314272681616170e-06
2.353782845413455316e-05
2.615314272681616170e-06
2.615314272681616170e-06
2.353782845413455316e-05
1.906564104784899856e-03
2.905904747424018085e-07
2.353782845413455316e-05
2.353782845413455316e-05
2.615314272681616170e-06
2.118404560872110258e-04
2.118404560872110258e-04
2.353782845413455316e-05
2.353782845413455316e-05
2.615314272681616170e-06
2.353782845413455316e-05
2.118404560872110258e-04
2.353782845413455316e-05
2.905904747424018085e-07
2.353782845413455316e-05
2.353782845413455316e-05
2.905904747424018085e-07
2.905904747424018085e-07
2.905904747424018085e-07
2.615314272681616170e-06
1.906564104784899856e-03
3.228783052693352177e-08
2.118404560872110258e-04
2.353782845413455316e-05
2.353782845413455316e-05
1.544316924875769603e-01
2.353782845413455316e-05
2.615314272681616170e-06
2.615314272681616170e-06
2.615314272681616170e-06
2.118404560872110258e-04
2.905904747424018085e-07
2.905904747424018085e-07
2.118404560872110258e-04
2.118404560872110258e-04
1.906564104784899856e-03
2.118404560872110258e-04
2.118404560872110258e-04
2.615314272681616170e-06
2.615314272681616170e-06
3.986151916905370818e-10
2.905904747424018085e-07
2.353782845413455316e-05
1.715907694306410131e-02
2.353782845413455316e-05
1.906564104784899856e-03
2.905904747424018085e-07
3.228783052693352177e-08
3.228783052693352177e-08
1.906564104784899856e-03
2.905904747424018085e-07
2.353782845413455316e-05
2.118404560872110258e-04
1.715907694306410131e-02
3.228783052693352177e-08
2.353782845413455316e-05
2.118404560872110258e-04
2.118404560872110258e-04
2.118404560872110258e-04
2.353782845413455316e-05
2.615314272681616170e-06
2.905904747424018085e-07
2.353782845413455316e-05
2.353782845413455316e-05
2.353782845413455316e-05
1.715907694306410131e-02
2.118404560872110258e-04
2.118404560872110258e-04
2.118404560872110258e-04
2.353782845413455316e-05
1.906564104784899856e-03
2.615314272681616170e-06
2.118404560872110258e-04
2.118404560872110258e-04
2.615314272681616170e-06
2.118404560872110258e-04
2.353782845413455316e-05
2.615314272681616170e-06
3.228783052693352177e-08
2.353782845413455316e-05
2.353782845413455316e-05
2.615314272681616170e-06
2.353782845413455316e-05
2.118404560872110258e-04
1.906564104784899856e-03
2.353782845413455316e-05
2.353782845413455316e-05
2.353782845413455316e-05
1.906564104784899856e-03
3.228783052693352177e-08
2.353782845413455316e-05
1.906564104784899856e-03
2.615314272681616170e-06
1.906564104784899856e-03
2.118404560872110258e-04
2.615314272681616170e-06
2.353782845413455316e-05
1.715907694306410131e-02
2.615314272681616170e-06
2.615314272681616170e-06
2.615314272681616170e-06
2.353782845413455316e-05
2.615314272681616170e-06
2.353782845413455316e-05
2.615314272681616170e-06
2.615314272681616170e-06
2.118404560872110258e-04
2.615314272681616170e-06
1.906564104784899856e-03
2.118404560872110258e-04
2.353782845413455316e-05
2.118404560872110258e-04
2.615314272681616170e-06
2.353782845413455316e-05
3.228783052693352177e-08
2.905904747424018085e-07
2.615314272681616170e-06
2.353782845413455316e-05
2.353782845413455316e-05
2.353782845413455316e-05
2.905904747424018085e-07
2.905904747424018085e-07
2.615314272681616170e-06
3.228783052693352177e-08
2.905904747424018085e-07
2.118404560872110258e-04
2.353782845413455316e-05
2.615314272681616170e-06
2.353782845413455316e-05
2.353782845413455316e-05
3.228783052693352177e-08
2.353782845413455316e-05
2.353782845413455316e-05
1.906564104784899856e-03
1.906564104784899856e-03
1.715907694306410131e-02
2.615314272681616170e-06
2.353782845413455316e-05
2.353782845413455316e-05
2.615314272681616170e-06
2.118404560872110258e-04
2.353782845413455316e-05
1.906564104784899856e-03
1.906564104784899856e-03
2.353782845413455316e-05
2.118404560872110258e-04
1.906564104784899856e-03
2.615314272681616170e-06
3.228783052693352177e-08
1.906564104784899856e-03
2.353782845413455316e-05
2.905904747424018085e-07
2.118404560872110258e-04
3.587536725214834512e-09
2.615314272681616170e-06
1.906564104784899856e-03
2.118404560872110258e-04
1.906564104784899856e-03
1.906564104784899856e-03
2.118404560872110258e-04
2.353782845413455316e-05
2.905904747424018085e-07
1.715907694306410131e-02
2.353782845413455316e-05
2.615314272681616170e-06
1.906564104784899856e-03
2.905904747424018085e-07
2.353782845413455316e-05
2.353782845413455316e-05
2.118404560872110258e-04
1.906564104784899856e-03
2.353782845413455316e-05
2.615314272681616170e-06
2.118404560872110258e-04
1.906564104784899856e-03
2.905904747424018085e-07
2.353782845413455316e-05
2.905904747424018085e-07
2.118404560872110258e-04
3.228783052693352177e-08
2.615314272681616170e-06
2.353782845413455316e-05
2.615314272681616170e-06
2.353782845413455316e-05
2.905904747424018085e-07
2.353782845413455316e-05
1.715907694306410131e-02
1.906564104784899856e-03
2.905904747424018085e-07
2.353782845413455316e-05
2.905904747424018085e-07
2.615314272681616170e-06
2.905904747424018085e-07
1.906564104784899856e-03
2.353782845413455316e-05
2.118404560872110258e-04
2.353782845413455316e-05
2.353782845413455316e-05
2.118404560872110258e-04
2.118404560872110258e-04
2.118404560872110258e-04
2.118404560872110258e-04
1.715907694306410131e-02
2.118404560872110258e-04
1.906564104784899856e-03
2.905904747424018085e-07
2.905904747424018085e-07
2.615314272681616170e-06
2.353782845413455316e-05
2.118404560872110258e-04
1.906564104784899856e-03
2.118404560872110258e-04
2.118404560872110258e-04
2.615314272681616170e-06
2.905904747424018085e-07
2.353782845413455316e-05
2.353782845413455316e-05
2.615314272681616170e-06
1.906564104784899856e-03
2.905904747424018085e-07
2.118404560872110258e-04
2.615314272681616170e-06
2.615314272681616170e-06
1.715907694306410131e-02
2.353782845413455316e-05
2.353782845413455316e-05
2.615314272681616170e-06
2.118404560872110258e-04
1.906564104784899856e-03
2.615314272681616170e-06
2.905904747424018085e-07
2.353782845413455316e-05
2.905904747424018085e-07
2.118404560872110258e-04
2.118404560872110258e-04
2.353782845413455316e-05
1.906564104784899856e-03
1.715907694306410131e-02
2.615314272681616170e-06
2.905904747424018085e-07
2.353782845413455316e-05
2.905904747424018085e-07
2.353782845413455316e-05
2.905904747424018085e-07
2.353782845413455316e-05
3.228783052693352177e-08
2.353782845413455316e-05
2.118404560872110258e-04
2.353782845413455316e-05
2.615314272681616170e-06
2.118404560872110258e-04
2.353782845413455316e-05
2.118404560872110258e-04
2.353782845413455316e-05
1.715907694306410131e-02
2.118404560872110258e-04
2.353782845413455316e-05
2.615314272681616170e-06
1.906564104784899856e-03
2.615314272681616170e-06
2.615314272681616170e-06
2.353782845413455316e-05
