5.422138111029565222e-01
9.182438501972188169e-06
8.264194651774972740e-05
1.133634382959529095e-07
8.264194651774972740e-05
8.264194651774972740e-05
1.133634382959529095e-07
8.264194651774972740e-05
9.182438501972188169e-06
7.437775186597476822e-04
8.264194651774972740e-05
1.020270944663576675e-06
1.133634382959529095e-07
9.182438501972188169e-06
9.182438501972188169e-06
1.259593758843920867e-08
8.264194651774972740e-05
7.437775186597476822e-04
1.020270944663576675e-06
7.437775186597476822e-04
8.264194651774972740e-05
8.264194651774972740e-05
7.437775186597476822e-04
8.264194651774972740e-05
8.264194651774972740e-05
8.264194651774972740e-05
1.020270944663576675e-06
7.437775186597476822e-04
8.264194651774972740e-05
7.437775186597476822e-04
1.020270944663576675e-06
6.693997667937731308e-03
1.020270944663576675e-06
9.182438501972188169e-06
6.693997667937731308e-03
6.693997667937731308e-03
8.264194651774972740e-05
1.133634382959529095e-07
8.264194651774972740e-05
6.024597901143959044e-02
7.437775186597476822e-04
1.133634382959529095e-07
8.264194651774972740e-05
1.133634382959529095e-07
7.437775186597476822e-04
1.259593758843920867e-08
1.020270944663576675e-06
8.264194651774972740e-05
1.133634382959529095e-07
1.020270944663576675e-06
8.264194651774972740e-05
8.264194651774972740e-05
8.264194651774972740e-05
6.693997667937731308e-03
8.264194651774972740e-05
8.264194651774972740e-05
7.437775186597476822e-04
7.437775186597476822e-04
7.437775186597476822e-04
6.024597901143959044e-02
1.020270944663576675e-06
8.264194651774972740e-05
6.693997667937731308e-03
8.264194651774972740e-05
6.693997667937731308e-03
1.020270944663576675e-06
6.024597901143959044e-02
7.437775186597476822e-04
9.182438501972188169e-06
8.264194651774972740e-05
1.020270944663576675e-06
9.182438501972188169e-06
8.264194651774972740e-05
6.693997667937731308e-03
6.693997667937731308e-03
6.693997667937731308e-03
6.024597901143959044e-02
6.693997667937731308e-03
7.437775186597476822e-04
9.182438501972188169e-06
7.437775186597476822e-04
1.020270944663576675e-06
6.693997667937731308e-03
8.264194651774972740e-05
1.020270944663576675e-06
8.264194651774972740e-05
7.437775186597476822e-04
7.437775186597476822e-04
7.437775186597476822e-04
6.024597901143959044e-02
8.264194651774972740e-05
8.264194651774972740e-05
8.264194651774972740e-05
7.437775186597476822e-04
6.024597901143959044e-02
9.182438501972188169e-06
1.020270944663576675e-06
9.182438501972188169e-06
9.182438501972188169e-06
6.693997667937731308e-03
