1.328398852470718747e-04
1.328398852470718747e-04
1.475998724967464898e-05
1.639998583297182796e-06
1.639998583297182796e-06
1.639998583297182796e-06
1.328398852470718747e-04
1.822220648107980914e-07
1.076003070501282619e-02
1.328398852470718747e-04
1.328398852470718747e-04
1.475998724967464898e-05
1.639998583297182796e-06
1.328398852470718747e-04
1.475998724967464898e-05
1.328398852470718747e-04
1.639998583297182796e-06
1.822220648107980914e-07
1.475998724967464898e-05
1.195558967223647306e-03
1.328398852470718747e-04
1.475998724967464898e-05
1.475998724967464898e-05
1.195558967223647306e-03
1.475998724967464898e-05
1.328398852470718747e-04
1.639998583297182796e-06
1.475998724967464898e-05
1.639998583297182796e-06
1.328398852470718747e-04
1.328398852470718747e-04
1.639998583297182796e-06
1.195558967223647306e-03
1.639998583297182796e-06
1.639998583297182796e-06
1.328398852470718747e-04
1.076003070501282619e-02
1.639998583297182796e-06
1.328398852470718747e-04
2.024689609008866984e-08
1.639998583297182796e-06
1.639998583297182796e-06
1.822220648107980914e-07
1.475998724967464898e-05
1.195558967223647306e-03
1.328398852470718747e-04
1.475998724967464898e-05
1.328398852470718747e-04
1.639998583297182796e-06
1.475998724967464898e-05
1.639998583297182796e-06
1.328398852470718747e-04
1.475998724967464898e-05
1.195558967223647306e-03
1.328398852470718747e-04
1.639998583297182796e-06
1.639998583297182796e-06
1.475998724967464898e-05
1.475998724967464898e-05
1.195558967223647306e-03
1.475998724967464898e-05
1.195558967223647306e-03
1.195558967223647306e-03
1.328398852470718747e-04
1.639998583297182796e-06
1.195558967223647306e-03
1.639998583297182796e-06
1.639998583297182796e-06
1.328398852470718747e-04
1.822220648107980914e-07
1.328398852470718747e-04
1.822220648107980914e-07
1.475998724967464898e-05
1.822220648107980914e-07
1.475998724967464898e-05
1.639998583297182796e-06
1.328398852470718747e-04
1.639998583297182796e-06
1.475998724967464898e-05
2.249655121120962534e-09
1.822220648107980914e-07
2.024689609008866984e-08
1.328398852470718747e-04
2.024689609008866984e-08
1.195558967223647306e-03
1.822220648107980914e-07
1.195558967223647306e-03
1.822220648107980914e-07
1.475998724967464898e-05
1.328398852470718747e-04
1.822220648107980914e-07
2.024689609008866984e-08
1.639998583297182796e-06
1.639998583297182796e-06
1.328398852470718747e-04
1.328398852470718747e-04
1.639998583297182796e-06
1.475998724967464898e-05
1.822220648107980914e-07
2.499616801245513467e-10
1.328398852470718747e-04
1.475998724967464898e-05
1.639998583297182796e-06
1.195558967223647306e-03
1.328398852470718747e-04
1.475998724967464898e-05
1.076003070501282619e-02
1.639998583297182796e-06
1.639998583297182796e-06
1.475998724967464898e-05
9.684027634511546689e-02
1.328398852470718747e-04
2.024689609008866984e-08
1.639998583297182796e-06
1.195558967223647306e-03
1.328398852470718747e-04
1.475998724967464898e-05
1.328398852470718747e-04
1.639998583297182796e-06
1.639998583297182796e-06
9.684027634511546689e-02
1.328398852470718747e-04
2.024689609008866984e-08
1.328398852470718747e-04
1.475998724967464898e-05
1.475998724967464898e-05
1.195558967223647306e-03
1.328398852470718747e-04
1.328398852470718747e-04
1.822220648107980914e-07
1.475998724967464898e-05
1.076003070501282619e-02
1.328398852470718747e-04
1.822220648107980914e-07
1.328398852470718747e-04
1.822220648107980914e-07
1.639998583297182796e-06
1.195558967223647306e-03
1.822220648107980914e-07
1.475998724967464898e-05
1.475998724967464898e-05
1.195558967223647306e-03
2.024689609008866984e-08
1.328398852470718747e-04
1.475998724967464898e-05
1.475998724967464898e-05
1.475998724967464898e-05
2.024689609008866984e-08
1.639998583297182796e-06
1.475998724967464898e-05
1.475998724967464898e-05
1.328398852470718747e-04
1.475998724967464898e-05
2.249655121120962534e-09
1.475998724967464898e-05
1.328398852470718747e-04
1.639998583297182796e-06
1.328398852470718747e-04
1.475998724967464898e-05
1.475998724967464898e-05
1.822220648107980914e-07
1.328398852470718747e-04
1.328398852470718747e-04
1.475998724967464898e-05
1.475998724967464898e-05
1.639998583297182796e-06
1.639998583297182796e-06
1.639998583297182796e-06
1.822220648107980914e-07
1.328398852470718747e-04
1.195558967223647306e-03
1.475998724967464898e-05
1.475998724967464898e-05
1.195558967223647306e-03
1.328398852470718747e-04
1.475998724967464898e-05
1.639998583297182796e-06
1.475998724967464898e-05
1.639998583297182796e-06
1.328398852470718747e-04
1.639998583297182796e-06
1.639998583297182796e-06
1.822220648107980914e-07
1.639998583297182796e-06
1.328398852470718747e-04
1.328398852470718747e-04
1.822220648107980914e-07
1.328398852470718747e-04
1.195558967223647306e-03
1.822220648107980914e-07
1.195558967223647306e-03
1.328398852470718747e-04
1.328398852470718747e-04
1.328398852470718747e-04
1.195558967223647306e-03
1.328398852470718747e-04
1.328398852470718747e-04
1.076003070501282619e-02
1.195558967223647306e-03
1.639998583297182796e-06
2.024689609008866984e-08
1.328398852470718747e-04
1.195558967223647306e-03
1.328398852470718747e-04
1.639998583297182796e-06
1.475998724967464898e-05
1.475998724967464898e-05
1.639998583297182796e-06
1.195558967223647306e-03
1.475998724967464898e-05
1.328398852470718747e-04
1.639998583297182796e-06
1.639998583297182796e-06
1.639998583297182796e-06
1.475998724967464898e-05
1.328398852470718747e-04
1.328398852470718747e-04
1.475998724967464898e-05
1.328398852470718747e-04
1.822220648107980914e-07
1.822220648107980914e-07
1.475998724967464898e-05
1.475998724967464898e-05
1.822220648107980914e-07
1.195558967223647306e-03
1.639998583297182796e-06
1.639998583297182796e-06
1.195558967223647306e-03
1.328398852470718747e-04
1.195558967223647306e-03
1.328398852470718747e-04
1.076003070501282619e-02
1.639998583297182796e-06
1.195558967223647306e-03
1.475998724967464898e-05
1.475998724967464898e-05
1.475998724967464898e-05
1.475998724967464898e-05
1.639998583297182796e-06
1.822220648107980914e-07
1.822220648107980914e-07
1.475998724967464898e-05
1.639998583297182796e-06
1.822220648107980914e-07
1.475998724967464898e-05
1.328398852470718747e-04
1.639998583297182796e-06
1.639998583297182796e-06
9.684027634511546689e-02
1.822220648107980914e-07
1.822220648107980914e-07
1.195558967223647306e-03
1.076003070501282619e-02
1.475998724967464898e-05
1.475998724967464898e-05
1.195558967223647306e-03
1.195558967223647306e-03
1.822220648107980914e-07
1.475998724967464898e-05
1.328398852470718747e-04
2.024689609008866984e-08
1.639998583297182796e-06
1.639998583297182796e-06
1.475998724967464898e-05
1.639998583297182796e-06
1.639998583297182796e-06
1.639998583297182796e-06
1.328398852470718747e-04
1.639998583297182796e-06
1.639998583297182796e-06
1.195558967223647306e-03
1.639998583297182796e-06
1.076003070501282619e-02
1.639998583297182796e-06
1.639998583297182796e-06
1.475998724967464898e-05
1.195558967223647306e-03
1.195558967223647306e-03
1.475998724967464898e-05
2.024689609008866984e-08
1.328398852470718747e-04
1.328398852470718747e-04
1.475998724967464898e-05
1.195558967223647306e-03
1.475998724967464898e-05
1.076003070501282619e-02
1.475998724967464898e-05
1.195558967223647306e-03
2.024689609008866984e-08
1.195558967223647306e-03
1.475998724967464898e-05
1.328398852470718747e-04
1.328398852470718747e-04
1.639998583297182796e-06
1.195558967223647306e-03
1.475998724967464898e-05
1.076003070501282619e-02
1.639998583297182796e-06
1.475998724967464898e-05
1.475998724967464898e-05
1.328398852470718747e-04
1.328398852470718747e-04
1.076003070501282619e-02
1.639998583297182796e-06
1.475998724967464898e-05
1.475998724967464898e-05
1.475998724967464898e-05
1.639998583297182796e-06
9.684027634511546689e-02
1.475998724967464898e-05
1.639998583297182796e-06
1.639998583297182796e-06
1.475998724967464898e-05
1.328398852470718747e-04
1.822220648107980914e-07
1.475998724967464898e-05
1.475998724967464898e-05
1.639998583297182796e-06
1.328398852470718747e-04
1.822220648107980914e-07
1.076003070501282619e-02
1.822220648107980914e-07
2.024689609008866984e-08
1.475998724967464898e-05
1.822220648107980914e-07
2.024689609008866984e-08
1.076003070501282619e-02
1.475998724967464898e-05
1.822220648107980914e-07
1.475998724967464898e-05
1.475998724967464898e-05
1.475998724967464898e-05
1.639998583297182796e-06
1.475998724967464898e-05
1.639998583297182796e-06
1.822220648107980914e-07
2.024689609008866984e-08
1.328398852470718747e-04
1.822220648107980914e-07
1.475998724967464898e-05
1.639998583297182796e-06
1.639998583297182796e-06
1.195558967223647306e-03
1.328398852470718747e-04
1.475998724967464898e-05
1.328398852470718747e-04
1.639998583297182796e-06
1.328398852470718747e-04
1.076003070501282619e-02
2.249655121120962534e-09
1.639998583297182796e-06
1.639998583297182796e-06
1.195558967223647306e-03
1.195558967223647306e-03
1.639998583297182796e-06
1.076003070501282619e-02
2.024689609008866984e-08
1.475998724967464898e-05
1.475998724967464898e-05
1.195558967223647306e-03
1.639998583297182796e-06
1.076003070501282619e-02
1.328398852470718747e-04
1.639998583297182796e-06
1.639998583297182796e-06
1.475998724967464898e-05
1.195558967223647306e-03
1.328398852470718747e-04
1.328398852470718747e-04
1.475998724967464898e-05
1.195558967223647306e-03
1.475998724967464898e-05
1.475998724967464898e-05
1.639998583297182796e-06
1.639998583297182796e-06
1.639998583297182796e-06
1.076003070501282619e-02
1.195558967223647306e-03
1.328398852470718747e-04
1.822220648107980914e-07
1.076003070501282619e-02
9.684027634511546689e-02
2.024689609008866984e-08
1.475998724967464898e-05
1.328398852470718747e-04
1.195558967223647306e-03
1.328398852470718747e-04
2.249655121120962534e-09
1.475998724967464898e-05
1.328398852470718747e-04
1.639998583297182796e-06
1.639998583297182796e-06
1.195558967223647306e-03
1.475998724967464898e-05
1.475998724967464898e-05
1.822220648107980914e-07
1.195558967223647306e-03
1.639998583297182796e-06
1.822220648107980914e-07
1.475998724967464898e-05
1.475998724967464898e-05
1.639998583297182796e-06
1.822220648107980914e-07
1.475998724967464898e-05
1.639998583297182796e-06
1.822220648107980914e-07
1.475998724967464898e-05
1.076003070501282619e-02
1.195558967223647306e-03
1.639998583297182796e-06
9.684027634511546689e-02
1.195558967223647306e-03
1.475998724967464898e-05
1.475998724967464898e-05
1.639998583297182796e-06
1.639998583297182796e-06
1.475998724967464898e-05
1.475998724967464898e-05
1.475998724967464898e-05
1.639998583297182796e-06
1.822220648107980914e-07
1.475998724967464898e-05
1.195558967223647306e-03
1.639998583297182796e-06
1.639998583297182796e-06
1.328398852470718747e-04
1.195558967223647306e-03
1.639998583297182796e-06
1.328398852470718747e-04
1.328398852470718747e-04
1.639998583297182796e-06
2.024689609008866984e-08
1.328398852470718747e-04
1.822220648107980914e-07
1.475998724967464898e-05
1.639998583297182796e-06
1.822220648107980914e-07
1.195558967223647306e-03
1.076003070501282619e-02
2.249655121120962534e-09
1.822220648107980914e-07
1.328398852470718747e-04
1.475998724967464898e-05
1.639998583297182796e-06
1.475998724967464898e-05
1.475998724967464898e-05
1.639998583297182796e-06
1.328398852470718747e-04
1.328398852470718747e-04
9.684027634511546689e-02
1.328398852470718747e-04
1.822220648107980914e-07
1.328398852470718747e-04
1.639998583297182796e-06
1.475998724967464898e-05
1.475998724967464898e-05
1.475998724967464898e-05
1.328398852470718747e-04
1.076003070501282619e-02
1.639998583297182796e-06
1.639998583297182796e-06
2.024689609008866984e-08
1.195558967223647306e-03
1.195558967223647306e-03
1.639998583297182796e-06
1.195558967223647306e-03
1.639998583297182796e-06
1.639998583297182796e-06
1.328398852470718747e-04
1.475998724967464898e-05
1.475998724967464898e-05
1.475998724967464898e-05
1.328398852470718747e-04
1.195558967223647306e-03
2.024689609008866984e-08
1.076003070501282619e-02
1.475998724967464898e-05
1.639998583297182796e-06
1.822220648107980914e-07
1.639998583297182796e-06
1.639998583297182796e-06
1.639998583297182796e-06
1.639998583297182796e-06
1.639998583297182796e-06
2.024689609008866984e-08
1.639998583297182796e-06
1.639998583297182796e-06
2.024689609008866984e-08
1.328398852470718747e-04
1.639998583297182796e-06
1.475998724967464898e-05
1.822220648107980914e-07
1.195558967223647306e-03
1.475998724967464898e-05
1.475998724967464898e-05
1.639998583297182796e-06
1.328398852470718747e-04
1.475998724967464898e-05
1.195558967223647306e-03
2.024689609008866984e-08
