2.887072229560020409e-01
3.960318559067241067e-04
3.207858032844466967e-02
3.564286703160517503e-03
4.889282171687950575e-06
3.960318559067241067e-04
3.564286703160517503e-03
3.207858032844466967e-02
6.706834254715975255e-09
3.207858032844466967e-02
4.400353954519155010e-05
3.564286703160517503e-03
3.960318559067241067e-04
4.400353954519155010e-05
3.960318559067241067e-04
3.207858032844466967e-02
3.207858032844466967e-02
4.400353954519155010e-05
4.889282171687950575e-06
4.400353954519155010e-05
3.960318559067241067e-04
3.960318559067241067e-04
4.889282171687950575e-06
3.960318559067241067e-04
4.400353954519155010e-05
4.400353954519155010e-05
3.564286703160517503e-03
3.960318559067241067e-04
3.960318559067241067e-04
3.564286703160517503e-03
3.207858032844466967e-02
3.207858032844466967e-02
4.400353954519155010e-05
3.564286703160517503e-03
3.960318559067241067e-04
3.564286703160517503e-03
3.207858032844466967e-02
4.400353954519155010e-05
3.960318559067241067e-04
3.564286703160517503e-03
3.564286703160517503e-03
4.889282171687950575e-06
3.960318559067241067e-04
2.887072229560020409e-01
3.207858032844466967e-02
3.207858032844466967e-02
3.207858032844466967e-02
4.400353954519155010e-05
3.207858032844466967e-02
3.960318559067241067e-04
