1.602796716972786127e-03
1.978761378978747130e-05
1.602796716972786127e-03
1.978761378978747130e-05
1.978761378978747130e-05
1.780885241080872993e-04
1.978761378978747130e-05
1.780885241080872993e-04
1.602796716972786127e-03
1.780885241080872993e-04
2.714350314099788704e-08
1.978761378978747130e-05
1.978761378978747130e-05
1.978761378978747130e-05
2.198623754420829251e-06
1.978761378978747130e-05
1.978761378978747130e-05
2.198623754420829251e-06
1.442517045275507753e-02
1.978761378978747130e-05
2.198623754420829251e-06
1.780885241080872993e-04
2.198623754420829251e-06
2.442915282689810396e-07
1.780885241080872993e-04
1.780885241080872993e-04
1.978761378978747130e-05
1.978761378978747130e-05
1.602796716972786127e-03
2.442915282689810396e-07
2.198623754420829251e-06
1.780885241080872993e-04
1.978761378978747130e-05
1.602796716972786127e-03
1.978761378978747130e-05
1.780885241080872993e-04
1.780885241080872993e-04
1.780885241080872993e-04
3.015944793444208706e-09
1.978761378978747130e-05
2.198623754420829251e-06
2.442915282689810396e-07
1.602796716972786127e-03
2.198623754420829251e-06
2.198623754420829251e-06
1.978761378978747130e-05
1.602796716972786127e-03
2.198623754420829251e-06
2.198623754420829251e-06
2.442915282689810396e-07
1.602796716972786127e-03
2.714350314099788704e-08
2.198623754420829251e-06
2.198623754420829251e-06
1.780885241080872993e-04
1.780885241080872993e-04
1.978761378978747130e-05
1.442517045275507753e-02
1.978761378978747130e-05
2.198623754420829251e-06
1.780885241080872993e-04
2.442915282689810396e-07
1.978761378978747130e-05
1.978761378978747130e-05
1.978761378978747130e-05
1.978761378978747130e-05
1.978761378978747130e-05
1.442517045275507753e-02
1.602796716972786127e-03
1.780885241080872993e-04
1.780885241080872993e-04
1.602796716972786127e-03
1.780885241080872993e-04
2.198623754420829251e-06
1.978761378978747130e-05
2.198623754420829251e-06
2.198623754420829251e-06
2.198623754420829251e-06
1.780885241080872993e-04
1.780885241080872993e-04
1.978761378978747130e-05
1.780885241080872993e-04
1.978761378978747130e-05
2.442915282689810396e-07
1.780885241080872993e-04
2.198623754420829251e-06
2.198623754420829251e-06
1.602796716972786127e-03
2.442915282689810396e-07
1.978761378978747130e-05
1.978761378978747130e-05
1.602796716972786127e-03
1.978761378978747130e-05
1.780885241080872993e-04
2.198623754420829251e-06
1.978761378978747130e-05
1.602796716972786127e-03
1.780885241080872993e-04
2.198623754420829251e-06
2.442915282689810396e-07
1.780885241080872993e-04
1.978761378978747130e-05
1.978761378978747130e-05
2.442915282689810396e-07
1.978761378978747130e-05
1.978761378978747130e-05
1.978761378978747130e-05
2.442915282689810396e-07
1.978761378978747130e-05
2.198623754420829251e-06
2.442915282689810396e-07
1.780885241080872993e-04
1.978761378978747130e-05
1.780885241080872993e-04
2.198623754420829251e-06
2.714350314099788704e-08
1.602796716972786127e-03
1.978761378978747130e-05
1.780885241080872993e-04
1.780885241080872993e-04
1.780885241080872993e-04
1.780885241080872993e-04
2.714350314099788704e-08
1.780885241080872993e-04
1.978761378978747130e-05
1.780885241080872993e-04
1.780885241080872993e-04
1.602796716972786127e-03
2.198623754420829251e-06
1.442517045275507753e-02
2.442915282689810396e-07
2.198623754420829251e-06
1.442517045275507753e-02
1.978761378978747130e-05
1.978761378978747130e-05
2.442915282689810396e-07
2.442915282689810396e-07
1.780885241080872993e-04
2.198623754420829251e-06
1.442517045275507753e-02
2.198623754420829251e-06
1.442517045275507753e-02
1.978761378978747130e-05
1.442517045275507753e-02
1.780885241080872993e-04
1.978761378978747130e-05
1.602796716972786127e-03
2.198623754420829251e-06
2.198623754420829251e-06
2.198623754420829251e-06
3.015944793444208706e-09
1.442517045275507753e-02
1.780885241080872993e-04
1.602796716972786127e-03
2.198623754420829251e-06
2.198623754420829251e-06
1.780885241080872993e-04
1.978761378978747130e-05
2.198623754420829251e-06
1.780885241080872993e-04
1.602796716972786127e-03
1.978761378978747130e-05
2.442915282689810396e-07
2.442915282689810396e-07
1.978761378978747130e-05
1.780885241080872993e-04
1.780885241080872993e-04
2.714350314099788704e-08
2.442915282689810396e-07
1.602796716972786127e-03
1.978761378978747130e-05
2.442915282689810396e-07
2.442915282689810396e-07
1.978761378978747130e-05
2.198623754420829251e-06
2.198623754420829251e-06
2.198623754420829251e-06
1.780885241080872993e-04
1.978761378978747130e-05
1.602796716972786127e-03
1.602796716972786127e-03
1.978761378978747130e-05
1.298265340747957464e-01
2.442915282689810396e-07
1.780885241080872993e-04
1.978761378978747130e-05
2.714350314099788704e-08
2.442915282689810396e-07
1.978761378978747130e-05
1.780885241080872993e-04
1.780885241080872993e-04
2.714350314099788704e-08
1.780885241080872993e-04
1.602796716972786127e-03
1.602796716972786127e-03
1.978761378978747130e-05
1.978761378978747130e-05
2.442915282689810396e-07
2.198623754420829251e-06
1.442517045275507753e-02
1.602796716972786127e-03
1.978761378978747130e-05
2.198623754420829251e-06
1.780885241080872993e-04
1.298265340747957464e-01
1.780885241080872993e-04
1.780885241080872993e-04
2.198623754420829251e-06
2.442915282689810396e-07
1.780885241080872993e-04
1.780885241080872993e-04
1.978761378978747130e-05
1.978761378978747130e-05
1.602796716972786127e-03
2.198623754420829251e-06
2.198623754420829251e-06
1.298265340747957464e-01
1.602796716972786127e-03
1.978761378978747130e-05
2.442915282689810396e-07
2.714350314099788704e-08
2.442915282689810396e-07
1.602796716972786127e-03
1.978761378978747130e-05
1.978761378978747130e-05
1.978761378978747130e-05
2.198623754420829251e-06
1.978761378978747130e-05
1.780885241080872993e-04
1.978761378978747130e-05
2.442915282689810396e-07
2.198623754420829251e-06
1.978761378978747130e-05
2.442915282689810396e-07
1.602796716972786127e-03
2.198623754420829251e-06
2.198623754420829251e-06
1.780885241080872993e-04
1.780885241080872993e-04
1.780885241080872993e-04
2.198623754420829251e-06
2.198623754420829251e-06
2.442915282689810396e-07
1.780885241080872993e-04
1.780885241080872993e-04
2.442915282689810396e-07
1.780885241080872993e-04
1.602796716972786127e-03
2.198623754420829251e-06
2.442915282689810396e-07
1.978761378978747130e-05
2.198623754420829251e-06
1.978761378978747130e-05
1.602796716972786127e-03
1.780885241080872993e-04
1.602796716972786127e-03
1.602796716972786127e-03
1.602796716972786127e-03
1.780885241080872993e-04
1.298265340747957464e-01
1.780885241080872993e-04
1.780885241080872993e-04
2.198623754420829251e-06
2.714350314099788704e-08
1.978761378978747130e-05
1.780885241080872993e-04
1.780885241080872993e-04
1.780885241080872993e-04
1.780885241080872993e-04
2.442915282689810396e-07
2.198623754420829251e-06
1.602796716972786127e-03
2.198623754420829251e-06
2.442915282689810396e-07
2.442915282689810396e-07
1.602796716972786127e-03
1.978761378978747130e-05
1.602796716972786127e-03
1.978761378978747130e-05
1.780885241080872993e-04
1.780885241080872993e-04
1.780885241080872993e-04
2.714350314099788704e-08
1.978761378978747130e-05
1.442517045275507753e-02
1.780885241080872993e-04
1.780885241080872993e-04
1.442517045275507753e-02
1.978761378978747130e-05
1.442517045275507753e-02
1.298265340747957464e-01
2.198623754420829251e-06
2.442915282689810396e-07
2.198623754420829251e-06
1.978761378978747130e-05
2.198623754420829251e-06
2.442915282689810396e-07
2.714350314099788704e-08
1.978761378978747130e-05
2.442915282689810396e-07
1.978761378978747130e-05
1.978761378978747130e-05
1.442517045275507753e-02
2.198623754420829251e-06
1.978761378978747130e-05
2.198623754420829251e-06
1.978761378978747130e-05
2.198623754420829251e-06
1.780885241080872993e-04
1.978761378978747130e-05
2.198623754420829251e-06
1.780885241080872993e-04
1.602796716972786127e-03
1.780885241080872993e-04
1.780885241080872993e-04
1.780885241080872993e-04
2.198623754420829251e-06
2.198623754420829251e-06
1.602796716972786127e-03
2.714350314099788704e-08
2.198623754420829251e-06
2.198623754420829251e-06
1.978761378978747130e-05
2.714350314099788704e-08
1.978761378978747130e-05
1.978761378978747130e-05
2.442915282689810396e-07
1.602796716972786127e-03
1.602796716972786127e-03
1.780885241080872993e-04
2.442915282689810396e-07
3.015944793444208706e-09
1.442517045275507753e-02
2.198623754420829251e-06
2.442915282689810396e-07
1.978761378978747130e-05
2.198623754420829251e-06
1.978761378978747130e-05
1.780885241080872993e-04
2.198623754420829251e-06
2.198623754420829251e-06
2.198623754420829251e-06
2.442915282689810396e-07
2.714350314099788704e-08
2.198623754420829251e-06
1.978761378978747130e-05
1.978761378978747130e-05
1.442517045275507753e-02
1.978761378978747130e-05
1.602796716972786127e-03
1.602796716972786127e-03
1.978761378978747130e-05
2.198623754420829251e-06
1.780885241080872993e-04
1.602796716972786127e-03
1.602796716972786127e-03
1.978761378978747130e-05
1.780885241080872993e-04
1.978761378978747130e-05
2.198623754420829251e-06
2.198623754420829251e-06
1.780885241080872993e-04
2.198623754420829251e-06
2.198623754420829251e-06
2.198623754420829251e-06
1.780885241080872993e-04
1.978761378978747130e-05
1.780885241080872993e-04
1.602796716972786127e-03
2.198623754420829251e-06
1.780885241080872993e-04
1.602796716972786127e-03
2.714350314099788704e-08
1.978761378978747130e-05
2.198623754420829251e-06
2.442915282689810396e-07
1.442517045275507753e-02
1.978761378978747130e-05
1.978761378978747130e-05
1.780885241080872993e-04
1.978761378978747130e-05
2.198623754420829251e-06
1.978761378978747130e-05
2.198623754420829251e-06
1.978761378978747130e-05
1.780885241080872993e-04
1.442517045275507753e-02
2.442915282689810396e-07
2.198623754420829251e-06
2.442915282689810396e-07
3.015944793444208706e-09
2.198623754420829251e-06
1.780885241080872993e-04
1.978761378978747130e-05
1.978761378978747130e-05
1.978761378978747130e-05
1.780885241080872993e-04
2.198623754420829251e-06
1.978761378978747130e-05
2.714350314099788704e-08
