9.345293688637879264e-05
9.345293688637879264e-05
1.038365965404208544e-05
1.038365965404208544e-05
9.345293688637879264e-05
1.038365965404208544e-05
1.038365965404208544e-05
1.153739961560231268e-06
1.038365965404208544e-05
1.424370322913865440e-08
1.153739961560231268e-06
1.153739961560231268e-06
1.281933290622479393e-07
8.410764319774094184e-04
1.038365965404208544e-05
8.410764319774094184e-04
9.345293688637879264e-05
1.038365965404208544e-05
1.038365965404208544e-05
1.153739961560231268e-06
1.153739961560231268e-06
9.345293688637879264e-05
1.038365965404208544e-05
1.281933290622479393e-07
7.569687887796685416e-03
1.038365965404208544e-05
1.038365965404208544e-05
1.153739961560231268e-06
9.345293688637879264e-05
9.345293688637879264e-05
8.410764319774094184e-04
1.153739961560231268e-06
1.582633692126516582e-09
9.345293688637879264e-05
9.345293688637879264e-05
1.153739961560231268e-06
8.410764319774094184e-04
1.153739961560231268e-06
1.281933290622479393e-07
9.345293688637879264e-05
1.038365965404208544e-05
8.410764319774094184e-04
1.038365965404208544e-05
9.345293688637879264e-05
6.131447189115318830e-01
9.345293688637879264e-05
7.569687887796685416e-03
1.153739961560231268e-06
7.569687887796685416e-03
1.038365965404208544e-05
8.410764319774094184e-04
1.424370322913865440e-08
9.345293688637879264e-05
9.345293688637879264e-05
9.345293688637879264e-05
1.153739961560231268e-06
1.153739961560231268e-06
7.569687887796685416e-03
1.038365965404208544e-05
8.410764319774094184e-04
1.153739961560231268e-06
8.410764319774094184e-04
1.281933290622479393e-07
1.281933290622479393e-07
1.038365965404208544e-05
1.038365965404208544e-05
9.345293688637879264e-05
1.281933290622479393e-07
1.038365965404208544e-05
1.153739961560231268e-06
1.038365965404208544e-05
9.345293688637879264e-05
1.153739961560231268e-06
8.410764319774094184e-04
9.345293688637879264e-05
1.153739961560231268e-06
1.281933290622479393e-07
1.038365965404208544e-05
8.410764319774094184e-04
9.345293688637879264e-05
9.345293688637879264e-05
1.153739961560231268e-06
9.345293688637879264e-05
9.345293688637879264e-05
8.410764319774094184e-04
1.038365965404208544e-05
1.038365965404208544e-05
8.410764319774094184e-04
1.153739961560231268e-06
1.038365965404208544e-05
1.153739961560231268e-06
1.038365965404208544e-05
9.345293688637879264e-05
9.345293688637879264e-05
1.281933290622479393e-07
8.410764319774094184e-04
1.038365965404208544e-05
1.038365965404208544e-05
9.345293688637879264e-05
8.410764319774094184e-04
1.038365965404208544e-05
9.345293688637879264e-05
1.153739961560231268e-06
1.153739961560231268e-06
7.569687887796685416e-03
1.281933290622479393e-07
8.410764319774094184e-04
1.038365965404208544e-05
1.038365965404208544e-05
1.038365965404208544e-05
1.153739961560231268e-06
1.424370322913865440e-08
1.424370322913865440e-08
1.153739961560231268e-06
1.153739961560231268e-06
1.038365965404208544e-05
1.153739961560231268e-06
9.345293688637879264e-05
1.038365965404208544e-05
9.345293688637879264e-05
8.410764319774094184e-04
9.345293688637879264e-05
1.038365965404208544e-05
1.153739961560231268e-06
1.153739961560231268e-06
1.153739961560231268e-06
1.424370322913865440e-08
1.038365965404208544e-05
1.153739961560231268e-06
8.410764319774094184e-04
1.038365965404208544e-05
1.424370322913865440e-08
1.281933290622479393e-07
1.038365965404208544e-05
7.569687887796685416e-03
1.153739961560231268e-06
7.569687887796685416e-03
1.038365965404208544e-05
9.345293688637879264e-05
1.424370322913865440e-08
1.281933290622479393e-07
1.038365965404208544e-05
1.153739961560231268e-06
8.410764319774094184e-04
1.153739961560231268e-06
1.424370322913865440e-08
1.038365965404208544e-05
8.410764319774094184e-04
1.153739961560231268e-06
1.038365965404208544e-05
1.153739961560231268e-06
1.153739961560231268e-06
1.153739961560231268e-06
1.153739961560231268e-06
1.281933290622479393e-07
1.038365965404208544e-05
9.345293688637879264e-05
1.038365965404208544e-05
9.345293688637879264e-05
1.153739961560231268e-06
1.038365965404208544e-05
1.153739961560231268e-06
1.153739961560231268e-06
9.345293688637879264e-05
1.038365965404208544e-05
1.153739961560231268e-06
9.345293688637879264e-05
1.038365965404208544e-05
1.281933290622479393e-07
9.345293688637879264e-05
9.345293688637879264e-05
1.153739961560231268e-06
1.038365965404208544e-05
9.345293688637879264e-05
1.424370322913865440e-08
1.038365965404208544e-05
1.153739961560231268e-06
8.410764319774094184e-04
1.281933290622479393e-07
1.281933290622479393e-07
1.281933290622479393e-07
1.153739961560231268e-06
1.153739961560231268e-06
9.345293688637879264e-05
1.038365965404208544e-05
9.345293688637879264e-05
1.153739961560231268e-06
9.345293688637879264e-05
8.410764319774094184e-04
8.410764319774094184e-04
1.038365965404208544e-05
1.153739961560231268e-06
1.281933290622479393e-07
7.569687887796685416e-03
1.424370322913865440e-08
7.569687887796685416e-03
8.410764319774094184e-04
9.345293688637879264e-05
6.812719099017018609e-02
8.410764319774094184e-04
1.153739961560231268e-06
8.410764319774094184e-04
8.410764319774094184e-04
1.281933290622479393e-07
1.281933290622479393e-07
9.345293688637879264e-05
1.038365965404208544e-05
8.410764319774094184e-04
1.038365965404208544e-05
9.345293688637879264e-05
9.345293688637879264e-05
1.424370322913865440e-08
1.038365965404208544e-05
8.410764319774094184e-04
1.153739961560231268e-06
1.281933290622479393e-07
1.153739961560231268e-06
8.410764319774094184e-04
1.153739961560231268e-06
1.153739961560231268e-06
1.153739961560231268e-06
9.345293688637879264e-05
1.153739961560231268e-06
1.038365965404208544e-05
9.345293688637879264e-05
1.153739961560231268e-06
1.281933290622479393e-07
8.410764319774094184e-04
1.281933290622479393e-07
1.038365965404208544e-05
9.345293688637879264e-05
9.345293688637879264e-05
1.038365965404208544e-05
1.038365965404208544e-05
1.038365965404208544e-05
1.281933290622479393e-07
1.038365965404208544e-05
9.345293688637879264e-05
9.345293688637879264e-05
1.281933290622479393e-07
9.345293688637879264e-05
1.153739961560231268e-06
1.153739961560231268e-06
1.038365965404208544e-05
9.345293688637879264e-05
9.345293688637879264e-05
1.038365965404208544e-05
8.410764319774094184e-04
1.153739961560231268e-06
1.281933290622479393e-07
1.153739961560231268e-06
1.038365965404208544e-05
7.569687887796685416e-03
1.153739961560231268e-06
1.153739961560231268e-06
6.812719099017018609e-02
1.153739961560231268e-06
1.281933290622479393e-07
7.569687887796685416e-03
1.281933290622479393e-07
7.569687887796685416e-03
9.345293688637879264e-05
9.345293688637879264e-05
1.038365965404208544e-05
1.038365965404208544e-05
7.569687887796685416e-03
1.038365965404208544e-05
1.281933290622479393e-07
9.345293688637879264e-05
9.345293688637879264e-05
8.410764319774094184e-04
1.153739961560231268e-06
1.038365965404208544e-05
1.281933290622479393e-07
9.345293688637879264e-05
1.424370322913865440e-08
1.281933290622479393e-07
1.424370322913865440e-08
9.345293688637879264e-05
1.038365965404208544e-05
1.038365965404208544e-05
1.038365965404208544e-05
9.345293688637879264e-05
9.345293688637879264e-05
1.281933290622479393e-07
1.281933290622479393e-07
1.153739961560231268e-06
1.281933290622479393e-07
1.281933290622479393e-07
1.038365965404208544e-05
1.038365965404208544e-05
1.281933290622479393e-07
1.038365965404208544e-05
1.153739961560231268e-06
1.153739961560231268e-06
1.153739961560231268e-06
8.410764319774094184e-04
1.038365965404208544e-05
1.038365965404208544e-05
1.281933290622479393e-07
6.812719099017018609e-02
9.345293688637879264e-05
1.424370322913865440e-08
1.038365965404208544e-05
1.582633692126516582e-09
1.153739961560231268e-06
1.038365965404208544e-05
9.345293688637879264e-05
1.038365965404208544e-05
1.153739961560231268e-06
1.153739961560231268e-06
8.410764319774094184e-04
9.345293688637879264e-05
8.410764319774094184e-04
8.410764319774094184e-04
8.410764319774094184e-04
8.410764319774094184e-04
9.345293688637879264e-05
9.345293688637879264e-05
1.153739961560231268e-06
1.153739961560231268e-06
1.038365965404208544e-05
1.281933290622479393e-07
8.410764319774094184e-04
1.281933290622479393e-07
8.410764319774094184e-04
1.153739961560231268e-06
1.281933290622479393e-07
1.038365965404208544e-05
1.153739961560231268e-06
1.038365965404208544e-05
1.424370322913865440e-08
9.345293688637879264e-05
1.281933290622479393e-07
1.281933290622479393e-07
1.153739961560231268e-06
1.281933290622479393e-07
1.281933290622479393e-07
7.569687887796685416e-03
7.569687887796685416e-03
9.345293688637879264e-05
7.569687887796685416e-03
1.281933290622479393e-07
1.153739961560231268e-06
1.281933290622479393e-07
1.281933290622479393e-07
9.345293688637879264e-05
7.569687887796685416e-03
1.153739961560231268e-06
1.281933290622479393e-07
9.345293688637879264e-05
1.038365965404208544e-05
9.345293688637879264e-05
1.038365965404208544e-05
1.038365965404208544e-05
9.345293688637879264e-05
8.410764319774094184e-04
1.281933290622479393e-07
1.281933290622479393e-07
1.038365965404208544e-05
1.153739961560231268e-06
1.038365965404208544e-05
8.410764319774094184e-04
1.038365965404208544e-05
8.410764319774094184e-04
1.582633692126516582e-09
1.281933290622479393e-07
1.153739961560231268e-06
1.153739961560231268e-06
1.038365965404208544e-05
1.153739961560231268e-06
9.345293688637879264e-05
1.281933290622479393e-07
9.345293688637879264e-05
1.281933290622479393e-07
9.345293688637879264e-05
1.038365965404208544e-05
1.281933290622479393e-07
9.345293688637879264e-05
8.410764319774094184e-04
9.345293688637879264e-05
1.281933290622479393e-07
1.038365965404208544e-05
1.153739961560231268e-06
1.038365965404208544e-05
1.281933290622479393e-07
7.569687887796685416e-03
1.153739961560231268e-06
1.424370322913865440e-08
9.345293688637879264e-05
1.038365965404208544e-05
1.281933290622479393e-07
8.410764319774094184e-04
1.038365965404208544e-05
1.153739961560231268e-06
1.038365965404208544e-05
1.153739961560231268e-06
1.038365965404208544e-05
1.424370322913865440e-08
1.038365965404208544e-05
