8.051182005798416478e-04
8.051182005798416478e-04
8.051182005798416478e-04
9.939730871356066986e-06
8.945757784220459440e-05
8.945757784220459440e-05
7.246063805218576348e-03
5.869311682227049687e-01
8.051182005798416478e-04
9.939730871356066986e-06
8.051182005798416478e-04
8.051182005798416478e-04
7.246063805218576348e-03
8.945757784220459440e-05
8.945757784220459440e-05
8.945757784220459440e-05
8.945757784220459440e-05
8.945757784220459440e-05
7.246063805218576348e-03
7.246063805218576348e-03
7.246063805218576348e-03
1.227127268068649579e-07
8.051182005798416478e-04
8.051182005798416478e-04
7.246063805218576348e-03
8.945757784220459440e-05
9.939730871356066986e-06
6.521457424696720795e-02
7.246063805218576348e-03
8.051182005798416478e-04
1.104414541261784727e-06
8.051182005798416478e-04
6.521457424696720795e-02
8.945757784220459440e-05
7.246063805218576348e-03
7.246063805218576348e-03
8.051182005798416478e-04
8.051182005798416478e-04
8.051182005798416478e-04
1.104414541261784727e-06
1.104414541261784727e-06
8.051182005798416478e-04
8.051182005798416478e-04
8.051182005798416478e-04
8.051182005798416478e-04
7.246063805218576348e-03
6.521457424696720795e-02
6.521457424696720795e-02
6.521457424696720795e-02
9.939730871356066986e-06
