2.764236249702364031e-04
2.764236249702364031e-04
3.412637345311558618e-06
3.412637345311558618e-06
2.764236249702364031e-04
3.791819272568399112e-07
2.764236249702364031e-04
4.213132525075997102e-08
4.681258361195550773e-09
3.412637345311558618e-06
3.412637345311558618e-06
2.764236249702364031e-04
3.412637345311558618e-06
2.764236249702364031e-04
3.412637345311558618e-06
2.764236249702364031e-04
3.791819272568399112e-07
2.764236249702364031e-04
2.764236249702364031e-04
2.487812624732128712e-03
2.764236249702364031e-04
2.764236249702364031e-04
2.764236249702364031e-04
3.071373610780404027e-05
3.412637345311558618e-06
2.764236249702364031e-04
3.791819272568399112e-07
2.764236249702364031e-04
2.764236249702364031e-04
3.071373610780404027e-05
2.239031362258915928e-02
2.487812624732128712e-03
4.213132525075997102e-08
2.764236249702364031e-04
3.791819272568399112e-07
2.764236249702364031e-04
3.412637345311558618e-06
2.764236249702364031e-04
3.071373610780404027e-05
3.412637345311558618e-06
3.071373610780404027e-05
3.412637345311558618e-06
2.764236249702364031e-04
2.764236249702364031e-04
4.681258361195550773e-09
3.071373610780404027e-05
3.071373610780404027e-05
3.071373610780404027e-05
2.487812624732128712e-03
3.071373610780404027e-05
3.071373610780404027e-05
3.791819272568399112e-07
3.071373610780404027e-05
2.487812624732128712e-03
3.791819272568399112e-07
2.764236249702364031e-04
3.791819272568399112e-07
2.764236249702364031e-04
3.412637345311558618e-06
3.791819272568399112e-07
2.764236249702364031e-04
3.412637345311558618e-06
3.071373610780404027e-05
3.412637345311558618e-06
3.071373610780404027e-05
3.791819272568399112e-07
3.071373610780404027e-05
3.071373610780404027e-05
3.412637345311558618e-06
3.071373610780404027e-05
3.071373610780404027e-05
3.412637345311558618e-06
3.071373610780404027e-05
3.412637345311558618e-06
3.412637345311558618e-06
3.071373610780404027e-05
3.071373610780404027e-05
2.239031362258915928e-02
2.764236249702364031e-04
2.764236249702364031e-04
3.071373610780404027e-05
2.239031362258915928e-02
3.412637345311558618e-06
2.764236249702364031e-04
3.071373610780404027e-05
4.213132525075997102e-08
2.487812624732128712e-03
3.071373610780404027e-05
3.412637345311558618e-06
4.213132525075997102e-08
3.412637345311558618e-06
3.071373610780404027e-05
3.071373610780404027e-05
2.487812624732128712e-03
3.071373610780404027e-05
3.071373610780404027e-05
3.071373610780404027e-05
3.071373610780404027e-05
2.764236249702364031e-04
2.764236249702364031e-04
3.071373610780404027e-05
2.764236249702364031e-04
3.071373610780404027e-05
3.791819272568399112e-07
2.764236249702364031e-04
3.071373610780404027e-05
3.412637345311558618e-06
3.791819272568399112e-07
3.791819272568399112e-07
3.412637345311558618e-06
3.071373610780404027e-05
2.487812624732128712e-03
2.764236249702364031e-04
3.791819272568399112e-07
4.213132525075997102e-08
2.487812624732128712e-03
3.791819272568399112e-07
3.071373610780404027e-05
2.764236249702364031e-04
3.071373610780404027e-05
2.764236249702364031e-04
3.412637345311558618e-06
2.487812624732128712e-03
3.071373610780404027e-05
3.071373610780404027e-05
4.681258361195550773e-09
3.071373610780404027e-05
3.071373610780404027e-05
2.487812624732128712e-03
3.071373610780404027e-05
3.791819272568399112e-07
3.412637345311558618e-06
4.213132525075997102e-08
2.764236249702364031e-04
2.487812624732128712e-03
3.412637345311558618e-06
2.487812624732128712e-03
2.487812624732128712e-03
3.412637345311558618e-06
4.213132525075997102e-08
2.239031362258915928e-02
3.791819272568399112e-07
4.213132525075997102e-08
3.412637345311558618e-06
3.071373610780404027e-05
2.487812624732128712e-03
3.412637345311558618e-06
2.764236249702364031e-04
2.487812624732128712e-03
4.213132525075997102e-08
4.213132525075997102e-08
3.071373610780404027e-05
2.764236249702364031e-04
2.487812624732128712e-03
2.239031362258915928e-02
2.487812624732128712e-03
3.071373610780404027e-05
2.487812624732128712e-03
2.764236249702364031e-04
2.487812624732128712e-03
3.412637345311558618e-06
3.071373610780404027e-05
2.487812624732128712e-03
2.487812624732128712e-03
3.071373610780404027e-05
2.487812624732128712e-03
2.487812624732128712e-03
4.213132525075997102e-08
2.764236249702364031e-04
2.487812624732128712e-03
3.791819272568399112e-07
3.412637345311558618e-06
3.412637345311558618e-06
3.791819272568399112e-07
3.412637345311558618e-06
3.791819272568399112e-07
3.791819272568399112e-07
3.412637345311558618e-06
3.071373610780404027e-05
3.071373610780404027e-05
3.071373610780404027e-05
3.791819272568399112e-07
2.487812624732128712e-03
3.412637345311558618e-06
3.071373610780404027e-05
3.791819272568399112e-07
3.791819272568399112e-07
3.071373610780404027e-05
4.213132525075997102e-08
3.412637345311558618e-06
2.487812624732128712e-03
4.213132525075997102e-08
2.764236249702364031e-04
3.412637345311558618e-06
3.071373610780404027e-05
3.071373610780404027e-05
4.213132525075997102e-08
2.487812624732128712e-03
4.213132525075997102e-08
2.487812624732128712e-03
3.071373610780404027e-05
2.764236249702364031e-04
3.412637345311558618e-06
3.071373610780404027e-05
3.791819272568399112e-07
3.791819272568399112e-07
3.071373610780404027e-05
2.487812624732128712e-03
3.071373610780404027e-05
2.487812624732128712e-03
2.487812624732128712e-03
3.791819272568399112e-07
2.015128226033024994e-01
2.764236249702364031e-04
3.791819272568399112e-07
3.412637345311558618e-06
3.791819272568399112e-07
2.487812624732128712e-03
2.764236249702364031e-04
2.487812624732128712e-03
2.487812624732128712e-03
2.239031362258915928e-02
3.791819272568399112e-07
3.791819272568399112e-07
3.791819272568399112e-07
2.764236249702364031e-04
3.071373610780404027e-05
3.071373610780404027e-05
3.071373610780404027e-05
4.213132525075997102e-08
2.487812624732128712e-03
2.239031362258915928e-02
3.071373610780404027e-05
2.487812624732128712e-03
2.764236249702364031e-04
2.764236249702364031e-04
2.764236249702364031e-04
2.487812624732128712e-03
2.764236249702364031e-04
3.071373610780404027e-05
3.071373610780404027e-05
3.071373610780404027e-05
3.412637345311558618e-06
3.412637345311558618e-06
2.764236249702364031e-04
3.412637345311558618e-06
3.412637345311558618e-06
2.764236249702364031e-04
2.764236249702364031e-04
2.015128226033024994e-01
3.412637345311558618e-06
3.412637345311558618e-06
2.487812624732128712e-03
2.764236249702364031e-04
3.412637345311558618e-06
4.213132525075997102e-08
2.764236249702364031e-04
2.764236249702364031e-04
4.213132525075997102e-08
2.764236249702364031e-04
3.791819272568399112e-07
3.412637345311558618e-06
4.213132525075997102e-08
3.791819272568399112e-07
2.764236249702364031e-04
3.791819272568399112e-07
3.071373610780404027e-05
3.412637345311558618e-06
2.764236249702364031e-04
3.791819272568399112e-07
2.239031362258915928e-02
3.791819272568399112e-07
3.412637345311558618e-06
3.412637345311558618e-06
3.412637345311558618e-06
3.791819272568399112e-07
3.791819272568399112e-07
3.412637345311558618e-06
2.487812624732128712e-03
4.213132525075997102e-08
3.412637345311558618e-06
4.213132525075997102e-08
3.412637345311558618e-06
3.412637345311558618e-06
3.071373610780404027e-05
3.071373610780404027e-05
2.487812624732128712e-03
3.412637345311558618e-06
2.764236249702364031e-04
2.487812624732128712e-03
2.487812624732128712e-03
2.764236249702364031e-04
3.071373610780404027e-05
4.681258361195550773e-09
3.791819272568399112e-07
2.487812624732128712e-03
2.487812624732128712e-03
2.487812624732128712e-03
2.487812624732128712e-03
3.071373610780404027e-05
3.412637345311558618e-06
3.412637345311558618e-06
2.487812624732128712e-03
3.412637345311558618e-06
3.071373610780404027e-05
3.071373610780404027e-05
3.412637345311558618e-06
2.764236249702364031e-04
3.412637345311558618e-06
3.071373610780404027e-05
3.791819272568399112e-07
3.412637345311558618e-06
3.412637345311558618e-06
3.412637345311558618e-06
3.412637345311558618e-06
2.764236249702364031e-04
3.412637345311558618e-06
3.412637345311558618e-06
2.487812624732128712e-03
4.213132525075997102e-08
2.487812624732128712e-03
3.071373610780404027e-05
2.764236249702364031e-04
2.239031362258915928e-02
3.071373610780404027e-05
3.412637345311558618e-06
3.791819272568399112e-07
3.412637345311558618e-06
3.791819272568399112e-07
2.487812624732128712e-03
3.071373610780404027e-05
2.764236249702364031e-04
3.412637345311558618e-06
3.071373610780404027e-05
3.071373610780404027e-05
2.487812624732128712e-03
2.764236249702364031e-04
3.791819272568399112e-07
3.791819272568399112e-07
2.487812624732128712e-03
2.764236249702364031e-04
2.764236249702364031e-04
2.487812624732128712e-03
3.071373610780404027e-05
3.071373610780404027e-05
2.015128226033024994e-01
2.764236249702364031e-04
3.071373610780404027e-05
3.071373610780404027e-05
2.239031362258915928e-02
3.071373610780404027e-05
2.764236249702364031e-04
3.412637345311558618e-06
3.412637345311558618e-06
3.412637345311558618e-06
3.071373610780404027e-05
2.487812624732128712e-03
3.791819272568399112e-07
2.487812624732128712e-03
2.764236249702364031e-04
3.412637345311558618e-06
2.764236249702364031e-04
3.071373610780404027e-05
3.412637345311558618e-06
3.071373610780404027e-05
3.412637345311558618e-06
3.071373610780404027e-05
2.764236249702364031e-04
3.071373610780404027e-05
2.764236249702364031e-04
3.071373610780404027e-05
3.412637345311558618e-06
3.071373610780404027e-05
3.412637345311558618e-06
2.764236249702364031e-04
2.764236249702364031e-04
3.071373610780404027e-05
3.071373610780404027e-05
3.071373610780404027e-05
2.764236249702364031e-04
2.764236249702364031e-04
3.412637345311558618e-06
3.071373610780404027e-05
3.412637345311558618e-06
3.412637345311558618e-06
3.071373610780404027e-05
3.412637345311558618e-06
3.071373610780404027e-05
3.071373610780404027e-05
3.412637345311558618e-06
3.071373610780404027e-05
2.487812624732128712e-03
3.791819272568399112e-07
2.764236249702364031e-04
2.487812624732128712e-03
2.764236249702364031e-04
2.487812624732128712e-03
2.764236249702364031e-04
2.487812624732128712e-03
3.791819272568399112e-07
