2.636024886620553389e-06
1.921662142346385093e-03
2.372422397958498600e-05
2.372422397958498600e-05
2.372422397958498600e-05
1.729495928111746822e-02
2.372422397958498600e-05
2.372422397958498600e-05
2.636024886620553389e-06
2.372422397958498600e-05
2.636024886620553389e-06
2.372422397958498600e-05
2.372422397958498600e-05
2.135180158162649350e-04
2.135180158162649350e-04
1.921662142346385093e-03
2.636024886620553389e-06
2.372422397958498600e-05
2.135180158162649350e-04
2.636024886620553389e-06
2.928916540689503765e-07
2.372422397958498600e-05
2.372422397958498600e-05
2.636024886620553389e-06
2.636024886620553389e-06
2.636024886620553389e-06
2.372422397958498600e-05
2.636024886620553389e-06
2.372422397958498600e-05
1.729495928111746822e-02
1.921662142346385093e-03
2.372422397958498600e-05
2.135180158162649350e-04
2.636024886620553389e-06
2.636024886620553389e-06
2.135180158162649350e-04
2.636024886620553389e-06
1.921662142346385093e-03
2.928916540689503765e-07
2.928916540689503765e-07
2.135180158162649350e-04
2.636024886620553389e-06
2.372422397958498600e-05
2.636024886620553389e-06
2.636024886620553389e-06
2.135180158162649350e-04
2.135180158162649350e-04
2.135180158162649350e-04
2.372422397958498600e-05
2.928916540689503765e-07
2.928916540689503765e-07
2.135180158162649350e-04
2.636024886620553389e-06
2.372422397958498600e-05
2.636024886620553389e-06
2.372422397958498600e-05
2.135180158162649350e-04
2.928916540689503765e-07
2.636024886620553389e-06
2.636024886620553389e-06
1.921662142346385093e-03
2.135180158162649350e-04
1.921662142346385093e-03
2.372422397958498600e-05
2.928916540689503765e-07
2.636024886620553389e-06
3.254351711877225523e-08
2.636024886620553389e-06
2.636024886620553389e-06
1.921662142346385093e-03
2.928916540689503765e-07
2.372422397958498600e-05
1.921662142346385093e-03
1.921662142346385093e-03
2.636024886620553389e-06
2.928916540689503765e-07
2.928916540689503765e-07
2.372422397958498600e-05
2.636024886620553389e-06
2.135180158162649350e-04
1.921662142346385093e-03
3.254351711877225523e-08
2.636024886620553389e-06
2.928916540689503765e-07
2.135180158162649350e-04
2.372422397958498600e-05
1.921662142346385093e-03
2.636024886620553389e-06
2.135180158162649350e-04
2.372422397958498600e-05
2.928916540689503765e-07
2.636024886620553389e-06
1.729495928111746822e-02
2.928916540689503765e-07
1.921662142346385093e-03
2.372422397958498600e-05
2.135180158162649350e-04
1.556546335300572625e-01
2.135180158162649350e-04
2.636024886620553389e-06
2.135180158162649350e-04
2.928916540689503765e-07
2.372422397958498600e-05
2.372422397958498600e-05
1.921662142346385093e-03
3.254351711877225523e-08
2.372422397958498600e-05
2.135180158162649350e-04
1.729495928111746822e-02
3.254351711877225523e-08
2.372422397958498600e-05
2.372422397958498600e-05
3.254351711877225523e-08
2.636024886620553389e-06
2.928916540689503765e-07
2.135180158162649350e-04
2.636024886620553389e-06
2.636024886620553389e-06
2.135180158162649350e-04
2.372422397958498600e-05
1.921662142346385093e-03
1.921662142346385093e-03
2.135180158162649350e-04
2.636024886620553389e-06
1.729495928111746822e-02
2.135180158162649350e-04
2.928916540689503765e-07
2.636024886620553389e-06
1.921662142346385093e-03
2.372422397958498600e-05
2.928916540689503765e-07
2.372422397958498600e-05
1.921662142346385093e-03
2.135180158162649350e-04
2.636024886620553389e-06
2.372422397958498600e-05
3.254351711877225523e-08
3.254351711877225523e-08
2.135180158162649350e-04
2.636024886620553389e-06
2.135180158162649350e-04
2.135180158162649350e-04
2.372422397958498600e-05
2.135180158162649350e-04
3.615946346530249249e-09
2.372422397958498600e-05
2.135180158162649350e-04
2.372422397958498600e-05
2.135180158162649350e-04
2.928916540689503765e-07
2.928916540689503765e-07
1.921662142346385093e-03
2.928916540689503765e-07
1.921662142346385093e-03
2.928916540689503765e-07
2.928916540689503765e-07
1.556546335300572625e-01
2.135180158162649350e-04
2.135180158162649350e-04
2.636024886620553389e-06
2.372422397958498600e-05
1.921662142346385093e-03
3.254351711877225523e-08
2.636024886620553389e-06
2.372422397958498600e-05
2.372422397958498600e-05
2.135180158162649350e-04
2.636024886620553389e-06
2.636024886620553389e-06
2.372422397958498600e-05
2.372422397958498600e-05
2.135180158162649350e-04
2.135180158162649350e-04
2.372422397958498600e-05
2.636024886620553389e-06
2.636024886620553389e-06
2.135180158162649350e-04
2.928916540689503765e-07
3.254351711877225523e-08
2.135180158162649350e-04
2.372422397958498600e-05
2.135180158162649350e-04
2.372422397958498600e-05
2.928916540689503765e-07
2.636024886620553389e-06
1.921662142346385093e-03
2.135180158162649350e-04
1.921662142346385093e-03
2.636024886620553389e-06
2.135180158162649350e-04
2.135180158162649350e-04
2.636024886620553389e-06
2.135180158162649350e-04
2.135180158162649350e-04
2.135180158162649350e-04
2.372422397958498600e-05
2.372422397958498600e-05
2.135180158162649350e-04
2.135180158162649350e-04
2.135180158162649350e-04
2.372422397958498600e-05
1.729495928111746822e-02
2.135180158162649350e-04
2.135180158162649350e-04
2.928916540689503765e-07
2.636024886620553389e-06
1.921662142346385093e-03
2.636024886620553389e-06
1.921662142346385093e-03
2.636024886620553389e-06
2.135180158162649350e-04
1.729495928111746822e-02
2.928916540689503765e-07
2.135180158162649350e-04
2.372422397958498600e-05
3.254351711877225523e-08
2.928916540689503765e-07
2.135180158162649350e-04
1.921662142346385093e-03
1.921662142346385093e-03
2.636024886620553389e-06
2.372422397958498600e-05
2.135180158162649350e-04
2.372422397958498600e-05
2.372422397958498600e-05
1.921662142346385093e-03
2.135180158162649350e-04
1.921662142346385093e-03
2.928916540689503765e-07
2.135180158162649350e-04
2.636024886620553389e-06
2.636024886620553389e-06
2.636024886620553389e-06
2.928916540689503765e-07
2.636024886620553389e-06
1.729495928111746822e-02
2.636024886620553389e-06
2.636024886620553389e-06
1.556546335300572625e-01
2.135180158162649350e-04
2.135180158162649350e-04
1.729495928111746822e-02
2.135180158162649350e-04
2.636024886620553389e-06
2.372422397958498600e-05
2.135180158162649350e-04
1.921662142346385093e-03
2.135180158162649350e-04
1.729495928111746822e-02
2.135180158162649350e-04
2.372422397958498600e-05
1.729495928111746822e-02
2.636024886620553389e-06
2.372422397958498600e-05
1.729495928111746822e-02
2.928916540689503765e-07
2.135180158162649350e-04
2.636024886620553389e-06
2.636024886620553389e-06
2.636024886620553389e-06
2.636024886620553389e-06
1.921662142346385093e-03
2.372422397958498600e-05
2.636024886620553389e-06
3.615946346530249249e-09
3.254351711877225523e-08
2.372422397958498600e-05
2.372422397958498600e-05
2.928916540689503765e-07
2.372422397958498600e-05
2.135180158162649350e-04
3.254351711877225523e-08
2.372422397958498600e-05
2.636024886620553389e-06
2.135180158162649350e-04
2.636024886620553389e-06
1.921662142346385093e-03
2.928916540689503765e-07
1.921662142346385093e-03
2.135180158162649350e-04
2.636024886620553389e-06
2.135180158162649350e-04
1.921662142346385093e-03
2.928916540689503765e-07
2.135180158162649350e-04
2.636024886620553389e-06
2.372422397958498600e-05
2.636024886620553389e-06
2.372422397958498600e-05
2.372422397958498600e-05
2.135180158162649350e-04
1.921662142346385093e-03
3.254351711877225523e-08
2.636024886620553389e-06
1.921662142346385093e-03
2.372422397958498600e-05
2.636024886620553389e-06
2.372422397958498600e-05
2.372422397958498600e-05
2.135180158162649350e-04
2.372422397958498600e-05
2.636024886620553389e-06
2.135180158162649350e-04
1.921662142346385093e-03
2.928916540689503765e-07
2.135180158162649350e-04
2.636024886620553389e-06
1.921662142346385093e-03
2.135180158162649350e-04
2.372422397958498600e-05
2.636024886620553389e-06
2.135180158162649350e-04
2.636024886620553389e-06
2.135180158162649350e-04
2.135180158162649350e-04
1.921662142346385093e-03
2.636024886620553389e-06
2.372422397958498600e-05
2.636024886620553389e-06
2.372422397958498600e-05
2.135180158162649350e-04
2.372422397958498600e-05
2.135180158162649350e-04
2.135180158162649350e-04
2.636024886620553389e-06
2.372422397958498600e-05
2.372422397958498600e-05
2.928916540689503765e-07
1.921662142346385093e-03
2.135180158162649350e-04
2.928916540689503765e-07
2.636024886620553389e-06
2.372422397958498600e-05
2.135180158162649350e-04
2.135180158162649350e-04
2.135180158162649350e-04
2.636024886620553389e-06
1.921662142346385093e-03
2.135180158162649350e-04
2.372422397958498600e-05
2.372422397958498600e-05
1.921662142346385093e-03
2.372422397958498600e-05
2.636024886620553389e-06
2.636024886620553389e-06
1.921662142346385093e-03
2.372422397958498600e-05
2.928916540689503765e-07
1.921662142346385093e-03
1.921662142346385093e-03
2.636024886620553389e-06
2.928916540689503765e-07
2.372422397958498600e-05
2.135180158162649350e-04
2.928916540689503765e-07
3.254351711877225523e-08
2.372422397958498600e-05
2.372422397958498600e-05
1.921662142346385093e-03
1.556546335300572625e-01
2.372422397958498600e-05
2.372422397958498600e-05
2.372422397958498600e-05
1.921662142346385093e-03
2.135180158162649350e-04
2.928916540689503765e-07
2.372422397958498600e-05
2.928916540689503765e-07
2.636024886620553389e-06
3.254351711877225523e-08
2.135180158162649350e-04
2.372422397958498600e-05
2.135180158162649350e-04
2.636024886620553389e-06
2.135180158162649350e-04
2.135180158162649350e-04
1.921662142346385093e-03
1.921662142346385093e-03
2.372422397958498600e-05
2.135180158162649350e-04
2.372422397958498600e-05
1.921662142346385093e-03
2.636024886620553389e-06
2.928916540689503765e-07
3.254351711877225523e-08
2.928916540689503765e-07
2.372422397958498600e-05
2.928916540689503765e-07
1.729495928111746822e-02
2.372422397958498600e-05
2.372422397958498600e-05
2.636024886620553389e-06
2.372422397958498600e-05
2.636024886620553389e-06
2.372422397958498600e-05
2.135180158162649350e-04
1.729495928111746822e-02
1.921662142346385093e-03
2.372422397958498600e-05
1.729495928111746822e-02
