1.038474534460248660e-04
1.153860593844720469e-05
8.411643729128018276e-03
1.153860593844720469e-05
1.153860593844720469e-05
1.153860593844720469e-05
1.153860593844720469e-05
1.153860593844720469e-05
1.038474534460248660e-04
1.038474534460248660e-04
1.038474534460248660e-04
1.282067326494133431e-06
9.346270810142241325e-04
9.346270810142241325e-04
1.038474534460248660e-04
1.038474534460248660e-04
1.153860593844720469e-05
1.038474534460248660e-04
1.153860593844720469e-05
9.346270810142241325e-04
1.282067326494133431e-06
1.038474534460248660e-04
8.411643729128018276e-03
1.282067326494133431e-06
1.153860593844720469e-05
1.153860593844720469e-05
1.153860593844720469e-05
1.282067326494133431e-06
9.346270810142241325e-04
8.411643729128018276e-03
1.153860593844720469e-05
1.153860593844720469e-05
1.424519251660148345e-07
9.346270810142241325e-04
9.346270810142241325e-04
1.038474534460248660e-04
9.346270810142241325e-04
1.038474534460248660e-04
8.411643729128018276e-03
1.153860593844720469e-05
1.153860593844720469e-05
9.346270810142241325e-04
1.153860593844720469e-05
1.153860593844720469e-05
1.282067326494133431e-06
1.038474534460248660e-04
1.424519251660148345e-07
1.153860593844720469e-05
1.038474534460248660e-04
1.153860593844720469e-05
1.282067326494133431e-06
1.153860593844720469e-05
1.424519251660148345e-07
1.424519251660148345e-07
1.038474534460248660e-04
1.424519251660148345e-07
1.153860593844720469e-05
1.424519251660148345e-07
1.153860593844720469e-05
1.424519251660148345e-07
1.282067326494133431e-06
1.282067326494133431e-06
1.282067326494133431e-06
1.282067326494133431e-06
1.758665742790305338e-09
8.411643729128018276e-03
1.153860593844720469e-05
1.038474534460248660e-04
1.038474534460248660e-04
1.038474534460248660e-04
1.424519251660148345e-07
9.346270810142241325e-04
1.282067326494133431e-06
8.411643729128018276e-03
1.038474534460248660e-04
1.038474534460248660e-04
1.153860593844720469e-05
1.038474534460248660e-04
1.424519251660148345e-07
1.282067326494133431e-06
1.153860593844720469e-05
1.282067326494133431e-06
1.582799168511275425e-08
8.411643729128018276e-03
1.153860593844720469e-05
9.346270810142241325e-04
7.570479356215217837e-02
1.038474534460248660e-04
1.424519251660148345e-07
1.038474534460248660e-04
1.282067326494133431e-06
1.282067326494133431e-06
1.153860593844720469e-05
1.282067326494133431e-06
1.424519251660148345e-07
1.038474534460248660e-04
1.153860593844720469e-05
1.153860593844720469e-05
1.153860593844720469e-05
9.346270810142241325e-04
1.038474534460248660e-04
9.346270810142241325e-04
1.038474534460248660e-04
1.582799168511275425e-08
8.411643729128018276e-03
1.153860593844720469e-05
1.038474534460248660e-04
9.346270810142241325e-04
1.153860593844720469e-05
9.346270810142241325e-04
1.758665742790305338e-09
8.411643729128018276e-03
1.153860593844720469e-05
1.582799168511275425e-08
1.038474534460248660e-04
1.282067326494133431e-06
1.153860593844720469e-05
1.282067326494133431e-06
1.153860593844720469e-05
1.282067326494133431e-06
1.282067326494133431e-06
1.153860593844720469e-05
1.582799168511275425e-08
1.038474534460248660e-04
1.153860593844720469e-05
1.582799168511275425e-08
1.282067326494133431e-06
1.153860593844720469e-05
9.346270810142241325e-04
1.153860593844720469e-05
1.424519251660148345e-07
1.153860593844720469e-05
1.424519251660148345e-07
1.424519251660148345e-07
1.153860593844720469e-05
1.153860593844720469e-05
1.038474534460248660e-04
1.153860593844720469e-05
1.038474534460248660e-04
9.346270810142241325e-04
1.282067326494133431e-06
9.346270810142241325e-04
1.038474534460248660e-04
1.282067326494133431e-06
1.153860593844720469e-05
1.424519251660148345e-07
1.153860593844720469e-05
1.424519251660148345e-07
1.282067326494133431e-06
9.346270810142241325e-04
1.153860593844720469e-05
1.038474534460248660e-04
1.153860593844720469e-05
1.282067326494133431e-06
1.282067326494133431e-06
1.282067326494133431e-06
1.582799168511275425e-08
9.346270810142241325e-04
1.282067326494133431e-06
1.038474534460248660e-04
1.038474534460248660e-04
8.411643729128018276e-03
1.282067326494133431e-06
1.153860593844720469e-05
1.424519251660148345e-07
1.038474534460248660e-04
1.153860593844720469e-05
9.346270810142241325e-04
1.282067326494133431e-06
9.346270810142241325e-04
1.038474534460248660e-04
1.153860593844720469e-05
1.282067326494133431e-06
1.424519251660148345e-07
1.153860593844720469e-05
9.346270810142241325e-04
1.282067326494133431e-06
1.153860593844720469e-05
1.153860593844720469e-05
1.282067326494133431e-06
1.282067326494133431e-06
1.038474534460248660e-04
9.346270810142241325e-04
1.038474534460248660e-04
1.282067326494133431e-06
1.282067326494133431e-06
1.153860593844720469e-05
9.346270810142241325e-04
1.038474534460248660e-04
1.038474534460248660e-04
1.424519251660148345e-07
1.424519251660148345e-07
1.153860593844720469e-05
1.282067326494133431e-06
1.153860593844720469e-05
1.153860593844720469e-05
1.038474534460248660e-04
1.038474534460248660e-04
1.038474534460248660e-04
1.282067326494133431e-06
1.424519251660148345e-07
9.346270810142241325e-04
1.153860593844720469e-05
1.282067326494133431e-06
1.424519251660148345e-07
1.153860593844720469e-05
1.582799168511275425e-08
1.153860593844720469e-05
8.411643729128018276e-03
9.346270810142241325e-04
1.282067326494133431e-06
1.038474534460248660e-04
1.424519251660148345e-07
1.038474534460248660e-04
9.346270810142241325e-04
1.153860593844720469e-05
1.153860593844720469e-05
1.153860593844720469e-05
9.346270810142241325e-04
1.582799168511275425e-08
1.282067326494133431e-06
1.282067326494133431e-06
1.153860593844720469e-05
1.153860593844720469e-05
1.153860593844720469e-05
1.038474534460248660e-04
9.346270810142241325e-04
1.153860593844720469e-05
8.411643729128018276e-03
1.424519251660148345e-07
1.282067326494133431e-06
1.758665742790305338e-09
1.153860593844720469e-05
9.346270810142241325e-04
1.424519251660148345e-07
1.038474534460248660e-04
1.282067326494133431e-06
9.346270810142241325e-04
1.424519251660148345e-07
1.153860593844720469e-05
1.424519251660148345e-07
8.411643729128018276e-03
1.038474534460248660e-04
1.038474534460248660e-04
1.282067326494133431e-06
1.282067326494133431e-06
1.153860593844720469e-05
1.582799168511275425e-08
1.153860593844720469e-05
1.038474534460248660e-04
1.282067326494133431e-06
1.038474534460248660e-04
1.038474534460248660e-04
9.346270810142241325e-04
1.038474534460248660e-04
1.038474534460248660e-04
1.282067326494133431e-06
1.038474534460248660e-04
1.038474534460248660e-04
1.424519251660148345e-07
1.582799168511275425e-08
1.424519251660148345e-07
1.038474534460248660e-04
9.346270810142241325e-04
1.424519251660148345e-07
1.282067326494133431e-06
9.346270810142241325e-04
1.038474534460248660e-04
1.153860593844720469e-05
9.346270810142241325e-04
1.282067326494133431e-06
1.038474534460248660e-04
1.038474534460248660e-04
1.282067326494133431e-06
1.153860593844720469e-05
1.424519251660148345e-07
1.282067326494133431e-06
1.282067326494133431e-06
1.153860593844720469e-05
1.153860593844720469e-05
1.424519251660148345e-07
1.424519251660148345e-07
1.153860593844720469e-05
9.346270810142241325e-04
1.424519251660148345e-07
1.038474534460248660e-04
8.411643729128018276e-03
1.038474534460248660e-04
1.424519251660148345e-07
6.813431420593698551e-01
1.282067326494133431e-06
1.153860593844720469e-05
1.424519251660148345e-07
1.153860593844720469e-05
1.153860593844720469e-05
7.570479356215217837e-02
1.424519251660148345e-07
8.411643729128018276e-03
1.038474534460248660e-04
1.282067326494133431e-06
