7.092613064866560256e-04
1.081026225402614669e-07
1.081026225402614669e-07
8.756312425761181067e-06
6.383351758379905531e-03
9.729236028623531225e-07
7.880681183185064994e-05
9.729236028623531225e-07
7.880681183185064994e-05
6.383351758379905531e-03
7.092613064866560256e-04
6.383351758379905531e-03
9.729236028623531225e-07
9.729236028623531225e-07
7.880681183185064994e-05
1.081026225402614669e-07
7.092613064866560256e-04
9.729236028623531225e-07
7.092613064866560256e-04
7.092613064866560256e-04
7.880681183185064994e-05
1.081026225402614669e-07
7.880681183185064994e-05
7.092613064866560256e-04
7.092613064866560256e-04
9.729236028623531225e-07
8.756312425761181067e-06
1.081026225402614669e-07
9.729236028623531225e-07
7.092613064866560256e-04
7.880681183185064994e-05
9.729236028623531225e-07
7.880681183185064994e-05
1.201140250447349209e-08
6.383351758379905531e-03
7.092613064866560256e-04
8.756312425761181067e-06
7.880681183185064994e-05
8.756312425761181067e-06
7.880681183185064994e-05
7.880681183185064994e-05
9.729236028623531225e-07
8.756312425761181067e-06
7.880681183185064994e-05
8.756312425761181067e-06
9.729236028623531225e-07
7.880681183185064994e-05
6.383351758379905531e-03
8.756312425761181067e-06
8.756312425761181067e-06
8.756312425761181067e-06
9.729236028623531225e-07
9.729236028623531225e-07
7.880681183185064994e-05
8.756312425761181067e-06
7.092613064866560256e-04
7.092613064866560256e-04
1.081026225402614669e-07
7.880681183185064994e-05
9.729236028623531225e-07
5.745016582541916800e-02
9.729236028623531225e-07
7.880681183185064994e-05
9.729236028623531225e-07
7.880681183185064994e-05
1.081026225402614669e-07
9.729236028623531225e-07
9.729236028623531225e-07
8.756312425761181067e-06
1.081026225402614669e-07
7.092613064866560256e-04
8.756312425761181067e-06
7.092613064866560256e-04
1.081026225402614669e-07
8.756312425761181067e-06
9.729236028623531225e-07
8.756312425761181067e-06
9.729236028623531225e-07
8.756312425761181067e-06
9.729236028623531225e-07
8.756312425761181067e-06
8.756312425761181067e-06
7.880681183185064994e-05
7.880681183185064994e-05
6.383351758379905531e-03
9.729236028623531225e-07
7.092613064866560256e-04
8.756312425761181067e-06
1.081026225402614669e-07
8.756312425761181067e-06
7.092613064866560256e-04
5.745016582541916800e-02
8.756312425761181067e-06
8.756312425761181067e-06
7.092613064866560256e-04
7.092613064866560256e-04
9.729236028623531225e-07
8.756312425761181067e-06
9.729236028623531225e-07
7.880681183185064994e-05
7.880681183185064994e-05
7.092613064866560256e-04
7.880681183185064994e-05
9.729236028623531225e-07
9.729236028623531225e-07
7.092613064866560256e-04
1.081026225402614669e-07
8.756312425761181067e-06
1.081026225402614669e-07
7.092613064866560256e-04
7.880681183185064994e-05
9.729236028623531225e-07
1.081026225402614669e-07
7.880681183185064994e-05
8.756312425761181067e-06
7.880681183185064994e-05
8.756312425761181067e-06
8.756312425761181067e-06
8.756312425761181067e-06
8.756312425761181067e-06
9.729236028623531225e-07
7.092613064866560256e-04
8.756312425761181067e-06
9.729236028623531225e-07
7.092613064866560256e-04
8.756312425761181067e-06
7.880681183185064994e-05
1.081026225402614669e-07
7.880681183185064994e-05
7.092613064866560256e-04
8.756312425761181067e-06
8.756312425761181067e-06
8.756312425761181067e-06
9.729236028623531225e-07
9.729236028623531225e-07
7.092613064866560256e-04
1.201140250447349209e-08
1.201140250447349209e-08
7.092613064866560256e-04
8.756312425761181067e-06
6.383351758379905531e-03
7.092613064866560256e-04
7.880681183185064994e-05
7.092613064866560256e-04
7.880681183185064994e-05
1.081026225402614669e-07
7.880681183185064994e-05
9.729236028623531225e-07
7.092613064866560256e-04
7.880681183185064994e-05
9.729236028623531225e-07
7.880681183185064994e-05
1.201140250447349209e-08
7.880681183185064994e-05
9.729236028623531225e-07
1.081026225402614669e-07
9.729236028623531225e-07
6.383351758379905531e-03
1.081026225402614669e-07
9.729236028623531225e-07
9.729236028623531225e-07
1.081026225402614669e-07
8.756312425761181067e-06
8.756312425761181067e-06
7.880681183185064994e-05
8.756312425761181067e-06
7.880681183185064994e-05
9.729236028623531225e-07
7.880681183185064994e-05
9.729236028623531225e-07
9.729236028623531225e-07
9.729236028623531225e-07
1.081026225402614669e-07
8.756312425761181067e-06
1.081026225402614669e-07
8.756312425761181067e-06
7.092613064866560256e-04
1.081026225402614669e-07
7.880681183185064994e-05
7.092613064866560256e-04
8.756312425761181067e-06
7.880681183185064994e-05
1.081026225402614669e-07
7.880681183185064994e-05
7.092613064866560256e-04
7.880681183185064994e-05
7.880681183185064994e-05
9.729236028623531225e-07
9.729236028623531225e-07
8.756312425761181067e-06
7.092613064866560256e-04
8.756312425761181067e-06
8.756312425761181067e-06
7.092613064866560256e-04
1.081026225402614669e-07
7.880681183185064994e-05
7.092613064866560256e-04
7.880681183185064994e-05
7.092613064866560256e-04
7.880681183185064994e-05
9.729236028623531225e-07
8.756312425761181067e-06
8.756312425761181067e-06
9.729236028623531225e-07
8.756312425761181067e-06
1.334600278274832041e-09
9.729236028623531225e-07
7.092613064866560256e-04
9.729236028623531225e-07
7.880681183185064994e-05
7.880681183185064994e-05
7.092613064866560256e-04
6.383351758379905531e-03
9.729236028623531225e-07
7.880681183185064994e-05
1.081026225402614669e-07
7.092613064866560256e-04
7.880681183185064994e-05
8.756312425761181067e-06
9.729236028623531225e-07
7.092613064866560256e-04
8.756312425761181067e-06
7.092613064866560256e-04
9.729236028623531225e-07
7.092613064866560256e-04
8.756312425761181067e-06
7.092613064866560256e-04
8.756312425761181067e-06
5.745016582541916800e-02
1.201140250447349209e-08
8.756312425761181067e-06
8.756312425761181067e-06
1.201140250447349209e-08
6.383351758379905531e-03
8.756312425761181067e-06
7.092613064866560256e-04
1.081026225402614669e-07
7.880681183185064994e-05
9.729236028623531225e-07
8.756312425761181067e-06
9.729236028623531225e-07
9.729236028623531225e-07
1.081026225402614669e-07
8.756312425761181067e-06
8.756312425761181067e-06
8.756312425761181067e-06
1.081026225402614669e-07
9.729236028623531225e-07
5.745016582541916800e-02
9.729236028623531225e-07
9.729236028623531225e-07
7.880681183185064994e-05
1.081026225402614669e-07
8.756312425761181067e-06
8.756312425761181067e-06
1.081026225402614669e-07
1.334600278274832041e-09
1.081026225402614669e-07
8.756312425761181067e-06
7.092613064866560256e-04
7.092613064866560256e-04
8.756312425761181067e-06
9.729236028623531225e-07
7.880681183185064994e-05
9.729236028623531225e-07
1.081026225402614669e-07
8.756312425761181067e-06
5.745016582541916800e-02
7.092613064866560256e-04
8.756312425761181067e-06
6.383351758379905531e-03
9.729236028623531225e-07
1.081026225402614669e-07
1.081026225402614669e-07
9.729236028623531225e-07
9.729236028623531225e-07
9.729236028623531225e-07
7.880681183185064994e-05
1.201140250447349209e-08
8.756312425761181067e-06
1.201140250447349209e-08
7.092613064866560256e-04
9.729236028623531225e-07
7.092613064866560256e-04
9.729236028623531225e-07
8.756312425761181067e-06
1.081026225402614669e-07
6.383351758379905531e-03
7.880681183185064994e-05
7.880681183185064994e-05
8.756312425761181067e-06
9.729236028623531225e-07
7.880681183185064994e-05
1.081026225402614669e-07
8.756312425761181067e-06
1.201140250447349209e-08
9.729236028623531225e-07
7.880681183185064994e-05
9.729236028623531225e-07
7.880681183185064994e-05
7.880681183185064994e-05
7.880681183185064994e-05
7.092613064866560256e-04
9.729236028623531225e-07
8.756312425761181067e-06
9.729236028623531225e-07
8.756312425761181067e-06
8.756312425761181067e-06
1.201140250447349209e-08
8.756312425761181067e-06
8.756312425761181067e-06
8.756312425761181067e-06
7.880681183185064994e-05
8.756312425761181067e-06
1.081026225402614669e-07
9.729236028623531225e-07
8.756312425761181067e-06
8.756312425761181067e-06
7.092613064866560256e-04
9.729236028623531225e-07
8.756312425761181067e-06
8.756312425761181067e-06
8.756312425761181067e-06
1.334600278274832041e-09
7.880681183185064994e-05
8.756312425761181067e-06
7.880681183185064994e-05
9.729236028623531225e-07
9.729236028623531225e-07
8.756312425761181067e-06
1.081026225402614669e-07
7.092613064866560256e-04
9.729236028623531225e-07
7.880681183185064994e-05
1.081026225402614669e-07
7.880681183185064994e-05
1.201140250447349209e-08
1.201140250447349209e-08
9.729236028623531225e-07
9.729236028623531225e-07
1.201140250447349209e-08
8.756312425761181067e-06
1.081026225402614669e-07
8.756312425761181067e-06
1.081026225402614669e-07
7.880681183185064994e-05
8.756312425761181067e-06
1.201140250447349209e-08
1.334600278274832041e-09
8.756312425761181067e-06
7.880681183185064994e-05
9.729236028623531225e-07
7.092613064866560256e-04
8.756312425761181067e-06
7.880681183185064994e-05
9.729236028623531225e-07
7.092613064866560256e-04
7.092613064866560256e-04
1.081026225402614669e-07
1.081026225402614669e-07
8.756312425761181067e-06
9.729236028623531225e-07
9.729236028623531225e-07
8.756312425761181067e-06
7.880681183185064994e-05
8.756312425761181067e-06
6.383351758379905531e-03
7.092613064866560256e-04
7.880681183185064994e-05
7.092613064866560256e-04
1.201140250447349209e-08
8.756312425761181067e-06
6.383351758379905531e-03
9.729236028623531225e-07
7.880681183185064994e-05
8.756312425761181067e-06
9.729236028623531225e-07
6.383351758379905531e-03
8.756312425761181067e-06
8.756312425761181067e-06
1.081026225402614669e-07
1.201140250447349209e-08
8.756312425761181067e-06
9.729236028623531225e-07
9.729236028623531225e-07
8.756312425761181067e-06
1.081026225402614669e-07
8.756312425761181067e-06
9.729236028623531225e-07
7.880681183185064994e-05
8.756312425761181067e-06
1.201140250447349209e-08
7.880681183185064994e-05
7.880681183185064994e-05
8.756312425761181067e-06
8.756312425761181067e-06
8.756312425761181067e-06
8.756312425761181067e-06
6.383351758379905531e-03
8.756312425761181067e-06
8.756312425761181067e-06
8.756312425761181067e-06
8.756312425761181067e-06
7.880681183185064994e-05
8.756312425761181067e-06
8.756312425761181067e-06
7.880681183185064994e-05
9.729236028623531225e-07
9.729236028623531225e-07
8.756312425761181067e-06
7.880681183185064994e-05
6.383351758379905531e-03
9.729236028623531225e-07
1.201140250447349209e-08
8.756312425761181067e-06
9.729236028623531225e-07
5.170514924287726855e-01
6.383351758379905531e-03
6.383351758379905531e-03
7.092613064866560256e-04
1.081026225402614669e-07
8.756312425761181067e-06
8.756312425761181067e-06
7.880681183185064994e-05
7.092613064866560256e-04
7.880681183185064994e-05
1.201140250447349209e-08
8.756312425761181067e-06
7.880681183185064994e-05
7.880681183185064994e-05
9.729236028623531225e-07
1.081026225402614669e-07
7.880681183185064994e-05
7.880681183185064994e-05
8.756312425761181067e-06
6.383351758379905531e-03
1.081026225402614669e-07
1.201140250447349209e-08
7.880681183185064994e-05
8.756312425761181067e-06
8.756312425761181067e-06
7.880681183185064994e-05
7.880681183185064994e-05
7.880681183185064994e-05
8.756312425761181067e-06
9.729236028623531225e-07
8.756312425761181067e-06
9.729236028623531225e-07
6.383351758379905531e-03
9.729236028623531225e-07
8.756312425761181067e-06
9.729236028623531225e-07
1.081026225402614669e-07
9.729236028623531225e-07
9.729236028623531225e-07
9.729236028623531225e-07
7.092613064866560256e-04
8.756312425761181067e-06
7.880681183185064994e-05
7.880681183185064994e-05
7.880681183185064994e-05
9.729236028623531225e-07
9.729236028623531225e-07
7.092613064866560256e-04
7.880681183185064994e-05
7.880681183185064994e-05
7.880681183185064994e-05
7.880681183185064994e-05
8.756312425761181067e-06
7.880681183185064994e-05
7.880681183185064994e-05
8.756312425761181067e-06
7.092613064866560256e-04
1.081026225402614669e-07
9.729236028623531225e-07
1.201140250447349209e-08
7.880681183185064994e-05
9.729236028623531225e-07
8.756312425761181067e-06
7.880681183185064994e-05
1.081026225402614669e-07
9.729236028623531225e-07
7.880681183185064994e-05
9.729236028623531225e-07
7.880681183185064994e-05
8.756312425761181067e-06
9.729236028623531225e-07
7.880681183185064994e-05
6.383351758379905531e-03
7.880681183185064994e-05
7.092613064866560256e-04
7.092613064866560256e-04
7.880681183185064994e-05
1.081026225402614669e-07
7.092613064866560256e-04
9.729236028623531225e-07
8.756312425761181067e-06
7.092613064866560256e-04
9.729236028623531225e-07
8.756312425761181067e-06
