4.999830654857664175e-02
4.999830654857664175e-02
6.172630438095878498e-04
5.555367394286291408e-03
7.620531405056638156e-06
6.858478264550974001e-05
5.555367394286291408e-03
6.858478264550974001e-05
6.172630438095878498e-04
7.620531405056638156e-06
6.858478264550974001e-05
6.858478264550974001e-05
4.999830654857664175e-02
4.999830654857664175e-02
6.172630438095878498e-04
5.555367394286291408e-03
6.172630438095878498e-04
6.858478264550974001e-05
4.999830654857664175e-02
6.172630438095878498e-04
5.555367394286291408e-03
6.172630438095878498e-04
6.172630438095878498e-04
7.620531405056638156e-06
6.858478264550974001e-05
6.172630438095878498e-04
5.555367394286291408e-03
6.172630438095878498e-04
5.555367394286291408e-03
6.858478264550974001e-05
5.555367394286291408e-03
6.858478264550974001e-05
6.858478264550974001e-05
6.858478264550974001e-05
5.555367394286291408e-03
7.620531405056638156e-06
6.172630438095878498e-04
8.467257116729594892e-07
6.858478264550974001e-05
5.555367394286291408e-03
5.555367394286291408e-03
6.172630438095878498e-04
6.858478264550974001e-05
4.999830654857664175e-02
5.555367394286291408e-03
6.858478264550974001e-05
7.620531405056638156e-06
5.555367394286291408e-03
5.555367394286291408e-03
8.467257116729594892e-07
6.858478264550974001e-05
6.172630438095878498e-04
6.172630438095878498e-04
6.172630438095878498e-04
7.620531405056638156e-06
4.499847589371898660e-01
6.858478264550974001e-05
5.555367394286291408e-03
4.999830654857664175e-02
5.555367394286291408e-03
5.555367394286291408e-03
7.620531405056638156e-06
5.555367394286291408e-03
6.172630438095878498e-04
6.172630438095878498e-04
6.858478264550974001e-05
5.555367394286291408e-03
6.172630438095878498e-04
6.858478264550974001e-05
5.555367394286291408e-03
5.555367394286291408e-03
5.555367394286291408e-03
6.858478264550974001e-05
7.620531405056638156e-06
6.858478264550974001e-05
6.172630438095878498e-04
5.555367394286291408e-03
6.858478264550974001e-05
6.858478264550974001e-05
6.858478264550974001e-05
7.620531405056638156e-06
7.620531405056638156e-06
6.858478264550974001e-05
6.172630438095878498e-04
6.858478264550974001e-05
6.172630438095878498e-04
6.172630438095878498e-04
6.172630438095878498e-04
6.172630438095878498e-04
8.467257116729594892e-07
7.620531405056638156e-06
6.172630438095878498e-04
7.620531405056638156e-06
5.555367394286291408e-03
6.858478264550974001e-05
6.858478264550974001e-05
5.555367394286291408e-03
8.467257116729594892e-07
4.999830654857664175e-02
7.620531405056638156e-06
