1.392324841672652920e-04
1.547027601858502868e-05
1.547027601858502868e-05
1.015004809579364703e-01
1.392324841672652920e-04
1.547027601858502868e-05
1.127783121754849516e-02
1.253092357505388062e-03
1.718919557620558860e-06
1.015004809579364703e-01
1.547027601858502868e-05
1.718919557620558860e-06
1.718919557620558860e-06
1.547027601858502868e-05
1.127783121754849516e-02
1.547027601858502868e-05
1.253092357505388062e-03
1.547027601858502868e-05
1.253092357505388062e-03
1.253092357505388062e-03
1.547027601858502868e-05
1.392324841672652920e-04
1.253092357505388062e-03
1.547027601858502868e-05
1.127783121754849516e-02
1.718919557620558860e-06
1.392324841672652920e-04
1.253092357505388062e-03
1.253092357505388062e-03
1.392324841672652920e-04
1.253092357505388062e-03
1.547027601858502868e-05
1.253092357505388062e-03
1.392324841672652920e-04
1.253092357505388062e-03
1.392324841672652920e-04
1.392324841672652920e-04
1.392324841672652920e-04
1.718919557620558860e-06
1.253092357505388062e-03
1.253092357505388062e-03
1.253092357505388062e-03
1.253092357505388062e-03
1.392324841672652920e-04
1.547027601858502868e-05
1.718919557620558860e-06
1.909910619578397880e-07
1.253092357505388062e-03
1.392324841672652920e-04
1.547027601858502868e-05
1.718919557620558860e-06
1.718919557620558860e-06
1.547027601858502868e-05
1.718919557620558860e-06
1.392324841672652920e-04
1.127783121754849516e-02
1.392324841672652920e-04
1.253092357505388062e-03
1.392324841672652920e-04
1.392324841672652920e-04
1.718919557620558860e-06
1.015004809579364703e-01
1.718919557620558860e-06
1.127783121754849516e-02
1.127783121754849516e-02
1.718919557620558860e-06
1.718919557620558860e-06
1.547027601858502868e-05
1.253092357505388062e-03
1.392324841672652920e-04
1.392324841672652920e-04
1.547027601858502868e-05
1.909910619578397880e-07
1.253092357505388062e-03
1.547027601858502868e-05
1.392324841672652920e-04
1.547027601858502868e-05
1.547027601858502868e-05
1.392324841672652920e-04
1.718919557620558860e-06
1.253092357505388062e-03
1.253092357505388062e-03
1.253092357505388062e-03
1.547027601858502868e-05
1.547027601858502868e-05
1.909910619578397880e-07
1.253092357505388062e-03
1.547027601858502868e-05
1.547027601858502868e-05
1.547027601858502868e-05
1.015004809579364703e-01
1.392324841672652920e-04
1.392324841672652920e-04
1.127783121754849516e-02
1.547027601858502868e-05
1.392324841672652920e-04
1.547027601858502868e-05
1.392324841672652920e-04
1.253092357505388062e-03
1.718919557620558860e-06
1.392324841672652920e-04
1.015004809579364703e-01
1.718919557620558860e-06
1.547027601858502868e-05
1.909910619578397880e-07
1.547027601858502868e-05
1.718919557620558860e-06
1.392324841672652920e-04
1.547027601858502868e-05
1.392324841672652920e-04
1.718919557620558860e-06
1.547027601858502868e-05
1.547027601858502868e-05
1.392324841672652920e-04
1.253092357505388062e-03
1.253092357505388062e-03
1.547027601858502868e-05
1.015004809579364703e-01
1.127783121754849516e-02
1.547027601858502868e-05
1.718919557620558860e-06
1.127783121754849516e-02
1.253092357505388062e-03
1.253092357505388062e-03
1.127783121754849516e-02
1.547027601858502868e-05
1.392324841672652920e-04
1.392324841672652920e-04
1.547027601858502868e-05
1.547027601858502868e-05
1.015004809579364703e-01
1.127783121754849516e-02
1.127783121754849516e-02
1.547027601858502868e-05
1.392324841672652920e-04
1.392324841672652920e-04
1.392324841672652920e-04
1.253092357505388062e-03
1.547027601858502868e-05
1.547027601858502868e-05
1.392324841672652920e-04
1.392324841672652920e-04
1.392324841672652920e-04
1.253092357505388062e-03
1.718919557620558860e-06
1.547027601858502868e-05
1.547027601858502868e-05
1.392324841672652920e-04
1.392324841672652920e-04
1.547027601858502868e-05
1.547027601858502868e-05
1.392324841672652920e-04
1.127783121754849516e-02
1.392324841672652920e-04
1.718919557620558860e-06
1.127783121754849516e-02
1.718919557620558860e-06
1.547027601858502868e-05
1.909910619578397880e-07
1.127783121754849516e-02
1.392324841672652920e-04
1.547027601858502868e-05
1.392324841672652920e-04
2.122122910642663797e-08
1.253092357505388062e-03
1.127783121754849516e-02
1.547027601858502868e-05
1.127783121754849516e-02
1.547027601858502868e-05
1.127783121754849516e-02
1.718919557620558860e-06
1.547027601858502868e-05
1.909910619578397880e-07
1.253092357505388062e-03
1.547027601858502868e-05
1.253092357505388062e-03
1.909910619578397880e-07
1.718919557620558860e-06
1.392324841672652920e-04
1.718919557620558860e-06
1.547027601858502868e-05
1.547027601858502868e-05
1.253092357505388062e-03
1.253092357505388062e-03
1.392324841672652920e-04
1.253092357505388062e-03
1.718919557620558860e-06
1.392324841672652920e-04
1.127783121754849516e-02
1.392324841672652920e-04
1.547027601858502868e-05
1.547027601858502868e-05
1.127783121754849516e-02
1.392324841672652920e-04
1.127783121754849516e-02
1.392324841672652920e-04
1.547027601858502868e-05
1.392324841672652920e-04
1.718919557620558860e-06
1.253092357505388062e-03
