8.742593679207467938e-03
8.742593679207467938e-03
1.480565916308059356e-07
1.332509324677253341e-06
1.079332552988575733e-04
8.742593679207467938e-03
1.199258392209528367e-05
1.199258392209528367e-05
8.742593679207467938e-03
1.079332552988575733e-04
1.199258392209528367e-05
1.199258392209528367e-05
1.199258392209528367e-05
1.199258392209528367e-05
8.742593679207467938e-03
1.079332552988575733e-04
1.645073240342287364e-08
9.713992976897185393e-04
1.480565916308059356e-07
1.079332552988575733e-04
1.079332552988575733e-04
1.332509324677253341e-06
1.480565916308059356e-07
1.332509324677253341e-06
1.079332552988575733e-04
1.645073240342287364e-08
1.332509324677253341e-06
1.199258392209528367e-05
1.199258392209528367e-05
1.332509324677253341e-06
1.199258392209528367e-05
1.079332552988575733e-04
1.480565916308059356e-07
1.079332552988575733e-04
1.332509324677253341e-06
1.645073240342287364e-08
1.332509324677253341e-06
1.332509324677253341e-06
9.713992976897185393e-04
1.480565916308059356e-07
1.480565916308059356e-07
1.199258392209528367e-05
1.199258392209528367e-05
1.332509324677253341e-06
1.332509324677253341e-06
1.332509324677253341e-06
1.645073240342287364e-08
1.332509324677253341e-06
1.332509324677253341e-06
1.480565916308059356e-07
1.480565916308059356e-07
1.199258392209528367e-05
1.645073240342287364e-08
1.645073240342287364e-08
7.868334311286723226e-02
1.199258392209528367e-05
1.332509324677253341e-06
1.645073240342287364e-08
9.713992976897185393e-04
1.332509324677253341e-06
9.713992976897185393e-04
1.199258392209528367e-05
1.199258392209528367e-05
1.079332552988575733e-04
1.199258392209528367e-05
1.079332552988575733e-04
1.199258392209528367e-05
1.079332552988575733e-04
1.332509324677253341e-06
1.079332552988575733e-04
1.332509324677253341e-06
1.332509324677253341e-06
1.332509324677253341e-06
1.079332552988575733e-04
1.079332552988575733e-04
1.645073240342287364e-08
1.332509324677253341e-06
1.079332552988575733e-04
1.199258392209528367e-05
1.199258392209528367e-05
1.199258392209528367e-05
1.199258392209528367e-05
8.742593679207467938e-03
1.332509324677253341e-06
9.713992976897185393e-04
8.742593679207467938e-03
1.079332552988575733e-04
1.332509324677253341e-06
1.199258392209528367e-05
1.480565916308059356e-07
1.199258392209528367e-05
1.079332552988575733e-04
1.332509324677253341e-06
1.079332552988575733e-04
9.713992976897185393e-04
1.480565916308059356e-07
1.332509324677253341e-06
1.079332552988575733e-04
1.199258392209528367e-05
9.713992976897185393e-04
1.480565916308059356e-07
9.713992976897185393e-04
1.199258392209528367e-05
1.199258392209528367e-05
1.079332552988575733e-04
1.332509324677253341e-06
1.332509324677253341e-06
1.079332552988575733e-04
1.332509324677253341e-06
1.480565916308059356e-07
1.332509324677253341e-06
1.645073240342287364e-08
1.480565916308059356e-07
1.332509324677253341e-06
1.199258392209528367e-05
1.199258392209528367e-05
1.199258392209528367e-05
1.332509324677253341e-06
9.713992976897185393e-04
1.199258392209528367e-05
1.079332552988575733e-04
1.480565916308059356e-07
1.199258392209528367e-05
1.199258392209528367e-05
1.332509324677253341e-06
9.713992976897185393e-04
1.332509324677253341e-06
1.079332552988575733e-04
1.199258392209528367e-05
1.332509324677253341e-06
1.332509324677253341e-06
1.480565916308059356e-07
1.199258392209528367e-05
9.713992976897185393e-04
1.332509324677253341e-06
1.079332552988575733e-04
1.480565916308059356e-07
1.199258392209528367e-05
1.332509324677253341e-06
9.713992976897185393e-04
9.713992976897185393e-04
1.332509324677253341e-06
1.079332552988575733e-04
1.199258392209528367e-05
1.199258392209528367e-05
1.332509324677253341e-06
1.199258392209528367e-05
1.332509324677253341e-06
7.081500880158053679e-01
1.199258392209528367e-05
1.332509324677253341e-06
1.332509324677253341e-06
8.742593679207467938e-03
1.079332552988575733e-04
1.079332552988575733e-04
1.199258392209528367e-05
1.199258392209528367e-05
1.645073240342287364e-08
8.742593679207467938e-03
1.480565916308059356e-07
1.079332552988575733e-04
8.742593679207467938e-03
1.199258392209528367e-05
1.480565916308059356e-07
7.868334311286723226e-02
1.480565916308059356e-07
1.332509324677253341e-06
1.079332552988575733e-04
1.199258392209528367e-05
1.332509324677253341e-06
1.827859155935874412e-09
1.332509324677253341e-06
1.332509324677253341e-06
1.332509324677253341e-06
8.742593679207467938e-03
1.079332552988575733e-04
1.079332552988575733e-04
1.332509324677253341e-06
8.742593679207467938e-03
1.480565916308059356e-07
1.079332552988575733e-04
1.480565916308059356e-07
1.199258392209528367e-05
8.742593679207467938e-03
1.480565916308059356e-07
1.079332552988575733e-04
1.332509324677253341e-06
1.480565916308059356e-07
9.713992976897185393e-04
1.079332552988575733e-04
1.199258392209528367e-05
1.199258392209528367e-05
9.713992976897185393e-04
9.713992976897185393e-04
9.713992976897185393e-04
1.199258392209528367e-05
1.199258392209528367e-05
1.332509324677253341e-06
1.480565916308059356e-07
1.332509324677253341e-06
