5.186235987380832570e-06
5.186235987380832570e-06
4.667612388642750922e-05
5.186235987380832570e-06
5.186235987380832570e-06
3.780766034800630334e-03
5.186235987380832570e-06
6.402760478247939059e-08
5.186235987380832570e-06
3.780766034800630334e-03
3.402689431320567864e-02
5.186235987380832570e-06
5.762484430423147535e-07
4.200851149778476643e-04
3.780766034800630334e-03
5.762484430423147535e-07
5.762484430423147535e-07
4.667612388642750922e-05
4.200851149778476643e-04
4.667612388642750922e-05
5.762484430423147535e-07
3.780766034800630334e-03
5.186235987380832570e-06
4.200851149778476643e-04
5.186235987380832570e-06
3.780766034800630334e-03
5.186235987380832570e-06
4.200851149778476643e-04
4.667612388642750922e-05
5.186235987380832570e-06
4.667612388642750922e-05
5.186235987380832570e-06
4.200851149778476643e-04
4.667612388642750922e-05
3.780766034800630334e-03
4.667612388642750922e-05
4.667612388642750922e-05
4.200851149778476643e-04
4.200851149778476643e-04
4.667612388642750922e-05
3.780766034800630334e-03
4.200851149778476643e-04
4.200851149778476643e-04
5.186235987380832570e-06
4.200851149778476643e-04
4.200851149778476643e-04
4.200851149778476643e-04
5.186235987380832570e-06
7.904642565738192794e-10
5.186235987380832570e-06
4.667612388642750922e-05
3.780766034800630334e-03
4.667612388642750922e-05
4.667612388642750922e-05
4.667612388642750922e-05
4.667612388642750922e-05
4.200851149778476643e-04
4.200851149778476643e-04
4.667612388642750922e-05
5.186235987380832570e-06
4.667612388642750922e-05
5.186235987380832570e-06
4.667612388642750922e-05
4.667612388642750922e-05
3.780766034800630334e-03
4.200851149778476643e-04
5.762484430423147535e-07
4.667612388642750922e-05
4.200851149778476643e-04
3.780766034800630334e-03
4.200851149778476643e-04
7.114178309164375169e-09
4.667612388642750922e-05
4.667612388642750922e-05
4.667612388642750922e-05
4.667612388642750922e-05
5.762484430423147535e-07
3.780766034800630334e-03
4.667612388642750922e-05
5.186235987380832570e-06
3.780766034800630334e-03
4.667612388642750922e-05
4.667612388642750922e-05
5.186235987380832570e-06
5.186235987380832570e-06
3.402689431320567864e-02
3.402689431320567864e-02
4.200851149778476643e-04
4.667612388642750922e-05
4.200851149778476643e-04
4.667612388642750922e-05
5.762484430423147535e-07
4.667612388642750922e-05
4.667612388642750922e-05
4.667612388642750922e-05
6.402760478247939059e-08
3.780766034800630334e-03
3.780766034800630334e-03
5.186235987380832570e-06
3.402689431320567864e-02
4.667612388642750922e-05
4.200851149778476643e-04
6.402760478247939059e-08
3.780766034800630334e-03
5.186235987380832570e-06
4.667612388642750922e-05
4.200851149778476643e-04
5.186235987380832570e-06
4.200851149778476643e-04
4.667612388642750922e-05
5.186235987380832570e-06
4.667612388642750922e-05
5.762484430423147535e-07
4.200851149778476643e-04
4.667612388642750922e-05
3.062420488188511980e-01
4.667612388642750922e-05
5.186235987380832570e-06
3.780766034800630334e-03
4.667612388642750922e-05
4.200851149778476643e-04
4.200851149778476643e-04
5.186235987380832570e-06
6.402760478247939059e-08
5.186235987380832570e-06
4.200851149778476643e-04
6.402760478247939059e-08
5.186235987380832570e-06
5.762484430423147535e-07
4.667612388642750922e-05
4.200851149778476643e-04
4.667612388642750922e-05
5.762484430423147535e-07
4.200851149778476643e-04
4.200851149778476643e-04
4.200851149778476643e-04
4.667612388642750922e-05
5.186235987380832570e-06
4.667612388642750922e-05
3.780766034800630334e-03
4.667612388642750922e-05
3.780766034800630334e-03
3.780766034800630334e-03
4.667612388642750922e-05
5.186235987380832570e-06
4.667612388642750922e-05
5.186235987380832570e-06
3.780766034800630334e-03
5.186235987380832570e-06
5.762484430423147535e-07
4.200851149778476643e-04
5.186235987380832570e-06
5.186235987380832570e-06
4.667612388642750922e-05
5.186235987380832570e-06
4.200851149778476643e-04
5.762484430423147535e-07
5.186235987380832570e-06
6.402760478247939059e-08
5.186235987380832570e-06
4.200851149778476643e-04
5.186235987380832570e-06
3.780766034800630334e-03
5.186235987380832570e-06
4.667612388642750922e-05
5.186235987380832570e-06
3.780766034800630334e-03
5.186235987380832570e-06
4.667612388642750922e-05
5.186235987380832570e-06
4.667612388642750922e-05
4.200851149778476643e-04
6.402760478247939059e-08
5.762484430423147535e-07
4.667612388642750922e-05
5.762484430423147535e-07
4.200851149778476643e-04
5.186235987380832570e-06
5.762484430423147535e-07
4.667612388642750922e-05
4.200851149778476643e-04
3.780766034800630334e-03
4.667612388642750922e-05
4.200851149778476643e-04
6.402760478247939059e-08
5.186235987380832570e-06
5.186235987380832570e-06
4.200851149778476643e-04
4.667612388642750922e-05
5.186235987380832570e-06
4.200851149778476643e-04
7.114178309164375169e-09
4.200851149778476643e-04
7.114178309164375169e-09
5.762484430423147535e-07
6.402760478247939059e-08
4.667612388642750922e-05
5.186235987380832570e-06
5.762484430423147535e-07
4.200851149778476643e-04
5.762484430423147535e-07
4.667612388642750922e-05
5.186235987380832570e-06
5.762484430423147535e-07
4.667612388642750922e-05
4.200851149778476643e-04
3.402689431320567864e-02
6.402760478247939059e-08
6.402760478247939059e-08
4.667612388642750922e-05
4.200851149778476643e-04
5.186235987380832570e-06
3.780766034800630334e-03
5.762484430423147535e-07
4.667612388642750922e-05
4.667612388642750922e-05
3.780766034800630334e-03
4.200851149778476643e-04
5.186235987380832570e-06
4.667612388642750922e-05
5.762484430423147535e-07
4.667612388642750922e-05
4.200851149778476643e-04
4.667612388642750922e-05
5.186235987380832570e-06
3.780766034800630334e-03
5.186235987380832570e-06
4.667612388642750922e-05
4.200851149778476643e-04
5.186235987380832570e-06
4.200851149778476643e-04
3.780766034800630334e-03
5.186235987380832570e-06
4.200851149778476643e-04
5.762484430423147535e-07
5.762484430423147535e-07
4.667612388642750922e-05
4.200851149778476643e-04
4.667612388642750922e-05
5.186235987380832570e-06
5.186235987380832570e-06
5.762484430423147535e-07
5.762484430423147535e-07
4.667612388642750922e-05
4.667612388642750922e-05
4.667612388642750922e-05
4.667612388642750922e-05
6.402760478247939059e-08
5.186235987380832570e-06
7.114178309164375169e-09
4.200851149778476643e-04
6.402760478247939059e-08
5.762484430423147535e-07
5.762484430423147535e-07
5.186235987380832570e-06
5.186235987380832570e-06
4.667612388642750922e-05
4.667612388642750922e-05
4.200851149778476643e-04
5.186235987380832570e-06
4.667612388642750922e-05
3.402689431320567864e-02
3.780766034800630334e-03
4.667612388642750922e-05
3.780766034800630334e-03
5.186235987380832570e-06
5.186235987380832570e-06
3.780766034800630334e-03
5.762484430423147535e-07
5.762484430423147535e-07
5.186235987380832570e-06
4.200851149778476643e-04
4.200851149778476643e-04
4.667612388642750922e-05
5.762484430423147535e-07
4.667612388642750922e-05
5.762484430423147535e-07
5.186235987380832570e-06
5.186235987380832570e-06
3.402689431320567864e-02
5.762484430423147535e-07
5.762484430423147535e-07
4.200851149778476643e-04
4.667612388642750922e-05
6.402760478247939059e-08
3.780766034800630334e-03
5.186235987380832570e-06
4.200851149778476643e-04
5.762484430423147535e-07
5.186235987380832570e-06
5.762484430423147535e-07
3.062420488188511980e-01
5.186235987380832570e-06
3.780766034800630334e-03
4.667612388642750922e-05
4.200851149778476643e-04
4.200851149778476643e-04
5.186235987380832570e-06
4.200851149778476643e-04
5.186235987380832570e-06
