1.007048646751940792e-05
9.063437820767469161e-05
1.118942940835489486e-06
1.381411038068505073e-08
6.607246171339491159e-02
8.157094038690725904e-04
1.118942940835489486e-06
1.118942940835489486e-06
1.007048646751940792e-05
1.118942940835489486e-06
8.157094038690725904e-04
1.381411038068505073e-08
1.118942940835489486e-06
1.007048646751940792e-05
9.063437820767469161e-05
1.243269934261654897e-07
9.063437820767469161e-05
1.007048646751940792e-05
1.118942940835489486e-06
1.381411038068505073e-08
1.007048646751940792e-05
8.157094038690725904e-04
8.157094038690725904e-04
8.157094038690725904e-04
9.063437820767469161e-05
1.118942940835489486e-06
1.243269934261654897e-07
1.007048646751940792e-05
8.157094038690725904e-04
1.007048646751940792e-05
1.118942940835489486e-06
1.118942940835489486e-06
1.118942940835489486e-06
1.381411038068505073e-08
8.157094038690725904e-04
1.118942940835489486e-06
8.157094038690725904e-04
1.243269934261654897e-07
9.063437820767469161e-05
1.118942940835489486e-06
1.007048646751940792e-05
7.341384634821653855e-03
1.243269934261654897e-07
8.157094038690725904e-04
7.341384634821653855e-03
1.007048646751940792e-05
8.157094038690725904e-04
9.063437820767469161e-05
1.118942940835489486e-06
1.118942940835489486e-06
1.007048646751940792e-05
1.243269934261654897e-07
1.007048646751940792e-05
1.118942940835489486e-06
8.157094038690725904e-04
1.007048646751940792e-05
8.157094038690725904e-04
1.118942940835489486e-06
1.007048646751940792e-05
9.063437820767469161e-05
1.118942940835489486e-06
1.381411038068505073e-08
9.063437820767469161e-05
1.007048646751940792e-05
1.118942940835489486e-06
8.157094038690725904e-04
1.007048646751940792e-05
1.534901153409449576e-09
1.381411038068505073e-08
9.063437820767469161e-05
1.007048646751940792e-05
1.118942940835489486e-06
1.007048646751940792e-05
8.157094038690725904e-04
7.341384634821653855e-03
9.063437820767469161e-05
8.157094038690725904e-04
9.063437820767469161e-05
8.157094038690725904e-04
1.007048646751940792e-05
1.118942940835489486e-06
1.007048646751940792e-05
9.063437820767469161e-05
6.607246171339491159e-02
1.007048646751940792e-05
1.007048646751940792e-05
1.007048646751940792e-05
9.063437820767469161e-05
1.118942940835489486e-06
9.063437820767469161e-05
1.007048646751940792e-05
8.157094038690725904e-04
1.243269934261654897e-07
9.063437820767469161e-05
1.007048646751940792e-05
8.157094038690725904e-04
1.118942940835489486e-06
9.063437820767469161e-05
1.118942940835489486e-06
1.118942940835489486e-06
1.243269934261654897e-07
1.007048646751940792e-05
1.007048646751940792e-05
9.063437820767469161e-05
1.243269934261654897e-07
1.243269934261654897e-07
1.118942940835489486e-06
1.118942940835489486e-06
8.157094038690725904e-04
1.118942940835489486e-06
9.063437820767469161e-05
8.157094038690725904e-04
9.063437820767469161e-05
9.063437820767469161e-05
1.007048646751940792e-05
1.243269934261654897e-07
1.007048646751940792e-05
1.118942940835489486e-06
8.157094038690725904e-04
7.341384634821653855e-03
9.063437820767469161e-05
9.063437820767469161e-05
1.118942940835489486e-06
1.007048646751940792e-05
8.157094038690725904e-04
9.063437820767469161e-05
1.007048646751940792e-05
1.381411038068505073e-08
1.007048646751940792e-05
1.381411038068505073e-08
1.118942940835489486e-06
1.118942940835489486e-06
1.118942940835489486e-06
9.063437820767469161e-05
1.118942940835489486e-06
9.063437820767469161e-05
1.243269934261654897e-07
7.341384634821653855e-03
1.118942940835489486e-06
9.063437820767469161e-05
1.243269934261654897e-07
8.157094038690725904e-04
8.157094038690725904e-04
8.157094038690725904e-04
8.157094038690725904e-04
1.118942940835489486e-06
1.118942940835489486e-06
1.007048646751940792e-05
1.118942940835489486e-06
1.243269934261654897e-07
1.007048646751940792e-05
1.118942940835489486e-06
1.007048646751940792e-05
1.007048646751940792e-05
1.118942940835489486e-06
1.007048646751940792e-05
1.007048646751940792e-05
1.007048646751940792e-05
1.007048646751940792e-05
1.007048646751940792e-05
1.243269934261654897e-07
9.063437820767469161e-05
7.341384634821653855e-03
1.118942940835489486e-06
1.118942940835489486e-06
1.118942940835489486e-06
1.007048646751940792e-05
1.243269934261654897e-07
1.007048646751940792e-05
1.243269934261654897e-07
8.157094038690725904e-04
1.007048646751940792e-05
8.157094038690725904e-04
1.007048646751940792e-05
1.007048646751940792e-05
1.118942940835489486e-06
1.118942940835489486e-06
1.007048646751940792e-05
1.007048646751940792e-05
1.118942940835489486e-06
1.243269934261654897e-07
1.007048646751940792e-05
1.118942940835489486e-06
1.007048646751940792e-05
1.243269934261654897e-07
1.118942940835489486e-06
1.007048646751940792e-05
9.063437820767469161e-05
1.118942940835489486e-06
1.381411038068505073e-08
9.063437820767469161e-05
1.007048646751940792e-05
8.157094038690725904e-04
1.118942940835489486e-06
9.063437820767469161e-05
1.007048646751940792e-05
1.007048646751940792e-05
1.007048646751940792e-05
1.007048646751940792e-05
9.063437820767469161e-05
1.243269934261654897e-07
9.063437820767469161e-05
1.007048646751940792e-05
1.007048646751940792e-05
1.007048646751940792e-05
7.341384634821653855e-03
1.243269934261654897e-07
9.063437820767469161e-05
1.243269934261654897e-07
1.243269934261654897e-07
1.118942940835489486e-06
8.157094038690725904e-04
9.063437820767469161e-05
1.007048646751940792e-05
9.063437820767469161e-05
8.157094038690725904e-04
1.118942940835489486e-06
1.007048646751940792e-05
1.007048646751940792e-05
8.157094038690725904e-04
1.007048646751940792e-05
8.157094038690725904e-04
1.007048646751940792e-05
9.063437820767469161e-05
8.157094038690725904e-04
1.118942940835489486e-06
9.063437820767469161e-05
9.063437820767469161e-05
1.007048646751940792e-05
1.118942940835489486e-06
1.007048646751940792e-05
1.118942940835489486e-06
7.341384634821653855e-03
1.007048646751940792e-05
7.341384634821653855e-03
1.118942940835489486e-06
1.118942940835489486e-06
1.118942940835489486e-06
9.063437820767469161e-05
1.007048646751940792e-05
1.243269934261654897e-07
7.341384634821653855e-03
1.243269934261654897e-07
1.007048646751940792e-05
9.063437820767469161e-05
1.118942940835489486e-06
1.243269934261654897e-07
8.157094038690725904e-04
1.118942940835489486e-06
1.381411038068505073e-08
1.118942940835489486e-06
8.157094038690725904e-04
9.063437820767469161e-05
9.063437820767469161e-05
9.063437820767469161e-05
1.007048646751940792e-05
1.118942940835489486e-06
6.607246171339491159e-02
9.063437820767469161e-05
8.157094038690725904e-04
1.118942940835489486e-06
1.007048646751940792e-05
8.157094038690725904e-04
9.063437820767469161e-05
1.118942940835489486e-06
9.063437820767469161e-05
8.157094038690725904e-04
1.534901153409449576e-09
1.007048646751940792e-05
1.118942940835489486e-06
1.118942940835489486e-06
9.063437820767469161e-05
9.063437820767469161e-05
1.118942940835489486e-06
1.007048646751940792e-05
1.007048646751940792e-05
1.007048646751940792e-05
9.063437820767469161e-05
1.007048646751940792e-05
9.063437820767469161e-05
1.118942940835489486e-06
1.243269934261654897e-07
9.063437820767469161e-05
1.007048646751940792e-05
1.007048646751940792e-05
1.381411038068505073e-08
1.007048646751940792e-05
8.157094038690725904e-04
9.063437820767469161e-05
1.243269934261654897e-07
9.063437820767469161e-05
1.007048646751940792e-05
1.007048646751940792e-05
1.243269934261654897e-07
1.007048646751940792e-05
9.063437820767469161e-05
1.118942940835489486e-06
1.118942940835489486e-06
8.157094038690725904e-04
1.243269934261654897e-07
9.063437820767469161e-05
5.946521554205542737e-01
1.007048646751940792e-05
9.063437820767469161e-05
1.118942940835489486e-06
9.063437820767469161e-05
1.118942940835489486e-06
1.007048646751940792e-05
1.243269934261654897e-07
1.007048646751940792e-05
9.063437820767469161e-05
9.063437820767469161e-05
8.157094038690725904e-04
8.157094038690725904e-04
9.063437820767469161e-05
1.118942940835489486e-06
1.007048646751940792e-05
9.063437820767469161e-05
1.381411038068505073e-08
1.243269934261654897e-07
1.381411038068505073e-08
1.243269934261654897e-07
1.007048646751940792e-05
9.063437820767469161e-05
1.118942940835489486e-06
8.157094038690725904e-04
1.007048646751940792e-05
9.063437820767469161e-05
9.063437820767469161e-05
7.341384634821653855e-03
1.243269934261654897e-07
1.007048646751940792e-05
9.063437820767469161e-05
1.118942940835489486e-06
1.118942940835489486e-06
8.157094038690725904e-04
8.157094038690725904e-04
1.118942940835489486e-06
9.063437820767469161e-05
1.243269934261654897e-07
1.118942940835489486e-06
1.007048646751940792e-05
1.118942940835489486e-06
7.341384634821653855e-03
1.243269934261654897e-07
1.243269934261654897e-07
1.118942940835489486e-06
1.118942940835489486e-06
9.063437820767469161e-05
1.007048646751940792e-05
1.007048646751940792e-05
9.063437820767469161e-05
9.063437820767469161e-05
1.007048646751940792e-05
6.607246171339491159e-02
8.157094038690725904e-04
8.157094038690725904e-04
1.118942940835489486e-06
8.157094038690725904e-04
9.063437820767469161e-05
1.007048646751940792e-05
1.118942940835489486e-06
9.063437820767469161e-05
1.381411038068505073e-08
1.118942940835489486e-06
1.007048646751940792e-05
1.243269934261654897e-07
9.063437820767469161e-05
1.007048646751940792e-05
9.063437820767469161e-05
1.118942940835489486e-06
8.157094038690725904e-04
1.243269934261654897e-07
9.063437820767469161e-05
1.118942940835489486e-06
1.118942940835489486e-06
1.118942940835489486e-06
1.118942940835489486e-06
1.118942940835489486e-06
9.063437820767469161e-05
1.118942940835489486e-06
1.007048646751940792e-05
1.118942940835489486e-06
8.157094038690725904e-04
1.118942940835489486e-06
1.007048646751940792e-05
9.063437820767469161e-05
1.007048646751940792e-05
1.118942940835489486e-06
1.007048646751940792e-05
1.243269934261654897e-07
9.063437820767469161e-05
8.157094038690725904e-04
8.157094038690725904e-04
8.157094038690725904e-04
1.118942940835489486e-06
1.243269934261654897e-07
1.118942940835489486e-06
8.157094038690725904e-04
1.007048646751940792e-05
