6.565039731548403070e-05
4.307322567868911989e-01
6.565039731548403070e-05
5.908535758393564661e-04
5.317682182554210255e-03
6.565039731548403070e-05
7.294488590609334862e-06
8.104987322899261076e-07
4.785913964298789403e-02
7.294488590609334862e-06
5.317682182554210255e-03
7.294488590609334862e-06
5.317682182554210255e-03
8.104987322899261076e-07
7.294488590609334862e-06
6.565039731548403070e-05
4.307322567868911989e-01
5.317682182554210255e-03
7.294488590609334862e-06
7.294488590609334862e-06
7.294488590609334862e-06
5.317682182554210255e-03
6.565039731548403070e-05
8.104987322899261076e-07
8.104987322899261076e-07
5.908535758393564661e-04
7.294488590609334862e-06
5.908535758393564661e-04
5.908535758393564661e-04
7.294488590609334862e-06
6.565039731548403070e-05
4.785913964298789403e-02
9.005541469888065215e-08
7.294488590609334862e-06
6.565039731548403070e-05
6.565039731548403070e-05
6.565039731548403070e-05
6.565039731548403070e-05
5.908535758393564661e-04
5.317682182554210255e-03
5.317682182554210255e-03
8.104987322899261076e-07
5.908535758393564661e-04
5.908535758393564661e-04
8.104987322899261076e-07
6.565039731548403070e-05
6.565039731548403070e-05
8.104987322899261076e-07
5.908535758393564661e-04
9.005541469888065215e-08
