5.573277235023305446e-06
3.656627193898794731e-02
3.656627193898794731e-02
6.880589179041116626e-08
3.656627193898794731e-02
5.573277235023305446e-06
5.015949511520976850e-05
4.062919104331993471e-03
5.573277235023305446e-06
6.192530261137006287e-07
4.062919104331993471e-03
4.062919104331993471e-03
5.573277235023305446e-06
4.514354560368880249e-04
5.015949511520976850e-05
5.015949511520976850e-05
4.062919104331993471e-03
4.514354560368880249e-04
5.015949511520976850e-05
5.573277235023305446e-06
4.062919104331993471e-03
4.514354560368880249e-04
4.514354560368880249e-04
5.015949511520976850e-05
6.192530261137006287e-07
4.514354560368880249e-04
5.015949511520976850e-05
3.656627193898794731e-02
5.573277235023305446e-06
6.880589179041116626e-08
5.015949511520976850e-05
4.062919104331993471e-03
6.192530261137006287e-07
5.573277235023305446e-06
5.015949511520976850e-05
5.573277235023305446e-06
5.573277235023305446e-06
4.062919104331993471e-03
4.514354560368880249e-04
5.015949511520976850e-05
5.573277235023305446e-06
6.192530261137006287e-07
4.514354560368880249e-04
4.514354560368880249e-04
4.062919104331993471e-03
3.656627193898794731e-02
4.514354560368880249e-04
4.062919104331993471e-03
5.573277235023305446e-06
5.015949511520976850e-05
6.192530261137006287e-07
6.192530261137006287e-07
3.656627193898794731e-02
5.015949511520976850e-05
4.514354560368880249e-04
5.015949511520976850e-05
5.573277235023305446e-06
4.062919104331993471e-03
4.062919104331993471e-03
4.514354560368880249e-04
6.192530261137006287e-07
4.514354560368880249e-04
5.015949511520976850e-05
6.192530261137006287e-07
5.015949511520976850e-05
6.192530261137006287e-07
5.573277235023305446e-06
4.514354560368880249e-04
6.192530261137006287e-07
3.656627193898794731e-02
5.573277235023305446e-06
6.880589179041116626e-08
4.514354560368880249e-04
5.573277235023305446e-06
5.015949511520976850e-05
6.192530261137006287e-07
6.880589179041116626e-08
5.573277235023305446e-06
5.015949511520976850e-05
5.015949511520976850e-05
5.015949511520976850e-05
5.573277235023305446e-06
6.192530261137006287e-07
4.514354560368880249e-04
4.514354560368880249e-04
5.573277235023305446e-06
5.573277235023305446e-06
5.573277235023305446e-06
4.514354560368880249e-04
4.062919104331993471e-03
4.062919104331993471e-03
5.573277235023305446e-06
6.192530261137006287e-07
5.573277235023305446e-06
5.573277235023305446e-06
4.514354560368880249e-04
5.573277235023305446e-06
5.015949511520976850e-05
6.192530261137006287e-07
4.514354560368880249e-04
6.192530261137006287e-07
4.514354560368880249e-04
5.573277235023305446e-06
5.015949511520976850e-05
5.015949511520976850e-05
5.573277235023305446e-06
5.015949511520976850e-05
4.062919104331993471e-03
3.656627193898794731e-02
4.514354560368880249e-04
5.015949511520976850e-05
7.645099087823459793e-09
6.192530261137006287e-07
4.514354560368880249e-04
4.062919104331993471e-03
4.514354560368880249e-04
5.015949511520976850e-05
4.514354560368880249e-04
4.514354560368880249e-04
6.192530261137006287e-07
4.514354560368880249e-04
5.015949511520976850e-05
5.015949511520976850e-05
4.062919104331993471e-03
5.573277235023305446e-06
6.192530261137006287e-07
5.573277235023305446e-06
5.015949511520976850e-05
5.573277235023305446e-06
6.192530261137006287e-07
5.573277235023305446e-06
3.656627193898794731e-02
5.015949511520976850e-05
5.015949511520976850e-05
5.573277235023305446e-06
4.514354560368880249e-04
5.015949511520976850e-05
6.192530261137006287e-07
4.514354560368880249e-04
5.573277235023305446e-06
5.573277235023305446e-06
5.573277235023305446e-06
3.656627193898794731e-02
4.062919104331993471e-03
5.573277235023305446e-06
5.015949511520976850e-05
5.573277235023305446e-06
5.573277235023305446e-06
5.573277235023305446e-06
5.015949511520976850e-05
4.514354560368880249e-04
4.062919104331993471e-03
4.062919104331993471e-03
5.573277235023305446e-06
5.015949511520976850e-05
4.514354560368880249e-04
5.573277235023305446e-06
3.656627193898794731e-02
4.514354560368880249e-04
6.880589179041116626e-08
5.015949511520976850e-05
5.573277235023305446e-06
4.514354560368880249e-04
5.015949511520976850e-05
4.514354560368880249e-04
4.514354560368880249e-04
4.062919104331993471e-03
5.015949511520976850e-05
6.192530261137006287e-07
5.015949511520976850e-05
5.573277235023305446e-06
4.062919104331993471e-03
3.290964474508916160e-01
6.880589179041116626e-08
4.062919104331993471e-03
4.062919104331993471e-03
5.015949511520976850e-05
4.514354560368880249e-04
5.015949511520976850e-05
4.514354560368880249e-04
3.656627193898794731e-02
4.062919104331993471e-03
4.514354560368880249e-04
6.192530261137006287e-07
5.015949511520976850e-05
5.573277235023305446e-06
4.514354560368880249e-04
4.514354560368880249e-04
3.656627193898794731e-02
3.656627193898794731e-02
5.573277235023305446e-06
4.514354560368880249e-04
5.573277235023305446e-06
4.514354560368880249e-04
5.573277235023305446e-06
3.656627193898794731e-02
5.015949511520976850e-05
4.062919104331993471e-03
6.880589179041116626e-08
6.192530261137006287e-07
