1.184094785963647630e-05
1.315660873292941270e-06
1.461845414769934862e-07
1.184094785963647630e-05
1.184094785963647630e-05
1.065685307367283019e-04
1.461845414769934862e-07
9.591167766305550967e-04
1.315660873292941270e-06
1.461845414769934862e-07
1.184094785963647630e-05
1.461845414769934862e-07
1.184094785963647630e-05
1.065685307367283019e-04
1.065685307367283019e-04
7.768845890707500035e-02
1.315660873292941270e-06
1.315660873292941270e-06
1.461845414769934862e-07
1.315660873292941270e-06
9.591167766305550967e-04
9.591167766305550967e-04
1.461845414769934862e-07
1.315660873292941270e-06
1.461845414769934862e-07
1.184094785963647630e-05
1.184094785963647630e-05
1.315660873292941270e-06
1.184094785963647630e-05
1.461845414769934862e-07
1.315660873292941270e-06
1.461845414769934862e-07
1.315660873292941270e-06
9.591167766305550967e-04
1.065685307367283019e-04
1.184094785963647630e-05
9.591167766305550967e-04
1.184094785963647630e-05
1.461845414769934862e-07
1.065685307367283019e-04
1.184094785963647630e-05
1.315660873292941270e-06
1.184094785963647630e-05
1.315660873292941270e-06
1.461845414769934862e-07
1.184094785963647630e-05
1.065685307367283019e-04
1.461845414769934862e-07
1.315660873292941270e-06
1.461845414769934862e-07
1.065685307367283019e-04
1.461845414769934862e-07
1.315660873292941270e-06
1.461845414769934862e-07
1.065685307367283019e-04
1.065685307367283019e-04
9.591167766305550967e-04
8.632050989674996955e-03
9.591167766305550967e-04
1.184094785963647630e-05
1.184094785963647630e-05
1.184094785963647630e-05
1.065685307367283019e-04
1.065685307367283019e-04
1.184094785963647630e-05
9.591167766305550967e-04
1.184094785963647630e-05
1.184094785963647630e-05
9.591167766305550967e-04
1.184094785963647630e-05
8.632050989674996955e-03
1.461845414769934862e-07
1.065685307367283019e-04
1.184094785963647630e-05
9.591167766305550967e-04
7.768845890707500035e-02
1.184094785963647630e-05
9.591167766305550967e-04
1.184094785963647630e-05
1.315660873292941270e-06
1.065685307367283019e-04
1.624272683077704887e-08
1.184094785963647630e-05
1.184094785963647630e-05
9.591167766305550967e-04
1.315660873292941270e-06
1.461845414769934862e-07
1.315660873292941270e-06
1.065685307367283019e-04
9.591167766305550967e-04
1.315660873292941270e-06
1.184094785963647630e-05
9.591167766305550967e-04
1.184094785963647630e-05
1.184094785963647630e-05
9.591167766305550967e-04
1.184094785963647630e-05
1.461845414769934862e-07
1.315660873292941270e-06
1.315660873292941270e-06
1.065685307367283019e-04
9.591167766305550967e-04
1.461845414769934862e-07
9.591167766305550967e-04
1.315660873292941270e-06
1.065685307367283019e-04
1.065685307367283019e-04
8.632050989674996955e-03
1.315660873292941270e-06
1.315660873292941270e-06
1.315660873292941270e-06
1.184094785963647630e-05
1.184094785963647630e-05
1.065685307367283019e-04
1.461845414769934862e-07
9.591167766305550967e-04
1.065685307367283019e-04
1.461845414769934862e-07
8.632050989674996955e-03
1.315660873292941270e-06
1.315660873292941270e-06
1.315660873292941270e-06
1.065685307367283019e-04
1.184094785963647630e-05
9.591167766305550967e-04
1.184094785963647630e-05
1.065685307367283019e-04
6.991961301636752113e-01
1.065685307367283019e-04
1.065685307367283019e-04
1.184094785963647630e-05
8.632050989674996955e-03
1.184094785963647630e-05
1.065685307367283019e-04
9.591167766305550967e-04
1.315660873292941270e-06
1.315660873292941270e-06
1.065685307367283019e-04
1.184094785963647630e-05
8.632050989674996955e-03
1.461845414769934862e-07
1.461845414769934862e-07
1.315660873292941270e-06
1.065685307367283019e-04
1.461845414769934862e-07
1.065685307367283019e-04
1.184094785963647630e-05
8.632050989674996955e-03
9.591167766305550967e-04
1.184094785963647630e-05
1.804747425641893814e-09
1.065685307367283019e-04
1.315660873292941270e-06
1.315660873292941270e-06
9.591167766305550967e-04
1.461845414769934862e-07
1.315660873292941270e-06
1.065685307367283019e-04
1.184094785963647630e-05
1.315660873292941270e-06
1.065685307367283019e-04
1.184094785963647630e-05
1.461845414769934862e-07
9.591167766305550967e-04
9.591167766305550967e-04
1.065685307367283019e-04
1.184094785963647630e-05
1.184094785963647630e-05
9.591167766305550967e-04
8.632050989674996955e-03
1.461845414769934862e-07
1.315660873292941270e-06
1.184094785963647630e-05
1.315660873292941270e-06
1.184094785963647630e-05
1.184094785963647630e-05
9.591167766305550967e-04
1.184094785963647630e-05
1.065685307367283019e-04
8.632050989674996955e-03
1.065685307367283019e-04
1.184094785963647630e-05
1.184094785963647630e-05
1.315660873292941270e-06
1.624272683077704887e-08
1.065685307367283019e-04
1.461845414769934862e-07
1.315660873292941270e-06
1.184094785963647630e-05
1.315660873292941270e-06
1.315660873292941270e-06
1.065685307367283019e-04
1.461845414769934862e-07
1.315660873292941270e-06
1.184094785963647630e-05
9.591167766305550967e-04
1.065685307367283019e-04
1.065685307367283019e-04
1.065685307367283019e-04
1.461845414769934862e-07
1.065685307367283019e-04
1.184094785963647630e-05
1.184094785963647630e-05
1.184094785963647630e-05
1.184094785963647630e-05
1.184094785963647630e-05
1.184094785963647630e-05
1.065685307367283019e-04
8.632050989674996955e-03
1.624272683077704887e-08
8.632050989674996955e-03
9.591167766305550967e-04
1.184094785963647630e-05
1.315660873292941270e-06
1.065685307367283019e-04
9.591167766305550967e-04
1.315660873292941270e-06
1.184094785963647630e-05
1.065685307367283019e-04
1.315660873292941270e-06
1.315660873292941270e-06
1.315660873292941270e-06
9.591167766305550967e-04
1.065685307367283019e-04
1.065685307367283019e-04
1.065685307367283019e-04
9.591167766305550967e-04
1.065685307367283019e-04
1.315660873292941270e-06
1.315660873292941270e-06
1.184094785963647630e-05
9.591167766305550967e-04
1.315660873292941270e-06
1.065685307367283019e-04
1.461845414769934862e-07
1.184094785963647630e-05
1.184094785963647630e-05
1.315660873292941270e-06
1.315660873292941270e-06
1.624272683077704887e-08
1.065685307367283019e-04
1.184094785963647630e-05
9.591167766305550967e-04
1.461845414769934862e-07
1.065685307367283019e-04
1.315660873292941270e-06
1.315660873292941270e-06
1.315660873292941270e-06
1.184094785963647630e-05
1.804747425641893814e-09
1.184094785963647630e-05
1.184094785963647630e-05
1.184094785963647630e-05
1.315660873292941270e-06
1.315660873292941270e-06
1.184094785963647630e-05
1.315660873292941270e-06
1.461845414769934862e-07
1.315660873292941270e-06
1.184094785963647630e-05
1.065685307367283019e-04
1.461845414769934862e-07
1.184094785963647630e-05
1.065685307367283019e-04
1.065685307367283019e-04
1.184094785963647630e-05
1.461845414769934862e-07
1.315660873292941270e-06
1.184094785963647630e-05
2.005274917379881412e-10
8.632050989674996955e-03
1.184094785963647630e-05
1.315660873292941270e-06
1.461845414769934862e-07
1.624272683077704887e-08
1.065685307367283019e-04
1.184094785963647630e-05
1.065685307367283019e-04
1.315660873292941270e-06
1.315660873292941270e-06
1.184094785963647630e-05
1.065685307367283019e-04
1.065685307367283019e-04
1.461845414769934862e-07
1.065685307367283019e-04
9.591167766305550967e-04
1.315660873292941270e-06
1.184094785963647630e-05
1.461845414769934862e-07
1.065685307367283019e-04
9.591167766305550967e-04
1.184094785963647630e-05
1.184094785963647630e-05
1.315660873292941270e-06
1.065685307367283019e-04
9.591167766305550967e-04
1.315660873292941270e-06
1.315660873292941270e-06
1.184094785963647630e-05
1.184094785963647630e-05
