3.546114393661565589e-05
3.546114393661565589e-05
4.864354449467165065e-08
2.872352658865869740e-03
4.377919004520449815e-07
3.191502954295409437e-04
4.377919004520449815e-07
3.546114393661565589e-05
3.191502954295409437e-04
3.191502954295409437e-04
2.872352658865869740e-03
3.191502954295409437e-04
3.191502954295409437e-04
4.377919004520449815e-07
3.191502954295409437e-04
4.864354449467165065e-08
3.546114393661565589e-05
3.191502954295409437e-04
2.585117392979283113e-02
4.377919004520449815e-07
4.377919004520449815e-07
3.940127104068404516e-06
4.377919004520449815e-07
3.546114393661565589e-05
3.546114393661565589e-05
3.940127104068404516e-06
2.585117392979283113e-02
3.940127104068404516e-06
3.940127104068404516e-06
3.546114393661565589e-05
2.585117392979283113e-02
4.377919004520449815e-07
2.585117392979283113e-02
3.191502954295409437e-04
3.940127104068404516e-06
3.546114393661565589e-05
3.940127104068404516e-06
2.872352658865869740e-03
3.191502954295409437e-04
3.546114393661565589e-05
3.191502954295409437e-04
3.940127104068404516e-06
4.377919004520449815e-07
4.864354449467165065e-08
3.546114393661565589e-05
2.872352658865869740e-03
3.191502954295409437e-04
3.191502954295409437e-04
2.585117392979283113e-02
3.191502954295409437e-04
3.191502954295409437e-04
3.546114393661565589e-05
3.191502954295409437e-04
4.377919004520449815e-07
3.546114393661565589e-05
3.546114393661565589e-05
3.546114393661565589e-05
3.546114393661565589e-05
3.191502954295409437e-04
3.940127104068404516e-06
4.377919004520449815e-07
3.546114393661565589e-05
3.191502954295409437e-04
3.191502954295409437e-04
4.377919004520449815e-07
2.585117392979283113e-02
3.546114393661565589e-05
2.872352658865869740e-03
2.585117392979283113e-02
3.940127104068404516e-06
3.546114393661565589e-05
4.864354449467165065e-08
3.940127104068404516e-06
3.546114393661565589e-05
3.546114393661565589e-05
3.940127104068404516e-06
3.546114393661565589e-05
5.404838277185737490e-09
3.546114393661565589e-05
3.546114393661565589e-05
3.940127104068404516e-06
2.585117392979283113e-02
4.377919004520449815e-07
3.940127104068404516e-06
3.940127104068404516e-06
2.326605653681355357e-01
3.940127104068404516e-06
2.872352658865869740e-03
4.377919004520449815e-07
3.191502954295409437e-04
3.191502954295409437e-04
3.940127104068404516e-06
3.546114393661565589e-05
2.585117392979283113e-02
2.872352658865869740e-03
3.191502954295409437e-04
4.377919004520449815e-07
3.191502954295409437e-04
2.872352658865869740e-03
3.191502954295409437e-04
2.872352658865869740e-03
4.377919004520449815e-07
4.864354449467165065e-08
3.191502954295409437e-04
3.546114393661565589e-05
3.940127104068404516e-06
3.546114393661565589e-05
2.585117392979283113e-02
3.191502954295409437e-04
4.377919004520449815e-07
3.940127104068404516e-06
3.940127104068404516e-06
3.191502954295409437e-04
3.191502954295409437e-04
3.191502954295409437e-04
4.377919004520449815e-07
3.546114393661565589e-05
3.191502954295409437e-04
3.546114393661565589e-05
3.546114393661565589e-05
3.940127104068404516e-06
3.191502954295409437e-04
3.546114393661565589e-05
3.546114393661565589e-05
3.546114393661565589e-05
3.940127104068404516e-06
3.940127104068404516e-06
3.546114393661565589e-05
3.191502954295409437e-04
3.546114393661565589e-05
4.377919004520449815e-07
4.377919004520449815e-07
4.377919004520449815e-07
3.940127104068404516e-06
3.191502954295409437e-04
2.872352658865869740e-03
3.191502954295409437e-04
3.546114393661565589e-05
3.546114393661565589e-05
2.872352658865869740e-03
3.546114393661565589e-05
3.191502954295409437e-04
3.546114393661565589e-05
3.940127104068404516e-06
3.191502954295409437e-04
3.546114393661565589e-05
3.546114393661565589e-05
3.546114393661565589e-05
2.872352658865869740e-03
3.546114393661565589e-05
2.585117392979283113e-02
3.546114393661565589e-05
3.546114393661565589e-05
4.377919004520449815e-07
4.377919004520449815e-07
3.191502954295409437e-04
2.872352658865869740e-03
4.864354449467165065e-08
3.940127104068404516e-06
3.546114393661565589e-05
2.872352658865869740e-03
3.940127104068404516e-06
3.546114393661565589e-05
3.191502954295409437e-04
3.191502954295409437e-04
2.872352658865869740e-03
3.940127104068404516e-06
3.191502954295409437e-04
3.191502954295409437e-04
3.191502954295409437e-04
3.546114393661565589e-05
3.940127104068404516e-06
3.191502954295409437e-04
3.191502954295409437e-04
3.191502954295409437e-04
2.872352658865869740e-03
2.872352658865869740e-03
3.191502954295409437e-04
4.377919004520449815e-07
3.191502954295409437e-04
2.872352658865869740e-03
4.864354449467165065e-08
3.940127104068404516e-06
3.940127104068404516e-06
3.940127104068404516e-06
4.377919004520449815e-07
3.546114393661565589e-05
3.940127104068404516e-06
3.940127104068404516e-06
3.546114393661565589e-05
3.191502954295409437e-04
3.546114393661565589e-05
3.940127104068404516e-06
2.585117392979283113e-02
4.864354449467165065e-08
3.940127104068404516e-06
3.546114393661565589e-05
2.872352658865869740e-03
3.940127104068404516e-06
3.940127104068404516e-06
4.377919004520449815e-07
5.404838277185737490e-09
2.872352658865869740e-03
4.377919004520449815e-07
3.546114393661565589e-05
3.191502954295409437e-04
3.191502954295409437e-04
5.404838277185737490e-09
2.585117392979283113e-02
3.546114393661565589e-05
3.940127104068404516e-06
4.377919004520449815e-07
3.191502954295409437e-04
3.546114393661565589e-05
3.546114393661565589e-05
3.191502954295409437e-04
3.940127104068404516e-06
2.872352658865869740e-03
2.872352658865869740e-03
3.546114393661565589e-05
3.546114393661565589e-05
2.585117392979283113e-02
3.546114393661565589e-05
4.377919004520449815e-07
2.585117392979283113e-02
3.191502954295409437e-04
3.940127104068404516e-06
3.546114393661565589e-05
3.940127104068404516e-06
3.191502954295409437e-04
2.872352658865869740e-03
2.326605653681355357e-01
3.191502954295409437e-04
3.940127104068404516e-06
3.191502954295409437e-04
3.546114393661565589e-05
3.191502954295409437e-04
3.546114393661565589e-05
5.404838277185737490e-09
4.377919004520449815e-07
2.872352658865869740e-03
3.191502954295409437e-04
3.191502954295409437e-04
3.191502954295409437e-04
3.546114393661565589e-05
3.940127104068404516e-06
3.546114393661565589e-05
4.377919004520449815e-07
3.546114393661565589e-05
3.546114393661565589e-05
4.864354449467165065e-08
4.377919004520449815e-07
4.864354449467165065e-08
2.872352658865869740e-03
3.940127104068404516e-06
3.546114393661565589e-05
3.546114393661565589e-05
3.940127104068404516e-06
3.546114393661565589e-05
2.872352658865869740e-03
3.546114393661565589e-05
3.546114393661565589e-05
2.872352658865869740e-03
2.585117392979283113e-02
3.191502954295409437e-04
3.191502954295409437e-04
3.940127104068404516e-06
2.872352658865869740e-03
2.872352658865869740e-03
3.191502954295409437e-04
3.191502954295409437e-04
3.191502954295409437e-04
4.864354449467165065e-08
3.191502954295409437e-04
4.377919004520449815e-07
3.546114393661565589e-05
2.872352658865869740e-03
3.191502954295409437e-04
3.191502954295409437e-04
2.872352658865869740e-03
3.940127104068404516e-06
3.940127104068404516e-06
3.191502954295409437e-04
3.191502954295409437e-04
3.940127104068404516e-06
2.872352658865869740e-03
3.546114393661565589e-05
3.546114393661565589e-05
3.546114393661565589e-05
4.377919004520449815e-07
3.191502954295409437e-04
3.546114393661565589e-05
3.191502954295409437e-04
3.546114393661565589e-05
3.546114393661565589e-05
3.191502954295409437e-04
3.546114393661565589e-05
4.377919004520449815e-07
2.872352658865869740e-03
3.191502954295409437e-04
