36224070.8
20068068.65
37254962.73
44362710.65
19795486.43
36472931.23
38051420.74
43050146.71
22781954.49
52325303.09
16893302.08
32918788.33
16705217.28
52701236.32
36195429.87
17809751.93
17150987.55
36961520.14
80367955.49
36958573.22
17442625.22
79391216.15
30989564.19
82321434.15
27644343.12
22558653.68
18548421.9
16477994.24
28101556.96
16985206.25
42980241.16
25868234.92
29993527.17
31134507.19
18750409.26
87506046.41
37842438.2
24320762.16
16747590.05
16681838.93
71251721.72
77437737.49
22458549.02
69623822.83
29300960.21
49280377.97
25590318.07
49857105.63
34912420.29
31497780.45
18636958.8
28187490.07
27713639.44
17337113.5
86116832.9
38281745.4
79065636.38
88895259.92
23336502.33
26631573.99
46741334.3
19563963.84
18815121.41
45108631.21
36686341.21
37503061.66
47299712.74
54899379.39
86116832.9
74181939.71
31886955.87
25501757.57
49296282.29
53490366.05
85422226.15
24561986.67
35378693.2
28895158.08
17075959.12
78414476.82
31734477.75
94799417.34
87506046.41
36765032.85
48228554.51
27258710.24
55201077.48
40059740.03
42389629.16
36142004.19
18008973.86
89937170.05
23789343.07
96883237.6
49122987.83
76786577.93
42434936.57
57172893.23
29841666.86
87506046.41
28123845.28
85074922.77
55214076.55
53497250.67
30239603.18
25629552.56
76786577.93
56793074.91
23376647.78
28460308.95
17140555.12
79065636.38
34554936.4
53800525.93
17192778.67
24687718.93
94799417.34
16461062.61
71902881.27
37371314.38
35446844.55
16526218.67
28641433.64
35106456.44
17060252.64
75158679.05
54836281.83
16711064.56
61128825.13
39569067.68
57630824.12
52594941.74
37159200.16
19820626.91
40545770.17
72554040.83
37938889.42
17200797.57
57140202.69
37289770.45
16499733.71
17082542.66
44954696.65
48540720.23
16647257.66
74181939.71
58031338.99
16476943.77
37037120.97
68647083.5
16965272.44
65065705.95
37395678.32
60440587.99
16482408.79
44888207.15
44733724.16
40606084.35
39751144.65
35863499.99
16685295.55
85769529.52
17400087.5
64088966.61
49610588.56
52979339.11
16673210.39
24556934.67
37624110.2
16499733.71
16552625.74
43205305.44
53496343.45
58755550.19
20383936.26
38373699.57
40361913.04
44099015.19
17121530.39
48137281.63
65065705.95
43112388.84
48021072.59
50981924.29
38592106.91
53539526.83
57681286.54
37606715.53
41106901.02
41049554.52
46523738.4
17325603.97
33903571.03
19361595.81
17084912.08
73205200.38
67670344.17
54889642.95
93062900.45
45756470.02
34862201.79
18331424.38
29239866.74
19855806.41
50159301.19
88547956.54
25745821.22
30426593.36
85422226.15
77437737.49
37417465.96
24847317.21
22595596.64
16788625.31
33473254.32
50444781.41
91673686.94
32185476.31
19083349.56
51920338.99
69623822.83
55459537.85
97230540.98
41145823.52
17210600.79
40606084.35
19678794.59
37843895.98
17153573.23
17133820.4
34561427.14
21694514.42
48974851.76
36210040.41
16499733.71
21321928.32
39980744.47
57450191.8
82321434.15
35025850.96
24793117.12
18136023.66
32445895.04
20900244.78
90284473.43
56238640.2
56857476.36
43749104.64
40835364.74
93062900.45
17202840.94
23032189.79
54601186.59
58239709.72
64088966.61
37287875.77
16691443.41
80042375.71
24788987.04
16649724.35
39840808.91
30078159.95
42719759.03
37308208.38
40255689.86
18254938.63
35406001.04
16570830.93
18457900.05
38646033.93
21521275.27
36041942.28
39436512.31
16476943.77
30279816.66
34844852.53
48507956.46
30939876.39
23743739.63
29407343.41
17617285.13
25857180.76
16779003.99
35393287.73
41898815.52
72554040.83
36218928.53
17029474.49
51253379.89
50247455.77
36581177.9
52699149.56
32236516.92
33003503.74
16930199.48
29654459.39
52756305.63
20826804.66
16556291.96
92020990.32
49125932.84
79065636.38
64740126.17
50465838.44
17471831.03
17557737.67
79065636.38
16784030.6
93410203.83
25632067.78
43052142.83
33105267.97
38596442.99
46254200.68
67995923.94
36028673.35
17063793.15
39244319.42
55447939.89
16469497.72
47651636.66
16955392.79
16921047.34
34561993.27
17244106.28
47599356.78
21043116.65
57060705.02
17354113.11
34965388.83
31410882.03
42235928.68
32792292.12
48812707.99
16982625.03
59829601.31
34657090.34
20268140.18
37843638.52
49038989.35
71902881.27
35936484.08
17560542.73
44933301.02
17143980.91
36482296.69
29235999.5
69623822.83
58850251.79
22039439.92
16902748.38
17850698.69
16859725.42
35977907.95
38393495.77
34317048.61
89937170.05
43524804.7
32718866.98
44836716.2
16803932.73
35762738.21
38410391.18
16579933.52
17470834.76
92020990.32
28000292.83
39463082.99
59425867.0
56881863.03
51484921.97
41916718.22
44345343.31
16976014.01
40927890.42
79391216.15
41762699.16
84033012.64
52875168.21
17230799.97
62546792.57
35613241.96
27034428.09
84380316.01
19059682.82
76135418.38
16974216.64
21531763.91
16654589.98
17012869.06
57399668.09
21768664.1
50981924.29
48992791.82
36142004.19
92715597.07
93757507.21
34916459.87
88547956.54
20251192.85
32444498.33
17236736.59
38482189.65
25823812.07
20206311.34
51021555.35
37002484.68
30291459.41
33534437.18
16741248.95
55727090.49
91326383.56
33506681.93
36826783.03
76135418.38
80042375.71
21620680.78
36415263.48
60450677.11
55117637.65
24646385.47
26595582.75
19368975.23
31024055.4
44099015.19
21222960.01
70274982.39
54916763.44
61159234.65
48992791.82
34850154.47
43275573.3
52322648.69
40526585.35
19927109.85
49856250.13
74507519.49
19795486.43
16795945.67
16985206.25
17515255.95
16756018.92
49900724.99
78740056.6
52436867.72
59118300.18
16821400.63
52092818.15
47738367.15
17948447.85
33006965.16
52046073.51
44564809.71
36492015.92
22676643.51
24428339.39
39098873.12
37879279.97
48736325.35
16765784.84
45981490.2
41209157.58
94104810.58
40231768.61
46251710.36
37018207.86
91326383.56
52911023.2
44362710.65
50981924.29
24329491.48
35672761.96
58568353.36
32476724.74
35291663.8
94799417.34
39760827.92
29890939.92
17296774.23
19400783.25
25393571.8
92368293.7
79716795.93
31676456.73
35169025.77
42117744.28
48524199.05
17162858.41
35643734.43
47299712.74
33478741.28
20012455.17
35181316.93
16468505.56
27241137.24
39199691.86
95146720.71
54276475.53
89589866.68
45771005.39
20453773.97
39515183.81
80042375.71
51861648.26
20857177.05
75484258.82
35111780.35
17320982.25
30020602.17
16691813.31
29160932.5
34345036.61
18927755.96
32261475.45
53816833.63
92715597.07
50988884.6
28939231.45
59129875.03
32609735.24
52142379.09
37842438.2
48211702.75
62207670.39
41381234.17
18332219.73
44072667.51
32574375.21
17319199.5
86464136.28
34859418.97
32567203.77
34699626.57
41049554.52
35327654.48
28460308.95
92715597.07
45978972.46
47941433.67
22813374.64
85074922.77
82991102.5
16651693.75
34650319.66
29822818.37
18674755.01
78414476.82
42015127.41
20600736.0
46000795.7
22378999.01
56070417.58
17307937.67
34640883.43
17221870.98
66042445.28
37775043.35
84727619.39
49337626.54
48570599.76
58619247.62
44370834.46
70274982.39
17000185.25
41030229.3
34789581.47
48177202.4
36038317.05
64581752.44
37334193.93
53155423.16
79716795.93
55815635.56
27952651.31
21074221.58
34282740.57
47167858.57
49319062.23
33466224.72
19524842.98
84033012.64
33345490.73
86464136.28
17435721.02
76460998.16
34604437.87
16789681.05
24643148.26
76460998.16
43275573.3
59156013.69
76786577.93
34304363.05
32092410.19
59726092.0
28105771.62
67670344.17
29169160.18
17759003.92
72554040.83
16902748.38
30476778.91
86116832.9
16695291.29
32360945.95
56820075.53
35555847.74
43256419.89
65716865.5
39980744.47
16976014.01
51573722.82
21531763.91
85769529.52
16810967.05
34089963.29
19420399.23
18203145.12
56053356.38
26062406.67
25590318.07
43606777.35
42979485.14
24445536.02
67019184.61
43545852.82
28423721.38
45026467.84
37250679.25
29397408.73
28422427.98
76135418.38
17073805.26
16660327.5
94452113.96
96883237.6
90979080.19
21087028.35
75158679.05
43252141.97
22531559.55
67995923.94
40601789.21
17084912.08
18675491.77
55775941.11
44923978.2
22676643.51
19024829.96
69623822.83
18855948.44
40018629.23
41690509.6
55759111.78
17321735.16
45499577.0
49900724.99
44044076.0
75484258.82
36958573.22
31320744.42
29543212.39
35608559.21
33327515.38
37037313.43
16875740.12
36135719.52
17097795.54
94452113.96
34797400.67
90631776.81
36478254.79
24499249.32
50423713.4
33422047.2
17387289.91
55495770.79
17287368.44
17016432.78
76786577.93
25625844.0
84033012.64
71251721.72
16788625.31
43763123.09
47732003.69
17098272.57
20068068.65
40796564.45
23453730.83
16953470.5
17207002.76
32792292.12
21004939.79
60024627.94
38156967.67
78740056.6
36982908.75
60142364.41
55287968.51
49526309.39
38094181.97
51318920.38
16875941.52
39670240.54
55115631.38
80042375.71
28835043.78
42439656.31
95841327.47
33760002.01
17767256.81
21662575.97
77112157.71
72228461.05
49347088.21
18038170.05
19741811.02
18134860.41
43922514.34
16845355.01
21588570.91
46773170.48
17031321.74
16779095.96
35384373.26
46251802.98
16665486.2
20919025.04
36414131.45
44189932.51
20667699.58
17634607.47
65716865.5
16838800.98
44634502.96
91326383.56
30969424.75
66368025.06
37557953.04
59414831.44
17572540.27
17031335.01
47364733.85
41588177.01
69298243.05
23501820.99
85769529.52
52098925.8
68647083.5
22818820.59
91326383.56
94104810.58
17457266.32
16902748.38
18785288.09
66042445.28
45449894.1
28702887.2
29841145.77
34015608.97
42117744.28
50702818.85
52883762.59
55699683.74
34915789.59
30252663.11
29780420.19
86464136.28
34010549.7
49626295.79
48434750.13
17397266.34
47020523.38
36988288.89
26813013.03
45827046.35
30551231.69
82649757.48
65716865.5
39787899.04
47618946.82
58816849.09
36885437.63
16727242.63
17250634.13
17031391.21
38486947.18
96188630.85
24328463.95
59426715.73
27515360.59
19300065.84
16460077.42
36189245.99
16565371.31
55168791.42
78414476.82
41924719.78
16823641.25
16476943.77
37055975.94
27270655.92
60173141.53
35139590.9
16898056.95
91673686.94
29131624.36
66042445.28
48478850.71
73856359.94
17096364.45
28924533.0
40878825.45
17207475.73
65065705.95
69623822.83
55676113.88
27823387.77
51304095.85
19199546.68
16502811.53
19617608.61
86811439.66
32259329.79
85769529.52
43547351.48
33281382.96
30358093.89
18953053.37
69623822.83
44021005.19
17392361.29
16451657.14
38888616.17
17423107.28
68647083.5
22564246.22
95494024.09
28451902.89
43374306.22
33857792.54
58077603.48
20051277.83
32267369.29
22859700.95
47724859.63
33226336.89
91326383.56
46099160.92
57176966.48
17393392.66
85074922.77
56054747.28
39978709.85
50201001.54
68321503.72
58468599.63
31444038.23
72554040.83
19381449.71
26627825.67
38910340.34
16793154.94
47724859.63
24445721.57
37359961.37
81670274.6
18696213.77
80367955.49
21171319.29
41853037.29
35181316.93
87506046.41
35449283.42
65464918.31
43796557.96
42290753.33
17059192.78
20007221.48
41617008.84
22687640.76
46560373.01
93757507.21
38936420.63
62073439.96
17196318.92
32375617.23
35116749.26
65065705.95
31535372.43
87158743.03
43061115.27
20073201.42
71902881.27
49628696.79
52098385.84
16493824.16
34834219.72
19122905.88
53162996.39
16477994.24
25029315.43
93757507.21
57731986.64
48456348.01
30114957.77
66042445.28
41924719.78
39769655.2
52046073.51
16811403.65
65391285.72
36467682.81
21260975.84
68321503.72
69623822.83
54655949.09
56297240.37
31024402.58
71577301.49
35372983.9
93062900.45
48507956.46
53773114.06
26496372.04
41381234.17
19772593.37
16875941.52
39141519.86
75484258.82
54320350.11
51817115.19
16975975.99
46252514.13
25887473.12
55838394.67
39959196.76
17029196.73
26310711.43
34826140.11
55494368.09
68972663.28
54672839.66
93757507.21
41380170.54
16482408.79
39786036.12
26334362.17
24611436.11
41480966.75
38047571.48
37230814.02
49628696.79
88895259.92
28355464.73
72228461.05
16948503.79
40906206.46
58630608.61
40251304.27
27404290.34
27067737.34
23036878.01
16893612.02
29368103.8
53890248.98
40557999.52
55674330.47
39045487.99
58259041.55
83685709.26
82321434.15
38385272.56
29368103.8
52420493.42
47724859.63
44914478.27
33799915.51
37802704.22
26390848.44
53538188.98
33692986.87
28594717.76
40058469.25
53750098.41
54610494.48
54604085.51
52119921.75
36828164.98
33089486.57
43065100.58
16799460.07
17174010.11
24259259.97
34596587.36
34613895.33
32792292.12
20597569.39
58906890.39
66368025.06
42980241.16
28597957.87
40798465.23
36750512.8
54559166.91
78088897.04
47677904.71
34384853.56
27244258.94
50647302.5
39686630.91
32757964.58
22026800.69
95146720.71
17114906.91
69298243.05
21291331.38
17592224.56
37538273.65
32919985.93
44906295.26
35945841.14
17271780.22
33965086.92
30341136.37
82649757.48
43827195.93
95146720.71
16729806.88
49697696.06
27021696.36
40659967.85
39706115.43
51241596.53
20885581.97
22129637.58
72228461.05
17572624.53
19710241.94
77763317.27
95494024.09
53496343.45
93757507.21
17223292.33
17059192.78
16921047.34
21943080.5
54934605.72
19333064.21
51538908.25
66368025.06
37829078.36
35650929.98
74181939.71
18927755.96
33420895.3
25625844.0
47070668.38
17279709.64
47918720.67
23344122.21
44836716.2
48458907.63
25853393.33
42235928.68
16809427.27
40305376.4
38855396.83
16616640.96
29429267.0
49533235.97
16983384.92
31557296.01
31497383.67
55761334.18
32575623.96
66042445.28
16893612.02
17374295.69
81995854.37
46317271.94
73530780.16
85422226.15
75158679.05
67995923.94
25555232.68
27868727.7
46817519.69
28934897.47
30077700.81
56721741.96
66693604.83
56564549.21
82991102.5
93757507.21
39124649.71
41661842.23
16680832.0
64786548.22
26920662.71
19261353.43
17666639.86
54000698.01
16681306.51
39717305.49
23114310.14
73856359.94
50697098.83
33588555.25
62824328.15
19338931.23
56833202.71
42212259.13
16565371.31
56833202.71
36287778.42
38213646.97
16983384.92
55737947.92
55457834.74
37094033.85
81995854.37
32660657.43
69623822.83
33290751.16
76786577.93
50201001.54
33192337.16
41363904.49
58011536.34
16517115.99
30600466.4
44698023.41
21773254.78
56056128.53
35764750.47
17152093.95
22424822.93
18657059.94
89589866.68
43205305.44
16930091.17
54657310.52
21075147.84
28236526.68
25737985.01
17284026.14
52937196.22
18338803.3
17182245.83
16702994.96
16838800.98
46196326.19
32482155.46
16660687.5
47996811.3
35923177.03
51081953.63
64242567.4
36510250.86
55179458.62
34605070.54
58816849.09
17501506.95
49612983.02
29822818.37
81995854.37
49253416.73
45652468.04
21748919.83
65260165.31
38009380.84
52604532.66
33539616.55
16570830.93
88895259.92
17018027.87
35325632.57
22676643.51
46093264.72
16670220.58
16508397.38
16729299.09
52140310.95
43646172.11
16911895.2
38210527.69
28101556.96
16607216.85
53315339.14
17139711.77
39670891.12
73530780.16
51640877.2
38051542.63
17038445.05
57072316.42
38868977.59
80693535.26
37037120.97
26516568.34
75484258.82
88547956.54
55272081.84
19532927.02
16542449.07
28360882.33
54049882.48
29171117.29
49900724.99
27479041.04
18080045.64
37269194.21
27285442.45
36243458.77
52076150.14
28338002.9
33805953.07
32444498.33
38699591.3
32881253.27
25736179.18
81995854.37
32487893.99
91326383.56
27279149.92
37575667.18
49835953.34
35599862.92
38888616.17
78414476.82
19144671.57
64740126.17
22377934.47
33816540.66
71577301.49
20508947.21
33770654.65
46252514.13
87853349.79
33692986.87
21136074.86
82321434.15
28896186.71
48508671.71
19802852.0
38864376.92
50988884.6
44123236.03
20670767.43
44090923.51
90631776.81
38864376.92
96535934.22
38660558.29
16488458.85
29993527.17
23492945.42
59443827.6
87158743.03
48470019.21
57402095.92
74833099.27
61128825.13
22603297.09
21951633.72
58288812.97
82991102.5
28101556.96
50387575.0
17622619.07
31176598.22
92020990.32
16768580.74
50650010.22
51022637.53
37950930.82
82991102.5
75809838.6
26153893.08
48720871.5
18471718.3
29633897.0
37224650.06
40874416.83
54610494.48
92020990.32
16964557.19
68647083.5
47403745.97
32681549.9
16985206.25
90284473.43
32881253.27
17190892.06
17821404.13
80042375.71
82649757.48
89937170.05
61529459.13
45162282.86
30724203.52
24923762.98
16699459.59
60481321.16
73530780.16
18626087.58
59495056.31
18240331.22
24889200.86
82649757.48
53478323.44
36307085.89
22458549.02
29520457.3
34912378.11
16864967.67
17114906.91
59145543.31
62885914.76
54662653.82
43523789.06
55509574.4
16994419.37
55847083.47
32904667.75
45400432.37
52656273.71
16673210.39
39514238.54
27527835.07
67995923.94
18262394.45
64414546.39
44956748.17
22464529.34
53537412.12
22874634.45
80693535.26
40523928.56
42389629.16
17302986.88
50743219.6
52938982.33
49083120.21
80693535.26
56238640.2
16818804.45
19789364.29
34431739.99
52935748.0
35089667.41
47996811.3
37295086.44
42469239.52
17413280.24
18381748.72
38398785.86
16473771.15
43275573.3
80693535.26
50926507.43
39735438.48
17285610.78
16452635.8
48470019.21
54360732.19
54277655.56
38318288.57
16819433.74
89937170.05
77437737.49
40022766.72
77763317.27
42679665.82
45449894.1
34511507.47
31298820.84
28012193.58
16985206.25
41617008.84
67344764.39
49967956.87
39455273.16
54556755.01
79065636.38
73856359.94
94104810.58
44634502.96
16725956.6
73856359.94
17077749.09
32955595.79
90284473.43
39754312.85
39163436.47
17133497.4
83338405.88
44717213.83
80367955.49
16800294.72
17417190.46
19834439.04
50185119.7
19563963.84
16452635.8
80693535.26
17155655.13
44036004.0
38101384.17
17435955.93
35131617.49
41341928.44
35933761.29
52935748.0
21379956.21
17109429.6
89937170.05
32246217.75
21371319.3
72554040.83
39435808.02
31410882.03
17299357.13
37037120.97
48300496.86
56533841.69
20032295.64
20423198.01
75158679.05
47905130.25
89937170.05
32777979.3
58540913.51
38048714.94
35937136.64
16854089.17
16485382.99
51819265.91
57910082.41
83685709.26
26532442.26
19090940.47
67019184.61
52092818.15
16670709.27
19876825.31
51813476.66
17330264.7
16735664.1
58577085.06
69949402.61
84033012.64
50698887.87
16529091.97
50759960.16
42565919.08
23249013.47
37369475.6
17198747.32
51261029.74
21075199.47
67019184.61
46859481.58
18067571.16
38386856.82
54836281.83
97577844.36
48508671.71
43061115.27
16496906.21
17612612.05
27392329.32
47931669.06
66368025.06
19361595.81
43918052.31
52883762.59
78414476.82
39463082.99
21928751.82
17975773.49
35688707.52
71902881.27
70274982.39
40059740.03
16476943.77
77437737.49
40112564.49
75158679.05
17162640.6
79391216.15
17387892.19
49307298.2
57800067.9
39161068.8
78414476.82
36522648.58
50716832.78
38656718.8
23743739.63
51307666.08
36581177.9
34879604.41
23973601.57
54339237.67
16877601.07
35039448.84
30921766.24
95146720.71
16624108.65
17334027.08
46875406.66
35121051.39
44345343.31
17096018.9
55177721.55
42161546.71
20688342.11
16714162.61
33692986.87
17587767.08
18277052.28
64088966.61
16564174.26
17374725.39
44090923.51
70274982.39
46895553.56
17105616.72
55739617.08
31260707.85
16614034.15
35694285.39
19768521.89
31971205.8
40388277.14
47699999.38
94104810.58
71577301.49
55833473.85
81995854.37
95146720.71
48448954.25
17631687.95
18409315.86
33318087.01
43527331.55
81670274.6
29605219.0
59495056.31
35099328.43
17053217.02
20392140.72
50745251.17
17449907.44
93410203.83
65716865.5
16701866.54
35389283.28
45498899.39
34281461.64
81344694.82
38855396.83
32954482.33
35341282.07
53499052.59
27746005.29
38616199.25
16564174.26
49893070.02
17232270.07
58139041.26
19997890.15
39242471.16
60042560.08
17171117.33
60789740.34
17097255.0
50696231.4
38101384.17
57730560.38
58260718.28
73856359.94
40806210.08
55737947.92
37123950.74
33710087.5
80693535.26
50353422.07
18223078.79
16997276.09
58239709.72
35953192.29
24209552.61
18045501.43
46043801.25
17013905.08
34511507.47
68647083.5
16978129.38
24458010.5
87158743.03
40299246.86
46001873.86
24215751.06
16745217.86
16493824.16
69623822.83
38217285.39
38664940.35
70926141.94
57442178.88
19291241.53
39787899.04
32718866.98
42780067.72
45924397.12
28357617.36
64088966.61
16625560.83
17090922.25
61071801.16
38868977.59
61796416.57
16499733.71
19964837.26
17101620.36
21011687.81
20640141.78
25958668.58
35676055.81
37314750.93
21162169.68
45516820.96
21973349.47
74507519.49
87853349.79
40033094.66
52322648.69
46637102.58
22656996.9
17105616.72
27813083.44
58627233.65
84033012.64
45771686.42
23271982.18
65537700.89
20206311.34
54000698.01
46524424.08
93410203.83
52147986.86
82991102.5
50806477.27
81670274.6
17114906.91
24879212.02
17185164.51
95146720.71
55815635.56
16461062.61
22781954.49
46301978.32
17124200.76
82991102.5
67670344.17
49307298.2
28816975.92
17217497.34
29171117.29
54374033.5
22824858.15
18555563.95
72879620.6
47343238.08
17417003.41
40116587.06
16723690.61
47466170.57
16633534.83
54039513.64
38972566.68
85074922.77
64108178.14
57162008.39
16529091.97
43109891.72
28120525.7
61118501.48
60085718.36
35139590.9
44888991.03
92715597.07
38586828.61
21508507.88
51258901.46
33902947.62
47319006.84
87506046.41
16487445.86
47905130.25
86811439.66
46365183.65
40223886.28
19772593.37
16986771.58
43879617.51
20857177.05
56659142.12
21053710.15
85074922.77
22183269.9
17087037.13
45549438.77
17276988.54
38464447.83
17791370.48
17027625.83
53721463.99
58416576.84
48177042.25
96883237.6
16737808.49
16699315.29
49067030.21
71902881.27
87158743.03
43596299.89
42506661.92
34238296.93
65716865.5
48178918.22
77763317.27
19585909.31
28658772.02
18982469.58
38928190.22
22642203.07
74507519.49
82321434.15
41071794.52
37098070.76
27631693.91
58282692.8
33588555.25
24879212.02
32839563.87
49296054.48
33466224.72
73205200.38
42811525.71
16963175.85
60851289.55
29132516.53
38936420.63
17020179.24
76135418.38
34978451.02
92020990.32
19462094.55
66042445.28
27139846.72
37052787.51
29407343.41
52716362.71
37040133.52
18114484.55
57231286.89
47070365.85
39786641.86
31950689.92
55231846.96
52141070.7
86464136.28
83685709.26
97577844.36
55456899.66
53876779.53
57327150.27
94104810.58
18657059.94
64088966.61
38697123.93
21619069.1
64740126.17
50417100.43
50759960.16
65065705.95
37271550.18
16579933.52
18165086.61
38646033.93
21440991.92
17002108.52
54640835.32
35371526.52
96883237.6
44115349.39
43827195.93
97230540.98
24921698.53
17366496.28
92368293.7
36961520.14
17647380.61
71577301.49
45380546.21
16473771.15
19981631.24
72879620.6
70600562.16
17572019.59
47114883.47
33696064.44
33057707.12
31061058.22
42018873.93
18657059.94
21943080.5
88547956.54
16729299.09
16607274.59
21260155.48
17366496.28
95841327.47
16675049.21
90284473.43
16452635.8
37821515.9
36242065.22
31999740.6
41109501.51
37233994.21
73856359.94
16901128.37
22595767.39
34065442.21
59433549.27
19290147.74
33965086.92
69298243.05
87853349.79
74181939.71
16577227.01
24214007.64
84380316.01
71577301.49
72554040.83
22251617.9
23077311.7
21275207.73
96188630.85
34870833.23
19943453.76
54276475.53
34640883.43
58807458.09
18241182.05
42506021.95
50999555.16
76786577.93
55176790.45
34098232.54
37556772.56
35498914.83
37504214.09
17270719.52
18293165.61
69623822.83
57738631.15
17221094.93
44682606.12
75809838.6
53800525.93
26101558.6
17430548.9
47193988.48
17566619.97
18440140.28
29878465.44
71577301.49
91326383.56
53539526.83
35597749.89
94104810.58
31663282.44
69298243.05
17083525.2
94104810.58
35231750.11
32724718.36
20291225.0
38554118.49
33044411.83
59129875.03
25153654.85
23416600.26
84033012.64
79391216.15
85769529.52
17693726.67
36183473.76
47475591.88
20663411.84
56611594.06
22800713.83
42446103.83
37567381.44
81995854.37
57681286.54
22129233.03
52980665.17
16858635.0
26784699.31
24410447.65
16465152.86
33773196.41
64088966.61
38122058.45
16683715.97
25974235.17
97577844.36
51260936.43
29063829.8
16701947.85
39573236.54
19169906.62
34644209.11
16662452.07
33371507.52
38343789.58
16893612.02
35383374.12
29756990.05
17400087.5
88895259.92
25454678.54
36689076.25
49879217.06
65065705.95
33429255.75
16731562.63
68972663.28
38656718.8
73205200.38
34889242.98
60024627.94
52902844.8
86464136.28
20939076.73
16587492.12
37784544.99
33798743.8
23670121.65
23140863.51
53254509.4
34330982.08
22458549.02
17388879.94
32245137.99
60512204.76
36732722.53
38868977.59
82991102.5
48212685.44
17002108.52
57419568.83
32444672.82
32225195.81
16711064.56
43867013.84
17789423.37
40253999.23
41373197.28
38343789.58
16660170.86
38619471.35
34923528.09
46537111.34
41961909.12
49688469.54
68647083.5
18461353.46
30578363.71
58139041.26
40927890.42
43594936.3
25166129.32
16819433.74
17512359.47
73205200.38
18978839.22
49051835.94
27951327.91
36296444.62
51205712.36
24525148.84
91673686.94
43015300.36
16954479.1
36460456.75
35895318.78
81670274.6
47897221.19
24320762.16
51256225.18
27006779.55
51257100.57
54992534.15
16515720.78
55493567.28
17165237.1
97577844.36
41704438.17
38393495.77
27979381.69
75809838.6
33803688.37
46526918.52
21911808.42
22240930.56
16832078.93
16818141.25
16488458.85
41962542.24
59117313.37
36826214.94
80042375.71
94104810.58
28877645.22
33057707.12
37151447.12
36143123.79
35682338.75
16759185.05
72554040.83
33324954.38
96883237.6
86464136.28
23187303.13
22023322.02
84727619.39
47996811.3
34870833.23
47404447.54
31226179.9
31772051.72
70600562.16
16700305.83
50980942.44
41888908.11
74181939.71
16465152.86
54102426.93
21478111.62
25265530.43
34507787.73
39708205.94
16726708.84
50926507.43
17232723.5
49017147.38
47617245.85
16469497.72
65391285.72
23904788.13
50172753.2
54329744.69
54030315.05
35106456.44
86116832.9
23612550.37
27172286.48
67995923.94
63429895.58
17144708.42
50743962.23
37311410.36
41867402.72
51860891.94
33190038.92
23431043.94
89937170.05
16610817.47
51027566.38
68972663.28
57452436.93
71577301.49
58539229.93
43559641.25
66042445.28
57800067.9
55677969.75
75158679.05
38671112.89
45741196.72
61395270.38
57122132.51
36530617.74
88200653.17
54393341.34
17590977.02
36494957.69
61498192.99
74181939.71
16610817.47
96535934.22
24882334.84
24410447.65
66042445.28
17479472.54
52656626.92
17266307.65
56041464.66
23468083.62
36438995.52
32261475.45
59443827.6
80367955.49
53610724.25
19555755.26
16684467.96
17265804.89
18192544.26
25025739.47
36494957.69
18866644.8
70600562.16
50453267.71
17154072.72
43306703.52
36089121.06
21756189.62
20417146.72
43847702.48
30077700.81
44395437.65
37295086.44
41652976.37
25206272.49
51598400.9
32586293.15
89937170.05
16649002.13
89242563.3
35325632.57
67995923.94
81019115.04
61467909.93
81344694.82
55727090.49
28895158.08
87853349.79
75484258.82
47068329.47
16619423.02
21136074.86
57960479.57
18114484.55
37536624.91
89589866.68
35218689.62
25587617.7
21291331.38
17594961.16
35189967.16
17198747.32
37737031.45
23257284.81
44139091.39
33823559.05
35712374.79
78088897.04
23016706.3
71577301.49
56343455.26
41042450.14
22400624.64
84380316.01
49586400.27
51582226.71
50423713.4
56564549.21
23261272.51
52157372.73
24411889.36
50465838.44
18598434.29
55516011.52
57731986.64
27409323.64
92715597.07
19850900.21
27004902.91
94452113.96
54320350.11
17450295.21
18045501.43
16820534.57
95494024.09
84033012.64
34369705.14
55481205.83
81019115.04
46374585.96
47638665.68
58139041.26
25265530.43
48738897.17
16640936.3
29879995.0
29606521.19
49812428.07
56843714.69
54059169.92
56335233.56
38891095.14
52935748.0
17394885.16
60789740.34
38918375.87
36195429.87
37061706.96
44614929.51
17029196.73
57960479.57
58847960.08
45707091.33
40286269.35
60481321.16
49627146.2
75158679.05
29586501.14
16884475.71
80367955.49
22607279.24
16451657.14
74833099.27
40504352.5
41909356.7
64088966.61
39256317.34
32973750.7
43355943.63
19183986.53
47180974.83
16890712.79
55447939.89
38971324.46
27392329.32
45468468.77
35327654.48
17688563.44
32785321.64
35184277.59
20502436.5
40769591.81
95494024.09
95494024.09
44906295.26
23728816.94
57417712.45
20086622.51
42830592.68
34827132.35
16691443.41
81344694.82
48707634.47
95494024.09
16536578.79
72554040.83
82649757.48
41151593.13
52881185.43
90979080.19
56234591.88
36206006.25
26920662.71
16756663.14
54156291.6
73205200.38
27444013.31
82991102.5
24837151.16
33498468.9
84727619.39
54655158.55
56578309.36
38928190.22
52372159.64
55773862.23
58330969.51
74833099.27
50452250.98
19386795.68
41573980.81
27207673.11
39474528.97
34369705.14
53442230.19
92715597.07
34241958.86
17572770.78
16752691.01
20826804.66
70926141.94
61118501.48
23699064.38
17408249.97
39710586.06
20857177.05
90631776.81
17281355.99
16788422.74
32360945.95
16738419.96
50416236.97
82649757.48
63105574.44
32955595.79
21588570.91
21043845.19
24600214.98
33452804.18
44642656.37
29193040.88
55773862.23
49068778.7
37834353.72
90631776.81
53770020.28
44197996.71
20254479.53
16782121.76
48284726.7
82321434.15
16651693.75
16939351.63
50416236.97
35558697.97
38759780.9
96535934.22
55397647.86
17220594.05
30787417.79
29756990.05
18701878.32
51521661.36
16624108.65
22361712.66
44615520.91
37233994.21
27049224.88
57731708.48
37957758.74
45227472.21
35863499.99
17105616.72
39438174.76
32209140.82
30847665.02
57421386.63
44139091.39
30249680.34
72879620.6
25265530.43
37309601.69
16802279.28
54556962.7
52325303.09
21117296.8
36961520.14
88200653.17
34384853.56
64414546.39
28579900.33
31886955.87
56321597.45
54916763.44
20648876.19
64414546.39
38210527.69
51301605.33
78088897.04
40022766.72
56577358.37
16681250.04
32577657.35
52694234.22
42834567.01
16930199.48
43800937.94
56893352.24
32207936.67
90631776.81
16561728.34
85769529.52
88547956.54
27281908.5
16671263.21
44906295.26
20794734.21
93757507.21
19169906.62
34093093.54
39414070.97
18302578.96
43797467.42
56321597.45
16546685.38
23938657.64
17138854.73
17138689.04
20857350.56
26337602.06
17768049.28
38592106.91
38656718.8
28574458.02
71902881.27
81344694.82
32207698.08
44989492.94
29604604.44
56520386.53
39678189.1
17277098.23
36509009.86
55516011.52
55447939.89
38398785.86
18216585.42
58031338.99
25354288.72
58330969.51
48518770.94
44069346.3
16725956.6
17177589.53
90979080.19
17129413.65
18510683.68
86811439.66
54889642.95
39545542.78
92368293.7
28342829.53
51012463.64
37043258.8
16829667.77
17363870.51
21334402.79
44189932.51
39727781.06
21321928.32
46643400.13
33519565.89
75809838.6
95146720.71
23940095.07
36554016.13
81995854.37
29841666.86
54376498.5
47896393.55
69623822.83
20905285.66
77763317.27
50463801.76
34237192.77
35688707.52
16730881.38
50439385.31
46000795.7
17263284.01
25617214.44
16662452.07
26110651.85
26280555.24
45786691.12
17615775.15
16547215.01
61749714.65
47299712.74
83685709.26
65716865.5
17268737.57
74181939.71
78414476.82
58630608.61
22382756.68
96188630.85
54949268.64
53322288.53
74507519.49
64242567.4
31497780.45
28321322.11
39476735.6
48720871.5
17975773.49
36471713.57
50667768.95
53493990.81
69949402.61
39172859.59
43374306.22
16692831.2
17152552.86
33541329.5
35953192.29
59826454.79
16536578.79
46000795.7
50978894.66
28659953.7
17219673.07
77112157.71
23991211.73
35665535.86
16649002.13
16680832.0
45721697.25
50429581.06
17274447.39
16832857.66
95841327.47
51587765.78
55955352.0
36190809.27
91326383.56
38320968.24
71577301.49
39163436.47
39800040.54
16674601.08
35938844.2
78088897.04
33323131.08
21738429.28
16897397.88
33902417.17
17031391.21
30787785.32
19958784.81
45730015.68
65391285.72
93062900.45
46350945.36
16849616.31
36469327.76
31847041.05
40616031.0
24320762.16
27951327.91
17068803.19
54994867.35
38106656.44
46024024.37
42484770.9
49362588.27
30106928.62
92368293.7
71577301.49
34783436.85
39399026.95
35233082.11
78414476.82
65065705.95
52917200.02
17332025.22
33105788.16
65198473.06
16620374.02
16747590.05
36199181.33
25115309.21
56538915.93
83685709.26
39569067.68
16862357.73
48198785.69
17789423.37
89589866.68
49907216.11
51024668.4
55444731.78
37322642.22
55117637.65
94799417.34
17232310.21
43394170.76
33121619.44
16957661.12
21034364.6
59786309.85
23060185.31
69298243.05
56896748.82
36144382.97
76135418.38
17243445.21
84380316.01
43050146.71
16706926.97
18440140.28
18649951.72
45924397.12
68972663.28
77112157.71
39162822.29
76786577.93
32742337.5
61868548.2
52096245.38
18876590.86
27865125.5
56520386.53
44410517.79
18100117.94
35137230.83
59495056.31
52604532.66
18689320.51
34119414.91
16644395.86
50929207.8
24556934.67
93757507.21
41891395.19
88895259.92
70600562.16
36195429.87
25389725.83
44120376.55
58872094.97
36462458.52
49627601.73
34781408.54
38169912.16
31999740.6
16724644.29
40255689.86
24552378.74
25311149.27
25920531.2
38346475.3
52213124.3
56565607.45
48230576.79
78088897.04
17208087.95
22004877.11
57978919.49
56390314.11
35031528.11
17193763.84
78088897.04
29885029.96
37571358.27
55216387.48
16561728.34
19307884.47
45016829.73
93757507.21
16784030.6
95146720.71
85422226.15
16461062.61
16634244.98
52378934.84
25823812.07
51228178.08
35327654.48
17805272.72
17344113.34
22122622.09
74833099.27
39433589.63
16491071.25
25126021.86
16833000.59
46387005.33
59115838.17
20936851.83
85422226.15
44105873.09
35378693.2
16942828.81
19386795.68
24174529.71
51754297.98
16487445.86
42460251.09
45449894.1
93757507.21
34338045.36
56272091.08
17166652.32
36736439.66
18444262.91
36562301.41
46659135.56
32084611.49
22596634.25
85769529.52
33098941.03
91673686.94
47675884.44
16705217.28
16601723.87
23140863.51
32897651.5
18223882.33
28152673.43
29370152.17
93757507.21
42978265.29
34315033.69
22564246.22
31024055.4
16520085.67
42188482.49
52657168.99
21805877.06
39516097.36
95841327.47
17144708.42
72879620.6
41934410.45
84033012.64
67019184.61
56006243.4
91673686.94
16713626.86
60026956.92
95841327.47
45516820.96
57122132.51
64740126.17
17056309.94
29541139.71
78088897.04
50173168.86
41432329.83
47361319.46
27167319.93
51764164.21
32474368.06
24803045.91
19028726.5
44411181.71
23848567.91
41203489.42
32491579.84
96883237.6
17004741.27
90631776.81
16482408.79
57122905.31
28720606.62
18378758.22
50073256.94
40333344.39
17064802.89
31941712.8
17453804.86
50073256.94
45730015.68
22023322.02
58239709.72
21122247.85
61837160.14
76135418.38
59194083.53
95146720.71
16800294.72
36456617.1
86811439.66
51559725.81
45108631.21
26446874.59
16607274.59
58319231.48
24174529.71
17031391.21
32564253.17
81344694.82
36686341.21
25737985.01
19780924.77
16757703.72
16711524.67
76460998.16
29546341.71
80693535.26
44660636.78
31394683.17
27586410.37
17083525.2
32961542.89
56117976.89
28625205.52
41889648.21
36758968.02
86464136.28
52699149.56
41691823.22
62813318.02
36226611.1
17343068.19
51024668.4
36428222.52
35014452.37
92715597.07
16997901.62
17240608.95
33431066.08
88895259.92
25038593.19
39514840.86
47180974.83
38891095.14
48244738.84
55516011.52
16774907.41
25336899.61
77763317.27
58569191.82
36478254.79
16829667.77
96188630.85
87506046.41
27224744.26
50647302.5
73856359.94
84033012.64
16865325.27
87506046.41
28658772.02
59640657.82
32814371.26
19097406.41
20719635.04
17141685.61
30012455.93
54896681.25
45751332.01
17497448.6
22908772.39
16740577.43
54449326.38
46058869.34
43666173.97
16460077.42
80042375.71
81344694.82
56965405.65
37496890.75
41573980.81
18657059.94
44461825.54
17096326.93
74833099.27
23257284.81
55493567.28
33541329.5
45730015.68
32451898.06
25621006.25
25974235.17
45483822.54
17731843.78
73205200.38
16619918.1
52400021.56
32472600.9
17725250.58
49642056.33
31734477.75
26073741.47
38076504.71
20431862.79
47404447.54
62885914.76
33696064.44
33967817.45
56956813.03
16821788.0
16541652.99
94452113.96
46365183.65
81670274.6
47712502.97
75158679.05
34300451.59
38637914.22
51233790.52
81995854.37
67344764.39
36221730.67
38859649.83
32707309.43
47353687.95
20068068.65
17111093.51
71577301.49
29872463.72
88547956.54
17110204.87
24923762.98
46265306.21
86811439.66
27754140.84
28405282.82
55216247.16
42167405.17
17079174.37
38930537.91
54098397.55
28861491.68
33192337.16
16527682.19
59829601.31
52377150.23
54049882.48
45707091.33
31413330.39
26570553.11
79065636.38
70926141.94
72228461.05
23053346.63
27004902.91
29520457.3
34124224.01
46921815.89
45946229.92
41109501.51
80367955.49
49858870.7
18842865.48
51537101.44
36900761.08
38737748.41
17174010.11
85769529.52
19400783.25
78088897.04
36154948.92
16546685.38
25826357.69
94799417.34
33538964.35
18472540.63
58821115.94
53442230.19
19094212.67
54310533.53
23227484.83
17164287.0
58586332.88
38122058.45
52656273.71
77112157.71
16452635.8
48137281.63
50929207.8
35370942.73
74833099.27
86116832.9
72554040.83
71902881.27
42196708.14
47949868.42
20214867.73
54640835.32
80042375.71
22172780.58
49812428.07
52716362.71
33853979.61
77763317.27
35356622.52
45226798.02
56579959.62
17124391.5
76786577.93
25385971.05
96535934.22
23227484.83
32004291.31
53051674.78
79716795.93
18201733.95
16784030.6
82321434.15
28338002.9
18273039.46
26547705.25
45979800.81
61529459.13
79391216.15
50977099.7
52063961.21
59756361.03
23140863.51
44342137.91
50929207.8
96883237.6
34348187.64
34356378.47
36826214.94
38864376.92
17134830.56
16640936.3
72228461.05
18056226.71
30550841.94
53813725.38
23978226.19
31498999.27
25144947.66
54935430.15
17409597.81
58297963.72
39727781.06
16997901.62
91326383.56
21943080.5
46273579.42
33268963.88
41471491.62
44617732.32
44189932.51
76460998.16
30766079.59
62207670.39
27716517.44
39037191.33
20229428.85
80367955.49
57468067.72
41618746.43
71251721.72
45708791.33
80042375.71
19632075.93
92368293.7
21034364.6
49812428.07
81019115.04
53268451.99
39840808.91
33696855.65
67995923.94
58291086.05
29368860.78
17435955.93
17999919.09
37021330.07
34161558.48
19199546.68
58075388.8
64088966.61
31024402.58
21510826.32
21951633.72
39256317.34
54588886.62
38074204.82
17015652.63
34653044.64
48492723.66
53257990.61
28444000.8
52483657.69
48737164.93
61190374.34
81670274.6
37890828.12
17626437.49
17209623.76
72879620.6
33156036.32
47735136.92
35305283.98
58289648.01
62515094.44
17171172.65
58282692.8
43050793.52
26667331.68
53493990.81
18409315.86
50698887.87
85769529.52
68647083.5
31260707.85
28810928.7
71251721.72
48268762.96
20094491.27
36750512.8
24440577.98
35591281.06
88895259.92
34650319.66
17984357.56
36221730.67
41636617.64
27951327.91
56721741.96
74181939.71
36680172.76
48161865.79
21787641.39
59128419.3
53217223.45
16952138.43
30314691.94
21339217.1
36766039.33
42778082.16
17177649.5
74833099.27
36309741.15
46797949.52
23218127.36
75809838.6
33134046.72
16680832.0
74507519.49
16756663.14
30824520.18
48787358.41
34181027.5
97577844.36
40837768.85
94799417.34
46286662.58
43322211.26
68972663.28
40488779.24
30314691.94
45228846.99
50464540.97
16583538.62
43287916.35
23271982.18
39190728.49
54838401.36
34330982.08
52657168.99
86811439.66
17789485.87
81670274.6
19351119.17
37305973.7
37691369.8
39414070.97
53240323.36
52097132.71
47343238.08
17243745.86
93062900.45
38373699.57
58850251.79
16626007.36
16562342.53
28425014.6
70600562.16
46251710.36
44189932.51
17087037.13
17041262.43
16939351.63
50467380.31
26280555.24
40934252.57
23212829.83
49408982.22
64414546.39
32473304.77
17310639.49
39201653.02
16713626.86
77112157.71
30015471.35
16965038.41
51079272.63
22710278.12
28630628.39
57072316.42
24630667.21
36959725.48
35297404.67
79065636.38
34041821.45
38115039.23
19347013.53
37850633.23
57452436.93
39786641.86
16720181.82
53770020.28
32236516.92
73205200.38
47345083.79
41573980.81
17187576.25
86464136.28
16847934.3
16665486.2
20360889.49
35953192.29
22968397.07
62474350.87
51917774.9
45228846.99
24436783.7
46588042.5
90979080.19
84380316.01
16681250.04
17133497.4
88895259.92
42436700.15
46799636.37
27628721.62
71902881.27
31297604.37
92368293.7
20618105.6
86116832.9
82649757.48
31970900.04
17075959.12
43646172.11
49362588.27
77763317.27
41939769.24
42933411.83
50423713.4
88547956.54
23473104.1
32575623.96
47638665.68
17604973.49
46909035.46
31855100.04
74833099.27
39182791.64
27338905.79
31676295.14
26988670.36
39455273.16
37124131.0
53210778.61
38698999.24
79391216.15
83338405.88
54393341.34
49067482.57
87506046.41
16570830.93
38584345.75
40545770.17
61159234.65
35712374.79
39844907.95
36722429.51
41867402.72
42978265.29
59699994.52
17200183.94
54617142.17
69298243.05
33310844.53
37287875.77
34556305.95
28230382.31
32797650.05
16708831.54
58630608.61
17150503.59
32717165.72
56285387.21
16516455.52
16738419.96
72228461.05
60440587.99
87506046.41
31650070.51
39399026.95
20218985.51
46001873.86
52656626.92
31067721.0
21314628.82
16634244.98
37554695.84
16802279.28
34510395.3
38323918.39
91673686.94
45806355.57
39127190.76
17252481.87
79391216.15
38584345.75
46492048.79
33215677.66
38482189.65
59230104.96
20175771.88
48801835.4
59829601.31
56858431.33
47676589.43
38156382.46
16452635.8
48291149.64
16639277.83
95494024.09
50716832.78
34873183.67
32241827.36
31970900.04
71251721.72
53203013.84
20485025.65
57737465.1
37867195.08
33426063.85
44425326.45
52119921.75
17230596.41
18815121.41
23123806.69
34848815.07
33039470.75
26296224.24
47180974.83
81019115.04
46196326.19
43606777.35
71577301.49
58747866.06
82991102.5
64414546.39
25351439.82
16911543.95
25862000.38
17714331.08
49642056.33
26209906.68
55396875.77
33043235.9
23649617.14
37786211.2
48011700.82
55979418.91
81019115.04
16875740.12
17652432.76
74181939.71
95841327.47
86116832.9
74833099.27
37829078.36
47403745.97
18049422.78
86116832.9
27407344.31
43918052.31
58306764.77
19325167.74
32444672.82
74507519.49
17225137.66
88200653.17
44854650.15
37839680.8
90631776.81
93757507.21
16921456.65
43799993.14
56845829.33
51487634.99
51583523.3
28932831.34
22339924.7
18266592.97
37775315.05
35597749.89
26535940.68
39488574.94
35498914.83
82649757.48
42436700.15
43287017.12
38365500.55
48789376.96
67995923.94
17049919.6
92368293.7
40112564.49
26296224.24
43594936.3
46273579.42
35599862.92
16880431.24
41743309.51
29008661.85
34853937.97
71251721.72
54052237.3
21556813.88
21710867.08
23249013.47
27460821.73
49084695.75
52349025.53
17364611.11
25336899.61
43879617.51
17571398.73
50799786.65
52623216.94
54096264.21
23278048.72
88200653.17
16775587.57
16575728.5
21186299.33
43525568.68
17437965.35
16765784.84
17292908.08
37549582.69
40800898.83
23468549.98
18006323.63
68647083.5
16656371.52
34879604.41
57795726.21
27042946.07
42740004.3
47932647.23
32946937.66
25354288.72
57666113.33
63225036.94
75158679.05
36824844.57
75484258.82
37040133.52
43003795.12
48707634.47
23077311.7
22905122.62
17087115.81
41644956.46
51540145.99
81344694.82
37799082.91
54920949.12
38319837.32
36710854.76
17016861.46
27170368.15
58239709.72
55115631.38
33695063.64
31941712.8
21723924.93
37804997.11
31497383.67
63502572.53
94799417.34
69298243.05
20167142.23
44738684.28
72879620.6
51582226.71
36416720.27
32261475.45
88200653.17
58816987.97
56019719.25
54377854.04
43545852.82
47340625.11
32477236.41
49568360.42
26446874.59
93062900.45
57384935.71
25074145.15
17103856.39
42234600.79
35923177.03
42506021.95
35287773.47
79716795.93
53478323.44
47578902.33
17124200.76
18866644.8
58683022.08
31971205.8
17040655.24
21508507.88
16919147.05
68647083.5
19524842.98
29283927.97
52680121.45
48190933.33
55168791.42
29054058.57
17296196.03
16644750.83
37949825.39
60039037.13
28462533.64
56546087.08
21154081.87
36167144.68
19989446.77
58562902.82
20880418.01
32208077.63
41219096.17
55159094.32
44316971.37
16598139.44
76786577.93
35162119.5
17930934.69
25029315.43
27242905.34
32008737.07
88895259.92
33102619.95
20719635.04
89589866.68
18873997.32
90979080.19
49346163.66
37004860.79
17217497.34
16911757.97
51766848.59
48439866.75
40089785.73
39746576.8
16884475.71
25119716.58
16702054.83
24222027.09
20254479.53
28466632.15
16451657.14
65065705.95
84380316.01
16556291.96
38113847.99
95494024.09
17042490.78
29291148.24
30230066.75
64414546.39
38671112.89
17165116.09
35231202.55
17022127.17
59826454.79
41961909.12
48788077.09
33668508.07
42740004.3
51525817.79
16663608.07
22564246.22
54376498.5
54610494.48
17177408.75
36701520.32
16543872.08
93410203.83
55229421.52
16938729.83
20936851.83
17424219.71
75158679.05
17209919.84
52204117.72
19354501.26
55008417.06
40557999.52
19678284.19
29637688.92
88547956.54
45178090.95
22272339.57
41887347.98
36775377.06
51474116.02
24166679.61
57138553.33
46287612.32
17550516.65
17718843.68
16909532.21
36205275.49
61529459.13
42162290.79
69949402.61
38120071.58
70600562.16
54433451.13
16692252.55
37269866.67
30939876.39
84727619.39
18906110.48
16473771.15
16665486.2
39164136.79
34198629.76
29643657.02
72879620.6
39479522.57
73205200.38
16951603.6
37248267.83
88895259.92
44642656.37
67344764.39
45160893.4
16589733.51
56793074.91
41147745.71
39297326.72
23501820.99
26431102.45
84727619.39
27279149.92
42434188.51
18049120.43
44364142.67
25159822.41
17318605.33
52931191.17
35127846.29
24694044.18
88895259.92
53210778.61
36765032.85
80367955.49
35175981.42
29342311.08
39165789.85
16549868.06
58468599.63
34613895.33
53818957.66
29068950.46
52479280.82
44152471.98
36828164.98
18028118.46
26060014.45
31970900.04
87158743.03
17082668.55
64088966.61
24672828.78
16629031.11
36745189.76
18223225.54
43833176.41
20663411.84
54934605.72
59414831.44
16535321.46
49576260.75
16885195.24
81019115.04
81019115.04
93062900.45
16857067.62
87158743.03
24672828.78
42709355.19
20468782.06
25025739.47
92020990.32
28998819.64
16746683.91
35393518.78
19248526.45
51819265.91
35559757.23
66368025.06
86811439.66
16485382.99
17053646.67
37856593.09
17408439.44
38932873.83
59414831.44
34873183.67
16743862.12
33163448.03
67995923.94
16713019.96
69949402.61
49346163.66
16691443.41
85422226.15
16592631.21
49879217.06
17270719.52
54339237.67
50702818.85
45993501.09
49536636.98
50243619.06
68972663.28
59525734.27
86464136.28
19414327.41
16966831.06
27495741.77
66693604.83
26060014.45
17185164.51
57681286.54
44425326.45
47080735.99
81344694.82
32681331.98
33107053.55
29586501.14
17270877.28
82321434.15
63163450.34
89589866.68
30587991.93
82321434.15
60142364.41
16854001.41
24171045.89
33799915.51
69623822.83
16499733.71
42015127.41
36494957.69
56783169.44
37778943.8
32207154.19
74507519.49
96188630.85
18433264.89
37233994.21
32424000.37
38169912.16
19529475.62
20936851.83
55737008.87
38393495.77
17093497.49
32511557.95
53773114.06
23249013.47
68321503.72
52978569.1
68647083.5
19820626.91
28219473.53
35098533.72
85769529.52
38392300.52
45005622.78
39706115.43
22420251.07
34822985.99
62135383.72
16932396.38
17029474.49
89242563.3
84033012.64
17429477.89
58002519.88
73856359.94
52325303.09
81995854.37
46574722.83
16966831.06
21973349.47
22160488.59
36135719.52
39840808.91
22994783.66
28579900.33
47578902.33
20471409.96
17129294.74
35650929.98
48416471.67
23653163.34
35233082.11
93062900.45
61868548.2
26224270.63
48791702.48
32207367.89
72879620.6
29405520.87
25865549.54
47080735.99
33844535.77
18114484.55
39481875.33
16779072.72
28816975.92
52362383.68
24643148.26
78740056.6
82991102.5
38346475.3
25853393.33
53197761.73
35869877.01
90979080.19
44362710.65
23092379.17
22240930.56
54610494.48
38864376.92
42578298.6
54715342.1
64414546.39
18484371.69
89937170.05
18982469.58
35089667.41
42778725.55
26461236.24
17843298.83
40058469.25
73530780.16
22407776.59
17068803.19
67670344.17
56350087.99
62176127.29
37230814.02
51598400.9
17340354.23
59727559.51
30964422.4
34774677.04
95146720.71
34230490.07
17204194.7
59457492.39
84727619.39
50137103.03
83338405.88
39978709.85
51304095.85
40384330.19
62088672.99
34470537.05
18967196.05
24972917.13
32340958.01
19524842.98
48470019.21
34017599.84
31198823.78
31851531.17
74507519.49
67995923.94
37305973.7
94799417.34
17131746.41
44425861.91
26062406.67
89242563.3
47089419.58
40758360.98
16465152.86
20161244.34
35155692.79
17240957.51
32840080.64
16779651.76
35672413.23
41373197.28
56091948.81
41101464.02
67670344.17
42558766.48
16686953.88
70274982.39
70274982.39
42740004.3
23848567.91
42727590.96
37224650.06
28698683.03
58330969.51
27477383.73
48257159.92
17068465.96
49904970.03
69298243.05
23938657.64
41622919.57
17257412.9
17026990.13
81019115.04
47020523.38
45108631.21
17863173.17
28661235.1
16995356.86
33665701.44
34390656.98
49066760.47
16511198.62
57461095.57
16837097.25
29633897.0
53490366.05
32172995.11
34306333.71
18730706.63
55396875.77
87853349.79
33823559.05
34896117.09
47616422.19
54616588.97
81670274.6
52680121.45
16747541.55
67670344.17
46881264.94
18798338.32
47419771.72
26298471.91
25572688.36
42705525.82
51022637.53
37892041.79
64740126.17
17196318.92
65125733.27
17137689.49
16992353.49
42792956.91
16451657.14
33385141.95
53490366.05
48749112.21
21944198.87
39207969.12
40656097.02
38621105.63
76460998.16
40800898.83
17190841.09
43866356.77
90979080.19
49586400.27
43799993.14
91326383.56
50368100.57
24882334.84
38826494.29
42034511.87
32480897.11
16529091.97
67344764.39
18316876.96
88547956.54
17387892.19
83685709.26
96535934.22
20100569.03
24912687.27
19242642.48
34010549.7
17056309.94
42933411.83
59419958.81
39438174.76
54052237.3
83685709.26
85074922.77
46317271.94
52043406.45
33003503.74
45182454.07
32710117.44
16925039.44
52352143.98
21726886.24
43050793.52
30230066.75
93757507.21
32472600.9
26340615.76
68647083.5
85074922.77
55953706.68
17180977.83
33024356.28
39751144.65
44091376.36
46500252.41
37166801.11
19598383.79
72228461.05
37803384.64
16473771.15
37271550.18
53758885.15
17297332.8
45282856.15
18812061.6
85769529.52
45242353.0
36488261.38
34509299.92
85769529.52
44684654.45
41030229.3
19524842.98
44970185.63
35435120.48
16580933.07
17208156.95
34384853.56
32623725.13
22389968.68
23092379.17
57980589.39
28658772.02
34446826.93
37917855.96
57977948.6
44378569.85
17587511.4
34650052.91
17384011.51
17022127.17
41616272.71
30230066.75
71251721.72
37892041.79
18905305.29
40294418.67
56334270.25
67670344.17
59529853.14
92368293.7
77763317.27
21695278.63
34239627.12
20621799.1
40214624.56
83338405.88
19136942.27
31971205.8
55394980.92
53534646.99
70600562.16
39515183.81
48491736.45
16729806.88
25157632.82
24643148.26
48749112.21
67670344.17
93062900.45
34553794.3
17118278.04
51487634.99
90631776.81
33578388.8
40557999.52
38658693.74
36560927.79
16508397.38
16476943.77
16485382.99
29368103.8
47633219.34
83338405.88
57738631.15
37821879.24
57418675.38
23986076.05
16702054.83
49891300.25
41418476.96
59829601.31
40118650.84
36429877.59
52979339.11
17150792.22
48781366.07
16907365.55
22346790.44
23561920.96
58783054.96
37012208.6
65537700.89
22377934.47
79716795.93
17918508.52
83338405.88
24128009.99
93062900.45
49809714.99
45298563.8
16660687.5
27521665.95
33578546.5
54889558.34
34622797.0
34356378.47
16957661.12
79065636.38
65716865.5
38191151.53
60127175.31
17233199.57
35597749.89
84380316.01
64581752.44
27539937.6
42242727.19
48720871.5
35127846.29
42024607.66
42021973.26
42830592.68
50088907.78
31425914.64
45242353.0
39414070.97
18162119.2
43302489.94
22424822.93
55274398.78
38971324.46
17003264.98
27157655.01
50732350.34
73530780.16
41101464.02
16985257.88
64088966.61
81344694.82
89242563.3
17352594.7
81019115.04
55815635.56
83685709.26
21605283.7
55494368.09
20449830.25
20641073.35
35977907.95
55789727.28
37879279.97
57747633.41
19300065.84
16583995.72
22146727.25
27865125.5
37535948.47
16948503.79
55168791.42
94104810.58
34072290.14
56601730.24
26446821.9
16659610.22
48567167.37
95494024.09
82649757.48
81019115.04
44636909.7
27994135.72
41071066.36
59743191.75
16821712.42
17701057.4
21837134.48
27865125.5
57188527.18
24215648.77
30831174.84
18114484.55
86811439.66
38657126.07
26098177.37
35335446.62
17945500.15
84380316.01
40083588.53
54169781.04
58816849.09
77763317.27
18462443.05
65391285.72
32717668.08
16908229.14
70600562.16
39242479.7
32526880.3
16656371.52
17289559.7
39536872.2
41030229.3
37521738.98
75809838.6
53719041.28
54889642.95
34384853.56
16477994.24
57236432.68
23612550.37
47896393.55
36467682.81
16659869.08
22160488.59
27848702.07
60419823.69
35712374.79
25722464.05
17604641.88
35688707.52
38052231.38
16898476.51
17731843.78
29775285.68
88200653.17
67344764.39
49332907.6
39136647.08
25808627.04
81670274.6
16619918.1
42296515.34
34233921.0
58930356.78
16638144.18
59115838.17
55511370.5
26325790.81
48198785.69
17276825.79
21154081.87
45500945.8
16821712.42
68972663.28
30816559.19
26683222.23
43575094.9
65391285.72
33557154.99
70600562.16
16921963.95
76786577.93
52995857.8
56234480.67
18707229.6
66368025.06
24407092.72
49337626.54
33424358.06
56052548.72
20186230.26
22202992.28
41861042.25
87158743.03
19031818.36
64740126.17
44618021.31
35955217.64
16670220.58
27982114.55
72228461.05
32613472.36
30664059.78
95146720.71
34946739.52
22491846.14
59525734.27
24069241.1
38151875.16
82321434.15
51205712.36
46468260.01
42732019.69
19571772.03
26770671.92
42197588.97
90631776.81
17126910.88
19108357.6
39025596.88
17200755.09
16508397.38
31477609.18
25395927.86
79065636.38
16988571.44
31953201.94
34099255.25
67019184.61
23702932.81
84727619.39
67995923.94
41049554.52
17244106.28
16468505.56
56298187.39
16961242.25
93062900.45
59417263.91
16865928.29
70926141.94
26060014.45
37037120.97
16750299.74
18919393.97
37778943.8
17220594.05
34340413.68
95146720.71
35469911.01
23732612.08
96188630.85
62515094.44
29901918.59
24917606.28
35656971.34
33853979.61
18765422.88
54640835.32
17288172.19
36735775.16
69949402.61
16748456.7
43771192.3
23779797.77
74833099.27
71902881.27
27868727.7
48470019.21
40873797.39
16821280.66
19416643.0
59142001.96
51534135.17
20721199.35
27241137.24
35925004.84
17053646.67
42286946.91
49038989.35
21070480.69
25590318.07
31970900.04
17287863.33
16909130.48
31024055.4
27270655.92
56860079.8
35403826.23
16502319.76
41916718.22
57698797.44
96883237.6
26098177.37
47020523.38
49809714.99
33444515.97
38042080.9
16567832.26
67670344.17
32852072.36
36476138.52
43122196.14
38429119.3
78740056.6
21074221.58
50523062.43
22842501.92
42568441.34
16756663.14
21468203.14
24410447.65
16803281.99
16452635.8
47949160.0
42732019.69
29175614.46
45771686.42
17096326.93
44370834.46
49028205.2
42140030.81
35650026.97
16976180.89
27612407.31
33958403.0
16774907.41
33498468.9
50187298.21
37821879.24
33915228.26
36294518.07
35563282.51
24882334.84
19896115.0
86116832.9
17136006.71
43011786.82
86116832.9
42454842.48
71902881.27
18873619.16
17680922.51
23848567.91
36239011.69
35712374.79
33051146.28
51484921.97
34702665.91
34289781.32
18519390.88
47951182.04
32881253.27
18006323.63
33904237.99
56397576.22
71577301.49
50088907.78
33517629.19
46315228.19
49346889.18
16583538.62
53462152.79
89937170.05
64088966.61
29756990.05
47387603.89
17137689.49
52377505.85
44292907.43
58258066.68
26561994.48
16608105.92
45458157.51
16758067.41
47147586.85
18543528.54
53750800.39
58819425.51
29604604.44
52938982.33
26933411.25
54360732.19
96535934.22
50112976.84
42837899.37
37854187.9
64414546.39
52413058.64
30295502.82
33211735.26
16686244.39
40041594.28
27392329.32
23060185.31
16994402.93
40026779.86
32473665.22
17633841.89
21946751.19
94799417.34
31057001.72
32525729.37
95841327.47
17244578.47
51862950.75
54896681.25
59094523.55
16924118.87
32903880.15
19015304.15
17282586.25
42507996.95
26802015.59
18038170.05
24748540.85
36102829.42
44683273.46
68972663.28
26565643.21
50115505.56
68647083.5
26334362.17
24793117.12
16741248.95
66693604.83
81670274.6
17180340.5
77763317.27
27004902.91
17190841.09
31201701.22
49266844.1
64414546.39
32207367.89
17604641.88
84727619.39
40253999.23
84033012.64
24396650.13
35107311.48
27207863.72
16692252.55
45570659.76
77763317.27
44070922.78
43547351.48
53210778.61
40577721.63
22190517.8
66368025.06
37003153.16
17335567.96
49892061.21
38443558.49
54056453.88
32609735.24
17142795.32
92020990.32
67995923.94
28956821.05
35661519.77
29066836.53
28218238.59
30239603.18
55179458.62
56234591.88
16616640.96
37668735.42
22813787.9
41302102.84
33566490.4
52082178.39
47419771.72
39569067.68
26298471.91
16760345.08
41636617.64
31676295.14
24209552.61
19328432.65
68321503.72
31188563.45
16547215.01
35659243.42
39983137.96
24204536.91
46315228.19
43102449.45
59425867.0
17147603.64
20621799.1
21551515.65
38373699.57
17058831.4
17151706.77
52651603.73
70600562.16
36243458.77
29870392.58
51293605.56
37284481.42
71902881.27
58002519.88
21057400.37
40331715.15
32954482.33
16942383.82
40112564.49
36307847.58
48268762.96
58189340.7
21011687.81
87853349.79
31534182.21
97577844.36
31261086.47
16777751.52
17212658.42
38637914.22
17133820.4
64740126.17
37371540.77
52960222.4
42661518.22
16673661.26
27112462.07
44923051.19
52377505.85
50137103.03
25617214.44
38323918.39
92368293.7
89589866.68
86116832.9
25973035.34
53818957.66
36188198.98
93410203.83
39207969.12
49840666.36
89589866.68
21686688.35
59441970.92
95494024.09
16885195.24
76786577.93
16506463.37
23935028.89
37667268.49
52372159.64
28826707.48
29160932.5
45277529.95
16953343.04
75484258.82
20167142.23
55727090.49
17597983.56
25150307.87
38052231.38
38596442.99
31777649.33
17649424.55
34228447.54
50184383.91
26819222.17
36243458.77
95146720.71
39686630.91
34042843.91
42490262.11
45708791.33
93410203.83
37506468.38
19850900.21
35776039.59
16829454.66
84727619.39
16844327.8
42389629.16
55773058.0
93410203.83
41475272.19
42432786.35
16779991.9
16511198.62
87158743.03
32391687.57
46588042.5
96535934.22
17152093.95
38664940.35
16528631.57
17843298.83
16799508.73
96883237.6
38122058.45
25865549.54
45195754.69
69949402.61
44836716.2
17055067.51
46797510.9
48426324.42
33153517.06
42732019.69
35231202.55
20182573.99
33971226.15
67670344.17
35411610.47
17276988.54
17308358.41
45434381.85
47996811.3
38399933.03
33784082.85
92368293.7
58865205.84
18165086.61
16805536.27
65065705.95
33976137.37
30347285.33
39190728.49
23512849.52
30189129.34
36309741.15
58017714.41
16898476.51
21260975.84
21805877.06
46741334.3
41199683.82
18917228.3
34701482.64
88895259.92
37021330.07
59418254.69
34065442.21
20317690.46
86811439.66
38592106.91
46537111.34
38076504.71
17869049.97
18085789.38
28897461.34
41071066.36
59741944.06
42707588.87
41302102.84
85769529.52
25265530.43
34613895.33
33201090.28
20199386.84
18479299.96
48416471.67
33240209.38
30587991.93
89242563.3
43594282.64
45773048.62
88895259.92
58562902.82
36988288.89
53214869.07
16671263.21
56234480.67
16632012.9
21941768.17
48198785.69
24685771.15
34859418.97
23376647.78
38383928.12
39709949.79
16619918.1
45773048.62
37012208.6
59529853.14
23031181.76
16692831.2
16496906.21
40384330.19
52936296.95
47104939.26
23038660.57
90631776.81
34446826.93
37506468.38
16593976.94
33821551.27
17161397.64
79716795.93
28484457.23
17310908.2
19232307.86
17452826.99
16779651.76
34967256.64
17142909.01
49625566.84
33372781.23
40776949.06
53816833.63
45186300.18
53741821.02
65391285.72
16738719.92
35137871.46
51813476.66
23973601.57
42267116.16
46196326.19
56297240.37
38910340.34
35046857.11
47089419.58
16619423.02
53162996.39
93757507.21
53770020.28
97230540.98
58816987.97
38936420.63
37038266.25
38113838.77
31176598.22
23597178.67
18513808.66
91326383.56
53548572.12
22600781.08
55677969.75
53469883.6
17004151.03
26101558.6
46608371.74
32007486.69
84727619.39
51279640.48
37839680.8
16809943.6
49298878.48
71902881.27
49264712.13
18419294.26
19603706.71
66042445.28
41888908.11
19338931.23
16986771.58
60119689.89
17020179.24
29133796.98
44909681.88
31526387.98
96883237.6
41867402.72
19950355.16
26534564.38
25826357.69
89589866.68
93757507.21
50743962.23
33268963.88
45182454.07
76786577.93
41691823.22
18905305.29
18244725.89
44615520.91
35670712.86
64088966.61
36776585.91
78088897.04
16681838.93
32757964.58
16460077.42
43205305.44
97577844.36
21966085.5
57977948.6
37308208.38
36745197.01
67019184.61
92715597.07
30768314.54
19733577.31
42125896.24
47676589.43
35422200.02
35682338.75
56406216.07
51766848.59
56115259.6
86464136.28
94799417.34
41343669.54
96188630.85
87853349.79
76460998.16
17350562.74
17680922.51
40888118.3
16482408.79
42233964.24
17333000.61
16701947.85
49348190.21
55783150.64
17353952.27
46589388.8
53542213.22
72228461.05
87158743.03
36244482.91
31176598.22
17161397.64
45458157.51
16811403.65
87853349.79
57402095.92
17084499.04
19815326.48
64414546.39
16646699.13
35117058.06
47427085.73
96188630.85
56843714.69
17662522.79
72554040.83
17112147.15
66693604.83
24084638.15
17261288.37
35054612.27
91326383.56
44683273.46
17807707.53
16543872.08
22489728.3
35762847.42
16465152.86
39942756.44
96188630.85
79065636.38
42780067.72
33156036.32
54868482.66
39787905.5
20905285.66
17131746.41
23848567.91
34622797.0
54052237.3
33756059.87
95494024.09
59419958.81
16488458.85
41594786.22
38427891.36
48229266.34
40758360.98
22782328.48
59021995.44
18982469.58
81344694.82
17199663.27
54870970.48
58930356.78
36414131.45
25115309.21
59156013.69
57072316.42
34089963.29
16832171.09
28060411.74
56069897.8
41424360.8
55955352.0
87158743.03
89242563.3
42732019.69
21250335.81
54093879.44
30768314.54
41373197.28
23691237.98
33904237.99
