32912070.8
33996208.38
33942962.73
41050710.65
33436211.18
33591209.02
54419708.48
39740142.83
37245999.52
49013303.09
17105740.11
49013303.09
29745707.12
49389236.32
52415090.49
14497751.93
21354831.3
53221841.69
77055955.49
53201833.4
25793006.34
76079216.15
46549542.14
79009434.15
24511387.77
19246653.68
32099610.47
13425367.22
43505519.69
21915472.94
39688339.44
40731950.92
45680791.82
46528722.89
15520802.04
84194046.41
34530438.2
39156237.18
15338350.92
13442705.71
67939721.72
74125737.49
36982418.67
66311822.83
25988960.21
45968377.97
40437104.64
46567217.06
31600420.29
47338010.22
15324958.8
43429334.3
42953306.21
14476593.86
82804832.9
54364908.12
75753636.38
85583259.92
21249986.67
41324909.7
43429334.3
33170745.29
30848065.77
41796631.21
52922591.88
53760316.42
43987712.74
51587379.39
82804832.9
70869939.71
47893712.36
40515195.93
45986878.48
81762922.77
82110226.15
21249986.67
51577642.95
44320763.05
22108721.92
75102476.82
47617207.8
91487417.34
84194046.41
52944677.22
44918576.79
25277589.0
51889077.48
36747740.03
39077629.16
52364113.88
14715287.85
86625170.05
38051904.49
93571237.6
45826775.84
73474577.93
39142842.48
53860893.23
45383661.71
84194046.41
24811845.28
81762922.77
51904247.16
50208424.31
26945740.03
22372012.35
73474577.93
53481074.91
38069234.17
25195945.46
23326317.73
75753636.38
31291284.9
50488525.93
30251343.29
39373529.45
91487417.34
28949475.45
68590881.27
34059314.38
32134844.55
13297597.41
25400842.52
51298494.48
13917669.4
71846679.05
51524281.83
13567646.35
89750900.45
65009503.72
54318824.12
49282941.74
36185721.09
16614638.2
37233770.17
69242040.83
63056025.06
21283973.81
53828202.69
34407512.25
13265214.39
13770542.66
41644748.17
75753636.38
13475604.7
70869939.71
54719338.99
13254420.26
33725120.97
65335083.5
30004135.07
61753705.95
62404865.5
57128587.99
28394083.42
41578710.15
71195519.49
65986243.05
36439144.65
32598239.86
14042612.58
82457529.52
28936120.15
60776966.61
76730375.71
49683857.8
13451776.51
39428004.3
34313895.09
28924715.23
13404122.92
39893305.44
50187052.59
87319776.81
32870537.69
54648479.57
65335083.5
40787015.19
20598557.62
44825281.63
61753705.95
42172262.49
44709072.59
47669924.29
54877340.7
50227526.83
54369286.54
62404865.5
37810471.33
57847234.65
43211738.4
29216817.01
32087758.55
32905281.34
22150556.31
69893200.38
64358344.17
51577642.95
89750900.45
42444470.02
31550201.79
31833587.17
44326665.68
33176261.38
46847301.19
85235956.54
22433821.22
45726989.35
82110226.15
74125737.49
34120846.32
39394638.41
36902624.56
16398610.4
49623748.0
78032694.82
88361686.94
28873476.31
31236922.17
48760553.0
66311822.83
52147537.85
93918540.98
37835745.71
29406325.13
65986243.05
31745685.29
36939304.27
13841573.23
23782846.94
50451442.16
35591458.64
45662851.76
52410881.22
13265214.39
18077133.72
36671137.96
54140436.93
79009434.15
31850119.5
39699786.82
31005048.61
48263293.05
17960692.49
86972473.43
52926640.2
53548079.8
40437104.64
39939020.15
89750900.45
21121917.01
37264685.53
82804832.9
54927709.72
60776966.61
33975875.77
29160600.9
76730375.71
23386229.96
13650052.85
65335083.5
45662851.76
59501318.02
33996208.38
36943689.86
31550201.79
32094001.04
13429844.78
15324958.8
54927709.72
35591458.64
32729942.28
36143273.16
13510732.71
45712282.87
50991189.23
45197976.88
46776907.78
38286894.5
26141688.04
27761238.59
40753480.37
17524476.68
51573513.22
58484416.57
69242040.83
32906928.53
20975389.34
78358274.6
49311216.94
61428126.17
49389236.32
48200785.5
29691503.74
20527491.3
26757436.26
49460157.14
34801838.77
13354552.78
88708990.32
45964848.91
75753636.38
61428126.17
47153838.44
14492860.56
26811311.28
75753636.38
19375045.32
90098203.83
40460257.42
39740142.83
29795053.55
55018969.51
42942200.68
64683923.94
32718588.15
19723401.12
35932319.42
52135939.89
13412162.93
44354892.34
29784218.12
22834311.71
50740237.3
25570040.18
44287356.78
34783457.98
85583259.92
28506175.17
31655256.64
28098882.03
38923928.68
29480292.12
76079216.15
17845450.25
56517601.31
31345090.34
17032093.71
54085755.8
45726989.35
68590881.27
32626844.2
27692559.36
41823676.22
20246893.38
52690011.02
44287356.78
66311822.83
55538251.79
19096751.72
22363829.94
14620083.45
17896471.16
32665907.95
35081495.77
31005048.61
86625170.05
40215331.55
29452929.3
41524716.2
15391155.39
51892038.4
35098391.18
13679115.56
27048724.98
88708990.32
25095241.12
55803838.17
56116177.35
53569863.03
48172921.97
38604718.22
41033343.31
21680395.55
66637402.61
76079216.15
38450699.16
80721012.64
49563168.21
22777195.54
91487417.34
32707580.28
42090467.11
81068316.01
31291284.9
72823418.38
19877532.31
35571917.91
13449910.08
25195945.46
85930563.3
18833588.87
47669924.29
45680791.82
52364113.88
89403597.07
90445507.21
31794271.49
85235956.54
32707580.28
48507265.91
14041952.27
63707184.61
40778923.51
33942235.24
47916178.08
33692860.79
45668524.07
30222437.18
13531027.51
52415090.49
88014383.56
30194681.93
33527681.7
72823418.38
76730375.71
35637004.17
52450362.12
89056293.7
51805637.65
39349518.22
23657884.47
16132205.99
46832608.76
40787015.19
35031789.58
66962982.39
83499439.66
57847234.65
45680791.82
31538154.47
39963573.3
49010648.69
37233770.17
32380534.23
46546870.7
71195519.49
33436211.18
15581306.14
13980020.8
29409437.38
15750621.99
77381535.26
75428056.6
49124867.72
55830001.96
13623586.71
80026405.88
46800976.84
29882835.93
29712356.28
48734073.51
41252809.71
33180015.92
37254082.22
22433821.22
55202399.42
62730445.28
45426897.17
18942271.67
42669490.2
40266871.65
90792810.58
56830364.41
42942200.68
52973387.21
88014383.56
80373709.26
41050710.65
47669924.29
21017491.48
32360761.96
55258635.76
30500171.94
32116195.42
91487417.34
36448827.92
26995018.44
26620848.14
16168453.77
22136948.64
89056293.7
76404795.93
28543100.04
31857025.77
38805744.28
45212199.05
14090958.86
32380534.23
43987712.74
30598711.93
33701682.23
31869316.93
13496534.48
42409697.25
35887691.86
91834720.71
50964475.53
86277866.68
42461048.62
17212488.27
64683923.94
76730375.71
48565881.41
34740231.38
72172258.82
31975773.47
27796413.87
26708602.17
14455318.85
44573485.51
50208424.31
32374386.83
28949475.45
50506957.66
89403597.07
78683854.37
44294481.54
55817875.03
48731406.45
48830379.09
34530438.2
44914933.74
91140113.96
38069234.17
31310797.0
40760667.51
29274293.15
23170330.3
83152136.28
50991189.23
29255203.77
31389482.64
57847234.65
51524281.83
25195945.46
89403597.07
42666972.46
44834151.96
37174492.68
81762922.77
79679102.5
13425367.22
31338319.66
26577511.5
30656640.23
75102476.82
67939721.72
33142837.47
42688795.7
36450681.75
52758417.58
14271669.73
31389704.61
14091633.08
62730445.28
34463043.35
81415619.39
76404795.93
47633597.3
55307247.62
41058834.46
66962982.39
13688185.25
37718229.3
50684196.04
44886785.69
60776966.61
93571237.6
62079285.72
49843423.16
76404795.93
84541349.79
42967614.31
35006288.57
31019023.49
73474577.93
46007062.23
30202245.47
33197009.86
80721012.64
30033490.73
83152136.28
14431638.24
73148998.16
31294781.33
13621952.13
39420019.69
73148998.16
39963573.3
88014383.56
73474577.93
50457030.6
28780410.19
56431191.75
26705659.44
64358344.17
25904859.95
29690382.93
69242040.83
22363829.94
29079687.57
82804832.9
13743785.78
48452164.21
53508075.53
32259120.44
39944419.89
62404865.5
36671137.96
24250935.0
50684196.04
35571917.91
82457529.52
16634483.17
30777963.29
32643217.64
14891145.12
52758417.58
40980907.43
40437104.64
69567620.6
39670010.23
21188136.44
63707184.61
40233852.82
43708523.38
41714467.84
33938679.25
44852495.22
43768735.99
72823418.38
13980020.8
13877027.57
91140113.96
93571237.6
87667080.19
35049295.79
71846679.05
39942669.95
36666709.85
64683923.94
37291690.28
13993871.83
15542666.79
55011078.92
44031238.08
37254082.22
31107989.67
66311822.83
15543948.44
39120786.35
38392438.17
83846743.03
27283765.47
42202520.37
77381535.26
40732076.0
72172258.82
53201833.4
28405593.16
26231212.39
51525034.49
32146772.6
53223787.4
13731697.2
32870537.69
20465326.05
91140113.96
31891501.55
87319776.81
52665567.04
38870098.34
47111713.4
49379770.22
29216233.7
54710476.07
13975368.44
21196858.44
73474577.93
22363829.94
80721012.64
67939721.72
16398610.4
40451123.09
44435763.69
22578681.74
33996208.38
37484564.45
20141730.83
19641290.54
14075812.7
29480292.12
34759392.02
56714956.92
34857912.16
75428056.6
33670908.75
56830364.41
51975968.51
46214309.39
34831657.09
48006920.38
18127007.46
36358240.54
51803631.38
76730375.71
25523043.78
39127656.31
92529327.47
49898791.68
14455256.81
34559294.14
73800157.71
68916461.05
46035088.21
31284587.36
33462567.7
15173321.38
40626190.07
16319197.15
35895969.12
43461170.48
19373339.28
13608303.46
32247757.23
42939802.98
13501677.46
17680296.38
52643352.0
70544359.94
33319115.65
28881118.34
62404865.5
20717997.39
41322502.96
88014383.56
27657424.75
63056025.06
34245953.04
56102831.44
30807414.91
21172036.52
44052733.85
38276177.01
65986243.05
20248077.99
82457529.52
48786925.8
65335083.5
19506820.59
88014383.56
90792810.58
26811311.28
19877532.31
15826850.94
62730445.28
42137894.1
44015479.93
45437112.21
49891013.84
38805744.28
47390818.85
49571762.59
52387683.74
31603789.59
27119621.17
26468420.19
83152136.28
30746762.14
46330056.33
45122750.13
28744393.53
43708523.38
33676288.89
41818755.31
42530765.98
46221235.97
79337757.48
62404865.5
65009503.72
44306946.82
55504849.09
33588761.08
14492860.56
14371863.17
14049326.23
35190392.16
92876630.85
21034692.32
56131827.6
24250935.0
31509100.45
13482337.49
32895721.9
14188159.63
51856791.42
75102476.82
38612719.78
16016785.19
13510732.71
33743975.94
42362187.85
89056293.7
31827590.9
18559269.54
88361686.94
44599848.19
62730445.28
45166850.71
70544359.94
13784364.45
44294481.54
66311822.83
24737982.74
61753705.95
66311822.83
52364113.88
24511387.77
47992095.85
32912070.8
13553332.83
16384346.65
83499439.66
28947329.79
82457529.52
40235351.48
29969382.96
45968558.34
15750621.99
66311822.83
40709005.19
15026499.03
13468140.5
35576616.17
24830450.27
65335083.5
36974269.35
92182024.09
43736478.31
69567620.6
30545792.54
86625170.05
16816169.02
29356770.94
19641290.54
74776897.04
49316939.93
88014383.56
42802885.65
56514454.79
24356034.72
81762922.77
52742747.28
36666709.85
46889001.54
65009503.72
55156599.63
28132038.23
69242040.83
16434244.72
41269767.51
35598340.34
19591465.64
74776897.04
21514924.9
34047961.37
78358274.6
32108945.55
77055955.49
18224263.68
38541037.29
31869316.93
84194046.41
32327768.68
93918540.98
40484557.96
38994397.57
23796826.43
32195978.36
38324617.64
36688429.56
45668524.07
90445507.21
35624420.63
90445507.21
14132594.46
29081773.37
31804749.26
61753705.95
28269513.97
83846743.03
68916461.05
17105740.11
68590881.27
77055955.49
48786385.84
13276008.73
51019360.55
32438671.43
49850996.39
13425367.22
39971583.38
90445507.21
54419986.64
45146907.63
26850601.17
62730445.28
38612719.78
36457655.2
48734073.51
13717936.08
62079285.72
52694243.4
35344718.8
65009503.72
66311822.83
51360839.66
52987839.43
46779621.62
68265301.49
32060983.9
89750900.45
45197976.88
50461114.06
41302929.51
38069234.17
33410429.51
18127007.46
55618356.78
72172258.82
82457529.52
48527821.94
29986007.69
42961579.42
22946550.9
55007231.48
56517601.31
13729346.67
24329322.7
31532079.04
52199370.5
65660663.28
51360839.66
90445507.21
40484557.96
13243626.41
36475905.5
23069924.92
39122877.23
40539053.84
54318824.12
53481074.91
77055955.49
85583259.92
25222476.26
68916461.05
13924674.36
65986243.05
55318608.61
36939304.27
24092290.34
24132230.04
19724878.01
13841856.81
44878933.33
50578248.98
37245999.52
52362330.47
35733487.99
54970692.8
80373709.26
79009434.15
35073272.56
44878933.33
49124867.72
74776897.04
41602478.27
30487915.51
34492997.11
40996884.91
50242850.08
49850996.39
25282717.76
36759943.62
50438098.41
51298494.48
51292085.51
48807921.75
33516164.98
31873570.54
39753100.58
16600244.91
24032104.88
38541037.29
31284587.36
31301895.33
29480292.12
17285569.39
55610799.56
63056025.06
39688339.44
25285957.87
37488898.83
52944677.22
51247166.91
74776897.04
44365904.71
31072853.56
42152528.47
47335302.5
56217853.14
29445964.58
19067941.63
91834720.71
25208645.96
65986243.05
35272345.75
14280224.56
34226273.65
48821528.01
41594295.26
32633841.14
13959780.22
50130230.19
28361688.3
79337757.48
40515195.93
91834720.71
13517814.37
46385696.06
25040490.14
37363562.52
36394115.43
47929596.53
33591209.02
36430888.49
68916461.05
27048724.98
32108215.19
74451317.27
92182024.09
50187052.59
90445507.21
22235421.06
26377662.3
22834311.71
36087026.95
51624767.01
16021064.21
48226908.25
63056025.06
54090095.92
51856791.42
70869939.71
32374386.83
49571762.59
22363829.94
43779939.11
14694358.78
44606720.67
20407884.84
41524716.2
45146907.63
40731950.92
38923928.68
16816169.02
36993376.4
35543396.83
13494168.36
26505127.74
46221235.97
13756321.2
28643333.36
47390818.85
52449334.18
29263623.96
62730445.28
22128649.95
29217600.77
78683854.37
43005271.94
70218780.16
82110226.15
71846679.05
64683923.94
40209934.24
26468420.19
43505519.69
25669233.4
45716205.2
85235956.54
63381604.83
53252549.21
79679102.5
90445507.21
35812649.71
38549042.25
28895154.19
93223934.22
23626810.81
32583318.78
14441569.74
50688698.01
13728775.09
36405305.49
20160807.89
70544359.94
47407469.83
30276555.25
91487417.34
32878809.27
53521202.71
38900259.13
14188159.63
53521202.71
34545716.98
54404654.27
13756321.2
52449334.18
52169205.83
33782033.85
78683854.37
29409437.38
66311822.83
29978751.16
73474577.93
46889001.54
29926364.57
38051904.49
54699536.34
13286803.07
27708052.31
41386023.41
18559269.54
55311681.78
32452750.47
28743375.63
19208179.68
32134844.55
86277866.68
39893305.44
19012198.84
51345310.52
17763147.84
25332627.49
40787015.19
26282367.22
49648222.4
15363589.66
13870245.83
29253381.78
20717997.39
42884326.19
29216233.7
13416983.85
75102476.82
52135939.89
47921790.52
93223934.22
33198250.86
51867458.62
31310797.0
55504849.09
26742546.44
48722512.57
26577511.5
78683854.37
45941416.73
42340468.04
35843264.07
94265844.36
54085755.8
49292532.66
30245154.99
13429844.78
85583259.92
21536161.82
51526401.36
37254082.22
72823418.38
28629712.8
13539132.71
18077133.72
48830379.09
69893200.38
22599055.85
63381604.83
43505519.69
14690473.16
50019199.51
30004135.07
36358891.12
70218780.16
48480965.51
34739542.63
14057720.39
53760316.42
55318608.61
77381535.26
33725120.97
23283970.92
72172258.82
85235956.54
51975968.51
17938947.88
29455353.13
25048882.33
82457529.52
25905440.28
77381535.26
42612397.12
15126297.73
33959550.18
42362187.85
32931458.77
79679102.5
43777419.58
30511559.05
48507265.91
35400687.18
49010648.69
24334372.24
78683854.37
48479823.81
88014383.56
24014705.6
34277612.59
46523953.34
51803631.38
35576616.17
75102476.82
32639829.95
61428126.17
36630756.44
30684149.45
68265301.49
33975875.77
49875021.82
42961579.42
84541349.79
49850996.39
17896471.16
79009434.15
44266902.33
45212199.05
16564289.87
55156599.63
78683854.37
40811236.03
17428580.27
40778923.51
87319776.81
55156599.63
93223934.22
54923212.77
29480292.12
45680791.82
38015249.01
56131827.6
83846743.03
45158019.21
54090095.92
71521099.27
89750900.45
36928838.29
36114625.62
54979086.05
79679102.5
43505519.69
47075575.0
29610283.59
47056100.57
88708990.32
15770383.32
47338010.22
47712668.4
34778742.88
79679102.5
72497838.6
40724004.0
45408871.5
31815846.29
45131504.93
33959794.75
37576118.3
51298494.48
88708990.32
19858015.33
65335083.5
44093764.47
48734073.51
24487171.78
86972473.43
49010648.69
24620491.06
31018982.08
76730375.71
79337757.48
86625170.05
90445507.21
41850282.86
27412203.52
39645206.53
16216220.95
57169321.16
70218780.16
30746762.14
88361686.94
15107294.26
22907583.59
79337757.48
81415619.39
52450362.12
36982418.67
45136954.25
31661204.61
17910926.02
14174260.37
55833543.31
91834720.71
51558970.48
40211789.06
52197574.4
18224263.68
52535083.47
31857025.77
42088432.37
49346947.2
13685455.73
36204097.36
24620491.06
64683923.94
31578105.82
61102546.39
41644748.17
20360377.53
50227526.83
19627934.72
77381535.26
37211928.56
39077629.16
13990986.88
47433251.17
49626982.33
45771120.21
77381535.26
52926640.2
15883204.78
32074334.66
31532170.69
49623748.0
31777667.41
75102476.82
53502897.58
39172770.9
25318372.17
30356468.29
54619472.82
13482337.49
39963573.3
77381535.26
47614507.43
56102831.44
26385461.7
27880885.38
45158019.21
51048732.19
50965655.56
35006288.57
17032093.71
86625170.05
74125737.49
36710766.72
74451317.27
39367665.82
42137894.1
50686348.42
28032957.09
25081092.97
24487171.78
38324617.64
64032764.39
49031589.07
36143273.16
51244755.01
75753636.38
70544359.94
90792810.58
41322502.96
16652270.34
70544359.94
14118714.17
29689637.24
86972473.43
36639037.61
35853789.85
14202080.0
80026405.88
70544359.94
77055955.49
13635618.8
28659001.0
16600244.91
46889001.54
33170745.29
28684071.3
77381535.26
24253218.85
40724004.0
54369286.54
14239733.5
51270231.79
38029928.44
52107416.04
49623748.0
35053500.55
22813755.54
86625170.05
31244305.95
35624420.63
69242040.83
36126174.76
28098882.03
26812886.57
33725120.97
44988496.86
53221841.69
17088343.21
34208193.92
71846679.05
44593130.25
86625170.05
29480130.11
55228913.51
54125442.96
32643217.64
13704184.14
13265214.39
48507265.91
54598082.41
80373709.26
41594295.26
32665907.95
63707184.61
80026405.88
14024337.59
33138258.54
79679102.5
14299546.35
13507043.18
55279839.88
66637402.61
80721012.64
47386887.87
13324577.45
47447960.16
39399907.84
37718229.3
61753705.95
24695087.45
47949029.74
34829501.55
63707184.61
43549510.34
14836068.83
37484564.45
51524281.83
94265844.36
45212199.05
68916461.05
13451776.51
29424973.17
42689873.86
44634912.01
63056025.06
32905281.34
70218780.16
49571762.59
75102476.82
55803838.17
18634751.19
29929992.92
32376707.52
68590881.27
66962982.39
36747740.03
28659399.08
74125737.49
65660663.28
71846679.05
14028354.23
76079216.15
30487915.51
45995298.2
86625170.05
35849068.8
75102476.82
33210648.58
78358274.6
35344718.8
38286894.5
47995666.08
61428126.17
31567604.41
20717997.39
51027237.67
13908981.99
31727448.84
46588746.38
91834720.71
13413924.36
23407444.59
43563406.66
51294392.07
41033343.31
22385658.96
51889077.48
38852047.17
17478795.9
13733313.69
49850996.39
14455256.81
31578105.82
60776966.61
13342744.93
14062725.39
40778923.51
66962982.39
73148998.16
24973312.84
52427617.08
47111713.4
13402007.03
32382285.39
16456521.89
47896421.39
37091858.56
74451317.27
90792810.58
68265301.49
52674875.81
78683854.37
91834720.71
45136954.25
28153837.48
30474500.87
30194681.93
40215331.55
78358274.6
45104471.67
88361686.94
31835901.13
19096751.72
33986476.41
47433251.17
14225751.72
90098203.83
62404865.5
14441569.74
51549282.79
42188945.8
33239623.53
78032694.82
35543396.83
29690382.93
32435544.24
50187052.59
24830450.27
35304199.25
13342744.93
49002727.15
25400842.52
86972473.43
33701682.23
35932319.42
56730560.08
26620848.14
89403597.07
13798204.87
47386887.87
54369286.54
54435633.41
54948718.28
70544359.94
37494210.08
52449334.18
53287876.41
30803842.35
77381535.26
47041422.07
31331263.11
18063588.36
54927709.72
32641192.29
20953054.74
31312724.33
42746869.34
13701905.08
50686348.42
65335083.5
18413303.65
21536161.82
83846743.03
37184734.96
42689873.86
21283973.81
15534674.06
13276008.73
66311822.83
35045157.98
35352940.35
67614141.94
54130178.88
15979241.53
65009503.72
29452929.3
39468067.72
42612397.12
25045617.36
60776966.61
13669400.4
22842240.01
57759801.16
55318608.61
58484416.57
13524932.71
16652837.26
23077381.27
33742232.49
34474211.2
40794238.44
51828349.41
34196006.27
34781120.1
71846679.05
18725959.07
71195519.49
84541349.79
36721094.66
49010648.69
73474577.93
19411162.55
27560317.22
42634229.92
55331144.58
80721012.64
42474691.12
37743603.51
94265844.36
33942235.24
50688698.01
43214918.52
90098203.83
48835986.86
79679102.5
49870484.55
78358274.6
27796903.85
39691795.12
14118714.17
91834720.71
84541349.79
13398960.06
37245999.52
42989978.32
25443987.6
79679102.5
64358344.17
45995298.2
25523043.78
25095241.12
25905440.28
51076981.06
37220847.27
15581306.14
69567620.6
44031238.08
14188159.63
36820154.6
15102806.81
46528666.36
13698944.41
82110226.15
35660566.68
81762922.77
92529327.47
53850008.39
13319227.44
39944419.89
24808525.7
57806501.48
56927460.01
31827590.9
41597681.88
89403597.07
35274828.61
35543396.83
47946901.46
30603228.26
44007006.84
84194046.41
13438571.87
44593130.25
83499439.66
73148998.16
36911886.28
33410429.51
20291776.83
69893200.38
34740231.38
84888653.17
17741710.15
81762922.77
36386004.38
27087153.52
72172258.82
26342137.87
35152447.83
14497751.93
13715625.83
50409463.99
86972473.43
44865042.25
93571237.6
29691503.74
13717357.33
45755030.21
68590881.27
83846743.03
40284299.89
39208817.58
50217169.03
62404865.5
44866918.22
74451317.27
16348244.77
44041687.95
32641192.29
35616190.22
19424676.24
71195519.49
79009434.15
37779191.34
33786070.76
26231212.39
54970692.8
30276555.25
39691795.12
29529337.71
45984054.48
30202245.47
69893200.38
68265301.49
13841856.81
89750900.45
44546091.91
35624420.63
20942955.75
72823418.38
31666451.02
88708990.32
31473422.56
62730445.28
42152528.47
33740787.51
26141688.04
49404362.71
33728133.52
31567604.41
54072935.71
43758365.85
36488040.54
28699464.66
51919846.96
48845372.73
83152136.28
80373709.26
94265844.36
52147537.85
50717696.38
85583259.92
90792810.58
32134844.55
60776966.61
63707184.61
35273580.72
61428126.17
47127385.31
47447960.16
61753705.95
33959550.18
28722559.84
30119607.28
54927709.72
35304199.25
13701905.08
51328835.32
32108215.19
93571237.6
41004971.37
40515195.93
93918540.98
21666872.27
28226386.89
89056293.7
53221841.69
28236397.26
68265301.49
42068546.21
13482337.49
16849244.34
69567620.6
67288562.16
27203830.97
44007006.84
49848468.03
29745707.12
27796903.85
38722511.87
32134844.55
36087026.95
85235956.54
18077133.72
13481301.57
35049295.79
28226386.89
92529327.47
13826739.48
86972473.43
28684071.3
34509515.9
32943987.78
47921747.99
37797501.51
53521202.71
70544359.94
18761639.2
19464219.26
30753442.21
88014383.56
15978147.74
50130230.19
65986243.05
84541349.79
70869939.71
13557458.82
20961908.34
81068316.01
68265301.49
69242040.83
36143273.16
19858015.33
19682783.66
92876630.85
31561183.67
16631453.76
50964475.53
31389704.61
55495458.09
30164300.66
39195996.95
47687555.16
73474577.93
51867458.62
30786232.54
53810905.31
32186914.83
53567050.4
23488690.08
30308251.94
66311822.83
86277866.68
25165578.35
41372654.45
72497838.6
50488525.93
22842240.01
28896766.53
46256360.42
29452929.3
31869316.93
26614111.47
68265301.49
88014383.56
50227526.83
51805637.65
90792810.58
28369408.21
65986243.05
13784364.45
90792810.58
31932292.18
48758862.5
33709330.07
54644060.45
29746541.82
55817875.03
21893480.76
37757223.43
80721012.64
76079216.15
82457529.52
29104160.35
32871473.76
44163591.88
34498495.15
53301811.24
19506820.59
59162350.87
53782019.42
78683854.37
54369286.54
36134441.83
49668665.17
16537209.46
24803403.98
39077629.16
13468140.5
30461196.41
60776966.61
34810058.45
14690410.54
41058834.46
94265844.36
79009434.15
25751829.8
15122353.69
36276769.44
15966584.8
33670908.75
13669504.93
30071639.17
35031789.58
19661135.19
32071374.12
45408871.5
28936120.15
85583259.92
22142678.54
52922480.67
46567217.06
61753705.95
30132515.97
14303090.1
65660663.28
35344718.8
69893200.38
31577242.98
56714956.92
49590844.8
83152136.28
18831595.11
13570679.36
34472544.99
49648222.4
38035937.46
37797501.51
52365969.75
31018982.08
36982418.67
28699464.66
28947329.79
89403597.07
33469881.62
55318608.61
79679102.5
47321587.21
13701905.08
54107568.83
48454848.59
28913195.81
17644713.62
40569548.0
31072853.56
36961078.06
38061197.28
35031789.58
13809702.5
35325914.22
31611528.09
43225111.34
38651863.0
48751961.21
65335083.5
15460278.42
28599172.21
86972473.43
66637402.61
40297394.75
22247578.17
17032093.71
26254231.89
69893200.38
16870573.99
45755030.21
43156260.01
32984444.62
47893712.36
21213148.84
88361686.94
42121312.27
29956963.88
33197539.85
32583318.78
78358274.6
44606720.67
39156237.18
47946901.46
42068546.21
47967640.48
51696417.06
13567533.18
52183747.2
23989488.66
94265844.36
38392438.17
35081495.77
43178502.34
72497838.6
30509551.27
43214918.52
35862937.54
36710766.72
16101188.08
13845073.32
29480292.12
38664546.51
55807997.45
33516164.98
76730375.71
90792810.58
25636120.61
29745707.12
33854801.11
52171200.26
32370338.75
29720676.46
69242040.83
30012954.38
93571237.6
83152136.28
37484564.45
36439144.65
81415619.39
75102476.82
31561183.67
44107771.72
46828634.56
28506175.17
67288562.16
14057720.39
78032694.82
38579395.19
70869939.71
13222038.82
50998533.53
35616190.22
40243379.94
31195787.73
36398586.06
14906377.39
47614507.43
25905440.28
45726989.35
44326665.68
29214880.3
62079285.72
38307667.05
77707115.04
82804832.9
50718315.05
51298494.48
82804832.9
38340976.37
23860286.48
64683923.94
91834720.71
24018026.19
47447960.16
33999410.36
58864127.29
48550950.75
31269028.84
20119043.94
86625170.05
15268094.35
47715566.38
65660663.28
54140436.93
68265301.49
55250902.82
40263094.9
62730445.28
86625170.05
52365969.75
71846679.05
54898623.95
42444537.62
89750900.45
85930563.3
52449334.18
84888653.17
51081341.34
29454241.79
33182957.69
58186192.99
70869939.71
13425894.22
93223934.22
39621411.83
39077629.16
62730445.28
14476593.86
49344626.92
29939188.69
52729464.66
20337906.62
33126995.52
28949475.45
56131827.6
77055955.49
50298724.25
33144617.1
13701406.53
26106766.61
30202245.47
23623254.81
33182957.69
30964743.9
67288562.16
49563168.21
23754304.66
39994703.52
32914611.1
18509660.5
17284842.7
40535702.48
45716205.2
41083437.65
53502897.58
38340976.37
39632496.14
48286400.9
29274293.15
86625170.05
28098882.03
85930563.3
51526401.36
64683923.94
77707115.04
90098203.83
78032694.82
52415090.49
44320763.05
84541349.79
72172258.82
43756329.47
27880885.38
17896471.16
54648479.57
31567604.41
34242695.84
86277866.68
51333728.02
40507137.08
35272345.75
14592813.77
31877967.16
24695087.45
53806603.47
37743603.51
40841701.25
30511559.05
32400374.79
74776897.04
19704706.3
68265301.49
53240329.73
37730450.14
36657421.33
81068316.01
46274400.27
48286400.9
47111713.4
53252549.21
37764207.86
48845372.73
38893189.82
47153838.44
30593340.97
84194046.41
54419986.64
24097323.64
89403597.07
33725120.97
42137894.1
91140113.96
82457529.52
14446622.98
31312724.33
20248077.99
92182024.09
80721012.64
31118520.99
52169205.83
77707115.04
43211738.4
44326665.68
86972473.43
40243379.94
45426897.17
13412162.93
26614238.22
44914477.58
46500428.07
53531714.69
50747169.92
53038087.99
35581435.14
49623748.0
30516679.26
89403597.07
55206939.87
52415090.49
61753705.95
41302929.51
13729346.67
54648479.57
55538251.79
42416012.67
36974269.35
57169321.16
46315146.2
71846679.05
26342137.87
21893480.76
77055955.49
36949183.27
13222038.82
71521099.27
57169321.16
38597356.7
60776966.61
35944317.34
29661750.7
68916461.05
15952563.79
74125737.49
18545287.25
52135939.89
35672496.04
42689873.86
42171822.54
51524281.83
14710518.03
29661750.7
31933111.06
34538633.23
37457591.81
92182024.09
92182024.09
41594295.26
38286894.5
54108331.59
17134326.71
68916461.05
31563588.32
29160600.9
78032694.82
45395634.47
92182024.09
13504601.23
69242040.83
79337757.48
66637402.61
49569185.43
87667080.19
52922591.88
52386482.67
25519824.48
16418450.46
50997290.58
69893200.38
42384187.55
79679102.5
39393525.82
49595980.87
81415619.39
51345310.52
53289730.24
35616190.22
80373709.26
52478894.04
55018969.51
71521099.27
47155380.31
16182583.42
38261980.81
42121312.27
38575347.98
31118520.99
50130230.19
89403597.07
30929958.86
30534982.72
13544240.65
34801838.77
67614141.94
57806501.48
38332956.46
24593214.48
36398586.06
34740231.38
87319776.81
30315075.91
13813130.84
48452164.21
18293394.58
47106881.92
79337757.48
59793574.44
29689637.24
35895969.12
35073272.56
39120786.35
30546447.91
41330656.37
26267717.77
52478894.04
45756778.7
34951761.19
87319776.81
82110226.15
41033459.39
17046708.92
15363589.66
44988496.86
79009434.15
28677090.63
13910853.05
47106881.92
51573513.22
35588660.81
93223934.22
52085647.86
27798388.27
46553504.52
45408871.5
30614099.52
79009434.15
13413924.36
19049712.66
41306021.31
53521202.71
42090467.11
54419708.48
37001601.98
41930353.0
32598239.86
14160371.58
36126174.76
47984189.83
27930210.73
54109386.63
40841701.25
26937680.34
69567620.6
40243379.94
53502897.58
19808302.61
51244962.7
49013303.09
18178857.67
53221841.69
84888653.17
31072853.56
61102546.39
27180224.4
47893712.36
53009597.45
83499439.66
34498495.15
61102546.39
63381604.83
48196388.01
74776897.04
36710766.72
53267959.62
14239733.5
48542407.2
51805325.97
39538221.52
13897039.15
40488937.94
53581352.24
48175634.99
87319776.81
13647721.75
82457529.52
85235956.54
24018026.19
13429844.78
41594295.26
33469881.62
90445507.21
15966584.8
30781093.54
55918104.96
15102806.81
40487993.14
53009597.45
13517814.37
38533859.41
30276555.25
13841573.23
17545350.56
23077381.27
14456049.28
54877340.7
35344718.8
44049319.46
68590881.27
78032694.82
48228145.99
70869939.71
45158019.21
53208386.53
36366189.1
13965098.23
33197009.86
84194046.41
52135939.89
54619472.82
30163375.5
54719338.99
40165204.09
55018969.51
75428056.6
40757346.3
14357770.32
24383127.05
87667080.19
23091115.31
30546447.91
83499439.66
51577642.95
64358344.17
89056293.7
25048882.33
47715566.38
36121589.63
20482982.73
27708052.31
18397066.5
70544359.94
36415781.06
18077133.72
43347135.56
30207565.89
72497838.6
91834720.71
38350179.39
60776966.61
78683854.37
45383661.71
51081341.34
44586928.8
66311822.83
17694851.64
74451317.27
47153838.44
50409463.99
32376707.52
15089076.61
47127385.31
42688795.7
14215994.27
40460257.42
28942493.59
23196502.88
23048842.07
42474691.12
30800406.98
13756321.2
58437714.65
43987712.74
80373709.26
62404865.5
14303090.1
70869939.71
75102476.82
55318608.61
19070756.68
92876630.85
51637268.64
52387683.74
71195519.49
93223934.22
47338010.22
43519433.63
55495458.09
45408871.5
29929992.92
33159713.57
47355768.95
50181990.81
66637402.61
35860859.59
69567620.6
13541086.29
14673590.96
30229329.5
32641192.29
56514454.79
13504601.23
42688795.7
47666894.66
43987712.74
14024337.59
73800157.71
21960139.4
51852635.89
28098882.03
28895154.19
42409697.25
77707115.04
14229908.6
13636819.78
92529327.47
48275765.78
52643352.0
32878809.27
88014383.56
54404654.27
68265301.49
35853789.85
36488040.54
13514786.59
32626844.2
74776897.04
30011131.08
35862937.54
13759222.22
30592237.99
25668505.79
46500428.07
33728133.52
42418015.68
62079285.72
89750900.45
72497838.6
17680296.38
33159713.57
47369243.93
37304031.0
39156237.18
43156260.01
13756803.19
51836078.69
35223886.44
42915334.53
39172770.9
46050588.27
45689537.02
89056293.7
68265301.49
50965655.56
36087026.95
31921082.11
75102476.82
61753705.95
80721012.64
28032957.09
29805852.28
93918540.98
14908383.56
13567646.35
52132731.78
39963573.3
53226915.93
80373709.26
65009503.72
16262625.87
44886785.69
31072853.56
86277866.68
46595216.11
47712668.4
52132731.78
34010642.22
51805637.65
91487417.34
21591769.75
40082170.76
49061448.1
13938495.68
33687470.7
56628058.0
19808302.61
65986243.05
56213734.27
52362330.47
72823418.38
25636120.61
81068316.01
39740142.83
13491394.45
31869316.93
30692568.17
42612397.12
65660663.28
73800157.71
55311681.78
73474577.93
29430337.5
90792810.58
48786925.8
15564590.86
43233637.09
53208386.53
41100561.43
14873226.86
31827590.9
88361686.94
49292532.66
31907749.93
30807414.91
13437880.21
47617207.8
39428004.3
90445507.21
38579395.19
85583259.92
67288562.16
52415090.49
22128649.95
40808376.55
55560094.97
33168915.0
46315601.73
50967932.46
34857912.16
47921747.99
13494168.36
36943689.86
21258604.85
39939020.15
40506610.88
35036788.56
48901124.3
53253607.45
44918576.79
74776897.04
13990986.88
18761639.2
54690519.88
53094216.07
34012254.78
13975368.44
74776897.04
45410515.7
53806603.47
83846743.03
13416983.85
32931458.77
44078003.29
90445507.21
13676705.75
91834720.71
82110226.15
13621664.52
13425894.22
49066934.84
40778923.51
47916178.08
51524281.83
14672357.56
27754703.0
18810622.09
71521099.27
36121589.63
13254420.26
23144491.01
13861050.45
43075005.33
55803838.17
35081495.77
82110226.15
43212656.28
51577642.95
19627934.72
16182583.42
38805744.28
48442297.98
28942493.59
39148251.09
42137894.1
90445507.21
31028413.68
52960091.08
24488568.62
33442792.35
16850065.5
33250301.41
43347135.56
47649418.59
36722013.04
82457529.52
29786941.03
88361686.94
44365904.71
29745707.12
15052069.53
37797501.51
29600908.74
14911882.33
43200714.53
44635437.38
90445507.21
39666265.29
50433104.12
36974269.35
46832608.76
13308399.87
38876482.49
49368121.45
36167522.57
36204097.36
92529327.47
24018026.19
69567620.6
38821915.83
80721012.64
63707184.61
52694243.4
88361686.94
13481301.57
56714956.92
92529327.47
71846679.05
85930563.3
61428126.17
13756803.19
26408059.9
74776897.04
49282941.74
38120329.83
44049319.46
23855319.93
48452164.21
29179579.84
21491045.91
30928900.93
41113861.91
38612719.78
37907096.17
29179579.84
93571237.6
18936674.06
87319776.81
13496534.48
53810905.31
25793006.34
30164300.66
46761256.94
65660663.28
21873947.3
28629712.8
25149620.06
46761256.94
42418015.68
36439144.65
54927709.72
17910926.02
58525160.14
72823418.38
58776672.99
91834720.71
16418450.46
33144617.1
83499439.66
48247725.81
41796631.21
41602478.27
13481301.57
55007231.48
38805744.28
23091115.31
48247725.81
78032694.82
52922591.88
40787015.19
33436211.18
13532797.49
14657394.06
73148998.16
26234341.71
77381535.26
41550766.79
47146904.61
24274410.37
13784364.45
49037901.2
55307247.62
43758823.99
38597356.7
33446968.02
83152136.28
49389236.32
38379823.22
59501318.02
32914611.1
28269513.97
47712668.4
52365969.75
51015271.58
89403597.07
20508770.0
14356979.69
30254490.4
85583259.92
21906515.87
36216163.83
74125737.49
35581435.14
44932738.84
84194046.41
16850535.42
22108721.92
74451317.27
55274332.88
52665567.04
20482982.73
92876630.85
84194046.41
23989488.66
47335302.5
70544359.94
80721012.64
16670081.58
84194046.41
44041687.95
56328657.82
48821528.01
17503348.7
34810058.45
20407884.84
26700455.93
51587379.39
42642416.96
26016882.15
19970541.68
15304933.78
51137326.38
42746869.34
40354173.97
13232832.57
76730375.71
78032694.82
53653405.65
34232123.14
38261980.81
32134844.55
70869939.71
27323731.82
71521099.27
37743603.51
52183747.2
30229329.5
42418015.68
29139898.06
40481702.78
41058834.46
42171822.54
29646116.36
69893200.38
13437880.21
49088021.56
29160600.9
29424973.17
46330056.33
47617207.8
24092290.34
34764504.71
34232838.63
44107771.72
91834720.71
49848468.03
50127750.64
56207422.28
13840197.31
13595945.73
91140113.96
73148998.16
78358274.6
74125737.49
71846679.05
50433104.12
35325914.22
47921790.52
78683854.37
64032764.39
32909730.67
35547649.83
29395309.43
44041687.95
33996208.38
20684032.24
68265301.49
26966402.2
85235956.54
13798204.87
39645206.53
42953306.21
83499439.66
24488568.62
25165578.35
51904247.16
38855405.17
13851101.75
38029928.44
50786397.55
44037880.4
29926364.57
29455353.13
56517601.31
49088021.56
82457529.52
42416012.67
47335302.5
23306103.67
75753636.38
67614141.94
68916461.05
37471995.06
42137894.1
45136954.25
30812224.01
45984054.48
42634229.92
37797501.51
77055955.49
46546870.7
31019023.49
48247725.81
33588761.08
35425748.41
14104836.52
82457529.52
16168453.77
74776897.04
52085647.86
13517814.37
40709005.19
91487417.34
30229329.5
31642296.18
55509115.94
50130230.19
15782212.67
50998533.53
37789464.02
21591769.75
55274332.88
34810058.45
49346947.2
73800157.71
13385757.2
44825281.63
47617207.8
32077169.97
71521099.27
82804832.9
69242040.83
68590881.27
38900259.13
44653288.66
33967194.87
51328835.32
76730375.71
36405970.51
46500428.07
49404362.71
30541979.61
74451317.27
32044622.52
41916846.99
53267959.62
20902924.85
73474577.93
22459264.58
93223934.22
37789464.02
29104160.35
49739674.78
76404795.93
14889733.95
19375045.32
79009434.15
43777419.58
30326715.76
24566360.69
42688795.7
90445507.21
76079216.15
47687555.16
48751961.21
56459070.5
37797501.51
41030137.91
47617207.8
93571237.6
31036187.64
31044378.47
33516164.98
55156599.63
13822830.56
28411688.02
68916461.05
30086093.15
46274400.27
50516699.58
20727043.91
47146904.61
39916889.07
54109386.63
30516679.26
57806501.48
36415781.06
20508770.0
88014383.56
36087026.95
42961579.42
29956963.88
67288562.16
41305732.32
70544359.94
73148998.16
46214309.39
91140113.96
42695911.39
38089768.68
33967194.87
77055955.49
54156067.72
38306746.43
67939721.72
42396791.33
76730375.71
17523894.61
89056293.7
33687470.7
46500428.07
77707115.04
49956451.99
65335083.5
30520340.51
64683923.94
54979086.05
44825281.63
14239733.5
29926364.57
33709330.07
31261975.32
32912070.8
57420844.41
60776966.61
46779621.62
18198826.32
36114625.62
35944317.34
51276886.62
34764504.71
13715625.83
32906928.53
47601761.48
49948096.0
26463285.68
51548551.05
45446916.48
90098203.83
78358274.6
34591696.9
30782016.78
13897623.76
69567620.6
49292532.66
44573217.03
31993283.98
54994764.77
59203094.44
30222437.18
54970692.8
39753100.58
41609161.99
50181990.81
30474500.87
47386887.87
82457529.52
65335083.5
47111713.4
44321219.34
67939721.72
75428056.6
33405046.74
52944677.22
39122877.23
32325945.44
85583259.92
31338319.66
14672357.56
32909730.67
38324617.64
43156260.01
85235956.54
70869939.71
33415149.59
44849865.79
18545287.25
55833543.31
49928323.36
19444797.06
45942043.86
18127007.46
33454039.33
39468067.72
24724661.41
71521099.27
61102546.39
43507149.43
37492515.31
72497838.6
29882835.93
28895154.19
71195519.49
18725959.07
27560317.22
45477376.96
30869027.5
94265844.36
37525768.85
91487417.34
42989978.32
40012217.94
65660663.28
37176779.24
45942043.86
41916846.99
47168480.85
13390096.31
42394141.94
37743603.51
55504849.09
51526401.36
31018982.08
49368121.45
83499439.66
30800406.98
78358274.6
32924269.02
33993973.7
36729594.28
55918104.96
49928323.36
48807921.75
44031238.08
26141688.04
89750900.45
54648479.57
55538251.79
13507043.18
13601269.69
43519433.63
67288562.16
42942200.68
70544359.94
27087153.52
18718379.78
23306103.67
47155380.31
23048842.07
37766444.49
19900829.83
48472365.97
61102546.39
48479823.81
24200414.46
35904322.76
13481301.57
73800157.71
26882411.31
17788226.0
47783097.53
36631085.08
43758365.85
53760316.42
21405161.77
53008702.41
34283722.05
75753636.38
30747599.42
37211928.56
32905281.34
34538633.23
54140436.93
36488040.54
17860899.8
82110226.15
48200785.5
69893200.38
44033083.79
38261980.81
24459868.73
83152136.28
20953054.74
16564289.87
32925204.5
32641192.29
37211928.56
59162350.87
48621610.44
41916846.99
39101852.38
43291226.47
87667080.19
81068316.01
14239733.5
28270098.71
85583259.92
39124700.15
43487636.37
42961754.81
68590881.27
28033497.02
89056293.7
17306105.6
82804832.9
79337757.48
47949029.74
22108721.92
69893200.38
46050588.27
74451317.27
38627769.24
39621411.83
47111713.4
85235956.54
20161104.1
29263623.96
44326665.68
28405593.16
73800157.71
28543100.04
71521099.27
35870791.64
42088432.37
28364295.14
23754304.66
36143273.16
62079285.72
81415619.39
35388826.38
76079216.15
80026405.88
51081341.34
45771120.21
84194046.41
13663418.66
35272345.75
37233770.17
57847234.65
32400374.79
36548461.61
33410429.51
58864127.29
39666265.29
88014383.56
13972218.55
83152136.28
65986243.05
30012954.38
33975875.77
31244305.95
43457484.98
48489984.44
29473304.7
55318608.61
21050853.66
29817431.02
52973387.21
13478188.15
15986401.27
68916461.05
57128587.99
84194046.41
47614507.43
36087026.95
33986476.41
42689873.86
49344626.92
46805624.42
35300602.02
13425894.22
34242695.84
13704184.14
50496304.27
54719338.99
88361686.94
71846679.05
35815190.76
22709471.9
76079216.15
35272345.75
43180048.79
49340552.99
63707184.61
55918104.96
33993973.7
75428056.6
56517601.31
53569863.03
44379961.65
34846188.48
13385757.2
47354018.89
13636819.78
92182024.09
78358274.6
31561183.67
29341909.33
47949029.74
67939721.72
49891013.84
17248102.23
57128587.99
34555195.08
49282941.74
70544359.94
48807921.75
28034653.12
30848065.77
37233770.17
51015271.58
48807921.75
41322502.96
74125737.49
77707115.04
42884326.19
69567620.6
68265301.49
55435866.06
79679102.5
61102546.39
40235351.48
18978095.37
22599055.85
30845943.56
46330056.33
22916075.66
52084875.77
29731235.9
20337617.14
34474211.2
47074440.47
52667418.91
77707115.04
17930984.59
14455318.85
70869939.71
92529327.47
82804832.9
71521099.27
54090095.92
44093764.47
29900536.3
82804832.9
24274410.37
70218780.16
54994764.77
31473422.56
48454848.59
71195519.49
13913137.66
84888653.17
41542650.15
54061170.55
87319776.81
90445507.21
17541463.17
40487993.14
53533829.33
48175634.99
48271523.3
25668505.79
19027924.7
30293043.39
54039565.83
51805637.65
41337481.27
36176574.94
32186914.83
79337757.48
39124700.15
39990489.94
35053500.55
45477376.96
64683923.94
26141242.93
89056293.7
65660663.28
41322502.96
40297394.75
42961579.42
51803631.38
16319197.15
67614141.94
25696661.85
31541937.97
67939721.72
50740237.3
34339877.04
18416761.26
37718229.3
24224675.02
76404795.93
49037025.53
14592813.77
22108721.92
69893200.38
14259398.73
47503606.57
49311216.94
50786397.55
20025251.48
84888653.17
13570679.36
13781190.58
35095486.8
40233852.82
25067693.25
16634483.17
13980908.08
34286936.48
37488898.83
37807401.11
31338319.66
65335083.5
14042612.58
31567604.41
57107823.69
23778488.56
39428004.3
47041422.07
49037901.2
40165204.09
85930563.3
92182024.09
71846679.05
33512844.57
72172258.82
33728133.52
39691795.12
45395634.47
19858015.33
37525768.85
22343626.86
38332956.46
48228145.99
78032694.82
34487082.91
51608949.12
54598082.41
33398854.76
13870245.83
24037434.57
54927709.72
51803631.38
30398325.92
28629712.8
18591977.6
34492997.11
47390818.85
92182024.09
91487417.34
65986243.05
32598239.86
41442379.2
69567620.6
48286400.9
52641706.68
28949475.45
84888653.17
87667080.19
52707719.25
51065854.04
40233852.82
44028625.11
48503238.37
46256360.42
41602478.27
89750900.45
54072935.71
39666265.29
13965098.23
38936680.75
52135939.89
39195996.95
31975773.47
76404795.93
81415619.39
44266902.33
28033497.02
30964743.9
86972473.43
47896421.39
14063203.75
35543396.83
18795939.47
65335083.5
33197009.86
44865042.25
49368121.45
44878933.33
51856791.42
27654980.4
14431638.24
13532797.49
34653240.84
88361686.94
25196909.5
53234087.08
35352940.35
32855144.68
33676288.89
55250902.82
34764250.65
28913195.81
37907096.17
83152136.28
41004971.37
29253381.78
73474577.93
31850119.5
31111393.62
39971583.38
42340468.04
28742844.56
85583259.92
29969382.96
34810058.45
86277866.68
32400374.79
87667080.19
46036190.21
33692860.79
22540084.13
19706941.68
48454848.59
45127866.75
65009503.72
38848063.73
13828080.72
39707844.48
29426049.57
21299056.19
17046708.92
43736478.31
13222038.82
61753705.95
81068316.01
13972218.55
34815888.36
92182024.09
21405161.77
27892415.73
45952712.13
61102546.39
54898623.95
13944228.75
31921082.11
25432223.33
56514454.79
38651863.0
45491659.26
30768889.93
39428004.3
78683854.37
13578385.1
36974269.35
51081341.34
51298494.48
14044172.93
52646291.64
13581733.52
90098203.83
51917421.52
17191274.87
35081495.77
24674992.67
71846679.05
24930321.47
51268858.28
31379964.2
51696417.06
37245999.52
31923968.3
45154128.65
85235956.54
41866090.95
36450681.75
38575347.98
33477309.67
48162116.02
20942955.75
53850008.39
45395634.47
14238516.65
29662740.78
16755223.02
32893275.49
90445507.21
38870098.34
66637402.61
35002054.32
67288562.16
51137326.38
14225751.72
33975875.77
46776907.78
81415619.39
32173206.45
13232832.57
14258526.49
35870791.64
50177911.03
26377952.91
69567620.6
36167522.57
69893200.38
18063588.36
53208386.53
85583259.92
41330656.37
64032764.39
41851398.99
13797160.71
53481074.91
37835745.71
64683923.94
20248077.99
41337481.27
81415619.39
24014705.6
39124700.15
30055216.73
41052142.67
39916889.07
14006605.33
81068316.01
31815846.29
21773278.18
85583259.92
81415619.39
52944677.22
77055955.49
31877967.16
44576982.53
35853789.85
13324577.45
55156599.63
31301895.33
50506957.66
25756950.46
49319735.7
70218780.16
33516164.98
15026499.03
41050710.65
47949029.74
83846743.03
19533441.08
60776966.61
39373529.45
13449910.08
52693168.73
31603789.59
42939802.98
34498495.15
51624767.01
56102831.44
13308399.87
46266869.13
19270199.62
77707115.04
77707115.04
89750900.45
13786752.5
83846743.03
39373529.45
39397355.19
32979619.65
21731959.94
88708990.32
44007187.06
13519920.34
32081518.78
31389704.61
48507265.91
32247757.23
63056025.06
83499439.66
13265214.39
21639328.46
34544593.09
14401668.77
55202399.42
56102831.44
31561183.67
13765229.44
29866706.88
64683923.94
14886906.11
66637402.61
46036190.21
29160600.9
82110226.15
13402007.03
46567217.06
26044875.54
51027237.67
47390818.85
42681501.09
46224636.98
47083070.74
65660663.28
56213734.27
83152136.28
17306105.6
24014705.6
25514707.48
63381604.83
41050710.65
24267387.56
54369286.54
70544359.94
43768735.99
78032694.82
48786385.84
29795053.55
26342137.87
14401668.77
79009434.15
91834720.71
86277866.68
27323731.82
79009434.15
56830364.41
17694851.64
38876482.49
30487915.51
66311822.83
13265214.39
67939721.72
33182957.69
85583259.92
54120077.97
28895154.19
71195519.49
92876630.85
30420404.88
53521202.71
29172778.06
34857912.16
16217475.62
35081495.77
52427617.08
35081495.77
13866599.86
29213729.37
50461114.06
37718229.3
65009503.72
49668665.17
65335083.5
16614638.2
43479768.97
31804614.0
82457529.52
35274828.61
71521099.27
36394115.43
19488550.16
31510985.99
58823383.72
19411162.55
13924674.36
85930563.3
80721012.64
14472563.7
54690519.88
70544359.94
49013303.09
78683854.37
43262722.83
13952325.17
18725959.07
36358891.12
32870537.69
65335083.5
19682783.66
25285957.87
44266902.33
17262751.55
20028479.64
51856791.42
45104471.67
38029928.44
31921082.11
89750900.45
90792810.58
22912270.63
75753636.38
28897733.06
69567620.6
26141242.93
22607107.48
43768735.99
30593340.97
31567604.41
36366189.1
13819044.57
27417571.01
49050383.68
39420019.69
75428056.6
79679102.5
35036788.56
40731950.92
81068316.01
52084875.77
87667080.19
41050710.65
19844800.13
36710766.72
51298494.48
55156599.63
39266298.6
51556482.66
61102546.39
30376231.86
86625170.05
32641192.29
31777667.41
39480956.91
23149236.24
31047367.25
36759943.62
70218780.16
19158632.81
13756803.19
64358344.17
53038087.99
58864127.29
53481074.91
48286400.9
14028354.23
56415559.51
27831273.19
31509100.45
91834720.71
30964743.9
22302976.29
59162350.87
81415619.39
46847301.19
80026405.88
36666709.85
47992095.85
65986243.05
58776672.99
50457030.6
15736677.14
39415590.96
48263293.05
33197009.86
45158019.21
50181990.81
27886823.78
47407469.83
71195519.49
64683923.94
33993973.7
91487417.34
23283970.92
41113861.91
40980907.43
85930563.3
43777419.58
37446360.98
27863454.44
16849244.34
31843692.79
25443987.6
29540072.36
16168453.77
32360413.23
38061197.28
84541349.79
37789464.02
64358344.17
68590881.27
13840197.31
66962982.39
66962982.39
39428004.3
38612719.78
39415590.96
33959794.75
25433071.09
55018969.51
42681501.09
74776897.04
14104836.52
46595013.24
65986243.05
38533859.41
38310919.57
23251483.7
21431861.85
77707115.04
43708523.38
41796631.21
14908383.56
43798409.54
20727043.91
31814847.24
31078656.98
45756778.7
13297597.41
86277866.68
15665239.09
45131504.93
81762922.77
47945030.2
30994333.71
15780180.11
52084875.77
84541349.79
30511559.05
31584117.09
44306946.82
51307305.41
78358274.6
49368121.45
16202422.08
64358344.17
73474577.93
32173206.45
44107771.72
41252809.71
22343626.86
39393525.82
47712668.4
34580041.79
61428126.17
24502681.89
93571237.6
23671124.08
18631424.87
39480956.91
13468140.5
49340552.99
81762922.77
45437112.21
35908185.53
35895969.12
66311822.83
35309105.63
73148998.16
37488898.83
14285590.47
40556384.57
87667080.19
46274400.27
40487993.14
88014383.56
47056100.57
39621411.83
54923212.77
38722511.87
29216817.01
13324577.45
64032764.39
15089076.61
85235956.54
30487915.51
80373709.26
93223934.22
33766491.31
39666399.58
31379964.2
30746762.14
13756803.19
39621411.83
56107958.81
36126174.76
50740237.3
80373709.26
81762922.77
43005271.94
48731406.45
29691503.74
41870454.07
48758862.5
19925356.71
49040143.98
35637004.17
39753100.58
45952712.13
90445507.21
29160600.9
41275339.9
65335083.5
81762922.77
52641706.68
14271669.73
29712356.28
36439144.65
40779376.36
43188252.41
33854801.11
16652270.34
68916461.05
34509515.9
28128768.69
33959550.18
81762922.77
23963146.52
41986563.8
30656640.23
82457529.52
41930353.0
33176261.38
50688698.01
82457529.52
41372654.45
37718229.3
33197009.86
41658185.63
32123120.48
14254708.96
15543948.44
31072853.56
29311725.13
36677575.98
19844800.13
54668589.39
44041687.95
31134826.93
34605855.96
54668589.39
43485510.9
27286193.21
31527573.13
24843841.36
14035450.08
38306746.43
45952712.13
67939721.72
34580041.79
32347243.42
36982418.67
53022270.25
64358344.17
56217853.14
89056293.7
74451317.27
35887691.86
50407041.28
19028621.56
36902624.56
80026405.88
31107989.67
47896421.39
52082980.92
52646291.64
67288562.16
64683923.94
45194955.46
13517814.37
21901897.31
39420019.69
45437112.21
64358344.17
89750900.45
31259610.99
14035450.08
48175634.99
87319776.81
32583318.78
37245999.52
37757223.43
33261755.81
13276008.73
28659399.08
13265214.39
44878933.33
44321219.34
80026405.88
86277866.68
34559294.14
54130178.88
21061974.94
29426049.57
76730375.71
38120329.83
56517601.31
36949757.61
33523701.49
49683857.8
13928677.79
45674669.45
17323592.16
36405970.51
20626787.96
55471054.96
53252549.21
94265844.36
36630756.44
76404795.93
30738541.54
80026405.88
20816009.99
89750900.45
46497714.99
41986563.8
28191786.33
42633908.59
30445825.07
83152136.28
31310797.0
31044378.47
23778488.56
75753636.38
62404865.5
34879151.53
56815175.31
14009948.86
51805637.65
81068316.01
93571237.6
24606609.63
67939721.72
45408871.5
31815846.29
41083437.65
38855405.17
68916461.05
46776907.78
30029968.91
41930353.0
55918104.96
29927614.16
39990489.94
19208179.68
52115676.94
35672496.04
29445964.58
23863781.3
47435466.68
70218780.16
37789464.02
20093941.84
60776966.61
78032694.82
85930563.3
14327469.75
77707115.04
84541349.79
80373709.26
18660375.18
52199370.5
33047031.49
34297829.05
32665907.95
52477727.28
62730445.28
54435633.41
31509100.45
13366365.32
20556296.82
43233637.09
34226273.65
23542288.25
51856791.42
90792810.58
30777963.29
53289730.24
23152965.37
28364295.14
45405748.77
92182024.09
79337757.48
77707115.04
41324909.7
43178502.34
37761513.33
56431191.75
16850535.42
30472082.85
35540618.27
43233637.09
53876527.18
38830191.5
46526601.86
31567604.41
83499439.66
54654741.49
22834311.71
51244755.01
29690927.9
81068316.01
56129970.92
50857781.04
55504849.09
74451317.27
15150443.05
62079285.72
29453585.62
18579683.71
67288562.16
64358344.17
29214880.3
16348244.77
22696176.27
55531112.85
37718229.3
53508719.9
72497838.6
50407041.28
51577642.95
31072853.56
13653556.57
56507556.09
38340976.37
44586928.8
52694243.4
15562186.8
36358891.12
42967614.31
57107823.69
32400374.79
40522626.84
30753442.21
32376707.52
34740231.38
19488550.16
29646116.36
26463285.68
84888653.17
64032764.39
48442297.98
55435866.06
22578681.74
78358274.6
13437880.21
41355642.54
33198250.86
55618356.78
13610876.9
55803838.17
52199370.5
41275339.9
44886785.69
26850544.81
35352940.35
42188945.8
13663001.77
65660663.28
46526601.86
41874300.18
40263094.9
62079285.72
30245154.99
67288562.16
19194613.86
73474577.93
49683857.8
52922480.67
30870710.72
63056025.06
39148251.09
76404795.93
49569185.43
52742747.28
18592627.68
19270199.62
38549042.25
83846743.03
31118520.99
61428126.17
41306021.31
32643217.64
28629712.8
25067693.25
68916461.05
29319559.04
46007062.23
91834720.71
51054586.77
36358240.54
56213734.27
38621680.11
63056025.06
79009434.15
47893712.36
43156260.01
39420019.69
31803094.47
41796631.21
41302929.51
87319776.81
20189207.35
31201161.73
64358344.17
14299546.35
13276008.73
28226386.89
40188572.99
75753636.38
13688185.25
47601761.48
30848065.77
63707184.61
38261980.81
81415619.39
64683923.94
57847234.65
23014328.3
28394083.42
53009597.45
29986007.69
89750900.45
56107958.81
16101188.08
67614141.94
41050710.65
33725120.97
15520802.04
30851985.71
54120077.97
14327469.75
31028413.68
91834720.71
33726266.25
38307667.05
92876630.85
59203094.44
26979967.39
21658338.23
32520010.85
30541979.61
32370338.75
51328835.32
26577511.5
33426172.39
66637402.61
29738716.07
40459192.3
20845783.49
71521099.27
68590881.27
24574811.68
45158019.21
37563709.02
17046708.92
33182957.69
55830001.96
79337757.48
18613545.06
42409697.25
32613004.84
21639328.46
68265301.49
45726989.35
17938335.81
40437104.64
47949029.74
27086929.17
18775495.42
46832608.76
42362187.85
53548079.8
51549282.79
13286803.07
38604718.22
54410349.38
93571237.6
22834311.71
43708523.38
46497714.99
30132515.97
34730080.9
14036874.01
64358344.17
29540072.36
33338609.7
39810196.14
35117119.3
75428056.6
35006288.57
47362642.25
19591465.64
41627847.42
18725959.07
18156203.14
39077629.16
13829100.97
13605719.16
44639182.04
39420019.69
44573485.51
42474691.12
24737982.74
41058834.46
45716205.2
59203094.44
32338026.97
28913195.81
42695911.39
30692568.17
19158632.81
49595980.87
46875298.21
34559294.14
30603228.26
32984444.62
34555195.08
39621411.83
32195978.36
82804832.9
20817534.69
39699786.82
82804832.9
39142842.48
68590881.27
32127684.04
31036187.64
38612719.78
32927011.69
32400374.79
49100648.83
48172921.97
31803094.47
50461114.06
15318731.78
44639182.04
49010648.69
31338319.66
30592237.99
55607263.75
68265301.49
46776907.78
30205629.19
43005271.94
46050588.27
14620083.45
50150152.79
86625170.05
60776966.61
45408871.5
44279925.37
21121917.01
49065505.85
40980907.43
54948718.28
41547047.61
13597120.57
42146157.51
13581103.12
43835586.85
16435144.51
81415619.39
55531112.85
45158019.21
49626982.33
23800462.07
51048732.19
93223934.22
46800976.84
39672161.42
54061170.55
61102546.39
49116098.68
27048306.74
49316939.93
15998199.46
36729594.28
42689873.86
19808302.61
24723415.86
36911886.28
29164034.52
14404112.52
18634751.19
91487417.34
46828634.56
29213729.37
92529327.47
29978751.16
48550950.75
51587379.39
87667080.19
16973242.78
48722512.57
32438671.43
14416653.51
39195996.95
41840608.42
31284587.36
21436540.85
32790829.42
41386023.41
65660663.28
23644560.9
46803505.56
65335083.5
23069924.92
39699786.82
13531027.51
63381604.83
78358274.6
15108732.44
74451317.27
42137894.1
27091768.42
28068494.09
45954844.1
61102546.39
28897733.06
30753442.21
81415619.39
36961078.06
80721012.64
21172036.52
51011870.7
42112395.83
14225751.72
42258659.76
74451317.27
40779376.36
40235351.48
81415619.39
37265721.63
18942271.67
63056025.06
33709330.07
23251483.7
46595216.11
54410349.38
50747169.92
48731406.45
25914701.48
88708990.32
64683923.94
26030342.1
51828349.41
25933770.48
25304940.56
28842209.68
51867458.62
52922591.88
13494168.36
53846231.65
19682466.67
37990102.84
30254490.4
48770178.39
44107771.72
65009503.72
41252809.71
14737792.29
38324617.64
28364295.14
20953054.74
16195906.14
65009503.72
29792368.98
13342744.93
32347243.42
36671137.96
38851132.26
43005271.94
69242040.83
56116177.35
13835603.64
17327555.33
18615325.16
54648479.57
22136948.64
14077081.26
80721012.64
67288562.16
32931458.77
45410515.7
50403933.06
53531714.69
68590881.27
54690519.88
19464700.76
37019715.15
29690382.93
19424676.24
65660663.28
32995847.58
75428056.6
54877340.7
33742232.49
84541349.79
28270098.71
94265844.36
47058815.92
16182583.42
14254708.96
35325914.22
23782846.94
61428126.17
34059540.77
49648222.4
39349518.22
13804759.19
23800462.07
41626429.56
49065505.85
46847301.19
40460257.42
54719338.99
89056293.7
86277866.68
82804832.9
24571443.05
50506957.66
32925204.5
90098203.83
35895969.12
46528666.36
86277866.68
18374688.35
56129970.92
92182024.09
16973242.78
73474577.93
13464981.86
38604718.22
62730445.28
80373709.26
25514707.48
44573485.51
71846679.05
17409325.62
72172258.82
32598239.86
52415090.49
29187227.39
22222491.62
34740231.38
55018969.51
47642710.48
29118919.06
31052161.76
46874425.7
23908442.89
32931458.77
91834720.71
56217853.14
50154062.76
39178262.11
42396791.33
90098203.83
53820563.73
33725120.97
32464039.59
17248102.23
81415619.39
13650052.85
39077629.16
52463247.24
90098203.83
38178886.44
39120786.35
14793528.86
13297597.41
83846743.03
29079687.57
43291226.47
93223934.22
26150080.64
35352940.35
13581733.52
31047367.25
16614638.2
93571237.6
34810058.45
22607107.48
41899120.92
66637402.61
41524716.2
13743067.51
43485510.9
45114324.42
49002727.15
39420019.69
31921082.11
16870573.99
49843423.16
64358344.17
32099610.47
26342137.87
15129436.16
42143229.64
75102476.82
35087933.03
30472082.85
89056293.7
55762565.88
30119607.28
17960692.49
61753705.95
30664137.37
45991367.43
55504849.09
20291776.83
45446916.48
61102546.39
57467544.74
17191274.87
35344718.8
36167522.57
43429334.3
66962982.39
32393210.14
31389482.64
85583259.92
33709330.07
56129970.92
30753442.21
34032158.02
83499439.66
54877340.7
43225111.34
34764504.71
14671050.19
14886906.11
44077406.02
37761513.33
56429944.06
39415590.96
37990102.84
82457529.52
40243379.94
31301895.33
49344626.92
17067040.95
31843505.36
45104471.67
29928209.38
27323731.82
85930563.3
40284299.89
42461048.62
85583259.92
55250902.82
33676288.89
49902869.07
13429844.78
52922480.67
13845073.32
18809904.52
44886785.69
21431861.85
50991189.23
38069234.17
54374502.84
55913013.75
15484120.21
42461048.62
53252549.21
56217853.14
37446360.98
14906377.39
13685455.73
65986243.05
49626982.33
43808220.84
37471995.06
87319776.81
31134826.93
53820563.73
13378227.99
30509551.27
28980068.38
76404795.93
25555677.49
23657884.47
32704146.07
25304940.56
16168453.77
31655256.64
23519121.59
46315601.73
30060781.23
57508277.9
50506957.66
41874300.18
50429821.02
62079285.72
29518799.78
31843692.79
79679102.5
20717997.39
67614141.94
42884326.19
52987839.43
35598340.34
31781364.84
43777419.58
13385757.2
49850996.39
90445507.21
82110226.15
93918540.98
87667080.19
35624420.63
33726266.25
34801838.77
47056100.57
38078788.32
15562186.8
88014383.56
50236572.12
19288781.08
52365969.75
50157883.6
13809702.5
22842240.01
73148998.16
28743375.63
81415619.39
47967640.48
54061170.55
13610353.64
45986878.48
68590881.27
45952712.13
15107294.26
16398610.4
62730445.28
38579395.19
32878809.27
20291776.83
56807689.89
20942955.75
44356414.56
41597681.88
47363672.97
93571237.6
58864127.29
32325945.44
41524716.2
40709005.19
86277866.68
90445507.21
47447960.16
29956963.88
41870454.07
73474577.93
38379823.22
32347243.42
15243383.14
41306021.31
32376707.52
60776966.61
35849068.8
74776897.04
13442705.71
29445964.58
13482337.49
39893305.44
94265844.36
36114625.62
54668589.39
33996208.38
33863303.89
63707184.61
89403597.07
27519232.31
32053655.14
38813896.24
44379961.65
32110200.02
32370338.75
53094216.07
48454848.59
84888653.17
83152136.28
91487417.34
38034129.88
92876630.85
84541349.79
73148998.16
24912303.06
31036187.64
37576118.3
13243626.41
38923928.68
14021000.61
17428580.27
46036190.21
52679856.8
14041952.27
43277388.8
50438098.41
68916461.05
83846743.03
60776966.61
47056100.57
14243828.98
42146157.51
20025251.48
84541349.79
54090095.92
20246893.38
16870300.33
61102546.39
13713764.4
51270231.79
74125737.49
92876630.85
53531714.69
28628896.49
69242040.83
19970541.68
63381604.83
38884470.05
13949288.37
51054586.77
88014383.56
41386023.41
29690927.9
13581733.52
36722013.04
32452750.47
13222038.82
36630756.44
92876630.85
75753636.38
39468067.72
49292532.66
51556482.66
36475905.5
17694851.64
23283970.92
38612719.78
31310797.0
50740237.3
49875021.82
92182024.09
56107958.81
29480292.12
58525160.14
35128911.54
44932738.84
37446360.98
36949183.27
87319776.81
32641192.29
78032694.82
25196909.5
51558970.48
55618356.78
52643352.0
39963573.3
88014383.56
53760316.42
30777963.29
17262751.55
24748411.74
52757897.8
66962982.39
52643352.0
83846743.03
85930563.3
39420019.69
17938335.81
50796840.32
27519232.31
38061197.28
20379237.98
30592237.99
