8.734302336547823350e-05
9.704780373942024815e-06
9.704780373942024815e-06
9.704780373942024815e-06
8.734302336547823350e-05
8.734302336547823350e-05
8.734302336547823350e-05
1.198121033820002828e-07
1.078308930438002334e-06
8.734302336547823350e-05
1.198121033820002828e-07
9.704780373942024815e-06
1.331245593133336016e-08
1.198121033820002828e-07
1.078308930438002334e-06
8.734302336547823350e-05
1.198121033820002828e-07
1.198121033820002828e-07
9.704780373942024815e-06
8.734302336547823350e-05
7.860872102893045081e-04
8.734302336547823350e-05
1.198121033820002828e-07
9.704780373942024815e-06
9.704780373942024815e-06
1.078308930438002334e-06
1.078308930438002334e-06
1.479161770148150440e-09
1.078308930438002334e-06
1.198121033820002828e-07
7.860872102893045081e-04
1.198121033820002828e-07
7.074784892603741548e-03
1.198121033820002828e-07
8.734302336547823350e-05
9.704780373942024815e-06
8.734302336547823350e-05
8.734302336547823350e-05
8.734302336547823350e-05
1.078308930438002334e-06
1.479161770148150440e-09
7.860872102893045081e-04
9.704780373942024815e-06
7.860872102893045081e-04
8.734302336547823350e-05
8.734302336547823350e-05
8.734302336547823350e-05
8.734302336547823350e-05
9.704780373942024815e-06
9.704780373942024815e-06
1.198121033820002828e-07
6.367306403343368781e-02
9.704780373942024815e-06
8.734302336547823350e-05
7.074784892603741548e-03
9.704780373942024815e-06
7.074784892603741548e-03
9.704780373942024815e-06
7.860872102893045081e-04
8.734302336547823350e-05
1.078308930438002334e-06
9.704780373942024815e-06
8.734302336547823350e-05
9.704780373942024815e-06
7.074784892603741548e-03
8.734302336547823350e-05
9.704780373942024815e-06
8.734302336547823350e-05
1.078308930438002334e-06
1.078308930438002334e-06
7.860872102893045081e-04
8.734302336547823350e-05
8.734302336547823350e-05
1.078308930438002334e-06
8.734302336547823350e-05
1.331245593133336016e-08
8.734302336547823350e-05
7.860872102893045081e-04
1.078308930438002334e-06
1.198121033820002828e-07
7.860872102893045081e-04
9.704780373942024815e-06
8.734302336547823350e-05
9.704780373942024815e-06
8.734302336547823350e-05
1.198121033820002828e-07
9.704780373942024815e-06
1.078308930438002334e-06
7.860872102893045081e-04
1.198121033820002828e-07
1.078308930438002334e-06
9.704780373942024815e-06
9.704780373942024815e-06
9.704780373942024815e-06
9.704780373942024815e-06
8.734302336547823350e-05
9.704780373942024815e-06
8.734302336547823350e-05
1.078308930438002334e-06
1.078308930438002334e-06
1.078308930438002334e-06
1.078308930438002334e-06
6.367306403343368781e-02
8.734302336547823350e-05
1.078308930438002334e-06
7.860872102893045081e-04
8.734302336547823350e-05
1.078308930438002334e-06
1.198121033820002828e-07
9.704780373942024815e-06
7.860872102893045081e-04
9.704780373942024815e-06
7.860872102893045081e-04
1.198121033820002828e-07
8.734302336547823350e-05
8.734302336547823350e-05
9.704780373942024815e-06
8.734302336547823350e-05
1.479161770148150440e-09
1.078308930438002334e-06
9.704780373942024815e-06
7.860872102893045081e-04
1.078308930438002334e-06
1.198121033820002828e-07
9.704780373942024815e-06
1.198121033820002828e-07
1.331245593133336016e-08
9.704780373942024815e-06
8.734302336547823350e-05
8.734302336547823350e-05
1.331245593133336016e-08
1.078308930438002334e-06
9.704780373942024815e-06
7.074784892603741548e-03
9.704780373942024815e-06
1.198121033820002828e-07
1.078308930438002334e-06
9.704780373942024815e-06
8.734302336547823350e-05
1.078308930438002334e-06
8.734302336547823350e-05
8.734302336547823350e-05
1.331245593133336016e-08
1.078308930438002334e-06
1.198121033820002828e-07
1.198121033820002828e-07
1.198121033820002828e-07
9.704780373942024815e-06
1.331245593133336016e-08
1.078308930438002334e-06
8.734302336547823350e-05
9.704780373942024815e-06
9.704780373942024815e-06
1.198121033820002828e-07
8.734302336547823350e-05
1.198121033820002828e-07
9.704780373942024815e-06
8.734302336547823350e-05
7.860872102893045081e-04
7.860872102893045081e-04
1.078308930438002334e-06
1.198121033820002828e-07
7.860872102893045081e-04
1.078308930438002334e-06
9.704780373942024815e-06
1.078308930438002334e-06
1.331245593133336016e-08
1.078308930438002334e-06
8.734302336547823350e-05
1.198121033820002828e-07
1.078308930438002334e-06
9.704780373942024815e-06
9.704780373942024815e-06
7.074784892603741548e-03
9.704780373942024815e-06
1.198121033820002828e-07
8.734302336547823350e-05
1.078308930438002334e-06
1.078308930438002334e-06
9.704780373942024815e-06
8.734302336547823350e-05
7.860872102893045081e-04
1.198121033820002828e-07
1.198121033820002828e-07
9.704780373942024815e-06
9.704780373942024815e-06
1.331245593133336016e-08
1.078308930438002334e-06
8.734302336547823350e-05
8.734302336547823350e-05
1.198121033820002828e-07
1.198121033820002828e-07
1.198121033820002828e-07
9.704780373942024815e-06
8.734302336547823350e-05
1.331245593133336016e-08
7.860872102893045081e-04
1.479161770148150440e-09
1.198121033820002828e-07
7.074784892603741548e-03
9.704780373942024815e-06
9.704780373942024815e-06
1.078308930438002334e-06
9.704780373942024815e-06
1.078308930438002334e-06
7.074784892603741548e-03
1.078308930438002334e-06
1.078308930438002334e-06
7.860872102893045081e-04
1.198121033820002828e-07
7.860872102893045081e-04
1.078308930438002334e-06
9.704780373942024815e-06
1.078308930438002334e-06
1.078308930438002334e-06
9.704780373942024815e-06
9.704780373942024815e-06
9.704780373942024815e-06
7.860872102893045081e-04
1.078308930438002334e-06
8.734302336547823350e-05
1.078308930438002334e-06
1.198121033820002828e-07
7.074784892603741548e-03
7.860872102893045081e-04
9.704780373942024815e-06
8.734302336547823350e-05
9.704780373942024815e-06
8.734302336547823350e-05
8.734302336547823350e-05
7.860872102893045081e-04
7.860872102893045081e-04
8.734302336547823350e-05
1.331245593133336016e-08
1.078308930438002334e-06
9.704780373942024815e-06
1.331245593133336016e-08
8.734302336547823350e-05
9.704780373942024815e-06
8.734302336547823350e-05
8.734302336547823350e-05
8.734302336547823350e-05
6.367306403343368781e-02
7.860872102893045081e-04
9.704780373942024815e-06
1.078308930438002334e-06
8.734302336547823350e-05
7.860872102893045081e-04
5.730575763009033707e-01
8.734302336547823350e-05
8.734302336547823350e-05
7.860872102893045081e-04
1.078308930438002334e-06
1.078308930438002334e-06
7.860872102893045081e-04
9.704780373942024815e-06
9.704780373942024815e-06
9.704780373942024815e-06
9.704780373942024815e-06
1.078308930438002334e-06
8.734302336547823350e-05
8.734302336547823350e-05
1.331245593133336016e-08
1.078308930438002334e-06
1.078308930438002334e-06
1.198121033820002828e-07
1.331245593133336016e-08
6.367306403343368781e-02
1.078308930438002334e-06
9.704780373942024815e-06
9.704780373942024815e-06
8.734302336547823350e-05
8.734302336547823350e-05
8.734302336547823350e-05
9.704780373942024815e-06
1.479161770148150440e-09
1.198121033820002828e-07
8.734302336547823350e-05
8.734302336547823350e-05
9.704780373942024815e-06
7.860872102893045081e-04
8.734302336547823350e-05
9.704780373942024815e-06
1.331245593133336016e-08
1.078308930438002334e-06
1.078308930438002334e-06
7.860872102893045081e-04
9.704780373942024815e-06
7.860872102893045081e-04
9.704780373942024815e-06
9.704780373942024815e-06
1.198121033820002828e-07
1.078308930438002334e-06
9.704780373942024815e-06
1.198121033820002828e-07
1.078308930438002334e-06
1.078308930438002334e-06
9.704780373942024815e-06
7.074784892603741548e-03
1.078308930438002334e-06
1.198121033820002828e-07
9.704780373942024815e-06
1.198121033820002828e-07
1.078308930438002334e-06
1.198121033820002828e-07
1.198121033820002828e-07
7.860872102893045081e-04
8.734302336547823350e-05
7.860872102893045081e-04
8.734302336547823350e-05
7.860872102893045081e-04
7.860872102893045081e-04
9.704780373942024815e-06
7.860872102893045081e-04
8.734302336547823350e-05
9.704780373942024815e-06
8.734302336547823350e-05
7.074784892603741548e-03
1.078308930438002334e-06
1.078308930438002334e-06
1.198121033820002828e-07
9.704780373942024815e-06
7.860872102893045081e-04
1.078308930438002334e-06
9.704780373942024815e-06
8.734302336547823350e-05
9.704780373942024815e-06
1.078308930438002334e-06
7.860872102893045081e-04
1.198121033820002828e-07
7.074784892603741548e-03
7.074784892603741548e-03
7.074784892603741548e-03
8.734302336547823350e-05
7.860872102893045081e-04
8.734302336547823350e-05
7.860872102893045081e-04
1.331245593133336016e-08
9.704780373942024815e-06
8.734302336547823350e-05
1.078308930438002334e-06
8.734302336547823350e-05
7.860872102893045081e-04
8.734302336547823350e-05
1.198121033820002828e-07
8.734302336547823350e-05
7.860872102893045081e-04
7.860872102893045081e-04
8.734302336547823350e-05
9.704780373942024815e-06
7.860872102893045081e-04
1.078308930438002334e-06
9.704780373942024815e-06
7.074784892603741548e-03
1.078308930438002334e-06
9.704780373942024815e-06
9.704780373942024815e-06
7.860872102893045081e-04
1.078308930438002334e-06
8.734302336547823350e-05
9.704780373942024815e-06
9.704780373942024815e-06
1.198121033820002828e-07
8.734302336547823350e-05
1.078308930438002334e-06
7.074784892603741548e-03
8.734302336547823350e-05
1.198121033820002828e-07
9.704780373942024815e-06
1.331245593133336016e-08
1.331245593133336016e-08
7.074784892603741548e-03
1.078308930438002334e-06
1.078308930438002334e-06
1.078308930438002334e-06
1.078308930438002334e-06
8.734302336547823350e-05
9.704780373942024815e-06
1.198121033820002828e-07
1.078308930438002334e-06
1.198121033820002828e-07
8.734302336547823350e-05
9.704780373942024815e-06
1.331245593133336016e-08
1.198121033820002828e-07
1.078308930438002334e-06
1.198121033820002828e-07
8.734302336547823350e-05
1.078308930438002334e-06
8.734302336547823350e-05
8.734302336547823350e-05
8.734302336547823350e-05
9.704780373942024815e-06
1.198121033820002828e-07
1.331245593133336016e-08
1.078308930438002334e-06
9.704780373942024815e-06
7.074784892603741548e-03
9.704780373942024815e-06
7.860872102893045081e-04
