4.124541612824363102e-02
5.092026682499210507e-04
4.124541612824363102e-02
4.124541612824363102e-02
5.092026682499210507e-04
5.657807424999120526e-05
4.582824014249290215e-03
4.124541612824363102e-02
5.657807424999120526e-05
5.092026682499210507e-04
4.582824014249290215e-03
6.286452694443467910e-06
5.092026682499210507e-04
5.092026682499210507e-04
5.092026682499210507e-04
4.582824014249290215e-03
6.286452694443467910e-06
5.092026682499210507e-04
5.092026682499210507e-04
5.092026682499210507e-04
5.092026682499210507e-04
5.657807424999120526e-05
4.582824014249290215e-03
5.092026682499210507e-04
6.984947438270517077e-07
6.286452694443467910e-06
3.712087451541927208e-01
4.582824014249290215e-03
3.712087451541927208e-01
6.286452694443467910e-06
4.582824014249290215e-03
5.092026682499210507e-04
5.092026682499210507e-04
5.092026682499210507e-04
4.582824014249290215e-03
5.092026682499210507e-04
5.092026682499210507e-04
6.286452694443467910e-06
5.657807424999120526e-05
5.092026682499210507e-04
6.984947438270517077e-07
6.286452694443467910e-06
4.582824014249290215e-03
5.092026682499210507e-04
5.657807424999120526e-05
5.092026682499210507e-04
5.657807424999120526e-05
5.657807424999120526e-05
4.124541612824363102e-02
4.582824014249290215e-03
