6.306516637737722732e-03
7.785823009552740148e-05
5.675864973963951760e-02
7.007240708597466811e-04
5.675864973963951760e-02
8.650914455058596964e-06
8.650914455058596964e-06
7.785823009552740148e-05
5.675864973963951760e-02
7.007240708597466811e-04
8.650914455058596964e-06
6.306516637737722732e-03
9.612127172287330666e-07
7.785823009552740148e-05
6.306516637737722732e-03
7.785823009552740148e-05
6.306516637737722732e-03
8.650914455058596964e-06
7.007240708597466811e-04
8.650914455058596964e-06
7.007240708597466811e-04
1.068014130254147411e-07
8.650914455058596964e-06
1.068014130254147411e-07
7.785823009552740148e-05
9.612127172287330666e-07
7.007240708597466811e-04
1.068014130254147411e-07
7.007240708597466811e-04
8.650914455058596964e-06
7.785823009552740148e-05
9.612127172287330666e-07
7.785823009552740148e-05
7.007240708597466811e-04
6.306516637737722732e-03
6.306516637737722732e-03
7.007240708597466811e-04
7.007240708597466811e-04
8.650914455058596964e-06
8.650914455058596964e-06
7.785823009552740148e-05
7.785823009552740148e-05
7.785823009552740148e-05
7.785823009552740148e-05
9.612127172287330666e-07
8.650914455058596964e-06
5.675864973963951760e-02
7.007240708597466811e-04
7.785823009552740148e-05
5.675864973963951760e-02
7.007240708597466811e-04
7.007240708597466811e-04
7.007240708597466811e-04
7.785823009552740148e-05
7.785823009552740148e-05
9.612127172287330666e-07
6.306516637737722732e-03
7.007240708597466811e-04
7.785823009552740148e-05
6.306516637737722732e-03
7.785823009552740148e-05
7.007240708597466811e-04
5.108278476567558180e-01
7.007240708597466811e-04
8.650914455058596964e-06
6.306516637737722732e-03
7.785823009552740148e-05
6.306516637737722732e-03
7.785823009552740148e-05
7.785823009552740148e-05
6.306516637737722732e-03
8.650914455058596964e-06
1.068014130254147411e-07
9.612127172287330666e-07
9.612127172287330666e-07
7.007240708597466811e-04
7.785823009552740148e-05
9.612127172287330666e-07
7.007240708597466811e-04
9.612127172287330666e-07
5.675864973963951760e-02
9.612127172287330666e-07
7.785823009552740148e-05
6.306516637737722732e-03
5.675864973963951760e-02
7.785823009552740148e-05
9.612127172287330666e-07
8.650914455058596964e-06
7.785823009552740148e-05
9.612127172287330666e-07
7.007240708597466811e-04
7.785823009552740148e-05
8.650914455058596964e-06
7.007240708597466811e-04
7.785823009552740148e-05
9.612127172287330666e-07
9.612127172287330666e-07
7.785823009552740148e-05
8.650914455058596964e-06
9.612127172287330666e-07
