1.182894277809778418e-04
1.064604850028800630e-03
9.581443650259211312e-03
1.314326975344197828e-05
1.314326975344197828e-05
1.064604850028800630e-03
1.460363305937997516e-06
1.182894277809778418e-04
9.581443650259211312e-03
1.314326975344197828e-05
1.314326975344197828e-05
1.314326975344197828e-05
1.182894277809778418e-04
1.314326975344197828e-05
1.314326975344197828e-05
1.064604850028800630e-03
9.581443650259211312e-03
1.064604850028800630e-03
1.064604850028800630e-03
8.623299285233290701e-02
1.182894277809778418e-04
1.314326975344197828e-05
9.581443650259211312e-03
8.623299285233290701e-02
1.460363305937997516e-06
1.314326975344197828e-05
1.314326975344197828e-05
1.064604850028800630e-03
1.314326975344197828e-05
1.064604850028800630e-03
1.460363305937997516e-06
1.314326975344197828e-05
1.182894277809778418e-04
1.182894277809778418e-04
1.314326975344197828e-05
1.460363305937997516e-06
1.064604850028800630e-03
1.064604850028800630e-03
1.182894277809778418e-04
1.622625895486663525e-07
1.314326975344197828e-05
1.064604850028800630e-03
1.064604850028800630e-03
1.460363305937997516e-06
1.314326975344197828e-05
1.182894277809778418e-04
1.182894277809778418e-04
1.314326975344197828e-05
1.182894277809778418e-04
7.760969356709963574e-01
