3.877555210482095462e-05
5.319005775695601278e-08
3.489799689433887610e-04
3.140819720490499282e-03
4.308394678313439967e-06
3.877555210482095462e-05
3.489799689433887610e-04
3.489799689433887610e-04
2.544063973597305850e-01
3.489799689433887610e-04
3.489799689433887610e-04
3.877555210482095462e-05
2.544063973597305850e-01
3.489799689433887610e-04
3.877555210482095462e-05
3.489799689433887610e-04
3.140819720490499282e-03
3.877555210482095462e-05
4.308394678313439967e-06
3.877555210482095462e-05
3.140819720490499282e-03
2.826737748441450482e-02
3.489799689433887610e-04
3.877555210482095462e-05
2.826737748441450482e-02
2.544063973597305850e-01
3.877555210482095462e-05
3.140819720490499282e-03
2.826737748441450482e-02
3.140819720490499282e-03
3.140819720490499282e-03
3.877555210482095462e-05
3.877555210482095462e-05
3.140819720490499282e-03
3.140819720490499282e-03
4.308394678313439967e-06
4.308394678313439967e-06
3.489799689433887610e-04
3.877555210482095462e-05
2.826737748441450482e-02
3.877555210482095462e-05
2.826737748441450482e-02
2.826737748441450482e-02
3.489799689433887610e-04
3.489799689433887610e-04
2.826737748441450482e-02
3.877555210482095462e-05
3.140819720490499282e-03
3.140819720490499282e-03
3.140819720490499282e-03
