2.626484934091172712e-05
2.363836440682055644e-04
2.127452796613851001e-03
3.242573992705150144e-07
2.363836440682055644e-04
3.242573992705150144e-07
2.626484934091172712e-05
2.918316593434635076e-06
2.363836440682055644e-04
3.242573992705150144e-07
2.363836440682055644e-04
2.626484934091172712e-05
2.626484934091172712e-05
2.918316593434635076e-06
2.918316593434635076e-06
1.914707516952466465e-02
2.363836440682055644e-04
1.914707516952466465e-02
2.626484934091172712e-05
2.127452796613851001e-03
2.918316593434635076e-06
2.918316593434635076e-06
1.914707516952466465e-02
2.918316593434635076e-06
2.626484934091172712e-05
2.363836440682055644e-04
2.918316593434635076e-06
2.626484934091172712e-05
3.242573992705150144e-07
2.918316593434635076e-06
3.602859991894610315e-08
2.918316593434635076e-06
2.626484934091172712e-05
2.918316593434635076e-06
2.918316593434635076e-06
2.918316593434635076e-06
2.363836440682055644e-04
2.626484934091172712e-05
3.242573992705150144e-07
2.626484934091172712e-05
2.626484934091172712e-05
3.602859991894610315e-08
2.363836440682055644e-04
2.918316593434635076e-06
2.918316593434635076e-06
3.242573992705150144e-07
2.626484934091172712e-05
2.626484934091172712e-05
2.626484934091172712e-05
2.626484934091172712e-05
2.918316593434635076e-06
2.363836440682055644e-04
2.918316593434635076e-06
2.363836440682055644e-04
2.626484934091172712e-05
3.242573992705150144e-07
3.602859991894610315e-08
2.626484934091172712e-05
2.626484934091172712e-05
2.626484934091172712e-05
2.127452796613851001e-03
2.363836440682055644e-04
2.363836440682055644e-04
2.127452796613851001e-03
2.626484934091172712e-05
3.242573992705150144e-07
2.363836440682055644e-04
3.242573992705150144e-07
3.242573992705150144e-07
2.127452796613851001e-03
2.626484934091172712e-05
2.918316593434635076e-06
1.914707516952466465e-02
2.127452796613851001e-03
3.242573992705150144e-07
2.363836440682055644e-04
3.242573992705150144e-07
2.918316593434635076e-06
3.242573992705150144e-07
3.242573992705150144e-07
2.918316593434635076e-06
2.363836440682055644e-04
2.363836440682055644e-04
2.626484934091172712e-05
2.918316593434635076e-06
2.363836440682055644e-04
2.626484934091172712e-05
2.363836440682055644e-04
2.626484934091172712e-05
2.363836440682055644e-04
2.918316593434635076e-06
2.626484934091172712e-05
2.918316593434635076e-06
2.363836440682055644e-04
2.127452796613851001e-03
2.363836440682055644e-04
2.363836440682055644e-04
2.918316593434635076e-06
2.127452796613851001e-03
2.626484934091172712e-05
2.363836440682055644e-04
3.242573992705150144e-07
2.127452796613851001e-03
2.363836440682055644e-04
1.914707516952466465e-02
2.626484934091172712e-05
1.914707516952466465e-02
3.602859991894610315e-08
2.626484934091172712e-05
2.127452796613851001e-03
2.363836440682055644e-04
3.242573992705150144e-07
1.723236765257220027e-01
2.127452796613851001e-03
2.363836440682055644e-04
3.242573992705150144e-07
2.363836440682055644e-04
2.918316593434635076e-06
3.602859991894610315e-08
2.918316593434635076e-06
3.242573992705150144e-07
3.242573992705150144e-07
3.242573992705150144e-07
2.918316593434635076e-06
2.918316593434635076e-06
3.242573992705150144e-07
2.626484934091172712e-05
3.242573992705150144e-07
3.242573992705150144e-07
2.626484934091172712e-05
2.918316593434635076e-06
2.626484934091172712e-05
2.363836440682055644e-04
2.918316593434635076e-06
1.914707516952466465e-02
2.127452796613851001e-03
2.626484934091172712e-05
3.242573992705150144e-07
3.602859991894610315e-08
2.127452796613851001e-03
2.363836440682055644e-04
2.918316593434635076e-06
2.363836440682055644e-04
4.003177768771787768e-09
2.363836440682055644e-04
2.127452796613851001e-03
2.918316593434635076e-06
3.602859991894610315e-08
2.918316593434635076e-06
2.127452796613851001e-03
4.447975298635319111e-10
2.363836440682055644e-04
2.363836440682055644e-04
3.242573992705150144e-07
2.626484934091172712e-05
2.363836440682055644e-04
3.242573992705150144e-07
2.363836440682055644e-04
2.626484934091172712e-05
2.918316593434635076e-06
2.918316593434635076e-06
2.918316593434635076e-06
2.127452796613851001e-03
2.363836440682055644e-04
2.127452796613851001e-03
2.918316593434635076e-06
2.363836440682055644e-04
2.127452796613851001e-03
2.363836440682055644e-04
3.242573992705150144e-07
3.242573992705150144e-07
2.363836440682055644e-04
2.918316593434635076e-06
3.242573992705150144e-07
3.602859991894610315e-08
2.626484934091172712e-05
2.363836440682055644e-04
3.242573992705150144e-07
2.918316593434635076e-06
2.363836440682055644e-04
2.626484934091172712e-05
2.127452796613851001e-03
2.127452796613851001e-03
2.363836440682055644e-04
2.918316593434635076e-06
3.602859991894610315e-08
2.363836440682055644e-04
2.626484934091172712e-05
2.626484934091172712e-05
3.242573992705150144e-07
2.918316593434635076e-06
3.602859991894610315e-08
2.918316593434635076e-06
3.602859991894610315e-08
1.914707516952466465e-02
3.242573992705150144e-07
2.626484934091172712e-05
3.242573992705150144e-07
2.127452796613851001e-03
2.626484934091172712e-05
2.127452796613851001e-03
2.127452796613851001e-03
2.127452796613851001e-03
3.242573992705150144e-07
1.914707516952466465e-02
2.918316593434635076e-06
2.626484934091172712e-05
2.363836440682055644e-04
2.363836440682055644e-04
2.127452796613851001e-03
2.363836440682055644e-04
2.918316593434635076e-06
2.127452796613851001e-03
3.242573992705150144e-07
3.242573992705150144e-07
3.242573992705150144e-07
2.918316593434635076e-06
3.242573992705150144e-07
2.363836440682055644e-04
1.914707516952466465e-02
2.626484934091172712e-05
2.626484934091172712e-05
2.127452796613851001e-03
3.242573992705150144e-07
2.626484934091172712e-05
2.626484934091172712e-05
2.363836440682055644e-04
3.242573992705150144e-07
3.242573992705150144e-07
2.363836440682055644e-04
2.918316593434635076e-06
2.127452796613851001e-03
2.918316593434635076e-06
2.626484934091172712e-05
2.363836440682055644e-04
2.363836440682055644e-04
2.626484934091172712e-05
2.918316593434635076e-06
2.918316593434635076e-06
3.242573992705150144e-07
2.363836440682055644e-04
2.918316593434635076e-06
2.918316593434635076e-06
3.242573992705150144e-07
2.363836440682055644e-04
2.127452796613851001e-03
2.127452796613851001e-03
3.242573992705150144e-07
2.918316593434635076e-06
2.127452796613851001e-03
2.363836440682055644e-04
2.626484934091172712e-05
2.918316593434635076e-06
2.363836440682055644e-04
2.626484934091172712e-05
2.626484934091172712e-05
2.363836440682055644e-04
2.363836440682055644e-04
2.363836440682055644e-04
2.363836440682055644e-04
2.918316593434635076e-06
2.626484934091172712e-05
2.127452796613851001e-03
2.626484934091172712e-05
2.363836440682055644e-04
3.242573992705150144e-07
4.003177768771787768e-09
2.626484934091172712e-05
2.127452796613851001e-03
2.363836440682055644e-04
3.242573992705150144e-07
2.127452796613851001e-03
2.918316593434635076e-06
2.626484934091172712e-05
2.363836440682055644e-04
2.363836440682055644e-04
3.602859991894610315e-08
2.127452796613851001e-03
2.626484934091172712e-05
2.127452796613851001e-03
2.626484934091172712e-05
2.127452796613851001e-03
2.918316593434635076e-06
3.242573992705150144e-07
2.363836440682055644e-04
2.626484934091172712e-05
2.127452796613851001e-03
2.363836440682055644e-04
3.242573992705150144e-07
1.914707516952466465e-02
2.918316593434635076e-06
2.626484934091172712e-05
2.626484934091172712e-05
2.127452796613851001e-03
2.626484934091172712e-05
2.127452796613851001e-03
2.626484934091172712e-05
3.242573992705150144e-07
2.918316593434635076e-06
1.914707516952466465e-02
3.602859991894610315e-08
3.602859991894610315e-08
2.626484934091172712e-05
2.626484934091172712e-05
3.602859991894610315e-08
2.363836440682055644e-04
2.127452796613851001e-03
2.363836440682055644e-04
3.242573992705150144e-07
2.626484934091172712e-05
2.363836440682055644e-04
2.127452796613851001e-03
2.626484934091172712e-05
3.242573992705150144e-07
3.242573992705150144e-07
2.626484934091172712e-05
1.914707516952466465e-02
2.918316593434635076e-06
2.626484934091172712e-05
2.626484934091172712e-05
3.242573992705150144e-07
2.918316593434635076e-06
3.602859991894610315e-08
2.127452796613851001e-03
2.626484934091172712e-05
2.626484934091172712e-05
3.602859991894610315e-08
2.918316593434635076e-06
2.918316593434635076e-06
2.363836440682055644e-04
2.127452796613851001e-03
2.363836440682055644e-04
3.242573992705150144e-07
2.363836440682055644e-04
3.602859991894610315e-08
2.626484934091172712e-05
2.626484934091172712e-05
2.918316593434635076e-06
2.918316593434635076e-06
3.602859991894610315e-08
1.914707516952466465e-02
2.626484934091172712e-05
2.918316593434635076e-06
2.363836440682055644e-04
2.918316593434635076e-06
2.363836440682055644e-04
2.626484934091172712e-05
3.242573992705150144e-07
1.914707516952466465e-02
2.918316593434635076e-06
2.918316593434635076e-06
2.918316593434635076e-06
2.626484934091172712e-05
2.363836440682055644e-04
2.363836440682055644e-04
2.626484934091172712e-05
2.127452796613851001e-03
3.242573992705150144e-07
2.363836440682055644e-04
2.626484934091172712e-05
2.626484934091172712e-05
2.363836440682055644e-04
2.626484934091172712e-05
2.918316593434635076e-06
2.626484934091172712e-05
2.918316593434635076e-06
1.914707516952466465e-02
3.242573992705150144e-07
3.242573992705150144e-07
3.242573992705150144e-07
2.127452796613851001e-03
2.363836440682055644e-04
3.242573992705150144e-07
3.242573992705150144e-07
2.918316593434635076e-06
2.363836440682055644e-04
3.602859991894610315e-08
2.363836440682055644e-04
3.242573992705150144e-07
2.363836440682055644e-04
2.918316593434635076e-06
3.602859991894610315e-08
2.626484934091172712e-05
2.127452796613851001e-03
2.918316593434635076e-06
2.918316593434635076e-06
2.626484934091172712e-05
2.626484934091172712e-05
2.127452796613851001e-03
2.363836440682055644e-04
3.242573992705150144e-07
3.242573992705150144e-07
2.918316593434635076e-06
2.127452796613851001e-03
2.918316593434635076e-06
2.626484934091172712e-05
2.626484934091172712e-05
2.918316593434635076e-06
2.918316593434635076e-06
2.626484934091172712e-05
2.626484934091172712e-05
2.127452796613851001e-03
3.602859991894610315e-08
2.626484934091172712e-05
1.914707516952466465e-02
1.914707516952466465e-02
2.626484934091172712e-05
2.918316593434635076e-06
2.363836440682055644e-04
2.918316593434635076e-06
2.127452796613851001e-03
3.242573992705150144e-07
2.363836440682055644e-04
2.363836440682055644e-04
2.918316593434635076e-06
2.127452796613851001e-03
4.003177768771787768e-09
2.363836440682055644e-04
2.918316593434635076e-06
2.626484934091172712e-05
3.242573992705150144e-07
2.626484934091172712e-05
2.918316593434635076e-06
2.363836440682055644e-04
2.127452796613851001e-03
2.918316593434635076e-06
2.363836440682055644e-04
2.918316593434635076e-06
2.918316593434635076e-06
2.127452796613851001e-03
3.242573992705150144e-07
2.626484934091172712e-05
1.723236765257220027e-01
3.242573992705150144e-07
2.918316593434635076e-06
2.626484934091172712e-05
2.918316593434635076e-06
2.626484934091172712e-05
2.363836440682055644e-04
3.242573992705150144e-07
2.363836440682055644e-04
2.626484934091172712e-05
4.003177768771787768e-09
2.918316593434635076e-06
2.626484934091172712e-05
2.918316593434635076e-06
2.918316593434635076e-06
2.626484934091172712e-05
2.626484934091172712e-05
1.914707516952466465e-02
2.127452796613851001e-03
2.626484934091172712e-05
2.626484934091172712e-05
3.602859991894610315e-08
2.918316593434635076e-06
2.363836440682055644e-04
2.626484934091172712e-05
1.914707516952466465e-02
2.363836440682055644e-04
2.626484934091172712e-05
2.626484934091172712e-05
2.363836440682055644e-04
2.363836440682055644e-04
2.918316593434635076e-06
2.127452796613851001e-03
1.914707516952466465e-02
2.918316593434635076e-06
2.363836440682055644e-04
2.626484934091172712e-05
1.914707516952466465e-02
2.127452796613851001e-03
2.363836440682055644e-04
2.918316593434635076e-06
3.602859991894610315e-08
3.242573992705150144e-07
2.363836440682055644e-04
2.626484934091172712e-05
2.127452796613851001e-03
2.363836440682055644e-04
2.363836440682055644e-04
2.918316593434635076e-06
1.914707516952466465e-02
2.363836440682055644e-04
2.626484934091172712e-05
1.914707516952466465e-02
1.914707516952466465e-02
2.127452796613851001e-03
2.127452796613851001e-03
2.363836440682055644e-04
2.918316593434635076e-06
2.127452796613851001e-03
1.914707516952466465e-02
3.242573992705150144e-07
2.363836440682055644e-04
3.242573992705150144e-07
2.626484934091172712e-05
2.626484934091172712e-05
2.363836440682055644e-04
2.363836440682055644e-04
2.626484934091172712e-05
