1.827936465843061733e-05
1.827936465843061733e-05
1.645142819258756204e-04
2.031040517603402161e-06
2.031040517603402161e-06
2.256711686226001695e-07
1.480628537332880773e-03
1.827936465843061733e-05
1.480628537332880773e-03
1.827936465843061733e-05
1.480628537332880773e-03
1.199309115239634294e-01
1.645142819258756204e-04
1.645142819258756204e-04
1.480628537332880773e-03
2.031040517603402161e-06
1.480628537332880773e-03
1.645142819258756204e-04
1.480628537332880773e-03
2.031040517603402161e-06
1.827936465843061733e-05
1.645142819258756204e-04
1.827936465843061733e-05
1.827936465843061733e-05
1.480628537332880773e-03
2.256711686226001695e-07
1.645142819258756204e-04
1.645142819258756204e-04
1.645142819258756204e-04
1.480628537332880773e-03
1.645142819258756204e-04
1.332565683599593390e-02
2.031040517603402161e-06
2.507457429140000781e-08
1.199309115239634294e-01
1.645142819258756204e-04
1.645142819258756204e-04
1.827936465843061733e-05
1.827936465843061733e-05
1.827936465843061733e-05
1.480628537332880773e-03
2.031040517603402161e-06
1.827936465843061733e-05
1.645142819258756204e-04
1.332565683599593390e-02
1.199309115239634294e-01
1.827936465843061733e-05
1.199309115239634294e-01
1.827936465843061733e-05
1.480628537332880773e-03
2.031040517603402161e-06
1.645142819258756204e-04
1.645142819258756204e-04
1.332565683599593390e-02
1.645142819258756204e-04
1.827936465843061733e-05
1.645142819258756204e-04
1.332565683599593390e-02
1.645142819258756204e-04
1.332565683599593390e-02
1.645142819258756204e-04
1.827936465843061733e-05
1.480628537332880773e-03
1.645142819258756204e-04
2.507457429140000781e-08
1.645142819258756204e-04
2.031040517603402161e-06
1.645142819258756204e-04
1.827936465843061733e-05
2.031040517603402161e-06
1.645142819258756204e-04
2.031040517603402161e-06
1.827936465843061733e-05
2.031040517603402161e-06
1.645142819258756204e-04
2.256711686226001695e-07
1.827936465843061733e-05
1.480628537332880773e-03
1.645142819258756204e-04
1.645142819258756204e-04
2.256711686226001695e-07
1.199309115239634294e-01
1.827936465843061733e-05
1.645142819258756204e-04
2.031040517603402161e-06
1.827936465843061733e-05
1.332565683599593390e-02
1.480628537332880773e-03
1.332565683599593390e-02
1.332565683599593390e-02
1.332565683599593390e-02
1.332565683599593390e-02
1.480628537332880773e-03
1.827936465843061733e-05
1.645142819258756204e-04
1.199309115239634294e-01
1.645142819258756204e-04
1.480628537332880773e-03
2.031040517603402161e-06
1.199309115239634294e-01
