5.245729695392201261e-05
3.824136947940918324e-02
3.824136947940918324e-02
4.721156725852982761e-04
3.824136947940918324e-02
5.245729695392201261e-05
4.721156725852982761e-04
5.828588550435779555e-06
3.824136947940918324e-02
4.249041053267684810e-03
3.824136947940918324e-02
4.249041053267684810e-03
4.721156725852982761e-04
3.441723253146827255e-01
4.721156725852982761e-04
7.195788333871328258e-08
5.245729695392201261e-05
4.249041053267684810e-03
5.828588550435779555e-06
5.828588550435779555e-06
5.828588550435779555e-06
5.245729695392201261e-05
3.824136947940918324e-02
6.476209500484197153e-07
4.249041053267684810e-03
3.441723253146827255e-01
5.245729695392201261e-05
4.249041053267684810e-03
4.721156725852982761e-04
4.249041053267684810e-03
5.828588550435779555e-06
4.249041053267684810e-03
5.828588550435779555e-06
4.249041053267684810e-03
4.249041053267684810e-03
5.245729695392201261e-05
4.721156725852982761e-04
5.828588550435779555e-06
5.245729695392201261e-05
4.721156725852982761e-04
5.828588550435779555e-06
5.245729695392201261e-05
4.721156725852982761e-04
5.245729695392201261e-05
4.721156725852982761e-04
3.824136947940918324e-02
4.721156725852982761e-04
4.721156725852982761e-04
5.828588550435779555e-06
5.828588550435779555e-06
