3.671774966552593466e-06
2.974137722907602122e-04
2.676723950616843265e-03
3.304597469897335390e-05
3.304597469897335390e-05
2.409051555555159416e-02
3.671774966552593466e-06
5.036728349180508992e-09
2.974137722907602122e-04
3.671774966552593466e-06
3.304597469897335390e-05
3.671774966552593466e-06
3.671774966552593466e-06
2.676723950616843265e-03
4.079749962836215021e-07
3.304597469897335390e-05
3.304597469897335390e-05
2.676723950616843265e-03
2.676723950616843265e-03
3.304597469897335390e-05
2.974137722907602122e-04
2.974137722907602122e-04
4.079749962836215021e-07
3.304597469897335390e-05
2.974137722907602122e-04
3.304597469897335390e-05
3.304597469897335390e-05
3.304597469897335390e-05
3.671774966552593466e-06
3.304597469897335390e-05
2.974137722907602122e-04
3.671774966552593466e-06
3.671774966552593466e-06
2.974137722907602122e-04
2.676723950616843265e-03
4.533055514262459664e-08
3.304597469897335390e-05
2.974137722907602122e-04
3.671774966552593466e-06
2.974137722907602122e-04
3.671774966552593466e-06
2.676723950616843265e-03
4.533055514262459664e-08
2.974137722907602122e-04
3.671774966552593466e-06
2.974137722907602122e-04
3.304597469897335390e-05
2.676723950616843265e-03
3.671774966552593466e-06
3.671774966552593466e-06
2.974137722907602122e-04
2.974137722907602122e-04
3.671774966552593466e-06
2.974137722907602122e-04
3.671774966552593466e-06
4.079749962836215021e-07
4.079749962836215021e-07
3.304597469897335390e-05
3.304597469897335390e-05
2.974137722907602122e-04
3.304597469897335390e-05
3.304597469897335390e-05
2.974137722907602122e-04
3.671774966552593466e-06
3.671774966552593466e-06
4.079749962836215021e-07
2.676723950616843265e-03
3.304597469897335390e-05
2.974137722907602122e-04
2.974137722907602122e-04
4.079749962836215021e-07
3.304597469897335390e-05
4.079749962836215021e-07
3.671774966552593466e-06
3.671774966552593466e-06
3.304597469897335390e-05
2.676723950616843265e-03
2.974137722907602122e-04
3.671774966552593466e-06
2.676723950616843265e-03
2.974137722907602122e-04
4.533055514262459664e-08
4.079749962836215021e-07
2.974137722907602122e-04
2.409051555555159416e-02
2.676723950616843265e-03
3.671774966552593466e-06
2.409051555555159416e-02
3.671774966552593466e-06
2.974137722907602122e-04
3.671774966552593466e-06
4.079749962836215021e-07
3.671774966552593466e-06
3.304597469897335390e-05
2.974137722907602122e-04
4.533055514262459664e-08
4.079749962836215021e-07
4.079749962836215021e-07
3.304597469897335390e-05
3.671774966552593466e-06
2.974137722907602122e-04
3.304597469897335390e-05
3.304597469897335390e-05
3.304597469897335390e-05
3.304597469897335390e-05
4.079749962836215021e-07
2.974137722907602122e-04
2.676723950616843265e-03
2.676723950616843265e-03
3.671774966552593466e-06
5.596364832422787309e-10
2.168146399999643925e-01
3.304597469897335390e-05
3.671774966552593466e-06
3.304597469897335390e-05
3.304597469897335390e-05
2.676723950616843265e-03
3.671774966552593466e-06
3.304597469897335390e-05
3.671774966552593466e-06
2.676723950616843265e-03
4.079749962836215021e-07
4.533055514262459664e-08
3.304597469897335390e-05
2.676723950616843265e-03
3.671774966552593466e-06
2.974137722907602122e-04
2.676723950616843265e-03
2.409051555555159416e-02
3.671774966552593466e-06
4.079749962836215021e-07
2.974137722907602122e-04
4.079749962836215021e-07
3.304597469897335390e-05
4.079749962836215021e-07
3.671774966552593466e-06
2.676723950616843265e-03
3.671774966552593466e-06
2.676723950616843265e-03
3.671774966552593466e-06
4.079749962836215021e-07
2.974137722907602122e-04
4.079749962836215021e-07
3.304597469897335390e-05
3.304597469897335390e-05
4.079749962836215021e-07
4.079749962836215021e-07
4.079749962836215021e-07
4.079749962836215021e-07
3.304597469897335390e-05
3.304597469897335390e-05
2.676723950616843265e-03
3.671774966552593466e-06
4.533055514262459664e-08
3.671774966552593466e-06
3.671774966552593466e-06
4.533055514262459664e-08
4.533055514262459664e-08
2.974137722907602122e-04
2.409051555555159416e-02
3.671774966552593466e-06
4.079749962836215021e-07
2.974137722907602122e-04
2.974137722907602122e-04
2.974137722907602122e-04
3.304597469897335390e-05
3.304597469897335390e-05
3.304597469897335390e-05
5.036728349180508992e-09
4.533055514262459664e-08
3.304597469897335390e-05
4.533055514262459664e-08
2.409051555555159416e-02
3.671774966552593466e-06
3.304597469897335390e-05
3.671774966552593466e-06
3.671774966552593466e-06
3.304597469897335390e-05
2.676723950616843265e-03
2.974137722907602122e-04
4.079749962836215021e-07
4.533055514262459664e-08
3.304597469897335390e-05
2.974137722907602122e-04
3.671774966552593466e-06
2.974137722907602122e-04
3.671774966552593466e-06
3.671774966552593466e-06
4.533055514262459664e-08
4.079749962836215021e-07
2.974137722907602122e-04
2.974137722907602122e-04
4.079749962836215021e-07
2.409051555555159416e-02
2.974137722907602122e-04
3.304597469897335390e-05
3.671774966552593466e-06
4.079749962836215021e-07
2.409051555555159416e-02
3.304597469897335390e-05
3.304597469897335390e-05
3.304597469897335390e-05
4.533055514262459664e-08
3.304597469897335390e-05
2.168146399999643925e-01
4.079749962836215021e-07
2.974137722907602122e-04
3.671774966552593466e-06
2.676723950616843265e-03
3.671774966552593466e-06
3.304597469897335390e-05
2.676723950616843265e-03
2.676723950616843265e-03
3.671774966552593466e-06
3.304597469897335390e-05
3.671774966552593466e-06
2.974137722907602122e-04
2.974137722907602122e-04
4.079749962836215021e-07
5.036728349180508992e-09
4.079749962836215021e-07
3.304597469897335390e-05
2.676723950616843265e-03
3.671774966552593466e-06
2.676723950616843265e-03
3.304597469897335390e-05
4.079749962836215021e-07
3.304597469897335390e-05
3.671774966552593466e-06
3.671774966552593466e-06
4.079749962836215021e-07
3.671774966552593466e-06
3.304597469897335390e-05
4.079749962836215021e-07
2.974137722907602122e-04
2.974137722907602122e-04
4.079749962836215021e-07
3.671774966552593466e-06
4.533055514262459664e-08
2.974137722907602122e-04
3.304597469897335390e-05
3.671774966552593466e-06
4.079749962836215021e-07
4.079749962836215021e-07
2.974137722907602122e-04
3.304597469897335390e-05
5.036728349180508992e-09
3.671774966552593466e-06
2.974137722907602122e-04
2.974137722907602122e-04
2.676723950616843265e-03
4.079749962836215021e-07
2.676723950616843265e-03
4.079749962836215021e-07
2.974137722907602122e-04
3.671774966552593466e-06
3.304597469897335390e-05
3.304597469897335390e-05
2.974137722907602122e-04
2.676723950616843265e-03
2.974137722907602122e-04
2.974137722907602122e-04
3.304597469897335390e-05
3.671774966552593466e-06
2.409051555555159416e-02
2.974137722907602122e-04
3.671774966552593466e-06
2.974137722907602122e-04
2.676723950616843265e-03
3.304597469897335390e-05
3.671774966552593466e-06
2.974137722907602122e-04
3.304597469897335390e-05
3.671774966552593466e-06
2.974137722907602122e-04
3.304597469897335390e-05
4.079749962836215021e-07
3.671774966552593466e-06
4.079749962836215021e-07
2.676723950616843265e-03
3.304597469897335390e-05
3.304597469897335390e-05
3.304597469897335390e-05
2.974137722907602122e-04
2.974137722907602122e-04
2.676723950616843265e-03
3.304597469897335390e-05
3.671774966552593466e-06
3.671774966552593466e-06
3.304597469897335390e-05
4.079749962836215021e-07
3.671774966552593466e-06
3.671774966552593466e-06
2.974137722907602122e-04
4.079749962836215021e-07
2.168146399999643925e-01
2.974137722907602122e-04
2.974137722907602122e-04
2.676723950616843265e-03
2.409051555555159416e-02
