1.921836457521945577e-03
1.921836457521945577e-03
2.636264002087715485e-06
2.135373841691050551e-04
2.372637601878943851e-05
2.929182224541905153e-07
3.616274351286301116e-09
2.372637601878943851e-05
2.372637601878943851e-05
2.372637601878943851e-05
1.921836457521945577e-03
2.372637601878943851e-05
2.135373841691050551e-04
2.929182224541905153e-07
2.372637601878943851e-05
2.636264002087715485e-06
1.921836457521945577e-03
2.135373841691050551e-04
2.135373841691050551e-04
1.729652811769751691e-02
2.135373841691050551e-04
2.135373841691050551e-04
1.729652811769751691e-02
2.372637601878943851e-05
1.921836457521945577e-03
2.372637601878943851e-05
2.636264002087715485e-06
2.135373841691050551e-04
2.135373841691050551e-04
1.921836457521945577e-03
1.556687530592776869e-01
2.372637601878943851e-05
2.135373841691050551e-04
1.921836457521945577e-03
2.372637601878943851e-05
1.729652811769751691e-02
2.636264002087715485e-06
2.135373841691050551e-04
2.372637601878943851e-05
1.729652811769751691e-02
2.372637601878943851e-05
2.372637601878943851e-05
2.135373841691050551e-04
2.372637601878943851e-05
1.921836457521945577e-03
1.729652811769751691e-02
1.556687530592776869e-01
1.556687530592776869e-01
3.254646916157671583e-08
1.729652811769751691e-02
2.636264002087715485e-06
2.929182224541905153e-07
2.135373841691050551e-04
2.135373841691050551e-04
2.135373841691050551e-04
1.556687530592776869e-01
2.372637601878943851e-05
2.636264002087715485e-06
2.135373841691050551e-04
2.135373841691050551e-04
2.636264002087715485e-06
2.636264002087715485e-06
2.372637601878943851e-05
2.372637601878943851e-05
2.372637601878943851e-05
2.372637601878943851e-05
2.135373841691050551e-04
2.135373841691050551e-04
1.921836457521945577e-03
1.921836457521945577e-03
2.135373841691050551e-04
2.929182224541905153e-07
1.556687530592776869e-01
2.372637601878943851e-05
2.636264002087715485e-06
1.729652811769751691e-02
1.729652811769751691e-02
2.372637601878943851e-05
1.921836457521945577e-03
2.135373841691050551e-04
1.729652811769751691e-02
2.135373841691050551e-04
2.372637601878943851e-05
2.135373841691050551e-04
1.921836457521945577e-03
2.372637601878943851e-05
2.929182224541905153e-07
2.135373841691050551e-04
2.372637601878943851e-05
2.135373841691050551e-04
1.729652811769751691e-02
2.135373841691050551e-04
2.929182224541905153e-07
1.729652811769751691e-02
2.372637601878943851e-05
2.135373841691050551e-04
1.921836457521945577e-03
2.372637601878943851e-05
2.135373841691050551e-04
2.636264002087715485e-06
