1.172625417265912044e-05
1.172625417265912044e-05
1.055362875539320958e-04
1.172625417265912044e-05
1.608539667031428164e-08
1.172625417265912044e-05
1.447685700328285811e-07
1.302917130295457309e-06
1.172625417265912044e-05
1.055362875539320958e-04
1.055362875539320958e-04
1.055362875539320958e-04
9.498265879853892962e-04
1.172625417265912044e-05
1.172625417265912044e-05
1.302917130295457309e-06
1.172625417265912044e-05
1.302917130295457309e-06
1.302917130295457309e-06
1.302917130295457309e-06
1.055362875539320958e-04
1.172625417265912044e-05
1.172625417265912044e-05
1.055362875539320958e-04
1.055362875539320958e-04
1.447685700328285811e-07
1.055362875539320958e-04
9.498265879853892962e-04
1.302917130295457309e-06
1.172625417265912044e-05
6.924235826413491779e-01
1.302917130295457309e-06
1.447685700328285811e-07
1.302917130295457309e-06
1.172625417265912044e-05
1.447685700328285811e-07
1.172625417265912044e-05
1.055362875539320958e-04
1.172625417265912044e-05
1.447685700328285811e-07
1.302917130295457309e-06
1.172625417265912044e-05
1.055362875539320958e-04
8.548439291868504750e-03
1.172625417265912044e-05
1.302917130295457309e-06
1.055362875539320958e-04
9.498265879853892962e-04
7.693595362681655836e-02
1.055362875539320958e-04
1.302917130295457309e-06
1.055362875539320958e-04
1.447685700328285811e-07
1.302917130295457309e-06
1.302917130295457309e-06
8.548439291868504750e-03
1.055362875539320958e-04
1.172625417265912044e-05
1.302917130295457309e-06
1.172625417265912044e-05
1.608539667031428164e-08
8.548439291868504750e-03
1.055362875539320958e-04
1.172625417265912044e-05
9.498265879853892962e-04
9.498265879853892962e-04
9.498265879853892962e-04
1.447685700328285811e-07
7.693595362681655836e-02
1.172625417265912044e-05
1.447685700328285811e-07
1.172625417265912044e-05
1.172625417265912044e-05
1.172625417265912044e-05
8.548439291868504750e-03
1.302917130295457309e-06
1.302917130295457309e-06
1.447685700328285811e-07
1.172625417265912044e-05
1.055362875539320958e-04
1.172625417265912044e-05
1.055362875539320958e-04
9.498265879853892962e-04
1.302917130295457309e-06
1.302917130295457309e-06
1.447685700328285811e-07
1.608539667031428164e-08
1.302917130295457309e-06
1.172625417265912044e-05
1.302917130295457309e-06
1.055362875539320958e-04
1.302917130295457309e-06
1.055362875539320958e-04
1.055362875539320958e-04
9.498265879853892962e-04
1.172625417265912044e-05
1.055362875539320958e-04
1.302917130295457309e-06
1.447685700328285811e-07
1.172625417265912044e-05
9.498265879853892962e-04
9.498265879853892962e-04
9.498265879853892962e-04
1.787266296701586320e-09
9.498265879853892962e-04
1.302917130295457309e-06
1.172625417265912044e-05
1.302917130295457309e-06
1.608539667031428164e-08
1.302917130295457309e-06
1.302917130295457309e-06
1.302917130295457309e-06
7.693595362681655836e-02
1.302917130295457309e-06
1.302917130295457309e-06
1.055362875539320958e-04
1.447685700328285811e-07
1.172625417265912044e-05
9.498265879853892962e-04
1.172625417265912044e-05
1.055362875539320958e-04
1.172625417265912044e-05
1.302917130295457309e-06
1.055362875539320958e-04
1.302917130295457309e-06
1.172625417265912044e-05
1.172625417265912044e-05
1.055362875539320958e-04
1.302917130295457309e-06
1.172625417265912044e-05
1.172625417265912044e-05
9.498265879853892962e-04
1.302917130295457309e-06
1.172625417265912044e-05
9.498265879853892962e-04
9.498265879853892962e-04
1.302917130295457309e-06
1.608539667031428164e-08
1.447685700328285811e-07
1.302917130295457309e-06
1.055362875539320958e-04
1.302917130295457309e-06
9.498265879853892962e-04
1.447685700328285811e-07
1.172625417265912044e-05
1.172625417265912044e-05
1.055362875539320958e-04
1.302917130295457309e-06
1.172625417265912044e-05
1.302917130295457309e-06
1.302917130295457309e-06
1.172625417265912044e-05
1.172625417265912044e-05
1.302917130295457309e-06
1.302917130295457309e-06
1.172625417265912044e-05
1.302917130295457309e-06
1.172625417265912044e-05
9.498265879853892962e-04
1.302917130295457309e-06
1.055362875539320958e-04
9.498265879853892962e-04
1.172625417265912044e-05
1.447685700328285811e-07
9.498265879853892962e-04
1.447685700328285811e-07
1.055362875539320958e-04
1.302917130295457309e-06
1.608539667031428164e-08
1.302917130295457309e-06
1.172625417265912044e-05
1.172625417265912044e-05
1.447685700328285811e-07
1.302917130295457309e-06
1.447685700328285811e-07
1.055362875539320958e-04
1.447685700328285811e-07
1.302917130295457309e-06
1.055362875539320958e-04
1.055362875539320958e-04
1.055362875539320958e-04
1.055362875539320958e-04
1.787266296701586320e-09
1.172625417265912044e-05
1.302917130295457309e-06
8.548439291868504750e-03
9.498265879853892962e-04
1.055362875539320958e-04
1.447685700328285811e-07
1.302917130295457309e-06
1.055362875539320958e-04
1.172625417265912044e-05
1.172625417265912044e-05
1.447685700328285811e-07
1.055362875539320958e-04
8.548439291868504750e-03
1.172625417265912044e-05
1.172625417265912044e-05
1.447685700328285811e-07
9.498265879853892962e-04
