6.483397300185289721e-06
4.253756968651573045e-02
4.726396631835078944e-03
5.835057570166760749e-05
4.726396631835078944e-03
5.835057570166760749e-05
4.726396631835078944e-03
5.835057570166760749e-05
6.483397300185289721e-06
4.726396631835078944e-03
8.004194197759612185e-08
5.251551813150087114e-04
5.251551813150087114e-04
5.835057570166760749e-05
5.835057570166760749e-05
4.253756968651573045e-02
5.251551813150087114e-04
4.253756968651573045e-02
4.726396631835078944e-03
5.251551813150087114e-04
7.203774777983653481e-07
4.726396631835078944e-03
5.251551813150087114e-04
5.835057570166760749e-05
6.483397300185289721e-06
5.251551813150087114e-04
5.835057570166760749e-05
6.483397300185289721e-06
4.726396631835078944e-03
5.251551813150087114e-04
4.726396631835078944e-03
6.483397300185289721e-06
4.726396631835078944e-03
5.835057570166760749e-05
4.726396631835078944e-03
6.483397300185289721e-06
5.251551813150087114e-04
5.251551813150087114e-04
5.251551813150087114e-04
6.483397300185289721e-06
4.253756968651573045e-02
4.726396631835078944e-03
3.828381271786416296e-01
4.726396631835078944e-03
5.251551813150087114e-04
5.835057570166760749e-05
5.835057570166760749e-05
5.251551813150087114e-04
5.251551813150087114e-04
3.828381271786416296e-01
