4.754650925574154212e-08
2.807573825042285632e-03
3.851267249715066030e-06
4.279185833016739915e-07
3.851267249715066030e-06
3.851267249715066030e-06
3.466140524743561036e-05
3.466140524743561036e-05
3.466140524743561036e-05
3.466140524743561036e-05
4.754650925574154212e-08
3.851267249715066030e-06
2.807573825042285632e-03
4.754650925574154212e-08
2.807573825042285632e-03
4.279185833016739915e-07
3.851267249715066030e-06
3.851267249715066030e-06
4.754650925574154212e-08
3.851267249715066030e-06
2.807573825042285632e-03
3.851267249715066030e-06
3.119526472269204933e-04
2.526816442538057719e-02
3.119526472269204933e-04
3.851267249715066030e-06
3.466140524743561036e-05
3.851267249715066030e-06
3.466140524743561036e-05
3.851267249715066030e-06
3.119526472269204933e-04
4.754650925574154212e-08
3.119526472269204933e-04
4.279185833016739915e-07
3.119526472269204933e-04
3.851267249715066030e-06
3.119526472269204933e-04
3.851267249715066030e-06
3.466140524743561036e-05
3.466140524743561036e-05
3.466140524743561036e-05
3.466140524743561036e-05
3.851267249715066030e-06
3.466140524743561036e-05
2.807573825042285632e-03
4.279185833016739915e-07
3.466140524743561036e-05
3.119526472269204933e-04
3.466140524743561036e-05
3.466140524743561036e-05
3.851267249715066030e-06
4.754650925574154212e-08
3.466140524743561036e-05
3.851267249715066030e-06
3.851267249715066030e-06
3.119526472269204933e-04
3.466140524743561036e-05
3.466140524743561036e-05
4.754650925574154212e-08
2.526816442538057719e-02
3.851267249715066030e-06
4.754650925574154212e-08
3.466140524743561036e-05
3.466140524743561036e-05
3.851267249715066030e-06
3.466140524743561036e-05
2.526816442538057719e-02
3.851267249715066030e-06
3.851267249715066030e-06
3.119526472269204933e-04
3.851267249715066030e-06
3.466140524743561036e-05
3.466140524743561036e-05
2.807573825042285632e-03
3.466140524743561036e-05
3.119526472269204933e-04
4.279185833016739915e-07
3.851267249715066030e-06
3.466140524743561036e-05
4.279185833016739915e-07
2.807573825042285632e-03
3.851267249715066030e-06
2.526816442538057719e-02
4.279185833016739915e-07
3.466140524743561036e-05
3.466140524743561036e-05
4.754650925574154212e-08
4.279185833016739915e-07
3.119526472269204933e-04
4.279185833016739915e-07
3.466140524743561036e-05
4.754650925574154212e-08
3.119526472269204933e-04
3.851267249715066030e-06
4.754650925574154212e-08
3.851267249715066030e-06
3.119526472269204933e-04
3.119526472269204933e-04
4.279185833016739915e-07
3.466140524743561036e-05
3.119526472269204933e-04
2.274134798284252468e-01
3.466140524743561036e-05
4.279185833016739915e-07
3.851267249715066030e-06
2.807573825042285632e-03
3.119526472269204933e-04
3.119526472269204933e-04
3.851267249715066030e-06
3.851267249715066030e-06
3.851267249715066030e-06
3.466140524743561036e-05
3.119526472269204933e-04
2.807573825042285632e-03
3.119526472269204933e-04
2.807573825042285632e-03
3.119526472269204933e-04
3.119526472269204933e-04
3.466140524743561036e-05
3.466140524743561036e-05
2.807573825042285632e-03
3.851267249715066030e-06
4.754650925574154212e-08
4.279185833016739915e-07
3.466140524743561036e-05
3.466140524743561036e-05
3.466140524743561036e-05
2.807573825042285632e-03
3.119526472269204933e-04
3.851267249715066030e-06
2.274134798284252468e-01
3.466140524743561036e-05
2.807573825042285632e-03
2.807573825042285632e-03
3.119526472269204933e-04
4.279185833016739915e-07
3.466140524743561036e-05
2.807573825042285632e-03
2.526816442538057719e-02
2.807573825042285632e-03
3.466140524743561036e-05
3.119526472269204933e-04
3.119526472269204933e-04
2.526816442538057719e-02
3.466140524743561036e-05
3.851267249715066030e-06
3.466140524743561036e-05
4.279185833016739915e-07
3.119526472269204933e-04
3.466140524743561036e-05
3.851267249715066030e-06
3.119526472269204933e-04
3.851267249715066030e-06
4.279185833016739915e-07
2.526816442538057719e-02
4.279185833016739915e-07
3.466140524743561036e-05
3.119526472269204933e-04
3.119526472269204933e-04
3.851267249715066030e-06
3.466140524743561036e-05
3.851267249715066030e-06
4.279185833016739915e-07
3.119526472269204933e-04
4.279185833016739915e-07
3.466140524743561036e-05
3.119526472269204933e-04
4.279185833016739915e-07
3.851267249715066030e-06
3.851267249715066030e-06
3.466140524743561036e-05
3.466140524743561036e-05
4.754650925574154212e-08
3.851267249715066030e-06
3.851267249715066030e-06
3.851267249715066030e-06
3.466140524743561036e-05
2.807573825042285632e-03
3.119526472269204933e-04
3.119526472269204933e-04
4.279185833016739915e-07
3.466140524743561036e-05
3.851267249715066030e-06
4.279185833016739915e-07
4.279185833016739915e-07
3.466140524743561036e-05
2.807573825042285632e-03
3.119526472269204933e-04
3.851267249715066030e-06
2.526816442538057719e-02
3.466140524743561036e-05
3.466140524743561036e-05
3.466140524743561036e-05
2.526816442538057719e-02
3.466140524743561036e-05
3.466140524743561036e-05
3.119526472269204933e-04
3.119526472269204933e-04
3.119526472269204933e-04
4.754650925574154212e-08
3.851267249715066030e-06
3.119526472269204933e-04
4.279185833016739915e-07
2.807573825042285632e-03
3.851267249715066030e-06
3.851267249715066030e-06
3.119526472269204933e-04
3.466140524743561036e-05
3.851267249715066030e-06
3.851267249715066030e-06
4.754650925574154212e-08
3.851267249715066030e-06
3.466140524743561036e-05
3.119526472269204933e-04
3.119526472269204933e-04
5.282945472860169416e-09
3.119526472269204933e-04
3.119526472269204933e-04
3.851267249715066030e-06
3.466140524743561036e-05
3.466140524743561036e-05
3.466140524743561036e-05
4.279185833016739915e-07
3.466140524743561036e-05
3.851267249715066030e-06
3.851267249715066030e-06
3.466140524743561036e-05
3.119526472269204933e-04
3.119526472269204933e-04
3.119526472269204933e-04
3.466140524743561036e-05
3.466140524743561036e-05
3.466140524743561036e-05
3.119526472269204933e-04
2.526816442538057719e-02
4.279185833016739915e-07
2.807573825042285632e-03
3.851267249715066030e-06
2.807573825042285632e-03
2.807573825042285632e-03
3.119526472269204933e-04
2.526816442538057719e-02
2.807573825042285632e-03
3.119526472269204933e-04
4.279185833016739915e-07
3.119526472269204933e-04
2.807573825042285632e-03
4.279185833016739915e-07
2.807573825042285632e-03
3.466140524743561036e-05
3.466140524743561036e-05
3.119526472269204933e-04
4.279185833016739915e-07
4.754650925574154212e-08
3.851267249715066030e-06
4.754650925574154212e-08
3.851267249715066030e-06
3.466140524743561036e-05
3.851267249715066030e-06
4.754650925574154212e-08
4.279185833016739915e-07
3.466140524743561036e-05
3.466140524743561036e-05
3.119526472269204933e-04
3.466140524743561036e-05
4.754650925574154212e-08
3.119526472269204933e-04
2.807573825042285632e-03
4.279185833016739915e-07
3.851267249715066030e-06
3.466140524743561036e-05
3.466140524743561036e-05
3.119526472269204933e-04
3.851267249715066030e-06
2.526816442538057719e-02
3.466140524743561036e-05
3.466140524743561036e-05
3.466140524743561036e-05
3.466140524743561036e-05
3.851267249715066030e-06
3.466140524743561036e-05
3.466140524743561036e-05
3.466140524743561036e-05
4.754650925574154212e-08
3.119526472269204933e-04
3.119526472269204933e-04
2.807573825042285632e-03
2.807573825042285632e-03
4.279185833016739915e-07
2.807573825042285632e-03
3.466140524743561036e-05
3.466140524743561036e-05
4.754650925574154212e-08
2.807573825042285632e-03
3.466140524743561036e-05
2.807573825042285632e-03
3.466140524743561036e-05
3.851267249715066030e-06
3.466140524743561036e-05
3.119526472269204933e-04
3.466140524743561036e-05
3.851267249715066030e-06
2.807573825042285632e-03
3.119526472269204933e-04
3.466140524743561036e-05
3.851267249715066030e-06
3.466140524743561036e-05
3.851267249715066030e-06
4.279185833016739915e-07
3.119526472269204933e-04
4.279185833016739915e-07
2.807573825042285632e-03
3.466140524743561036e-05
3.851267249715066030e-06
2.807573825042285632e-03
3.119526472269204933e-04
3.466140524743561036e-05
4.754650925574154212e-08
3.119526472269204933e-04
3.851267249715066030e-06
4.279185833016739915e-07
3.851267249715066030e-06
4.279185833016739915e-07
2.807573825042285632e-03
3.466140524743561036e-05
3.851267249715066030e-06
4.754650925574154212e-08
3.466140524743561036e-05
3.851267249715066030e-06
2.807573825042285632e-03
3.851267249715066030e-06
3.466140524743561036e-05
3.119526472269204933e-04
3.466140524743561036e-05
3.466140524743561036e-05
3.466140524743561036e-05
3.466140524743561036e-05
5.282945472860169416e-09
3.466140524743561036e-05
4.754650925574154212e-08
3.851267249715066030e-06
4.279185833016739915e-07
3.119526472269204933e-04
3.119526472269204933e-04
3.466140524743561036e-05
3.466140524743561036e-05
3.119526472269204933e-04
3.119526472269204933e-04
4.754650925574154212e-08
3.119526472269204933e-04
3.466140524743561036e-05
3.466140524743561036e-05
3.119526472269204933e-04
3.466140524743561036e-05
2.526816442538057719e-02
3.851267249715066030e-06
2.526816442538057719e-02
4.754650925574154212e-08
2.526816442538057719e-02
3.119526472269204933e-04
3.851267249715066030e-06
3.851267249715066030e-06
2.807573825042285632e-03
4.279185833016739915e-07
4.279185833016739915e-07
3.466140524743561036e-05
3.119526472269204933e-04
3.466140524743561036e-05
2.807573825042285632e-03
4.754650925574154212e-08
3.119526472269204933e-04
3.466140524743561036e-05
3.851267249715066030e-06
3.466140524743561036e-05
2.526816442538057719e-02
3.466140524743561036e-05
4.279185833016739915e-07
3.466140524743561036e-05
3.119526472269204933e-04
3.119526472269204933e-04
2.807573825042285632e-03
3.851267249715066030e-06
3.466140524743561036e-05
3.466140524743561036e-05
3.119526472269204933e-04
3.119526472269204933e-04
3.119526472269204933e-04
3.851267249715066030e-06
3.851267249715066030e-06
4.279185833016739915e-07
3.851267249715066030e-06
3.119526472269204933e-04
3.466140524743561036e-05
4.754650925574154212e-08
3.466140524743561036e-05
2.807573825042285632e-03
3.851267249715066030e-06
3.466140524743561036e-05
3.119526472269204933e-04
3.851267249715066030e-06
