2.174786399579957085e-05
1.585419285293790045e-02
2.684921480962909177e-07
2.416429332866617995e-06
2.174786399579957085e-05
2.684921480962909177e-07
2.174786399579957085e-05
2.174786399579957085e-05
1.761576983659766211e-03
2.684921480962909177e-07
1.585419285293790045e-02
2.416429332866617995e-06
2.416429332866617995e-06
2.174786399579957085e-05
2.416429332866617995e-06
2.174786399579957085e-05
2.174786399579957085e-05
1.957307759621961614e-04
1.957307759621961614e-04
2.416429332866617995e-06
2.174786399579957085e-05
2.416429332866617995e-06
2.684921480962909177e-07
2.174786399579957085e-05
1.761576983659766211e-03
1.957307759621961614e-04
2.684921480962909177e-07
2.174786399579957085e-05
1.957307759621961614e-04
1.957307759621961614e-04
1.957307759621961614e-04
1.957307759621961614e-04
2.416429332866617995e-06
2.174786399579957085e-05
1.761576983659766211e-03
1.957307759621961614e-04
1.761576983659766211e-03
2.416429332866617995e-06
1.957307759621961614e-04
1.761576983659766211e-03
1.957307759621961614e-04
2.174786399579957085e-05
2.174786399579957085e-05
1.957307759621961614e-04
1.957307759621961614e-04
1.957307759621961614e-04
2.416429332866617995e-06
1.585419285293790045e-02
2.174786399579957085e-05
1.957307759621961614e-04
1.957307759621961614e-04
2.174786399579957085e-05
2.416429332866617995e-06
2.684921480962909177e-07
2.416429332866617995e-06
1.957307759621961614e-04
2.174786399579957085e-05
1.957307759621961614e-04
1.957307759621961614e-04
2.416429332866617995e-06
1.761576983659766211e-03
1.426877356764411353e-01
2.174786399579957085e-05
2.416429332866617995e-06
2.174786399579957085e-05
2.174786399579957085e-05
1.957307759621961614e-04
2.174786399579957085e-05
2.174786399579957085e-05
2.684921480962909177e-07
2.174786399579957085e-05
1.957307759621961614e-04
1.585419285293790045e-02
1.585419285293790045e-02
2.983246089958786725e-08
1.957307759621961614e-04
2.416429332866617995e-06
2.416429332866617995e-06
1.957307759621961614e-04
2.416429332866617995e-06
2.983246089958786725e-08
3.314717877731984055e-09
2.684921480962909177e-07
2.174786399579957085e-05
1.761576983659766211e-03
1.957307759621961614e-04
1.761576983659766211e-03
2.174786399579957085e-05
2.174786399579957085e-05
1.957307759621961614e-04
1.761576983659766211e-03
1.957307759621961614e-04
2.684921480962909177e-07
2.416429332866617995e-06
2.174786399579957085e-05
2.174786399579957085e-05
2.174786399579957085e-05
1.761576983659766211e-03
2.684921480962909177e-07
1.957307759621961614e-04
2.416429332866617995e-06
1.957307759621961614e-04
2.174786399579957085e-05
2.416429332866617995e-06
2.983246089958786725e-08
1.957307759621961614e-04
1.957307759621961614e-04
2.416429332866617995e-06
1.957307759621961614e-04
2.416429332866617995e-06
2.174786399579957085e-05
1.957307759621961614e-04
2.174786399579957085e-05
1.957307759621961614e-04
2.983246089958786725e-08
1.957307759621961614e-04
1.957307759621961614e-04
2.174786399579957085e-05
1.957307759621961614e-04
2.416429332866617995e-06
1.585419285293790045e-02
2.416429332866617995e-06
1.761576983659766211e-03
2.416429332866617995e-06
2.174786399579957085e-05
1.761576983659766211e-03
2.416429332866617995e-06
1.761576983659766211e-03
1.957307759621961614e-04
2.416429332866617995e-06
2.684921480962909177e-07
2.174786399579957085e-05
2.983246089958786725e-08
1.585419285293790045e-02
1.957307759621961614e-04
2.174786399579957085e-05
1.761576983659766211e-03
1.957307759621961614e-04
2.416429332866617995e-06
1.957307759621961614e-04
2.416429332866617995e-06
1.957307759621961614e-04
2.174786399579957085e-05
2.174786399579957085e-05
2.416429332866617995e-06
2.174786399579957085e-05
2.174786399579957085e-05
2.684921480962909177e-07
2.684921480962909177e-07
2.416429332866617995e-06
2.684921480962909177e-07
2.174786399579957085e-05
2.684921480962909177e-07
2.684921480962909177e-07
1.761576983659766211e-03
1.585419285293790045e-02
1.957307759621961614e-04
1.957307759621961614e-04
2.416429332866617995e-06
2.416429332866617995e-06
2.416429332866617995e-06
1.761576983659766211e-03
2.174786399579957085e-05
2.684921480962909177e-07
1.761576983659766211e-03
2.416429332866617995e-06
1.957307759621961614e-04
1.957307759621961614e-04
1.957307759621961614e-04
1.957307759621961614e-04
1.957307759621961614e-04
2.174786399579957085e-05
2.416429332866617995e-06
2.983246089958786725e-08
1.585419285293790045e-02
1.957307759621961614e-04
1.957307759621961614e-04
2.983246089958786725e-08
1.761576983659766211e-03
2.174786399579957085e-05
2.684921480962909177e-07
2.174786399579957085e-05
2.416429332866617995e-06
2.174786399579957085e-05
2.983246089958786725e-08
2.174786399579957085e-05
2.174786399579957085e-05
1.761576983659766211e-03
1.761576983659766211e-03
2.174786399579957085e-05
1.585419285293790045e-02
1.957307759621961614e-04
2.174786399579957085e-05
2.684921480962909177e-07
2.174786399579957085e-05
1.761576983659766211e-03
2.684921480962909177e-07
2.174786399579957085e-05
2.416429332866617995e-06
2.684921480962909177e-07
1.761576983659766211e-03
2.174786399579957085e-05
1.957307759621961614e-04
2.174786399579957085e-05
1.957307759621961614e-04
2.416429332866617995e-06
2.416429332866617995e-06
2.416429332866617995e-06
1.957307759621961614e-04
1.957307759621961614e-04
2.174786399579957085e-05
1.761576983659766211e-03
2.174786399579957085e-05
1.957307759621961614e-04
2.174786399579957085e-05
2.684921480962909177e-07
2.416429332866617995e-06
2.174786399579957085e-05
2.174786399579957085e-05
1.957307759621961614e-04
2.416429332866617995e-06
1.761576983659766211e-03
2.174786399579957085e-05
2.416429332866617995e-06
1.957307759621961614e-04
1.761576983659766211e-03
2.174786399579957085e-05
2.416429332866617995e-06
2.416429332866617995e-06
1.957307759621961614e-04
1.957307759621961614e-04
2.174786399579957085e-05
1.957307759621961614e-04
2.983246089958786725e-08
2.174786399579957085e-05
1.957307759621961614e-04
2.416429332866617995e-06
2.416429332866617995e-06
2.416429332866617995e-06
1.957307759621961614e-04
2.983246089958786725e-08
2.174786399579957085e-05
2.174786399579957085e-05
2.174786399579957085e-05
1.585419285293790045e-02
2.416429332866617995e-06
2.174786399579957085e-05
3.314717877731984055e-09
2.174786399579957085e-05
1.761576983659766211e-03
2.416429332866617995e-06
2.416429332866617995e-06
1.957307759621961614e-04
1.957307759621961614e-04
2.684921480962909177e-07
1.957307759621961614e-04
2.416429332866617995e-06
1.761576983659766211e-03
2.416429332866617995e-06
2.174786399579957085e-05
2.684921480962909177e-07
2.174786399579957085e-05
2.174786399579957085e-05
1.585419285293790045e-02
2.416429332866617995e-06
2.684921480962909177e-07
1.957307759621961614e-04
1.957307759621961614e-04
2.174786399579957085e-05
2.174786399579957085e-05
1.761576983659766211e-03
2.416429332866617995e-06
1.957307759621961614e-04
2.416429332866617995e-06
1.761576983659766211e-03
2.174786399579957085e-05
2.416429332866617995e-06
2.684921480962909177e-07
2.684921480962909177e-07
2.684921480962909177e-07
1.957307759621961614e-04
2.416429332866617995e-06
2.983246089958786725e-08
1.957307759621961614e-04
1.957307759621961614e-04
2.174786399579957085e-05
2.174786399579957085e-05
2.684921480962909177e-07
2.174786399579957085e-05
1.761576983659766211e-03
2.174786399579957085e-05
2.416429332866617995e-06
2.174786399579957085e-05
2.684921480962909177e-07
2.983246089958786725e-08
2.416429332866617995e-06
1.957307759621961614e-04
1.585419285293790045e-02
1.426877356764411353e-01
1.761576983659766211e-03
1.761576983659766211e-03
1.761576983659766211e-03
2.416429332866617995e-06
1.957307759621961614e-04
2.174786399579957085e-05
1.585419285293790045e-02
2.416429332866617995e-06
2.416429332866617995e-06
1.957307759621961614e-04
1.761576983659766211e-03
2.416429332866617995e-06
2.684921480962909177e-07
1.585419285293790045e-02
1.957307759621961614e-04
1.761576983659766211e-03
1.761576983659766211e-03
2.174786399579957085e-05
1.761576983659766211e-03
2.684921480962909177e-07
2.983246089958786725e-08
2.174786399579957085e-05
1.957307759621961614e-04
1.957307759621961614e-04
2.174786399579957085e-05
2.416429332866617995e-06
1.761576983659766211e-03
2.416429332866617995e-06
1.957307759621961614e-04
1.761576983659766211e-03
1.957307759621961614e-04
2.174786399579957085e-05
2.174786399579957085e-05
1.426877356764411353e-01
1.957307759621961614e-04
1.585419285293790045e-02
1.585419285293790045e-02
1.761576983659766211e-03
1.761576983659766211e-03
1.761576983659766211e-03
1.957307759621961614e-04
1.761576983659766211e-03
1.957307759621961614e-04
2.174786399579957085e-05
1.957307759621961614e-04
1.957307759621961614e-04
2.416429332866617995e-06
2.174786399579957085e-05
2.174786399579957085e-05
2.174786399579957085e-05
2.174786399579957085e-05
1.957307759621961614e-04
2.416429332866617995e-06
1.957307759621961614e-04
1.426877356764411353e-01
1.761576983659766211e-03
2.684921480962909177e-07
2.174786399579957085e-05
2.416429332866617995e-06
2.684921480962909177e-07
2.416429332866617995e-06
1.585419285293790045e-02
1.957307759621961614e-04
1.585419285293790045e-02
1.761576983659766211e-03
1.761576983659766211e-03
2.684921480962909177e-07
2.174786399579957085e-05
1.957307759621961614e-04
1.761576983659766211e-03
1.957307759621961614e-04
2.174786399579957085e-05
2.174786399579957085e-05
1.957307759621961614e-04
1.761576983659766211e-03
1.761576983659766211e-03
1.761576983659766211e-03
2.174786399579957085e-05
3.314717877731984055e-09
2.684921480962909177e-07
2.684921480962909177e-07
2.174786399579957085e-05
2.416429332866617995e-06
1.761576983659766211e-03
2.684921480962909177e-07
2.983246089958786725e-08
2.174786399579957085e-05
2.174786399579957085e-05
2.983246089958786725e-08
2.684921480962909177e-07
1.957307759621961614e-04
2.684921480962909177e-07
1.957307759621961614e-04
2.684921480962909177e-07
2.174786399579957085e-05
2.416429332866617995e-06
1.761576983659766211e-03
1.585419285293790045e-02
2.174786399579957085e-05
1.957307759621961614e-04
2.174786399579957085e-05
