3.947023302294313141e-06
3.947023302294313141e-06
3.197088874858395203e-04
3.947023302294313141e-06
3.197088874858395203e-04
3.197088874858395203e-04
3.947023302294313141e-06
3.947023302294313141e-06
3.947023302294313141e-06
3.552320972064883182e-05
4.385581446993681797e-07
3.197088874858395203e-04
3.197088874858395203e-04
3.197088874858395203e-04
4.385581446993681797e-07
3.947023302294313141e-06
3.947023302294313141e-06
3.197088874858395203e-04
3.947023302294313141e-06
3.947023302294313141e-06
3.197088874858395203e-04
3.552320972064883182e-05
3.947023302294313141e-06
3.552320972064883182e-05
2.877379987372557200e-03
3.947023302294313141e-06
3.197088874858395203e-04
3.197088874858395203e-04
3.197088874858395203e-04
3.552320972064883182e-05
3.552320972064883182e-05
3.552320972064883182e-05
3.197088874858395203e-04
3.197088874858395203e-04
3.947023302294313141e-06
2.877379987372557200e-03
3.552320972064883182e-05
3.552320972064883182e-05
4.385581446993681797e-07
3.947023302294313141e-06
3.947023302294313141e-06
2.330677789771772312e-01
2.589641988635301914e-02
3.947023302294313141e-06
3.552320972064883182e-05
3.552320972064883182e-05
4.385581446993681797e-07
3.197088874858395203e-04
3.552320972064883182e-05
3.552320972064883182e-05
3.552320972064883182e-05
3.197088874858395203e-04
3.197088874858395203e-04
3.947023302294313141e-06
3.552320972064883182e-05
4.872868274437422528e-08
3.947023302294313141e-06
4.385581446993681797e-07
4.872868274437422528e-08
3.947023302294313141e-06
3.552320972064883182e-05
3.552320972064883182e-05
4.385581446993681797e-07
3.552320972064883182e-05
3.947023302294313141e-06
3.552320972064883182e-05
3.197088874858395203e-04
3.947023302294313141e-06
4.385581446993681797e-07
3.552320972064883182e-05
3.552320972064883182e-05
2.589641988635301914e-02
3.197088874858395203e-04
3.552320972064883182e-05
3.947023302294313141e-06
4.872868274437422528e-08
3.552320972064883182e-05
3.947023302294313141e-06
3.197088874858395203e-04
2.589641988635301914e-02
4.385581446993681797e-07
2.589641988635301914e-02
4.385581446993681797e-07
2.589641988635301914e-02
3.947023302294313141e-06
3.552320972064883182e-05
3.552320972064883182e-05
4.872868274437422528e-08
3.947023302294313141e-06
3.552320972064883182e-05
3.947023302294313141e-06
4.385581446993681797e-07
4.872868274437422528e-08
3.552320972064883182e-05
3.947023302294313141e-06
4.385581446993681797e-07
3.197088874858395203e-04
4.872868274437422528e-08
3.552320972064883182e-05
2.877379987372557200e-03
2.877379987372557200e-03
3.947023302294313141e-06
3.197088874858395203e-04
3.197088874858395203e-04
2.330677789771772312e-01
3.197088874858395203e-04
4.385581446993681797e-07
2.877379987372557200e-03
4.385581446993681797e-07
5.414298082708245507e-09
3.552320972064883182e-05
4.385581446993681797e-07
3.197088874858395203e-04
3.947023302294313141e-06
3.947023302294313141e-06
3.197088874858395203e-04
3.197088874858395203e-04
3.197088874858395203e-04
3.197088874858395203e-04
2.877379987372557200e-03
3.197088874858395203e-04
2.877379987372557200e-03
3.552320972064883182e-05
2.877379987372557200e-03
3.552320972064883182e-05
3.947023302294313141e-06
3.197088874858395203e-04
3.197088874858395203e-04
3.197088874858395203e-04
3.197088874858395203e-04
2.589641988635301914e-02
3.947023302294313141e-06
3.947023302294313141e-06
3.552320972064883182e-05
3.552320972064883182e-05
3.947023302294313141e-06
3.197088874858395203e-04
2.589641988635301914e-02
3.197088874858395203e-04
3.947023302294313141e-06
4.385581446993681797e-07
3.197088874858395203e-04
3.197088874858395203e-04
2.877379987372557200e-03
3.552320972064883182e-05
3.197088874858395203e-04
4.385581446993681797e-07
3.197088874858395203e-04
3.552320972064883182e-05
3.552320972064883182e-05
3.197088874858395203e-04
3.552320972064883182e-05
3.552320972064883182e-05
4.872868274437422528e-08
2.589641988635301914e-02
3.552320972064883182e-05
3.947023302294313141e-06
3.552320972064883182e-05
3.197088874858395203e-04
3.197088874858395203e-04
3.197088874858395203e-04
3.947023302294313141e-06
3.947023302294313141e-06
4.385581446993681797e-07
2.877379987372557200e-03
3.552320972064883182e-05
2.589641988635301914e-02
2.877379987372557200e-03
2.589641988635301914e-02
2.877379987372557200e-03
3.552320972064883182e-05
3.552320972064883182e-05
3.552320972064883182e-05
2.877379987372557200e-03
2.589641988635301914e-02
4.385581446993681797e-07
3.197088874858395203e-04
3.552320972064883182e-05
4.872868274437422528e-08
4.872868274437422528e-08
3.552320972064883182e-05
4.385581446993681797e-07
4.872868274437422528e-08
3.552320972064883182e-05
3.552320972064883182e-05
3.197088874858395203e-04
4.385581446993681797e-07
3.947023302294313141e-06
3.552320972064883182e-05
3.197088874858395203e-04
3.197088874858395203e-04
3.197088874858395203e-04
3.197088874858395203e-04
4.385581446993681797e-07
3.197088874858395203e-04
3.552320972064883182e-05
2.877379987372557200e-03
3.552320972064883182e-05
4.385581446993681797e-07
3.947023302294313141e-06
3.947023302294313141e-06
3.947023302294313141e-06
4.385581446993681797e-07
3.947023302294313141e-06
3.947023302294313141e-06
2.589641988635301914e-02
2.877379987372557200e-03
3.947023302294313141e-06
2.877379987372557200e-03
3.197088874858395203e-04
2.877379987372557200e-03
4.385581446993681797e-07
3.552320972064883182e-05
3.947023302294313141e-06
2.589641988635301914e-02
3.197088874858395203e-04
3.552320972064883182e-05
3.947023302294313141e-06
3.552320972064883182e-05
3.947023302294313141e-06
3.552320972064883182e-05
4.385581446993681797e-07
4.385581446993681797e-07
3.197088874858395203e-04
3.552320972064883182e-05
4.385581446993681797e-07
4.385581446993681797e-07
3.197088874858395203e-04
3.197088874858395203e-04
4.385581446993681797e-07
3.197088874858395203e-04
2.589641988635301914e-02
3.197088874858395203e-04
4.872868274437422528e-08
3.947023302294313141e-06
4.385581446993681797e-07
3.947023302294313141e-06
3.947023302294313141e-06
4.385581446993681797e-07
3.947023302294313141e-06
3.197088874858395203e-04
2.589641988635301914e-02
3.197088874858395203e-04
3.947023302294313141e-06
3.947023302294313141e-06
3.197088874858395203e-04
3.947023302294313141e-06
2.877379987372557200e-03
3.197088874858395203e-04
4.385581446993681797e-07
3.197088874858395203e-04
4.385581446993681797e-07
3.552320972064883182e-05
3.552320972064883182e-05
3.552320972064883182e-05
4.385581446993681797e-07
3.552320972064883182e-05
3.947023302294313141e-06
2.877379987372557200e-03
3.947023302294313141e-06
3.197088874858395203e-04
4.385581446993681797e-07
2.877379987372557200e-03
3.552320972064883182e-05
3.552320972064883182e-05
3.947023302294313141e-06
5.414298082708245507e-09
3.552320972064883182e-05
3.552320972064883182e-05
3.197088874858395203e-04
3.552320972064883182e-05
4.385581446993681797e-07
3.552320972064883182e-05
3.197088874858395203e-04
3.552320972064883182e-05
3.552320972064883182e-05
2.589641988635301914e-02
2.877379987372557200e-03
2.877379987372557200e-03
4.385581446993681797e-07
3.947023302294313141e-06
3.552320972064883182e-05
3.197088874858395203e-04
3.552320972064883182e-05
3.552320972064883182e-05
4.385581446993681797e-07
3.197088874858395203e-04
3.947023302294313141e-06
4.872868274437422528e-08
2.589641988635301914e-02
2.877379987372557200e-03
3.947023302294313141e-06
3.947023302294313141e-06
3.947023302294313141e-06
4.385581446993681797e-07
3.197088874858395203e-04
2.877379987372557200e-03
3.552320972064883182e-05
3.552320972064883182e-05
3.947023302294313141e-06
