24928369.45
44085700.35
22924379.14
15718831.8
15790270.35
79713916.36
79765163.03
28850815.85
23052271.59
46965541.42
79917708.11
15723374.23
48696743.57
15663324.89
48666510.35
79698260.0
28926729.22
79528067.64
22937059.82
22943980.57
48630391.7
15663205.55
22771465.74
23041031.25
48416685.11
44407598.82
26739475.09
79222701.19
22969058.63
15803823.51
79698260.0
48598981.44
79698260.0
79917708.11
26683219.8
26369348.83
26412565.99
79634044.61
79816610.17
48387364.41
48517283.67
79698260.0
80018686.27
28248898.7
79705126.06
15722033.11
79765163.03
48404924.71
25386095.83
43745465.44
22841512.39
48530741.58
15655289.34
79705126.06
48716418.82
23090105.18
48584440.58
22761345.8
79530791.37
48860910.71
26357748.0
79733834.73
15730410.18
15793118.77
47591469.15
79713916.36
79528742.1
48660145.34
79705126.06
79523533.79
22814092.17
48563632.84
80018686.27
26767178.07
26465476.42
48722317.55
44665654.06
79222701.19
79765163.03
26089170.51
48623552.34
79222701.19
48717725.54
79765163.03
79594445.09
79528742.1
79719623.1
22772674.82
22878363.59
48629269.21
79487400.18
48611229.42
79523533.79
48480168.38
79528742.1
79487400.18
79773705.09
25978080.56
46847869.91
23169775.53
25507670.75
46946393.91
48875186.58
48610743.82
79487400.18
48649125.23
26757688.4
79698260.0
15718586.22
23036390.73
79846499.05
48383483.03
48633656.91
79222701.19
48140222.08
48663171.12
48795602.63
26867286.88
22974036.59
26573521.45
22841512.39
22967621.09
23061186.0
22795951.96
48458089.28
24892712.75
79719623.1
23150185.58
15653059.5
47010845.53
44219504.22
48714491.46
48485466.46
28276545.67
48457423.35
47438572.49
44909970.99
43930198.96
23168187.35
48462791.58
23315048.53
15709691.18
48876559.99
79530791.37
48682966.28
48388037.61
79795906.53
22966412.1
48452962.43
46510007.97
48475488.23
23069440.23
22814092.17
48442729.7
48597904.63
26202558.87
22924379.14
26194119.3
24524009.96
48460124.34
22881540.06
79734460.98
48621321.89
48712895.25
48767166.91
26346942.58
79698260.0
28751191.69
25724569.6
48629946.67
79530791.37
48140879.17
79733834.73
79773705.09
48405590.64
25731795.17
15803987.78
48531411.13
22944744.86
48636826.6
48636901.75
79920787.05
45032973.04
79523196.14
79594445.09
48469435.37
48565729.06
79734460.98
79733834.73
15708376.08
26499181.52
28368694.74
49134682.34
48632008.76
48462118.67
80018686.27
22954438.98
15708980.45
48470099.98
79917708.11
79523533.79
25146487.08
48781537.6
48940626.68
25082848.79
79765163.03
15798887.19
48580260.55
79698260.0
79846499.05
79719623.1
79784042.67
28678692.26
15726802.54
22835148.12
49123497.69
46784633.56
27077474.77
48682298.09
22937059.82
79528067.64
48637572.27
44405536.79
48585111.11
48623552.34
48705905.11
15667326.77
15657281.83
15663385.57
23052271.59
48449830.68
26573521.45
48478912.01
48402040.83
44225370.17
43805896.91
44139224.43
46752639.86
48836909.5
25119691.7
15710624.65
80018686.27
79917708.11
79705126.06
48609496.44
48532774.58
24593555.66
23174103.33
46847869.91
15676389.16
48389300.47
79795906.53
48926687.64
15713069.34
79816610.17
48664348.03
79846499.05
22956160.41
26860216.34
79846499.05
48772825.4
15663385.57
79705126.06
25937780.28
26215963.57
24435242.69
22967621.09
79530791.37
44607797.97
79222701.19
79816610.17
79222701.19
79920787.05
47448398.06
48397232.21
79734460.98
23255523.62
26433524.06
28424809.89
23155234.61
48455016.37
25873525.54
48684199.4
28451576.6
48478912.01
79528067.64
79222701.19
44627511.2
79765163.03
45014689.81
44299090.83
49165825.35
29004785.76
15675646.34
79765163.03
48651276.31
23114977.06
48581113.04
79719623.1
15671158.24
48586364.97
15719383.21
25121897.43
47529527.88
22213886.85
26775139.08
79784042.67
48458082.58
79816610.17
48429276.81
22943980.57
25004547.73
15720003.19
48419474.87
79528742.1
79634044.61
28192943.98
48595974.56
25695762.35
48460786.44
44529586.13
26442366.42
48586344.05
22863387.86
44397919.46
25513941.77
28192943.98
48397232.21
48415416.97
48658243.05
24993765.72
15675646.34
49018526.7
79487400.18
79784042.67
79784042.67
48567646.07
23070508.9
48474747.35
26850480.02
48597904.63
25421722.18
48346510.76
48462791.58
48453566.87
23020971.92
23016811.49
15702485.07
45033864.56
25928144.35
48514201.35
15657525.47
79784042.67
48618924.47
48772882.26
79705126.06
79523533.79
79523533.79
22560493.45
48460124.34
15790816.68
46510007.97
48654914.31
48467431.8
48466622.03
25639913.9
43486065.19
79523533.79
48618249.22
48728958.38
79523196.14
26860997.03
45111258.99
45169007.92
24499367.77
48567374.71
25413858.45
48462791.58
48464009.59
25485850.1
48772045.72
23181516.47
15723402.21
48513364.37
79222701.19
79528742.1
43922820.9
48566404.3
15657281.83
79528742.1
79634044.61
48514747.09
44522388.34
26367103.66
79528067.64
48663849.99
79530791.37
23175638.89
15650100.09
48470099.98
22958148.75
15667196.41
25004547.73
48684199.4
79917708.11
79705126.06
23036390.73
79698260.0
45032973.04
15704664.51
44511839.62
79784042.67
23060595.69
48610743.82
22674237.0
79719623.1
15715411.07
24519922.14
22674237.0
79734460.98
48728958.38
48565729.06
15654312.72
79816610.17
79734460.98
79634044.61
15662677.05
24426978.76
22804174.28
26224760.02
79733834.73
25329883.42
48696743.57
79846499.05
79816610.17
79594445.09
48452288.13
48639550.66
79523196.14
79773705.09
25613337.18
79773705.09
79634044.61
22549195.44
48808077.08
48438189.5
22994742.63
79719623.1
79846499.05
23016811.49
28941759.94
79733834.73
15720119.18
48154765.46
48720405.19
79594445.09
48658926.5
48620951.17
26188975.11
48566712.73
43728426.28
26346942.58
79773705.09
79594445.09
25752058.41
48598981.44
79594445.09
79719623.1
22944744.86
44203292.76
22751915.64
22964383.35
23109830.68
48770117.27
48668419.97
22947999.62
44540812.89
79487400.18
79765163.03
48531411.13
79641599.12
24920339.23
26089170.51
79784042.67
45033864.56
26583399.38
48629946.67
79733834.73
79641599.12
48514201.35
48713578.7
79846499.05
26367103.66
25724017.99
22948438.85
23090105.18
25787632.16
48753288.39
48551869.47
25329883.42
15723713.69
47027976.87
48532623.5
48563632.84
79528742.1
48577530.9
48720405.19
79705126.06
26180295.86
24527152.12
48729333.98
79594445.09
24862786.31
43930153.74
26472413.94
79528067.64
48405590.64
43808004.0
48618757.36
44060167.15
44350321.12
48714491.46
28874943.74
48661112.2
22763116.37
79523533.79
22815526.11
48649125.23
79698260.0
48999735.14
25313767.89
26155008.79
48639579.31
79795906.53
48956610.45
26658149.87
24928369.45
79222701.19
22751915.64
44320252.38
48480168.38
79523196.14
48663849.99
24101320.37
79719623.1
48577530.9
48517283.67
79773705.09
28751191.69
48662816.31
46954046.46
48783343.2
80018686.27
48533444.13
26839231.56
22703998.64
27077914.08
28248898.7
48460107.88
15720119.18
79765163.03
26864326.38
26236426.61
15650841.92
79784042.67
79530791.37
48772882.26
79523196.14
15710624.65
48715656.27
26366377.93
80018686.27
79487400.18
47332425.22
48846553.89
48684199.4
47332425.22
22516117.86
48734903.47
48471777.96
79487400.18
23059470.01
79920787.05
22601050.34
48638878.86
79713916.36
22956698.81
27077474.77
22713131.17
26412565.99
48578815.26
79641599.12
15709649.18
24419141.93
79523533.79
27950124.58
48715656.27
79917708.11
28348419.25
15704996.32
23108545.13
49380503.26
23119384.02
26272966.14
25089707.38
80018686.27
48545107.25
22915837.13
47163741.64
48618757.36
48620956.1
48651185.57
26775139.08
48637365.02
79773705.09
47084199.55
48474747.35
46978339.11
44281698.14
79528742.1
22974036.59
26435599.72
15725513.09
79634044.61
79734460.98
79705126.06
15709321.57
79713916.36
79528067.64
28359274.77
44350321.12
15650841.92
79713916.36
79634044.61
79523196.14
79594445.09
79719623.1
79530791.37
15663205.55
26345188.55
80018686.27
46933151.16
23022623.27
48651276.31
79698260.0
22955792.53
79594445.09
25365308.3
43808004.0
24992494.23
47089914.62
79641599.12
48962343.58
26474549.68
79523196.14
79846499.05
79222701.19
22480448.89
23146258.97
44909970.99
26683219.8
24849933.68
48597904.63
22761345.8
79713916.36
48888361.14
22549195.44
23014749.87
48749529.13
23089156.12
44509079.44
79698260.0
44139224.43
79705126.06
25016698.09
79734460.98
79705126.06
79641599.12
48438189.5
15729683.41
79487400.18
26439988.99
79734460.98
79528067.64
28585983.2
79528742.1
48514618.61
49215798.93
22613114.06
79713916.36
22703998.64
79705126.06
24840901.91
79846499.05
22776379.56
79719623.1
79784042.67
22654533.22
79523533.79
79713916.36
25059384.5
24738422.34
48696743.57
79530791.37
79698260.0
26090728.99
15718257.72
29089185.85
47554030.04
79920787.05
48621983.88
48875186.58
44332818.68
79846499.05
24982838.91
23041031.25
80018686.27
23049831.56
48399733.97
80018686.27
46954046.46
25561938.5
48193393.05
48387364.41
79719623.1
79784042.67
48514618.61
25872278.32
79765163.03
79594445.09
23022623.27
22870249.16
22426003.52
79641599.12
15814083.13
48416685.11
24426978.76
28871792.45
26863386.39
43745465.44
44863249.65
15786175.87
23259179.18
48734903.47
79641599.12
79920787.05
24872162.24
48384749.77
25020497.1
79920787.05
25724017.99
26936558.99
48468096.42
15714790.26
22613641.8
79523533.79
48389300.47
48639550.66
47270454.75
15718831.8
15805663.87
48584440.58
22954438.98
48877252.95
24527152.12
79773705.09
79719623.1
79523196.14
48790839.34
79734460.98
80018686.27
79634044.61
48474747.35
48864419.54
79528742.1
15662458.49
22964383.35
80018686.27
79487400.18
79920787.05
48794371.26
79530791.37
48677005.56
26336082.65
48720405.19
79530791.37
48414752.36
48492766.86
15717435.98
48815336.98
79530791.37
79719623.1
48864618.54
28876193.97
44234881.99
48725143.99
46829843.07
22980090.43
79594445.09
28268025.46
79719623.1
15667196.41
23015094.79
79594445.09
79222701.19
15676389.16
26860216.34
25020497.1
48192735.96
15669016.38
48195404.43
48569931.29
22826891.35
48715160.48
80018686.27
26363910.46
48634093.57
26281070.25
48769872.7
48605898.72
79846499.05
79719623.1
48460786.44
48567646.07
48737255.19
15793038.35
43930153.74
23113909.25
22935344.36
48610743.82
23114977.06
48619943.44
48578309.57
79733834.73
23016811.49
79795906.53
79698260.0
48564313.45
47032179.39
79765163.03
15650100.09
48621983.88
79784042.67
79523196.14
79734460.98
48591629.33
24521225.5
48515425.64
79222701.19
44909010.62
26272966.14
79634044.61
44554410.14
79222701.19
26245383.01
48513364.37
26490368.2
79920787.05
48404924.71
45057515.36
79816610.17
25613337.18
79917708.11
48658243.05
79765163.03
48632599.86
79816610.17
48586344.05
49220056.35
79698260.0
25876330.07
48565548.03
28439588.63
79734460.98
15671158.24
23069440.23
79719623.1
79733834.73
79641599.12
79698260.0
47455404.95
23022995.59
48501283.18
47276145.19
79795906.53
79523533.79
79705126.06
15706157.98
15793345.69
48637498.4
79920787.05
23029461.54
24318171.42
15720277.39
43750717.65
79795906.53
80018686.27
15657525.47
79795906.53
79523196.14
79713916.36
79528067.64
79773705.09
25112260.02
79698260.0
79765163.03
25787632.16
79523196.14
15726802.54
26966727.04
79705126.06
79222701.19
25413858.45
22815526.11
79594445.09
79594445.09
79795906.53
48632008.76
15653059.5
48402040.83
48824072.84
15637381.69
24849933.68
25946101.32
24810757.18
26658149.87
23049831.56
25695762.35
48388037.61
79773705.09
48481797.33
44927307.17
24379544.57
48793708.64
44511012.86
79641599.12
15793118.77
48682298.09
48388037.61
44482918.16
48662399.88
79773705.09
23255523.62
15715165.73
15813240.7
79487400.18
24521225.5
15667196.41
23122259.02
24435242.69
15651664.4
44008156.11
44060167.15
48554628.65
48610743.82
23205053.08
79698260.0
80018686.27
48415416.97
23164878.53
79917708.11
48588963.15
79773705.09
48772825.4
28446352.38
26421236.77
79795906.53
48972038.02
15723543.38
15701123.11
79734460.98
79705126.06
79713916.36
48774810.14
15716023.56
48442056.5
79222701.19
44767565.01
43824007.86
79734460.98
79917708.11
25230621.17
48609496.44
79528742.1
28872692.26
22528143.4
49273268.43
46831850.94
48824072.84
15703028.21
79698260.0
26993298.22
22619030.27
23214322.75
48475488.23
47438572.49
48888846.92
23009721.55
46935385.62
48442729.7
24357638.96
15676389.16
26356367.51
15717435.98
48790839.34
26180295.86
15803823.51
47258915.82
48773493.54
26426924.79
22897905.13
48469435.37
47276145.19
22940924.41
48515291.51
23112832.77
79734460.98
79713916.36
79641599.12
15723543.38
15733763.09
49215798.93
26356367.51
22568804.61
79523196.14
28876193.97
48767166.91
48414343.91
24575863.23
48584388.43
79528742.1
44320252.38
48868669.87
79528742.1
79765163.03
43760505.53
48545107.25
44853670.47
48400408.27
79528742.1
79719623.1
79846499.05
79920787.05
79784042.67
47191498.14
79733834.73
79698260.0
79734460.98
79530791.37
26236426.61
22882961.39
48620951.17
48476650.11
22426003.52
48717725.54
79634044.61
48414752.36
25014470.74
48735195.67
79523196.14
15715411.07
48585060.24
25506873.05
79816610.17
48643600.85
28359274.77
79528067.64
48585111.11
22771465.74
48596652.12
25137125.32
15790816.68
79523533.79
79765163.03
48940626.68
48458082.58
28978535.22
26345188.55
25981250.99
25017428.28
28670369.8
24862786.31
15786175.87
23049831.56
22959380.33
43954863.94
15712520.87
48610558.54
22944744.86
79719623.1
24911120.43
79528067.64
48419474.87
22804174.28
48767835.92
25007448.57
48142152.63
48722317.55
24524009.96
79713916.36
48926687.64
28439588.63
26005943.0
25679736.12
15676389.16
79846499.05
49273268.43
28695113.08
15657525.47
15657281.83
44659599.84
47370784.9
44522388.34
44360181.77
44404663.35
79530791.37
15803987.78
79705126.06
44836385.01
48436137.57
15724505.58
48598981.44
79530791.37
79773705.09
22613114.06
23022995.59
48470099.98
80018686.27
48415416.97
79487400.18
23111444.89
79784042.67
44429277.03
48769203.69
48620951.17
49154012.33
28707895.72
48499376.9
22866311.86
80018686.27
48397232.21
48576853.43
26718606.21
79487400.18
15657525.47
25453522.74
44332818.68
79705126.06
24736702.36
23161523.71
79530791.37
79528067.64
79784042.67
79528742.1
79920787.05
45012656.41
28167983.03
26696420.1
22926098.88
22858783.09
15662677.05
79917708.11
44502601.29
25343074.22
79816610.17
44328019.09
22681537.48
79530791.37
25014470.74
45045246.07
79222701.19
15712768.3
48605898.72
26369348.83
48677005.56
48406873.18
47456354.02
48527012.76
24318171.42
46965541.42
48664348.03
25851746.14
23029284.75
48616717.22
79773705.09
28678692.26
79528742.1
25089707.38
48195404.43
79846499.05
23111444.89
79705126.06
79523196.14
79713916.36
48460124.34
79816610.17
49028810.46
79528742.1
15715165.73
25082848.79
48596652.12
79920787.05
22549195.44
79487400.18
79523196.14
48794371.26
79705126.06
48945165.71
48383483.03
43909576.78
79795906.53
79641599.12
79784042.67
25421722.18
48478242.46
79765163.03
80018686.27
48608817.56
22812354.59
48442056.5
79698260.0
15661514.65
48892573.76
79784042.67
44478538.43
15786742.4
79528067.64
47052354.67
79795906.53
44299090.83
43728426.28
48501283.18
79523533.79
15654312.72
79594445.09
49380503.26
26474549.68
79795906.53
48721073.33
48440019.82
15650100.09
48419474.87
22956160.41
44027825.66
79634044.61
47586925.49
46769529.58
28370198.72
28587924.97
48464009.59
79641599.12
48735863.87
45242222.47
25109382.44
79920787.05
48429276.81
79641599.12
79528067.64
79594445.09
44927307.17
23041031.25
45015804.61
48429276.81
48769872.7
44386472.88
79719623.1
22668479.71
79917708.11
25086727.45
79528067.64
79530791.37
48664348.03
15716060.05
22818396.27
79528742.1
48660145.34
48610558.54
79917708.11
43912339.4
44847971.04
23028279.18
79698260.0
48429276.81
48459458.41
79634044.61
79641599.12
15803511.35
45164126.85
48945165.71
48733094.2
79523533.79
47467724.13
22882961.39
48453566.87
79530791.37
25231221.56
48696743.57
79773705.09
25003154.01
28284379.69
79713916.36
48567374.71
79523196.14
25073637.65
48721073.33
79917708.11
80018686.27
48384749.77
48666510.35
79846499.05
22480448.89
22944744.86
79816610.17
79920787.05
49057085.97
48666415.72
15653059.5
79641599.12
80018686.27
79765163.03
79765163.03
79594445.09
79733834.73
25230621.17
48877252.95
79713916.36
26373153.89
79773705.09
24992494.23
24584646.89
79773705.09
79487400.18
25109382.44
23175638.89
79523533.79
22861997.52
48849242.57
79705126.06
79920787.05
15654312.72
44643859.07
25365308.3
25709929.98
15798988.62
26929849.64
48824072.84
79719623.1
24902528.07
23054759.01
25879480.82
48619943.44
79594445.09
48769203.69
26583884.65
79765163.03
25872278.32
26462626.99
46953876.29
24357638.96
48471777.96
48620275.93
23122259.02
25942417.56
79523196.14
49121203.99
79487400.18
79698260.0
44384452.53
79773705.09
25946101.32
25510917.36
48619281.46
22610886.42
15663324.89
48419474.87
48822823.95
48864419.54
26255738.93
79641599.12
48648447.67
79733834.73
79705126.06
23003397.45
26850480.02
15705925.77
79641599.12
80018686.27
47694078.73
48580260.55
49220056.35
79487400.18
48580260.55
48769872.7
48140879.17
48793708.64
25007503.53
25513941.77
80018686.27
79846499.05
22948438.85
79917708.11
15669889.89
79698260.0
79222701.19
48565548.03
22610886.42
24993765.72
79795906.53
15709691.18
23003397.45
48847216.5
79784042.67
44066155.95
48636901.75
48564313.45
47032179.39
28948632.87
48454342.07
48651160.09
79920787.05
26363910.46
79713916.36
48492766.86
28730525.6
79698260.0
48476650.11
24584646.89
26163911.38
48462118.67
44387595.7
48565548.03
48401623.06
44603607.18
48634093.57
47434928.46
48662399.88
79784042.67
22965736.56
22863387.86
15730410.18
79523196.14
22619030.27
80018686.27
48577530.9
28779150.3
48623552.34
24811280.01
48414343.91
79528067.64
79634044.61
48864618.54
44948576.42
49240268.03
25583205.6
48597904.63
28502611.13
79523533.79
48455016.37
22815526.11
48515425.64
22735402.07
48682966.28
79530791.37
25121897.43
79641599.12
48566404.3
79784042.67
79641599.12
22654533.22
15662458.49
79698260.0
48774810.14
15637381.69
79795906.53
79773705.09
79713916.36
22949455.98
48822130.98
79920787.05
48485466.46
22964347.06
79917708.11
28978535.22
25304807.96
48972038.02
45271946.46
48460786.44
79705126.06
26968527.95
22858783.09
48714991.47
79487400.18
79528742.1
49121203.99
49036101.84
48416685.11
79733834.73
48596652.12
79528742.1
23150185.58
48618757.36
79523196.14
25119691.7
48462791.58
79222701.19
79846499.05
79634044.61
15655289.34
79784042.67
46953876.29
79773705.09
15667326.77
48563632.84
22858783.09
79784042.67
79734460.98
79594445.09
79719623.1
79528742.1
80018686.27
79733834.73
48566192.22
48790767.66
79765163.03
48663171.12
48737923.39
48822130.98
47554030.04
79795906.53
22441006.9
49028810.46
22863387.86
48553932.64
48711496.68
28769215.39
79222701.19
43486065.19
28862058.29
79528067.64
48528989.51
44767565.01
48140879.17
79773705.09
44643859.07
79487400.18
79523533.79
79795906.53
49017769.23
79528067.64
48633656.91
79816610.17
25453522.74
28475185.61
28475185.61
48210780.82
79733834.73
48877252.95
79816610.17
22935706.0
22849788.74
79698260.0
79222701.19
48512685.82
79719623.1
48638908.78
45106957.53
48384749.77
15788765.96
15716060.05
79734460.98
79795906.53
15657372.51
48565548.03
47285902.53
79920787.05
44554410.14
48532774.58
79523196.14
22866311.86
48623552.34
48684567.72
15706467.45
48815336.98
48462046.64
79634044.61
79713916.36
79846499.05
26767178.07
25017428.28
48462118.67
48631331.29
48636826.6
48621321.89
25068621.32
47349858.19
48822823.95
48384749.77
79816610.17
48400408.27
26263820.05
43845366.13
15798887.19
48193393.05
49165825.35
79528742.1
15714004.75
25313767.89
48682966.28
25404341.53
48647352.63
48500072.9
15667104.04
44659599.84
48563632.84
48566712.73
79713916.36
79634044.61
48568630.98
25862719.8
44405717.45
79719623.1
45026192.49
15813240.7
15669016.38
48888846.92
44535974.66
48414752.36
79719623.1
48437527.9
49036101.84
23168187.35
24523905.78
22878363.59
79795906.53
48567374.71
79917708.11
44535974.66
44225370.17
15669889.89
48713578.7
79773705.09
49240268.03
44847971.04
79523533.79
48717060.75
79713916.36
15650841.92
79528067.64
48658243.05
48679183.3
22946824.82
22830173.39
15722033.11
15650841.92
23173140.01
25876304.03
48595974.56
48728907.31
79765163.03
28370198.72
79734460.98
24399712.45
79530791.37
48481797.33
79530791.37
15727868.33
79594445.09
22874726.37
15662458.49
26263754.54
15663205.55
79530791.37
23003397.45
79795906.53
79765163.03
23009721.55
48848579.96
79773705.09
44909010.62
15807034.9
48725143.99
15790270.35
48569931.29
28176307.58
44423518.91
22835148.12
79705126.06
26271976.94
25016698.09
44280671.51
28980400.69
15786742.4
22957696.39
22850660.4
46936407.74
48728958.38
23049831.56
25007448.57
79523533.79
79713916.36
79816610.17
48517283.67
48516610.77
79765163.03
49134682.34
48400408.27
79713916.36
79523533.79
48416685.11
79523196.14
48585060.24
79773705.09
15701123.11
47591469.15
28424809.89
44429277.03
28872692.26
48610558.54
79705126.06
48586364.97
15706467.45
25873525.54
48449830.68
80018686.27
15687579.2
79734460.98
25576415.84
79765163.03
79528067.64
48637365.02
48533444.13
22830173.39
79795906.53
43960017.92
23015094.79
79917708.11
15669889.89
48457423.35
79523196.14
48663064.68
48458089.28
48512685.82
48638908.78
79917708.11
25876304.03
26839231.56
25510043.25
23153560.16
47010845.53
44738898.03
79634044.61
48637498.4
48722317.55
79634044.61
79719623.1
79634044.61
48920797.03
44003884.94
24399712.45
79734460.98
79222701.19
79917708.11
48790767.66
25221807.12
26968527.95
48849242.57
28478107.63
44511012.86
25003893.06
79528742.1
79733834.73
25013716.71
24836356.83
15671158.24
28786786.62
79920787.05
48663849.99
45111258.99
79733834.73
79734460.98
23049955.27
79528742.1
24918696.81
15793345.69
48591629.33
15733763.09
44948576.42
24653574.47
49017769.23
44529815.5
26370160.01
79920787.05
24343467.12
48636300.7
15719495.69
48770117.27
43733173.82
79719623.1
79846499.05
80018686.27
79528742.1
79816610.17
27077914.08
47089914.62
15708980.45
79634044.61
79594445.09
23061186.0
15716023.56
26936558.99
79222701.19
44384452.53
24801808.8
79487400.18
79698260.0
49141606.92
79917708.11
79816610.17
48749529.13
15703028.21
24738422.34
48787198.94
15662458.49
48154765.46
79734460.98
44008156.11
48716418.82
24810757.18
79528067.64
48500072.9
46935385.62
48672822.11
80018686.27
48578815.26
48848579.96
48406873.18
15661514.65
25013716.71
48576853.43
79594445.09
48414752.36
48552565.47
26442366.42
48470099.98
43824007.86
44203292.76
79705126.06
79528742.1
48195404.43
26966727.04
49277702.03
79528067.64
80018686.27
79733834.73
48616036.62
79528742.1
48610558.54
48767835.92
79698260.0
15712520.87
15651664.4
79719623.1
79634044.61
48710813.22
79795906.53
49351436.92
22861997.52
23081860.18
79713916.36
26860997.03
48492766.86
22780940.46
79487400.18
48568630.98
22969058.63
48414343.91
79222701.19
15662142.78
23070508.9
79487400.18
43930198.96
79795906.53
22946824.82
48435475.97
24628939.39
22516117.86
15650100.09
48596652.12
48565729.06
22968494.89
79917708.11
79528067.64
48455016.37
48438189.5
25731795.17
15729683.41
48682298.09
79917708.11
48753288.39
15720003.19
49057085.97
23041031.25
48662399.88
79523533.79
79773705.09
80018686.27
22947999.62
43909576.78
79705126.06
79222701.19
26864326.38
48387364.41
26173128.95
28206355.43
79734460.98
79528067.64
48717725.54
48790701.7
79634044.61
15655289.34
15719495.69
79705126.06
48734903.47
79487400.18
48466622.03
79920787.05
15807034.9
28730525.6
48715160.48
48621983.88
48620275.93
79733834.73
23070508.9
22935706.0
24101320.37
22589005.99
25386095.83
48586364.97
25003893.06
79773705.09
47456354.02
48499376.9
48460107.88
24920339.23
25639913.9
79917708.11
28276545.67
15788765.96
45130986.08
79528067.64
46774595.17
15654312.72
15807984.87
79641599.12
44502601.29
47027976.87
28167983.03
46752639.86
26255738.93
79523196.14
48460786.44
15651664.4
79816610.17
15687579.2
26499181.52
24523905.78
15704996.32
79523533.79
24911120.43
79523196.14
22863387.86
24596724.24
79733834.73
79222701.19
48824072.84
79530791.37
22947999.62
25137125.32
26356526.81
48619281.46
43750717.65
79528067.64
79528067.64
48639579.31
79920787.05
22954438.98
22965736.56
79733834.73
48675453.27
48382821.43
79719623.1
48663849.99
48728907.31
79594445.09
46769529.58
48405590.64
15707177.57
79634044.61
80018686.27
48455016.37
48651160.09
79917708.11
48140222.08
49351436.92
26426924.79
22915837.13
48716418.82
22857480.83
48717060.75
45130986.08
48722317.55
48593713.95
48737923.39
25709929.98
25561938.5
24836356.83
48397232.21
25779260.89
15720277.39
79713916.36
48648447.67
79222701.19
48793708.64
48552565.47
79528742.1
25583205.6
79523533.79
44613852.51
79920787.05
79523533.79
24653574.47
22761345.8
48501283.18
24801808.8
24918696.81
79713916.36
79713916.36
79765163.03
79222701.19
47467724.13
44831586.59
47479645.36
79917708.11
22960791.75
44168194.32
26005943.0
26490368.2
26667105.67
44831586.59
48192735.96
22826891.35
79920787.05
48584440.58
79530791.37
79733834.73
22964347.06
25510043.25
44613852.51
48684567.72
26575014.22
48661791.07
22921147.33
79816610.17
22870049.2
15799822.04
79846499.05
79795906.53
48436137.57
28228641.52
79795906.53
79487400.18
79530791.37
79784042.67
48795602.63
29004785.76
24892712.75
44387595.7
48643600.85
48567646.07
15718586.22
28372966.61
22589005.99
48586364.97
48584388.43
79765163.03
48585111.11
15719451.06
22415712.1
15725513.09
48154765.46
79846499.05
48790701.7
26718606.21
79634044.61
25059384.5
44405536.79
43941813.59
79713916.36
79594445.09
79523196.14
79733834.73
49277702.03
15771723.76
24596724.24
79920787.05
15662677.05
79705126.06
79641599.12
22751915.64
48608817.56
79733834.73
79734460.98
25220212.86
79917708.11
48729333.98
79816610.17
79733834.73
22601050.34
44540812.89
48737255.19
48836909.5
22415712.1
15657372.51
79523533.79
48462046.64
48849242.57
48581113.04
48586344.05
26281070.25
23161523.71
48207108.46
15713069.34
44444988.76
79641599.12
48794371.26
48639579.31
79705126.06
79222701.19
48576853.43
48580260.55
48609496.44
48530741.58
79634044.61
48530762.14
48588963.15
48459458.41
28941759.94
79816610.17
79634044.61
79917708.11
45012656.41
79719623.1
44863249.65
48388037.61
79641599.12
44027825.66
15661514.65
15663385.57
23059470.01
79641599.12
15675646.34
48660145.34
44482918.16
15667104.04
79795906.53
48404924.71
48548807.33
22946824.82
79734460.98
26356526.81
47084199.55
44404663.35
44541263.1
79733834.73
48440019.82
26421236.77
15657281.83
47437262.76
48658926.5
44444988.76
79594445.09
79634044.61
79784042.67
25086727.45
79816610.17
28373389.47
48462046.64
22213886.85
15807984.87
79846499.05
79917708.11
43912339.4
79634044.61
79719623.1
79487400.18
15799563.11
48442729.7
15805663.87
79634044.61
25073637.65
15799822.04
48868669.87
79641599.12
48452288.13
79784042.67
48438189.5
26336082.65
48154765.46
26163964.76
28585983.2
79719623.1
26215963.57
15662142.78
44511839.62
25506873.05
79528742.1
79528067.64
47533840.92
23119384.02
25949036.9
79698260.0
79773705.09
48662816.31
79765163.03
48654914.31
28228641.52
80018686.27
23042418.74
79713916.36
48401623.06
48382821.43
15657372.51
45057515.36
24575863.23
25879480.82
79846499.05
47665266.78
22874726.37
48140222.08
25003154.01
48920797.03
44529815.5
26188975.11
28769215.39
79487400.18
23009721.55
46946393.91
23174103.33
23150185.58
79528067.64
47258915.82
43954863.94
79641599.12
28779150.3
15719383.21
79733834.73
48400408.27
79528742.1
15718257.72
23214322.75
79795906.53
79846499.05
48595974.56
79641599.12
48651160.09
46868996.92
43760505.53
23318255.48
48195404.43
15667104.04
22959380.33
48568630.98
48637572.27
24736702.36
79734460.98
24590006.52
26090728.99
22960791.75
24327437.39
48609496.44
24510421.66
25937780.28
48598981.44
22947999.62
26360654.6
48787198.94
79705126.06
48598947.05
48516610.77
48462118.67
48566712.73
48564313.45
22494755.76
23153560.16
15733007.91
28502611.13
48651160.09
79920787.05
48672822.11
48514201.35
23028279.18
79523533.79
48454353.87
79795906.53
79765163.03
79523196.14
15663324.89
79784042.67
79795906.53
48775478.28
79530791.37
79734460.98
23053133.01
48598947.05
25670472.49
22949455.98
79698260.0
79846499.05
48499376.9
25221807.12
79784042.67
15691161.64
44588336.18
44627511.2
79816610.17
46829843.07
44478538.43
47586925.49
44405717.45
79528067.64
48440693.02
28874943.74
26915242.86
48616717.22
44208039.14
22812354.59
48584440.58
48735195.67
48618924.47
15727868.33
44588336.18
28695113.08
23029461.54
79528067.64
25068621.32
79523533.79
22763116.37
44603607.18
23235320.49
80018686.27
79784042.67
44085700.35
48581113.04
48401623.06
79816610.17
79530791.37
47694078.73
79917708.11
44836385.01
24910630.98
48630391.7
48874493.62
45045246.07
22850660.4
15669016.38
48781537.6
44345247.47
48591629.33
15671158.24
79594445.09
22949455.98
79795906.53
48802401.97
15709321.57
79733834.73
15707177.57
79784042.67
80018686.27
48383483.03
48650482.53
15705925.77
48566404.3
47052354.67
48846553.89
48769872.7
43911499.06
25510917.36
48405590.64
22458425.42
79920787.05
48142152.63
79222701.19
48962343.58
48650482.53
15706157.98
15709649.18
79705126.06
48478242.46
27950124.58
23052259.03
47331517.38
44529586.13
15662142.78
79816610.17
79719623.1
79487400.18
22980090.43
23113909.25
15675646.34
48406873.18
48714491.46
48598947.05
79523533.79
25928144.35
26245383.01
43941813.59
26465476.42
44423518.91
26366377.93
28948632.87
48712895.25
48533444.13
48775478.28
79594445.09
22792708.44
48415416.97
48442729.7
15724505.58
79920787.05
15799563.11
79917708.11
49154012.33
25080313.49
45271946.46
46757149.14
48658926.5
22608994.02
43733173.82
79773705.09
15651664.4
29090068.95
79530791.37
23052259.03
79713916.36
49142698.06
79698260.0
45169007.92
79634044.61
22494755.76
79773705.09
79920787.05
24379544.57
79795906.53
28878729.76
79487400.18
79784042.67
48696910.86
79795906.53
48533444.13
22735402.07
79528742.1
25485850.1
48714991.47
80018686.27
26462626.99
22792708.44
48478242.46
79773705.09
22528143.4
79487400.18
26867286.88
48532623.5
79594445.09
48632008.76
22787655.18
79523533.79
48468096.42
25615180.75
22937059.82
79641599.12
79816610.17
48714491.46
79795906.53
26194119.3
48721073.33
48478242.46
26435599.72
44345247.47
48530762.14
26155008.79
24902528.07
25679736.12
48566192.22
79846499.05
22441006.9
22792708.44
44328019.09
79795906.53
79523196.14
24820494.56
15723374.23
79784042.67
79734460.98
48682298.09
15637381.69
48808077.08
48514201.35
23003397.45
23009721.55
79705126.06
79528067.64
48661791.07
26163911.38
48454353.87
79920787.05
79920787.05
79713916.36
48194747.34
28878729.76
15657372.51
79222701.19
45014689.81
28206355.43
79733834.73
15662677.05
79795906.53
15691161.64
15667326.77
45242222.47
48661112.2
79634044.61
25497173.03
24499367.77
79846499.05
79528067.64
48783343.2
79528067.64
79641599.12
22881540.06
22830173.39
43960017.92
24419141.93
48663064.68
48593713.95
48406873.18
47349858.19
48553932.64
48402040.83
48733094.2
79719623.1
79765163.03
79530791.37
48618076.76
79920787.05
25670472.49
79713916.36
24883181.05
22966412.1
48462046.64
24343467.12
79594445.09
15723402.21
48651185.57
79523533.79
26163964.76
48735863.87
79705126.06
48501283.18
22776379.56
48435475.97
22955792.53
79765163.03
22850660.4
28368694.74
79816610.17
48586344.05
26757688.4
48696910.86
79523196.14
79795906.53
80018686.27
79734460.98
79719623.1
80018686.27
15663385.57
48576853.43
28372966.61
49142698.06
48836909.5
79734460.98
23169775.53
48888361.14
79765163.03
15733007.91
48460124.34
79222701.19
79846499.05
48618076.76
79713916.36
48554628.65
48517283.67
79523533.79
23016811.49
23153560.16
15723713.69
25981250.99
44066155.95
79784042.67
28373389.47
48999735.14
79594445.09
26360771.13
22714337.07
79487400.18
48822823.95
48956610.45
47529527.88
79487400.18
22924379.14
24510421.66
79523196.14
24910630.98
22458425.42
48632008.76
24872162.24
79528067.64
79641599.12
48464009.59
15798551.41
15708376.08
43911499.06
48639579.31
79487400.18
79523533.79
48710813.22
79528742.1
48440693.02
23053133.01
15702485.07
48478912.01
48515291.51
22549195.44
79705126.06
79846499.05
48618249.22
44003884.94
48383483.03
47254407.72
26433524.06
22946824.82
47455404.95
79530791.37
48585060.24
23028066.48
46978339.11
79487400.18
25007503.53
48578309.57
48849242.57
48460107.88
79523196.14
44417087.54
25231221.56
79222701.19
15667196.41
79734460.98
79733834.73
48460107.88
79917708.11
48620956.1
48585060.24
48578309.57
23108545.13
79487400.18
46868996.92
22522257.05
22940924.41
22714337.07
48716418.82
79846499.05
48578815.26
28871792.45
79487400.18
79523533.79
48480168.38
48578815.26
25497173.03
15797581.31
48346510.76
28268025.46
48795602.63
79920787.05
46757149.14
79773705.09
15785323.67
79733834.73
28284379.69
48793708.64
79816610.17
28348419.25
48836909.5
28451576.6
25771432.66
44281698.14
79698260.0
48464009.59
24811280.01
79773705.09
48621983.88
48672822.11
22608994.02
25404341.53
79594445.09
79634044.61
26224760.02
25779260.89
47370784.9
22858783.09
23089156.12
25615180.75
47254407.72
28376108.87
46936407.74
25220212.86
26360771.13
26583884.65
48658926.5
48785249.01
23315048.53
79765163.03
48822130.98
48620951.17
22613641.8
79705126.06
48389300.47
79765163.03
44607797.97
47434928.46
47448398.06
23070508.9
79734460.98
23101579.34
48474747.35
23060595.69
79523533.79
23164878.53
48492766.86
48808077.08
79917708.11
79487400.18
15704664.51
25942417.56
48734903.47
79719623.1
26667105.67
28587924.97
48713578.7
79733834.73
48514747.09
26439988.99
48663064.68
79222701.19
22968494.89
47479645.36
79713916.36
79634044.61
48476650.11
23029284.75
48664348.03
48140879.17
79765163.03
22935344.36
47285902.53
79523196.14
79917708.11
79784042.67
23181516.47
23205053.08
80018686.27
46774595.17
79920787.05
79528742.1
79713916.36
79733834.73
48720405.19
48638878.86
79846499.05
22850660.4
79594445.09
48577530.9
48663064.68
15661514.65
79713916.36
23318255.48
79733834.73
79523533.79
79733834.73
79795906.53
79713916.36
44417087.54
48387364.41
79594445.09
48399733.97
48618757.36
25080313.49
49123497.69
22924379.14
15669889.89
48470360.07
79641599.12
44234881.99
15793038.35
22787655.18
79784042.67
48437527.9
23112832.77
79634044.61
22857480.83
15803511.35
48654932.94
22818396.27
22761345.8
28670369.8
48647352.63
25576415.84
48711496.68
23028066.48
48847216.5
79641599.12
48802401.97
79641599.12
48715160.48
22560493.45
48675453.27
79528742.1
80018686.27
24827097.71
44541263.1
48705905.11
79773705.09
15715943.0
24593555.66
44360181.77
23042418.74
48528989.51
22776379.56
79530791.37
79920787.05
79222701.19
48480168.38
79846499.05
79733834.73
48566404.3
26739475.09
22926098.88
79734460.98
48527012.76
44280671.51
15662142.78
48567374.71
79523196.14
22815526.11
79594445.09
79698260.0
22681537.48
48666415.72
79487400.18
48877252.95
48795602.63
48632599.86
15799515.09
79594445.09
44386472.88
79816610.17
48402040.83
79523196.14
48382821.43
28707895.72
44407598.82
79528742.1
48598947.05
79530791.37
79784042.67
79523196.14
48554628.65
15719451.06
45106957.53
29089185.85
48662399.88
79773705.09
26863386.39
79641599.12
28862058.29
23155234.61
23153560.16
15797581.31
48773493.54
22830173.39
15771723.76
79528742.1
48500072.9
79846499.05
23054759.01
48389300.47
48566712.73
24625690.56
48399733.97
26373153.89
79816610.17
48568630.98
43845366.13
25851746.14
79530791.37
48476650.11
25112260.02
79634044.61
79765163.03
48470360.07
79734460.98
48551869.47
44219504.22
79698260.0
28980400.69
79705126.06
48578309.57
49141606.92
15798551.41
23081860.18
48611229.42
48721073.33
22957696.39
79765163.03
25724569.6
79705126.06
79765163.03
79530791.37
22870049.2
22713131.17
48584388.43
15655289.34
26173128.95
79773705.09
23150185.58
48668419.97
15663324.89
79594445.09
23049955.27
24840901.91
48478912.01
47665266.78
48636300.7
48892573.76
22772674.82
48631331.29
24883181.05
48616036.62
48677005.56
79734460.98
48717725.54
79523196.14
28926729.22
79594445.09
44738898.03
26696420.1
48785249.01
25949036.9
48713578.7
22921147.33
79713916.36
48672822.11
48467431.8
15814083.13
22668479.71
79816610.17
48404924.71
79222701.19
79816610.17
79734460.98
48874493.62
23014749.87
48654932.94
44853670.47
22937059.82
26263820.05
79816610.17
43922820.9
48554628.65
23109830.68
25876330.07
48595974.56
79816610.17
79784042.67
79634044.61
44397919.46
79733834.73
79698260.0
45164126.85
79719623.1
26915242.86
48684199.4
79530791.37
48515425.64
47331517.38
45026192.49
79641599.12
48822823.95
79784042.67
26271976.94
48142152.63
79634044.61
24327437.39
48454342.07
25771432.66
15714790.26
79641599.12
15714004.75
48808077.08
22897905.13
48772045.72
48382821.43
23173140.01
28376108.87
23146258.97
79795906.53
79530791.37
79719623.1
48567646.07
79641599.12
28176307.58
48452962.43
22568804.61
45015804.61
48414343.91
26929849.64
47533840.92
79530791.37
15712768.3
24519922.14
28478107.63
22994742.63
28850815.85
79222701.19
79917708.11
79528742.1
44168194.32
79816610.17
15667326.77
79705126.06
15667104.04
79528067.64
46933151.16
48794371.26
48775478.28
49018526.7
43805896.91
48564313.45
48737923.39
46784633.56
24590006.52
79222701.19
79528067.64
48401623.06
47270454.75
23259179.18
79487400.18
28786786.62
79765163.03
79920787.05
26472413.94
26583399.38
15663205.55
79523533.79
26357748.0
79523196.14
79846499.05
48565729.06
48860910.71
79816610.17
48639550.66
79773705.09
48677005.56
48737923.39
79795906.53
48499376.9
79784042.67
79773705.09
25507670.75
48515425.64
25146487.08
47163741.64
25978080.56
22958148.75
22870249.16
79523533.79
48207108.46
79773705.09
79719623.1
79698260.0
22795951.96
48822130.98
25010686.64
48585111.11
79528067.64
48629269.21
48584388.43
22751915.64
79917708.11
26370160.01
22949455.98
48682966.28
28446352.38
79733834.73
48548807.33
48581113.04
23235320.49
22780940.46
25010686.64
48608817.56
48608817.56
79698260.0
48639550.66
48775478.28
79487400.18
44665654.06
22522257.05
26575014.22
15669016.38
48876559.99
25343074.22
79734460.98
22956698.81
15785323.67
79846499.05
48399733.97
24625690.56
25752058.41
48194747.34
79917708.11
47191498.14
48660145.34
26993298.22
23020971.92
47437262.76
15799515.09
79523196.14
22954438.98
26263754.54
79734460.98
79530791.37
79523533.79
22792708.44
25304807.96
15653059.5
48728958.38
79528742.1
48500072.9
48591629.33
49124818.14
79917708.11
79920787.05
79846499.05
79641599.12
26360654.6
48210780.82
24628939.39
29090068.95
79698260.0
49124818.14
79816610.17
79733834.73
48658243.05
79846499.05
22776379.56
24982838.91
79634044.61
48140222.08
44208039.14
79528067.64
23101579.34
22849788.74
79846499.05
26202558.87
48142152.63
79784042.67
79222701.19
79920787.05
24820494.56
79523196.14
15798988.62
15715943.0
44509079.44
46831850.94
48679183.3
79713916.36
79594445.09
48715160.48
24827097.71
25862719.8
79917708.11
15637381.69
