26179338.06
45741700.35
24580379.14
17014811.77
17446270.35
50345183.17
50405866.06
30087835.4
24708271.59
48602055.55
50603301.1
17379374.23
50352743.57
16952308.5
48602055.55
81354260.0
30582729.22
50196716.74
24593059.82
24599980.57
31219722.27
16952855.25
17454911.37
17418798.51
30940775.86
46023302.6
27988291.1
80878701.19
17469861.65
17459823.51
81354260.0
50254981.44
50361802.71
50603059.38
27932066.98
27623257.29
28068565.99
81290044.61
81472610.17
30880019.62
50173283.67
81354260.0
81674686.27
29663228.29
81361126.06
17020513.43
50418138.65
50060924.71
27042095.83
45359262.84
24497512.39
50186741.58
16946109.02
81361126.06
50372418.82
17478038.9
50240440.58
17399926.91
50394373.66
31458478.22
28013748.0
81389834.73
17386410.18
17449118.77
49247469.15
81369916.36
50259964.54
50316145.34
50384697.22
50160901.11
24216176.34
50219632.84
81674686.27
28423178.07
27871250.31
50378317.55
46281357.83
49961628.11
81421163.03
27745170.51
46170113.92
49949636.48
50373725.54
81421163.03
50239578.73
50283546.54
81375623.1
17454934.55
17462881.36
31167920.2
81143400.18
45364515.05
81179533.79
30989307.14
81184742.1
81143400.18
50363675.94
27392759.46
48503869.91
17484024.23
27163670.75
48602393.91
50531186.58
31136890.65
50210027.4
50305125.23
28413688.4
81354260.0
17015113.82
24692390.73
81502499.05
30872637.71
50289656.91
80878701.19
30652712.06
31220270.22
50451602.63
28523286.88
24630036.59
27980731.89
17459527.48
24623621.09
24717186.0
17456648.86
31063350.02
26548712.75
81375623.1
24806185.58
16943744.97
48666845.53
45528749.16
50370491.46
48421147.69
29690411.02
30985715.9
49094572.49
46190913.25
45586198.96
24436524.09
50118791.58
24971048.53
17365691.18
31384696.01
81186791.37
31182358.97
50044037.61
50472310.4
24622412.1
50108962.43
48166007.97
50131488.23
24725440.23
24470092.17
50098729.7
31087689.36
27858558.87
17410510.74
27599506.04
25917982.08
50116124.34
17528859.85
81390460.98
31156170.15
31237542.35
50423166.91
28002942.58
81354260.0
29988232.05
26971469.94
50285946.67
81186791.37
49796879.17
50385685.82
81429705.09
50061590.64
27387795.17
17098170.41
31146030.81
17412035.08
50292826.6
31165851.0
81576787.05
46688973.04
81179196.14
81250445.09
31024343.72
31072765.21
81390460.98
81389834.73
17005311.79
27753018.74
30024694.74
50386758.04
50288008.76
50118118.67
81674686.27
24610438.98
17007989.07
50126099.98
81573708.11
50162319.49
26802487.08
31347713.19
50596626.68
26333939.14
81421163.03
17454887.19
50236260.55
50361802.71
81502499.05
81375623.1
81440042.67
30334692.26
17021463.95
17459529.26
50779497.69
48421147.69
28326081.06
50338298.09
24593059.82
50164611.67
50293572.27
46061536.79
31078026.59
50279552.34
50361905.11
17323326.77
16947355.75
17319385.57
17475298.34
31038810.21
28229521.45
50134912.01
50058040.83
45881370.17
45419694.31
45795224.43
48408639.86
31432732.18
26775691.7
17366624.65
50599984.44
50571105.08
50341715.34
50265496.44
31073022.63
26249555.66
24442474.15
48484384.04
17332389.16
50045300.47
81451906.53
45679953.34
17009954.35
50491691.76
31160175.96
50541529.2
17468474.52
28516216.34
81502499.05
31295922.61
16952648.15
50361355.43
27342942.98
27620915.95
26091242.69
17469504.07
81186791.37
46263797.97
80878701.19
81472610.17
80878701.19
81576787.05
49104398.06
31012082.36
81390460.98
17556190.39
28089524.06
29837904.88
24811234.61
50111016.37
27529525.54
31191282.09
29688804.27
30980392.89
50197536.59
80878701.19
46283511.2
50373120.95
46294036.42
45607054.27
50821825.35
30660785.76
17331646.34
81421163.03
31244155.92
24770977.06
46127543.4
81375623.1
16960032.15
31086935.31
17015036.86
26777897.43
49185527.88
23614061.33
28023914.25
50467605.57
50114082.58
50459644.25
31071031.56
17467736.74
26392767.66
17376003.19
31037286.91
81184742.1
81290044.61
29607341.09
31077705.66
27109321.71
30953838.28
46145289.91
27696248.83
50242344.05
17406548.95
46053919.46
26760710.61
29848943.98
45943722.86
30931853.59
50314243.05
26649765.72
17331646.34
50674526.7
50197580.0
50455918.48
81440042.67
50223646.07
17419948.0
31093504.33
28099191.7
50253904.63
26668553.71
45099862.59
50118791.58
50109566.87
17472374.83
17416238.91
17002383.53
46312475.61
27584144.35
50170201.35
16948157.52
81440042.67
50274924.47
50428882.26
50372732.8
50160901.11
81179533.79
17439182.7
50116124.34
17446816.68
48146522.1
48590390.42
31019810.88
50122622.03
27295913.9
45099862.59
50192996.1
50274249.22
50384958.38
81179196.14
28516997.03
46767258.99
46825007.92
25893431.84
50223374.71
27069858.45
30972265.17
50120009.59
26732652.5
50428045.72
24449861.64
17020357.89
50169364.37
49938021.11
81184742.1
45578820.9
50222404.3
17313281.83
81184742.1
50287138.57
50170747.09
46138092.11
27620831.02
81184067.64
50319849.99
81186791.37
24831638.89
17306100.09
50126099.98
17467951.09
16956673.48
26660547.73
50340199.4
50616407.75
50343103.58
17473952.39
81354260.0
46312954.85
17360664.51
46127543.4
81440042.67
24716595.69
31136890.65
24075576.41
50386173.75
17013710.68
25913872.33
24330237.0
81390460.98
46275303.62
31072765.21
16944440.47
81472610.17
50346132.78
81290044.61
16952904.53
26082978.76
24460174.28
27478708.72
50399024.62
26576770.45
50352743.57
50499954.15
81472610.17
81250445.09
30998146.02
50295550.66
81179196.14
50406470.43
26859990.39
81429705.09
50275765.61
24205195.44
46354601.81
50094189.5
24263090.01
81375623.1
50497744.16
17416238.91
30597759.94
81389834.73
17376119.18
30792836.92
50376405.19
50282514.84
50314926.5
50276951.17
27844975.11
31062899.66
45342223.68
27752791.25
81429705.09
50257816.2
27165515.78
50254981.44
50281379.14
50418768.58
17412035.08
45859292.76
17399086.88
17469752.59
24765830.68
45523374.18
50324419.97
17411894.32
45849299.18
81143400.18
50404793.01
50187411.13
81297599.12
26576339.23
27503772.47
81440042.67
46689864.56
27837059.97
31245978.67
81389834.73
50308335.67
31129404.24
50369578.7
50517999.06
28023103.66
27380017.99
17467559.11
24746105.18
27201299.17
48688868.8
31077265.9
26985883.42
17019326.35
48664491.0
50188623.5
50219632.84
81184742.1
50233530.9
31207207.65
50385821.07
27836295.86
25920581.38
31317495.13
81250445.09
26250799.14
45543951.14
27726088.26
50165431.53
30897792.04
45464004.0
50274757.36
45673964.55
46006321.12
31180467.25
30112056.34
50317112.2
24419116.37
50205296.68
17402923.61
31244597.47
50382120.79
50655735.14
26560649.33
27811008.79
50295579.31
81451906.53
50210027.4
27906943.78
26584369.45
80878701.19
17399086.88
45976252.38
50136168.38
50237318.36
50319849.99
25494416.88
50388386.27
31080413.09
50173283.67
50394185.06
30407191.69
31245048.94
48610046.46
50439343.2
81674686.27
50189444.13
28495231.56
24106190.32
28733914.08
29904898.7
50116107.88
17018167.92
50393513.88
28112973.77
27892426.61
17306841.92
50467355.99
81186791.37
45526136.8
50404163.08
17007724.53
31316989.46
27620039.63
81674686.27
50221163.62
48988425.22
31380422.55
31191282.09
48583872.82
23916495.57
46281357.83
50127777.96
81143400.18
17542051.88
81576787.05
24001820.26
50294878.86
81369916.36
24612698.81
28733474.77
23981562.24
27817272.24
50234815.26
81297599.12
17006054.19
26075141.93
81179533.79
29606124.58
50371656.27
81573708.11
29762927.74
17360996.32
17545432.43
51036503.26
24387624.14
27928966.14
26340705.5
50619776.02
31146537.2
24571837.13
48800255.77
50274757.36
45374302.93
50307185.57
28431139.08
50293365.02
81429705.09
48740199.55
50130747.35
48634339.11
45937698.14
81184742.1
17469897.38
28091599.72
17021702.95
81290044.61
81390460.98
81361126.06
17007923.7
50342964.07
50208691.01
30015274.77
45966024.9
16942240.46
50363284.11
50299363.31
81179196.14
81250445.09
81375623.1
81186791.37
17319205.55
28001188.55
81674686.27
48589151.16
24678623.27
50307276.31
81354260.0
17534478.39
50237352.56
26612226.32
45421801.4
26243394.41
48726428.75
81297599.12
50214983.79
28130549.68
81179196.14
81502499.05
80878701.19
23880338.75
17548761.57
46565970.99
28339219.8
26505933.68
50253904.63
24417345.8
81369916.36
50544361.14
17385649.79
17471995.7
31348568.46
24745156.12
46165079.44
50364016.64
45753021.83
81361126.06
26672698.09
50364072.39
81361126.06
81297599.12
50094189.5
17027104.15
81143400.18
27688938.04
81390460.98
81184067.64
30001376.07
50271319.54
31059944.95
50468437.91
24014177.19
81369916.36
24359998.64
81361126.06
26496901.91
50497744.16
17400521.38
50406703.35
50480690.19
17513207.76
81179533.79
81369916.36
26447146.94
26394422.34
31321486.4
50183020.19
81354260.0
27504018.96
17374257.72
30326029.03
48804107.12
50493762.22
50277983.88
31458194.43
45948522.46
50499954.15
26372070.0
24697031.25
81674686.27
17418870.13
30909435.7
50619776.02
48590560.59
27217938.5
30819347.41
50043364.41
81375623.1
50435569.64
50170618.61
27528278.32
50375347.54
81250445.09
24290838.37
17462066.55
23826973.61
81297599.12
17470083.13
50072685.11
25820512.03
30108657.05
28112265.57
45401465.44
46519249.65
17442175.87
17556239.11
50390903.47
50321656.18
50523390.51
26123236.75
30881565.35
26676497.1
81576787.05
26970657.21
28592558.99
50124096.42
17370790.26
24269641.8
81179533.79
30890005.15
50295550.66
48521465.6
17374831.8
17461663.87
50240440.58
17412550.85
50533252.95
26183152.12
81429705.09
50431026.07
50192938.29
50446839.34
50387871.8
81674686.27
50287381.86
46021240.57
50520419.54
81184742.1
17318458.49
24620383.35
81674686.27
50208958.68
81576787.05
31292198.92
50214172.79
46223501.75
27742325.74
31207207.65
50226151.56
50070752.36
50148766.86
17013754.29
45568661.33
81186791.37
50418523.14
50520618.54
30532193.97
45543712.51
31311068.81
48466357.2
24248463.96
50237352.56
29681690.52
81375623.1
17323196.41
24283585.98
81250445.09
80878701.19
16963856.51
28108827.77
26271391.01
30741668.78
17325016.38
49851404.43
50225931.29
24482891.35
50371160.48
50631018.48
28019910.46
50290093.57
27937070.25
50425872.7
45359262.84
81502499.05
50387000.52
50116786.44
50223646.07
31275009.1
17449038.35
45586153.74
24769909.25
17533081.94
50266743.82
17545987.58
31229718.83
31193411.08
81389834.73
24672811.49
50441898.47
81354260.0
50220313.45
48668693.52
50373946.11
16942090.06
50277983.88
81440042.67
50223979.63
81390460.98
31220119.77
25914391.6
50171425.64
49917723.3
46565010.62
27526683.91
50275765.61
46170113.92
80878701.19
27901383.01
31119543.23
27896843.05
50535623.71
30896713.32
46713515.36
50479812.18
27269337.18
81573708.11
31143824.58
81421163.03
31240042.03
50479812.18
31082523.6
50876056.35
81354260.0
27532330.07
31062469.88
30095588.63
50375640.64
17327158.24
17477063.56
50429892.47
81389834.73
81297599.12
81354260.0
49111404.95
24678995.59
50157283.18
48526378.29
50440473.96
81179533.79
81361126.06
17362157.98
17449345.69
31239391.0
50703678.79
24685461.54
25712354.98
17376277.39
45406717.65
81451906.53
50642962.54
17313525.47
81451906.53
50192128.89
50343786.42
50185089.05
81429705.09
26501035.5
81354260.0
81421163.03
27443632.16
81179196.14
17382802.54
28215320.28
81361126.06
49949392.15
26660567.75
17402923.61
50257816.2
50270254.94
81451906.53
50288008.76
17309059.5
50058040.83
50480072.84
16930223.72
26101057.66
27200040.49
26466757.18
28314149.87
24705831.56
27351762.35
30881100.33
81429705.09
31098143.93
46206517.66
25772420.26
50449708.64
46126716.63
50278818.92
17088012.95
31181290.95
50044037.61
46138918.16
50318399.88
81429705.09
24911523.62
17013945.5
17106920.0
50209206.21
26177225.5
16956673.48
17546237.27
25829339.16
16943054.0
45621953.51
45716167.15
50210628.65
50266743.82
24473160.7
50393427.51
50630764.8
50071416.97
17482707.5
81573708.11
50244963.15
81429705.09
50428825.4
29860926.35
27674967.48
50484850.04
50225027.61
17019320.13
17357123.11
81390460.98
50341715.34
81369916.36
50430810.14
17013611.27
30973563.21
80878701.19
46383268.79
45437805.26
50376446.83
81573708.11
26481391.88
31127998.54
50271560.33
30109688.18
24184143.4
50524446.89
48468365.07
50480072.84
17359028.21
81354260.0
28242133.54
24019481.25
24870322.75
48411109.3
48688040.44
50544846.92
24665721.55
48571899.74
50098729.7
25750940.11
17332389.16
27762456.8
17373435.98
48726428.75
27586486.98
17098089.46
48508879.24
31374104.16
28082924.79
17530383.33
50125435.37
48932145.19
24209243.21
50171291.51
24381199.58
81390460.98
81369916.36
50277465.0
17379543.38
17389763.09
50871798.93
28012367.51
17440615.03
81179196.14
30113123.96
31269487.23
50070343.91
26231863.23
31072540.94
50272379.82
45628457.25
45621953.51
81184742.1
81421163.03
45374302.93
50201107.25
46133417.72
30910518.61
50239714.08
81375623.1
50517999.06
50536744.39
81440042.67
48847498.14
81389834.73
81354260.0
81390460.98
81186791.37
27642545.08
17463393.21
50276951.17
31111511.18
24082003.52
50373725.54
81290044.61
30930794.95
26670470.74
31270431.91
81179196.14
17371411.07
31073614.82
26753548.95
81472610.17
31246467.23
29773370.42
50165431.53
50241111.11
24427465.74
31078801.74
26526585.75
17086487.9
50160095.38
50405618.18
50192996.1
48393663.26
30634535.22
27598966.03
27394395.81
26673428.28
29907392.81
26518786.31
17082146.17
24705831.56
17468241.85
45610863.94
17368520.87
46156966.87
24600744.86
81375623.1
26162248.39
81184067.64
45966024.9
17456728.77
50423835.92
26663448.57
49798152.63
31217202.07
26180009.96
50363284.11
50582687.64
29854293.37
27419839.29
27335736.12
16963856.51
50529522.95
50929268.43
30351113.08
17313525.47
17313281.83
46315599.84
49026784.9
46178388.34
45975885.55
45713385.95
81186791.37
17459987.78
50372488.63
46492385.01
50092137.57
17022050.71
46145519.28
50213931.3
81429705.09
24269114.06
17473226.88
50126099.98
50631862.4
50071416.97
81143400.18
24767444.89
50437769.27
46085277.03
31274185.25
50276951.17
50810012.33
29945105.65
50155376.9
17528508.41
50599140.52
50053232.21
31079339.33
27967504.03
50179437.31
16948157.52
27109522.74
45988818.68
81361126.06
26131718.56
17482844.62
81186791.37
81184067.64
81440042.67
50451782.01
81576787.05
46292125.29
29582500.36
28352420.1
24194410.45
24514783.09
17318677.05
81573708.11
46158601.29
26999074.22
50503906.08
45943722.86
24082744.65
50182209.19
26265308.15
46701246.07
80878701.19
17368768.3
50261898.72
28025348.83
50333005.56
30906704.24
49112354.02
50183012.76
25974171.42
48621541.42
31160175.96
27265389.54
24685284.75
50272717.22
81429705.09
29915716.59
50240533.57
26745707.38
49851404.43
50530101.0
24379620.76
81361126.06
50224789.03
81369916.36
50116124.34
50459644.25
50684810.46
81184742.1
17371165.73
26738848.79
31078801.74
50491549.36
24205195.44
50177251.45
50224218.21
31292198.92
81361126.06
50197536.59
50039483.03
45565576.78
81451906.53
81297599.12
81440042.67
27077722.18
30979326.58
50417015.08
81674686.27
50264817.56
17457973.41
50098056.5
50362619.3
17317514.65
50548573.76
50437769.27
45787028.96
17442742.4
50209812.68
48708354.67
81451906.53
45955090.83
45384426.28
50157283.18
81179533.79
17310312.72
81250445.09
50631862.4
27728500.46
50472557.94
50377073.33
50096019.82
16942090.06
50075474.87
24612160.41
45683825.66
81290044.61
49242925.49
48425529.58
30026198.72
30243924.97
50120009.59
81297599.12
50391863.87
46898222.47
26765382.44
81576787.05
45975885.55
81297599.12
81184067.64
81250445.09
46583307.17
17418798.51
46294798.98
50085276.81
50425872.7
46042472.88
81375623.1
24324479.71
81573708.11
26333677.58
50185089.05
50214983.79
50320348.03
17372060.05
24219158.78
50259964.54
31153807.09
50266558.54
81573708.11
45526136.8
46128483.56
24296567.07
81354260.0
50085276.81
30990421.07
81290044.61
50320519.55
17459511.35
46820126.85
50601165.71
48668693.52
81179533.79
48717169.72
24538961.39
48389153.99
50214742.3
26887221.56
46243214.98
81429705.09
26392250.58
29698877.56
81369916.36
31063951.46
81179196.14
26463151.67
31208289.35
81573708.11
50599984.44
30881565.35
50322510.35
81502499.05
24136448.89
24600744.86
81472610.17
81576787.05
50713085.97
50322415.72
17309059.5
81297599.12
50631608.72
81421163.03
81421163.03
81250445.09
81389834.73
26886621.17
50533252.95
50388003.77
28029153.89
50361418.93
26648494.23
25972873.41
81429705.09
50178072.64
26499656.62
17550121.19
50372058.76
17460762.76
50505242.57
81361126.06
50524205.27
16944440.47
45951108.52
27021308.3
27122779.52
17454988.62
28178698.79
31301171.18
81375623.1
26558528.07
24710759.01
27292426.94
50275943.44
81250445.09
50425203.69
27837846.73
81421163.03
27285757.11
28118626.99
48609876.29
26013638.96
31063844.71
31166339.08
24778259.02
27598417.56
81179196.14
50777203.99
81143400.18
50405656.77
46040452.53
50361418.93
27602101.32
26757617.14
31151644.12
24266886.42
17319324.89
50075474.87
50478823.95
45617682.34
27661194.43
81297599.12
50304447.67
81389834.73
50343103.58
24659397.45
28506480.02
17361925.77
81297599.12
50601365.88
48943029.08
31213095.29
50472557.94
81143400.18
46126716.63
50425872.7
49796879.17
50449708.64
26397009.36
27169941.77
81674686.27
81502499.05
24604438.85
50591179.23
16958254.56
81354260.0
49962738.28
50221548.03
24012387.54
26382615.09
50439664.35
17008856.15
17415621.74
31457948.77
81440042.67
45722155.95
50292901.75
31053591.0
48688179.39
30604632.87
31002669.42
50307160.09
81576787.05
27769409.46
81369916.36
50148766.86
30386525.6
50394244.1
50132650.11
26240646.89
27417773.86
30971176.24
45695346.42
31062469.88
30919409.13
46259607.18
48569665.29
49090928.46
31150170.49
81440042.67
17468596.1
24519387.86
17026584.35
81179196.14
24275030.27
81674686.27
50233530.9
30016123.92
50279552.34
26062264.63
45960951.25
81184067.64
81290044.61
48800255.77
46228032.23
50896268.03
27239205.6
31087689.36
30158611.13
81179533.79
50111016.37
24471526.11
50171425.64
24136727.9
50338966.28
81186791.37
26372965.82
50276617.37
31073835.59
81440042.67
50297244.81
24310533.22
17318458.49
50406762.93
31300476.5
16930223.72
50440473.96
50405338.27
50374908.92
24605455.98
50478130.98
81576787.05
50141466.46
17535468.51
50603866.34
30215348.15
26551628.54
50628038.02
46550431.53
30953838.28
81361126.06
28624527.95
17406485.67
50370991.47
81143400.18
81184742.1
50373561.68
50692101.84
50072685.11
50566386.07
50252652.12
81184742.1
17425223.71
50274757.36
81179196.14
26370478.48
30972265.17
80878701.19
81502499.05
81290044.61
17311289.34
81440042.67
48590390.42
81429705.09
17323326.77
31052492.64
17406485.67
50436401.98
50344734.36
81250445.09
50386173.75
81184742.1
50601365.88
50374624.54
50222192.22
45543951.14
50585404.98
50319171.12
50393923.39
50478130.98
49210030.04
81451906.53
24097006.9
45781991.72
17406548.95
50209932.64
50367496.68
30006500.27
80878701.19
45142065.19
30518058.29
50164611.67
31138416.12
46423565.01
30653767.97
81429705.09
46299859.07
81143400.18
50180280.17
81451906.53
50270254.94
81184067.64
31230250.87
81472610.17
26866177.44
29890733.81
30131185.61
48146522.1
81389834.73
50533252.95
81472610.17
24591706.0
24505788.74
50394485.22
80878701.19
31041702.32
81375623.1
31170462.58
46386703.56
50040749.77
17444765.96
17014259.66
81390460.98
50460077.26
17313372.51
50221548.03
48941902.53
81576787.05
46210410.14
50188774.58
50192128.89
24522311.86
31267315.38
50340567.72
17004122.3
50471336.98
30962725.56
50255448.73
81369916.36
81502499.05
28015866.29
26268224.05
30971176.24
50287331.29
31161458.8
50277321.89
26724621.32
48599545.79
31292317.42
50040749.77
50460458.01
50056408.27
27919820.05
45459163.53
17093977.42
49849393.05
50418768.58
81184742.1
17370004.75
26969767.89
50338966.28
26651371.44
50303352.63
50156072.9
16955217.18
46275303.62
31052492.64
31062899.66
50555116.94
50257678.47
31072902.78
27518719.8
45713090.9
50417696.38
46682192.49
17469240.7
16958898.22
31458587.63
45843048.9
50070752.36
81375623.1
50093527.9
50288197.26
24824187.35
25918281.65
24534363.59
81451906.53
31063951.46
81573708.11
46191974.66
45533861.89
17325889.89
50369578.7
50393936.74
50492752.43
46503971.04
81179533.79
31244024.45
81369916.36
17306841.92
50166832.26
31143824.58
48614853.24
24602824.82
24486173.39
17378033.11
16942240.46
17483925.32
27532304.03
50251974.56
48664491.0
81421163.03
29783776.07
81390460.98
25793583.61
50183020.19
50137797.33
50202571.46
17383868.33
50449532.22
17462142.78
16952191.73
27919754.54
17319205.55
81186791.37
24659397.45
81451906.53
50375347.54
24665721.55
31385039.77
81429705.09
46188605.64
17100167.37
50381143.99
17085290.53
48505511.05
29590635.64
46079518.91
24491148.12
81361126.06
27678230.47
26267732.92
45936671.51
30217445.97
17082986.9
24226169.88
24506660.4
48572921.87
50384958.38
17418870.13
26396608.47
81179533.79
81369916.36
50461833.9
50173283.67
50172610.77
81421163.03
50790682.34
50056408.27
50343786.42
81179533.79
30940775.86
81179196.14
31073614.82
50573704.81
17001531.66
48841696.63
30080809.89
45738062.59
30528692.26
50266558.54
81361126.06
50242364.97
17362467.45
27286197.92
50105830.68
81674686.27
16988692.67
50344734.36
27232415.84
81421163.03
81184067.64
48572921.87
50189444.13
24486173.39
81451906.53
45269368.47
24671094.79
81573708.11
17325889.89
50113423.35
81179196.14
31151246.25
50114089.28
50168685.82
50294908.78
81573708.11
27290275.1
28088004.51
26756962.59
24809560.16
48261965.42
46394898.03
81290044.61
50293498.4
31217202.07
50287953.97
81375623.1
81290044.61
45673964.55
45659884.94
26055712.45
50388997.72
80878701.19
50573296.44
50446767.66
26610712.9
28217343.01
50505242.57
30134107.63
46167012.86
26254763.99
50272139.03
50354818.38
26669716.71
26087339.65
16960032.15
30442786.62
81576787.05
50319849.99
46390869.66
50356232.26
50375888.01
17541857.19
81184742.1
26307973.16
17088721.61
46138092.11
17027637.08
46604576.42
26047886.87
50673769.23
46185815.5
27623847.72
50524446.89
25999467.12
48571899.74
17375495.69
50426117.27
45389173.82
81375623.1
81502499.05
50599140.52
81184742.1
81472610.17
28326784.6
48745914.62
17364980.45
81290044.61
81250445.09
17475773.67
17372023.56
28185378.34
80878701.19
45692670.29
26457808.8
81143400.18
81354260.0
50797606.92
81573708.11
81472610.17
50405529.13
17002948.68
26132083.21
31374575.93
16952191.73
49810765.46
50343928.17
45664156.11
50372418.82
26199885.33
81184067.64
30989475.82
48591385.62
46219310.96
81674686.27
50234815.26
50504579.96
30906704.24
17317514.65
26264493.94
31079339.33
81250445.09
30930794.95
50208565.47
28098366.42
50126099.98
45480007.86
45511521.9
81361126.06
81184742.1
49851404.43
28622727.04
50933702.03
81184067.64
50644104.71
81389834.73
50272036.62
50241899.91
31218552.54
31347253.4
50364016.64
17009330.8
17307664.4
81375623.1
50300483.21
31232836.62
50483710.21
50604108.06
24517997.52
24737860.18
81369916.36
28109684.44
46039222.69
17456249.83
50209779.87
31072902.78
24625058.63
31049963.82
49919938.22
16951881.92
17419948.0
50177251.45
45543996.36
81451906.53
17411970.51
50091475.97
26022493.86
24172117.86
17306100.09
50252652.12
50221729.06
17535672.14
50591179.23
50376809.83
50111016.37
50094189.5
27144215.8
17385683.41
31181290.95
81573708.11
50409288.39
17016904.26
50309430.37
24697031.25
31150170.49
81179533.79
81429705.09
81674686.27
17411894.32
45523374.18
50340886.46
49918523.54
28520326.38
30880019.62
27829128.95
29619936.02
50555889.28
50196473.39
50373725.54
50446701.7
50257678.47
16946109.02
17014811.66
81361126.06
31347947.71
50222296.09
31076742.19
50492364.11
17463034.9
29967656.4
31181552.91
50277983.88
50276275.93
50353993.33
24726508.9
17466446.59
25757320.37
23990196.4
26632950.13
50242364.97
26659893.06
50363675.94
48705432.41
30988358.67
30952748.14
26171173.57
26886778.6
81573708.11
29932545.67
17084213.89
46410579.81
81184067.64
48430595.17
17310312.72
17463984.87
50277465.0
45810941.92
48683976.87
29823983.03
48389153.99
27911738.93
50194353.32
50116786.44
16943054.0
50461833.9
17343579.2
28155181.52
26179905.78
17004121.78
81179533.79
26567120.43
81179196.14
24519387.86
25990888.64
50374624.54
80878701.19
31301171.18
50227271.35
24603999.62
26793125.32
27610280.97
50275281.46
45364515.05
81184067.64
81184067.64
50295579.31
81576787.05
17412550.85
24621736.56
81389834.73
50331453.27
50038821.43
50417941.81
50319849.99
50384907.31
50238178.93
48406043.71
30897792.04
17363177.57
81290044.61
50811724.66
50111016.37
50307160.09
81573708.11
49796222.08
51007436.92
27833468.56
24184119.92
31190473.43
24513480.83
50373060.75
46786986.08
50378317.55
50249713.95
50393923.39
27365929.98
26808743.31
26492356.83
50053232.21
27435260.89
17018176.06
81369916.36
31166763.93
80878701.19
31291131.54
31155211.05
81184742.1
26830056.62
50162319.49
46269852.51
81576787.05
81179533.79
26309574.47
24417345.8
30998321.28
26191158.53
26574696.81
50342964.07
81369916.36
50393513.88
80878701.19
49123724.13
46111067.05
48730181.87
50615292.14
17468507.79
45824194.32
27661943.0
28146368.2
27915947.89
46487586.59
49848735.96
17458175.33
81576787.05
31076946.11
81186791.37
50354818.38
24620347.06
27166043.25
45922374.23
45437805.26
28231014.22
31293546.39
24577147.33
50492505.52
24526049.2
17455822.04
81502499.05
50460077.26
31038309.08
29641852.75
81451906.53
81143400.18
50184444.09
81440042.67
31301136.69
30241856.12
26143678.92
46043595.7
50299600.85
31082732.26
17374586.22
30028966.61
24245005.99
31086935.31
50240388.43
50373120.95
50241111.11
17375451.06
23816903.02
17381513.09
49810765.46
81502499.05
45543996.36
28374606.21
50288197.26
26715384.5
46021240.57
45597813.59
81369916.36
50269428.57
50212436.15
81389834.73
50530336.64
17427723.76
26252724.24
50511792.44
17318677.05
81361126.06
50276617.37
24407915.64
50264817.56
50353993.33
81390460.98
26876212.86
50571912.05
50385333.98
81472610.17
81389834.73
24257050.34
46196812.89
50393255.19
50492909.5
24071712.1
16947763.66
81179533.79
50118046.64
50505242.57
31203172.92
50242344.05
27534917.68
24817523.71
30819902.26
17369069.34
46060692.54
81297599.12
50450371.26
50295579.31
50373317.5
49950192.39
50232853.43
50236260.55
50265496.44
31068393.76
81290044.61
48466357.2
45342223.68
50115458.41
30178829.38
81472610.17
50255448.73
50571912.05
46668656.41
81375623.1
46143341.11
30881100.33
81297599.12
45641623.06
16951536.06
17319385.57
24715470.01
81297599.12
16964440.04
31153807.09
45791275.46
17323104.04
81451906.53
30896713.32
50204807.33
24602824.82
50364072.39
28012526.81
48720713.68
46060663.35
46197263.1
50386758.04
30968901.04
28077236.77
16947355.75
48687088.69
31144929.81
46100988.76
50269181.5
81290044.61
50647563.56
26742727.45
50505040.84
29788203.34
30962725.56
23869886.85
17101777.48
50498557.85
81573708.11
45568339.4
50467614.13
50388386.27
81143400.18
17093691.96
50098729.7
17100374.53
81290044.61
26729637.65
17093592.41
50524669.87
81297599.12
50108288.13
81440042.67
50094189.5
27992082.65
45701404.13
27570051.37
30241983.2
81375623.1
27871963.57
17318142.78
46167839.62
27162873.05
50241899.91
81184067.64
48783935.22
24775384.02
27605036.9
81354260.0
81429705.09
50318816.31
81421163.03
50310914.31
29884641.52
81674686.27
24698418.74
81369916.36
50057623.06
30871564.18
16947763.66
46337561.15
25968656.33
27535480.82
50709830.88
48915530.85
24530726.37
49796222.08
26659154.01
50576797.03
46145519.28
27442834.58
30425215.39
81143400.18
17416038.73
48582908.04
24830103.33
24806185.58
81184067.64
48914915.82
45568661.33
50308582.74
30435150.3
17375383.21
81389834.73
30910518.61
81184742.1
17014322.67
24482672.14
50471748.33
81502499.05
50251974.56
50297244.81
50307160.09
48505511.05
45416505.53
24586613.03
49851404.43
16955217.18
24615380.33
50224630.98
31243674.41
26392702.36
81390460.98
25984311.9
27746728.99
24616791.75
25721284.19
31127998.54
26166421.66
27593780.28
31217522.08
24603999.62
27766811.45
50443198.94
81361126.06
50254947.05
31064562.61
50118118.67
50222712.73
31053591.0
24150755.76
17425231.42
17389007.91
29917258.42
50307160.09
50492364.11
31284545.27
50170201.35
24684279.18
81179533.79
50110353.87
81451906.53
81421163.03
81179196.14
17319324.89
50435569.64
81451906.53
50431478.28
50184444.09
50376694.2
17541505.86
50254947.05
27326472.49
17412367.49
81354260.0
50529287.31
30988358.67
26877807.12
81440042.67
17347161.64
46244336.18
46243214.98
81472610.17
48485843.07
46134538.43
48835694.93
46061717.45
81184067.64
50096693.02
30530943.74
28164041.99
31219285.07
45516269.7
24468354.59
31076946.11
50391195.67
31239534.12
17023153.2
45868956.0
29932182.15
17539891.92
81184067.64
26319468.93
81179533.79
17453525.57
46219310.96
24503641.91
81674686.27
81440042.67
45701404.13
50237113.04
30919409.13
81472610.17
81186791.37
49350078.73
81573708.11
46115866.9
26299223.94
50286391.7
50530493.62
46324218.44
24506660.4
16958898.22
50437537.6
45960951.25
50247629.33
17327158.24
81250445.09
24605455.98
81451906.53
50458401.97
17365321.57
50386510.87
17006552.74
50479543.02
81674686.27
30872637.71
31171399.93
17003536.88
50222404.3
48688868.8
50502553.89
50425872.7
45525296.46
27166917.36
50061590.64
23858664.69
81576787.05
30662696.46
80878701.19
50618343.58
50306482.53
17004796.96
17365649.18
81361126.06
50134242.46
29363582.17
17541524.52
48581595.78
46185586.13
16951881.92
50671477.4
81375623.1
81143400.18
24636090.43
24382135.61
16964440.04
50062873.18
50370491.46
31213378.22
50204166.92
27340410.68
27499229.54
45555610.99
28121476.42
46039222.69
28022377.93
30185678.83
50368895.25
50189444.13
50431478.28
81250445.09
24448708.44
30931853.59
50098729.7
17380505.58
81576787.05
17455563.11
81573708.11
50405866.06
26469678.55
46927946.46
48413149.14
31144929.81
24010102.54
45346971.22
50393366.91
17307664.4
30327145.32
81186791.37
24708259.03
50374667.21
50798698.06
81354260.0
46448749.64
50256264.13
23895715.5
50362237.08
81576787.05
26035544.57
81451906.53
30534729.76
81143400.18
50455918.48
49950436.71
81451906.53
50189444.13
24391402.07
81184742.1
27141850.1
31239370.42
81674686.27
27869967.94
17401387.22
30979326.58
50381836.53
23929305.92
81143400.18
28116015.07
48468365.07
81250445.09
50288008.76
17455338.54
50192190.38
31097606.41
27271180.75
17411451.99
81297599.12
81472610.17
31180467.25
81451906.53
27850119.3
31208289.35
50134242.46
27689567.84
46001247.47
50186762.14
27561341.15
26291016.26
27093177.53
31155633.42
81502499.05
23842083.37
24448708.44
45984019.09
50471500.79
81179196.14
26071517.27
17018003.03
81440042.67
81390460.98
50338298.09
17293381.69
50464077.08
46060692.54
17415621.74
17416038.73
50373561.68
81184067.64
50317791.07
27819911.38
31047219.37
81576787.05
50523632.13
50386887.85
30746245.25
30115697.39
17313372.51
50129814.04
46670689.81
29862355.43
81389834.73
16952904.53
50441898.47
16990052.17
16956599.96
46522000.18
31215657.71
81290044.61
26743921.16
26155367.77
50530336.64
81184067.64
45536618.3
81184067.64
81297599.12
24537540.06
17404255.94
45616017.92
25812502.44
31151246.25
45346971.22
50062873.18
49005858.19
31081925.6
45948522.46
50389094.2
50387000.52
81421163.03
50182209.19
50274076.76
50511792.44
27084242.49
81369916.36
26272286.27
17469228.9
50118046.64
25737426.57
81250445.09
17379402.21
31239865.4
81179533.79
27819964.76
31348036.46
50553210.78
30998321.28
24432379.56
30960789.79
24611792.53
50373946.11
17405300.99
29783137.38
81472610.17
31082523.6
28006722.54
50352910.86
81179196.14
50651789.22
81674686.27
81390460.98
50406703.35
81674686.27
16952648.15
50232853.43
29787354.77
50394185.06
46383268.79
81390460.98
24825775.53
45641623.06
81421163.03
17028148.5
50116124.34
49918523.54
50498557.85
31146020.11
81369916.36
50210628.65
50173283.67
81179533.79
24672811.49
24809560.16
17379713.69
27637250.99
45679953.34
81440042.67
30029389.47
45753021.83
50270007.87
27767318.04
24370337.07
50179437.31
31292317.42
50612610.45
48779759.74
50389182.44
24580379.14
25904120.04
81179196.14
26566630.98
24114425.42
50288008.76
26528162.24
50197293.25
50309430.37
30981147.67
17454551.41
17364376.08
45567499.06
50295579.31
81143400.18
81179533.79
50366813.22
50284645.37
31046729.87
24709133.01
17358485.07
50134912.01
31137929.34
17385649.79
81361126.06
50542621.35
31161756.0
45617682.34
50039483.03
48910407.72
27839907.57
17411970.51
48705876.44
81186791.37
50241060.24
24684066.48
48614853.24
81143400.18
26663503.53
46124783.22
50505242.57
50116107.88
50194353.32
45724816.6
26482299.31
80878701.19
17323196.41
81390460.98
81389834.73
30952748.14
50604108.06
50276956.1
50241060.24
50234309.57
24764545.13
50197580.0
48524996.92
24178257.05
24596924.41
24114984.59
31190473.43
81502499.05
31089307.1
30527792.45
81143400.18
81179533.79
30989307.14
31089307.1
27153173.03
17453581.31
50002510.76
29924025.46
50451602.63
81576787.05
48393663.26
81429705.09
17082117.65
50356232.26
29940379.69
31291131.54
50460458.01
30004419.25
50492909.5
30107576.6
27184372.98
45591366.05
50362619.3
30981147.67
26467280.01
81429705.09
50277983.88
50328822.11
24264994.02
27060341.53
81250445.09
81290044.61
27880760.02
27192325.95
48620721.81
24514783.09
24357421.2
26862055.77
48504369.68
29789899.26
48592407.74
26610373.75
28016771.13
28239884.65
50314926.5
50441249.01
24583139.73
81421163.03
31291197.36
50276951.17
24013916.18
81361126.06
50045300.47
81421163.03
46223501.75
48684878.67
48698065.91
24726508.9
81390460.98
24369770.6
50130747.35
17476649.42
50160095.38
24820878.53
31119670.82
31431226.21
81573708.11
50178072.64
17002861.86
27356355.2
50390903.47
81375623.1
28323105.67
30002046.19
50369578.7
81389834.73
31046273.11
28095988.99
50319064.68
49919938.22
24624494.89
49135645.36
50345183.17
81290044.61
50132650.11
17473660.19
50320348.03
30653767.97
81421163.03
24591344.36
48536485.46
81179196.14
50782884.94
81440042.67
24837516.47
24861053.08
81674686.27
48411109.3
81576787.05
81184742.1
81369916.36
50385932.99
50376405.19
31166058.78
81502499.05
17405300.99
50238178.93
31080413.09
50319064.68
16951536.06
81369916.36
24974255.48
50397888.47
50191945.73
81389834.73
81451906.53
50375489.56
46073087.54
50043364.41
50239578.73
50055733.97
50274757.36
26736313.49
50375731.27
17410510.74
16958254.56
48406043.71
50278818.92
45890881.99
17088402.87
24443655.18
81440042.67
30965521.83
24768832.77
81290044.61
17527568.72
17096590.49
48590560.59
24474396.27
17399926.91
30326369.8
48582908.04
26823294.92
31310633.36
17472653.22
50503216.5
81297599.12
45555610.99
81297599.12
31181552.91
24216493.45
31294058.78
50240533.57
81674686.27
26216281.83
46156966.87
45459163.53
50362237.08
17371943.0
25844621.69
46016181.77
17541172.78
50184989.51
24432379.56
81186791.37
50491549.36
49917723.3
50136168.38
81502499.05
81389834.73
31073835.59
28395475.09
24582098.88
81390460.98
31120013.93
45589013.41
17318142.78
50223374.71
81179196.14
24471526.11
81250445.09
50382120.79
24337537.48
45419694.31
81143400.18
50533252.95
31301136.69
50288599.86
17093887.31
81250445.09
45694570.28
50491938.67
31020681.15
50236215.41
50038821.43
30363895.72
46063598.82
81184742.1
46145289.91
81186791.37
81440042.67
50192938.29
50210628.65
17015358.48
46762957.53
30745185.85
50318399.88
81429705.09
28519386.39
50488996.24
30098992.05
17549327.11
17425231.42
17092399.66
50429493.54
17404255.94
17069102.58
81184742.1
30989475.82
81502499.05
17542211.97
30890005.15
50222712.73
26020717.38
30909435.7
27626930.19
81472610.17
50224630.98
45501366.13
27507746.14
81186791.37
46023302.6
26768260.02
50256264.13
81421163.03
50126360.07
50346132.78
50207869.47
45875504.22
81354260.0
30636400.69
81361126.06
50234309.57
50394485.22
17093202.19
17476807.64
50267229.42
50377073.33
24613696.39
81421163.03
27380569.6
50361355.43
50405040.89
81186791.37
17461467.24
24369131.17
50240388.43
17311289.34
27427024.78
50381836.53
17425223.71
45421801.4
16952308.5
81250445.09
24705955.27
26229375.08
30980392.89
49321266.78
50292300.7
48828012.27
24428674.82
31172514.43
26539181.05
31141362.42
50333005.56
81390460.98
50373725.54
50212436.15
30163849.48
81250445.09
46354601.81
27945419.26
48720713.68
27362824.25
50369578.7
17532162.1
81369916.36
50328822.11
50123431.8
17106426.22
24068279.76
50492752.43
50060924.71
80878701.19
81472610.17
50343928.17
31380064.55
24670749.87
50310932.94
46509670.47
17411451.99
27669377.77
81472610.17
45536618.3
50210628.65
24377960.66
27289899.4
31077705.66
81472610.17
50468437.91
81290044.61
45705863.77
81389834.73
81354260.0
46442433.91
81375623.1
28571242.86
50340199.4
81186791.37
50171425.64
48987517.38
46305383.54
81297599.12
50478823.95
50436401.98
27927976.94
49798152.63
81290044.61
25983437.39
50110342.07
27427432.66
17013081.94
50309183.29
17012633.59
50464077.08
24553905.13
45525296.46
30871564.18
24829140.01
30032108.87
24802258.97
50439664.35
81186791.37
81375623.1
31082732.26
81297599.12
29832307.58
31076245.5
24224804.61
46671804.61
50070343.91
28585849.64
49189840.92
50202571.46
17009110.73
26175922.14
29892132.93
24650742.63
30506815.85
49938021.11
81573708.11
81184742.1
45781991.72
81472610.17
16956599.96
50340886.46
17323104.04
81184067.64
48569665.29
50450371.26
50431478.28
50272379.82
45461896.91
50220313.45
50393923.39
48440633.56
26246006.52
80878701.19
81184067.64
50057623.06
48926454.75
24915179.18
81143400.18
30023801.94
81421163.03
50493762.22
28128413.94
28239399.38
16952855.25
50180280.17
27762928.42
81179196.14
81502499.05
50221729.06
50516910.71
81472610.17
50295550.66
81429705.09
31291008.02
50393923.39
81451906.53
50155376.9
81440042.67
50393118.59
26754416.01
50171425.64
26397443.63
48819741.64
27634080.56
24614148.75
24526249.16
81179533.79
49863108.46
81429705.09
50598535.63
50393668.62
24451951.96
31291197.36
26666686.64
31078026.59
50166832.26
50285269.21
31072540.94
24407915.64
50571105.08
28026160.01
17412367.49
31182358.97
30102352.38
81389834.73
48484384.04
50237113.04
24891320.49
24436940.46
26399220.39
31126929.88
31126929.88
50573888.69
50295550.66
50431478.28
81143400.18
46321654.06
23922812.33
27980937.82
17325016.38
50532559.99
26590078.45
81390460.98
17468909.33
17441323.67
81502499.05
50055733.97
26281690.56
27408058.41
49850747.34
50573296.44
48828012.27
50316145.34
28649298.22
24676971.92
49093262.76
17455515.09
50225027.61
24610438.98
27517752.91
81390460.98
81186791.37
50192751.46
17401387.22
26960807.96
16943744.97
31321170.27
50239714.08
50156072.9
50247629.33
50780818.14
81573708.11
81576787.05
81502499.05
81297599.12
28016654.6
49866780.82
26284939.39
30746068.95
81354260.0
50376694.2
81472610.17
81389834.73
50314243.05
81502499.05
17400521.38
26638838.91
81290044.61
30652712.06
45864039.14
81184067.64
24757579.34
17460838.48
81502499.05
27456556.42
30662696.46
50468188.33
49950436.71
81576787.05
26476494.56
81179196.14
17093471.83
17013843.37
46124783.22
48487850.94
50335183.3
50375731.27
81250445.09
50371160.48
26483097.71
27275955.57
81573708.11
17293381.69
