16834223.04
16321037.94
17551722.86
16647538.19
16492790.84
16796578.76
16675312.55
16382417.4
16410940.26
17098162.53
16390827.49
18157161.82
16534624.83
17109524.53
22687097.77
16724104.66
16801301.26
16556471.26
16683736.56
16431222.08
18561482.2
17381445.36
16885878.59
17822602.02
16890710.63
34404858.25
17135912.44
16758945.03
17920114.99
17975222.33
17744631.08
18090229.56
16321037.94
17332106.95
17939621.67
17259602.42
16608837.13
17117036.96
36430664.08
17734817.14
16731776.11
17710050.16
16350912.74
17731069.14
