1.454787073652095810e-05
1.309308366286886856e-04
1.454787073652095810e-05
1.616430081835662223e-06
9.544857990231410405e-02
1.309308366286886856e-04
1.178377529658198360e-03
1.616430081835662223e-06
1.796033424261846209e-07
1.454787073652095810e-05
1.454787073652095810e-05
1.454787073652095810e-05
1.060539776692378915e-02
1.309308366286886856e-04
1.178377529658198360e-03
1.454787073652095810e-05
1.060539776692378915e-02
1.309308366286886856e-04
1.178377529658198360e-03
1.616430081835662223e-06
1.309308366286886856e-04
1.178377529658198360e-03
1.796033424261846209e-07
1.995592693624272830e-08
1.454787073652095810e-05
1.309308366286886856e-04
8.590372191208272001e-01
1.616430081835662223e-06
1.309308366286886856e-04
1.309308366286886856e-04
1.454787073652095810e-05
1.178377529658198360e-03
1.309308366286886856e-04
1.616430081835662223e-06
1.454787073652095810e-05
1.454787073652095810e-05
1.178377529658198360e-03
1.454787073652095810e-05
1.178377529658198360e-03
1.060539776692378915e-02
1.178377529658198360e-03
1.454787073652095810e-05
1.454787073652095810e-05
1.309308366286886856e-04
1.309308366286886856e-04
1.309308366286886856e-04
1.178377529658198360e-03
1.178377529658198360e-03
1.454787073652095810e-05
1.309308366286886856e-04
