1.744204433503065543e-03
2.392598674215451120e-06
1.938004926114516517e-04
2.392598674215451120e-06
2.658442971350501656e-07
1.569783990152759032e-02
2.392598674215451120e-06
1.938004926114516517e-04
1.938004926114516517e-04
2.153338806793906940e-05
1.744204433503065543e-03
2.153338806793906940e-05
1.744204433503065543e-03
1.744204433503065543e-03
1.938004926114516517e-04
2.153338806793906940e-05
1.938004926114516517e-04
1.938004926114516517e-04
1.938004926114516517e-04
2.153338806793906940e-05
1.744204433503065543e-03
2.153338806793906940e-05
1.938004926114516517e-04
1.569783990152759032e-02
2.658442971350501656e-07
1.938004926114516517e-04
1.938004926114516517e-04
2.392598674215451120e-06
1.938004926114516517e-04
2.392598674215451120e-06
1.938004926114516517e-04
2.153338806793906940e-05
1.938004926114516517e-04
2.392598674215451120e-06
1.938004926114516517e-04
2.153338806793906940e-05
2.658442971350501656e-07
2.392598674215451120e-06
2.153338806793906940e-05
2.153338806793906940e-05
2.392598674215451120e-06
2.153338806793906940e-05
2.392598674215451120e-06
2.953825523722778441e-08
2.153338806793906940e-05
2.153338806793906940e-05
1.744204433503065543e-03
2.153338806793906940e-05
2.392598674215451120e-06
2.392598674215451120e-06
1.412805591137483718e-01
1.938004926114516517e-04
1.412805591137483718e-01
2.392598674215451120e-06
1.938004926114516517e-04
2.153338806793906940e-05
1.938004926114516517e-04
2.658442971350501656e-07
1.938004926114516517e-04
2.153338806793906940e-05
2.153338806793906940e-05
1.744204433503065543e-03
1.938004926114516517e-04
2.953825523722778441e-08
1.938004926114516517e-04
2.392598674215451120e-06
2.392598674215451120e-06
2.153338806793906940e-05
1.744204433503065543e-03
1.412805591137483718e-01
1.938004926114516517e-04
2.658442971350501656e-07
2.153338806793906940e-05
2.953825523722778441e-08
2.392598674215451120e-06
1.938004926114516517e-04
1.938004926114516517e-04
2.658442971350501656e-07
2.153338806793906940e-05
2.153338806793906940e-05
2.658442971350501656e-07
2.153338806793906940e-05
2.392598674215451120e-06
1.938004926114516517e-04
2.392598674215451120e-06
1.744204433503065543e-03
2.392598674215451120e-06
2.953825523722778441e-08
2.658442971350501656e-07
2.658442971350501656e-07
1.938004926114516517e-04
1.744204433503065543e-03
2.392598674215451120e-06
2.658442971350501656e-07
1.569783990152759032e-02
1.938004926114516517e-04
1.938004926114516517e-04
1.938004926114516517e-04
2.392598674215451120e-06
1.744204433503065543e-03
1.938004926114516517e-04
2.153338806793906940e-05
1.744204433503065543e-03
2.392598674215451120e-06
2.153338806793906940e-05
1.744204433503065543e-03
1.744204433503065543e-03
1.569783990152759032e-02
2.153338806793906940e-05
2.153338806793906940e-05
1.569783990152759032e-02
2.153338806793906940e-05
2.392598674215451120e-06
2.153338806793906940e-05
2.153338806793906940e-05
2.392598674215451120e-06
2.953825523722778441e-08
2.153338806793906940e-05
2.153338806793906940e-05
1.744204433503065543e-03
2.153338806793906940e-05
2.153338806793906940e-05
1.744204433503065543e-03
2.153338806793906940e-05
1.938004926114516517e-04
1.938004926114516517e-04
2.392598674215451120e-06
2.153338806793906940e-05
2.392598674215451120e-06
1.938004926114516517e-04
1.938004926114516517e-04
2.392598674215451120e-06
2.392598674215451120e-06
2.392598674215451120e-06
2.153338806793906940e-05
1.938004926114516517e-04
2.392598674215451120e-06
2.953825523722778441e-08
1.938004926114516517e-04
2.153338806793906940e-05
1.938004926114516517e-04
1.569783990152759032e-02
2.953825523722778441e-08
2.658442971350501656e-07
2.153338806793906940e-05
2.153338806793906940e-05
1.938004926114516517e-04
2.392598674215451120e-06
1.938004926114516517e-04
2.658442971350501656e-07
1.938004926114516517e-04
2.392598674215451120e-06
1.744204433503065543e-03
2.153338806793906940e-05
1.744204433503065543e-03
2.953825523722778441e-08
1.569783990152759032e-02
1.744204433503065543e-03
2.153338806793906940e-05
2.153338806793906940e-05
2.392598674215451120e-06
2.392598674215451120e-06
1.412805591137483718e-01
2.153338806793906940e-05
2.392598674215451120e-06
2.658442971350501656e-07
2.658442971350501656e-07
2.658442971350501656e-07
1.744204433503065543e-03
2.153338806793906940e-05
1.569783990152759032e-02
2.153338806793906940e-05
2.392598674215451120e-06
1.938004926114516517e-04
1.744204433503065543e-03
2.153338806793906940e-05
1.938004926114516517e-04
1.938004926114516517e-04
1.569783990152759032e-02
2.153338806793906940e-05
2.658442971350501656e-07
1.744204433503065543e-03
1.938004926114516517e-04
2.658442971350501656e-07
1.412805591137483718e-01
2.392598674215451120e-06
2.953825523722778441e-08
2.953825523722778441e-08
1.938004926114516517e-04
1.938004926114516517e-04
1.938004926114516517e-04
2.392598674215451120e-06
2.153338806793906940e-05
1.744204433503065543e-03
2.392598674215451120e-06
2.153338806793906940e-05
2.153338806793906940e-05
2.153338806793906940e-05
1.569783990152759032e-02
2.392598674215451120e-06
1.938004926114516517e-04
1.938004926114516517e-04
1.744204433503065543e-03
3.282028359691975127e-09
2.153338806793906940e-05
2.153338806793906940e-05
2.153338806793906940e-05
2.153338806793906940e-05
1.938004926114516517e-04
2.153338806793906940e-05
2.153338806793906940e-05
2.153338806793906940e-05
2.153338806793906940e-05
2.153338806793906940e-05
1.938004926114516517e-04
1.938004926114516517e-04
2.658442971350501656e-07
2.392598674215451120e-06
2.658442971350501656e-07
2.953825523722778441e-08
1.938004926114516517e-04
2.153338806793906940e-05
2.658442971350501656e-07
2.153338806793906940e-05
2.658442971350501656e-07
1.569783990152759032e-02
2.658442971350501656e-07
2.392598674215451120e-06
1.744204433503065543e-03
2.153338806793906940e-05
2.392598674215451120e-06
2.153338806793906940e-05
1.938004926114516517e-04
1.744204433503065543e-03
1.569783990152759032e-02
1.938004926114516517e-04
2.153338806793906940e-05
2.658442971350501656e-07
2.392598674215451120e-06
2.153338806793906940e-05
2.392598674215451120e-06
2.153338806793906940e-05
2.658442971350501656e-07
2.658442971350501656e-07
2.153338806793906940e-05
1.938004926114516517e-04
2.153338806793906940e-05
1.938004926114516517e-04
2.392598674215451120e-06
1.938004926114516517e-04
2.153338806793906940e-05
1.744204433503065543e-03
2.392598674215451120e-06
1.938004926114516517e-04
2.392598674215451120e-06
2.153338806793906940e-05
1.744204433503065543e-03
2.392598674215451120e-06
2.392598674215451120e-06
1.938004926114516517e-04
2.153338806793906940e-05
2.392598674215451120e-06
2.153338806793906940e-05
2.392598674215451120e-06
2.153338806793906940e-05
2.153338806793906940e-05
1.938004926114516517e-04
2.153338806793906940e-05
2.153338806793906940e-05
2.392598674215451120e-06
1.938004926114516517e-04
1.938004926114516517e-04
2.153338806793906940e-05
2.658442971350501656e-07
2.392598674215451120e-06
1.938004926114516517e-04
1.744204433503065543e-03
2.658442971350501656e-07
2.658442971350501656e-07
2.153338806793906940e-05
2.658442971350501656e-07
2.153338806793906940e-05
2.153338806793906940e-05
1.744204433503065543e-03
1.744204433503065543e-03
1.744204433503065543e-03
2.658442971350501656e-07
1.569783990152759032e-02
2.153338806793906940e-05
2.153338806793906940e-05
1.744204433503065543e-03
2.392598674215451120e-06
2.153338806793906940e-05
1.744204433503065543e-03
1.938004926114516517e-04
2.953825523722778441e-08
2.658442971350501656e-07
1.569783990152759032e-02
2.392598674215451120e-06
1.938004926114516517e-04
