9.458218616786818675e-04
7.661157079597326336e-02
8.512396755108139410e-03
1.050913179642979582e-04
1.441581865079532169e-07
1.050913179642979582e-04
1.297423678571579297e-06
9.458218616786818675e-04
1.167681310714421325e-05
7.661157079597326336e-02
1.441581865079532169e-07
9.458218616786818675e-04
1.167681310714421325e-05
1.297423678571579297e-06
6.895041371637595784e-01
9.458218616786818675e-04
8.512396755108139410e-03
1.050913179642979582e-04
9.458218616786818675e-04
9.458218616786818675e-04
1.050913179642979582e-04
9.458218616786818675e-04
8.512396755108139410e-03
7.661157079597326336e-02
9.458218616786818675e-04
1.297423678571579297e-06
9.458218616786818675e-04
1.050913179642979582e-04
1.050913179642979582e-04
8.512396755108139410e-03
1.601757627866146377e-08
1.297423678571579297e-06
1.050913179642979582e-04
1.050913179642979582e-04
8.512396755108139410e-03
1.297423678571579297e-06
9.458218616786818675e-04
8.512396755108139410e-03
1.050913179642979582e-04
9.458218616786818675e-04
1.167681310714421325e-05
1.297423678571579297e-06
1.297423678571579297e-06
1.050913179642979582e-04
8.512396755108139410e-03
1.167681310714421325e-05
9.458218616786818675e-04
1.601757627866146377e-08
1.050913179642979582e-04
8.512396755108139410e-03
