1.190070016602210406e-04
1.322300018446899886e-05
9.639567134477909638e-03
1.190070016602210406e-04
1.469222242718777816e-06
8.675610421030119368e-02
1.322300018446899886e-05
1.469222242718777816e-06
1.071063014941989622e-03
1.632469158576419178e-07
1.190070016602210406e-04
1.071063014941989622e-03
1.071063014941989622e-03
1.071063014941989622e-03
1.071063014941989622e-03
1.190070016602210406e-04
9.639567134477909638e-03
1.190070016602210406e-04
1.071063014941989622e-03
1.190070016602210406e-04
1.071063014941989622e-03
1.190070016602210406e-04
1.469222242718777816e-06
1.469222242718777816e-06
1.322300018446899886e-05
1.469222242718777816e-06
1.322300018446899886e-05
1.190070016602210406e-04
1.071063014941989622e-03
8.675610421030119368e-02
1.632469158576419178e-07
1.190070016602210406e-04
1.190070016602210406e-04
1.469222242718777816e-06
1.071063014941989622e-03
1.190070016602210406e-04
1.322300018446899886e-05
1.071063014941989622e-03
1.469222242718777816e-06
1.190070016602210406e-04
7.808049378927109929e-01
9.639567134477909638e-03
1.071063014941989622e-03
1.071063014941989622e-03
1.322300018446899886e-05
1.190070016602210406e-04
1.071063014941989622e-03
1.322300018446899886e-05
1.071063014941989622e-03
1.190070016602210406e-04
