9.250154977265462363e-04
1.409869681034210356e-07
1.141994441637710828e-05
1.268882712930789267e-06
1.027794997473939931e-04
1.268882712930789267e-06
9.250154977265462363e-04
1.141994441637710828e-05
1.409869681034210356e-07
1.409869681034210356e-07
1.027794997473939931e-04
9.250154977265462363e-04
1.141994441637710828e-05
1.268882712930789267e-06
1.566521867815788917e-08
9.250154977265462363e-04
1.268882712930789267e-06
1.141994441637710828e-05
1.027794997473939931e-04
1.268882712930789267e-06
1.409869681034210356e-07
1.268882712930789267e-06
9.250154977265462363e-04
1.027794997473939931e-04
8.325139479538917753e-03
1.141994441637710828e-05
8.325139479538917753e-03
1.141994441637710828e-05
9.250154977265462363e-04
1.141994441637710828e-05
8.325139479538917753e-03
1.027794997473939931e-04
1.141994441637710828e-05
1.268882712930789267e-06
1.268882712930789267e-06
1.141994441637710828e-05
1.268882712930789267e-06
1.027794997473939931e-04
1.027794997473939931e-04
1.141994441637710828e-05
1.268882712930789267e-06
1.141994441637710828e-05
9.250154977265462363e-04
1.268882712930789267e-06
1.268882712930789267e-06
1.027794997473939931e-04
1.141994441637710828e-05
1.409869681034210356e-07
1.409869681034210356e-07
1.141994441637710828e-05
1.268882712930789267e-06
1.141994441637710828e-05
1.268882712930789267e-06
9.250154977265462363e-04
1.027794997473939931e-04
1.027794997473939931e-04
1.141994441637710828e-05
1.027794997473939931e-04
1.141994441637710828e-05
1.141994441637710828e-05
9.250154977265462363e-04
1.141994441637710828e-05
8.325139479538917753e-03
1.141994441637710828e-05
1.268882712930789267e-06
1.027794997473939931e-04
1.027794997473939931e-04
1.027794997473939931e-04
1.409869681034210356e-07
8.325139479538917753e-03
1.409869681034210356e-07
9.250154977265462363e-04
1.933977614587392642e-10
9.250154977265462363e-04
9.250154977265462363e-04
1.141994441637710828e-05
1.268882712930789267e-06
9.250154977265462363e-04
1.409869681034210356e-07
1.141994441637710828e-05
1.409869681034210356e-07
1.141994441637710828e-05
1.268882712930789267e-06
8.325139479538917753e-03
1.141994441637710828e-05
1.268882712930789267e-06
1.141994441637710828e-05
1.268882712930789267e-06
1.141994441637710828e-05
1.409869681034210356e-07
1.141994441637710828e-05
1.141994441637710828e-05
1.027794997473939931e-04
1.141994441637710828e-05
1.141994441637710828e-05
1.027794997473939931e-04
1.268882712930789267e-06
1.409869681034210356e-07
8.325139479538917753e-03
1.409869681034210356e-07
1.027794997473939931e-04
1.141994441637710828e-05
1.566521867815788917e-08
1.141994441637710828e-05
8.325139479538917753e-03
1.268882712930789267e-06
1.027794997473939931e-04
1.268882712930789267e-06
1.027794997473939931e-04
1.141994441637710828e-05
1.409869681034210356e-07
9.250154977265462363e-04
9.250154977265462363e-04
1.141994441637710828e-05
1.268882712930789267e-06
1.740579853128653663e-09
8.325139479538917753e-03
1.027794997473939931e-04
1.566521867815788917e-08
1.268882712930789267e-06
1.027794997473939931e-04
1.141994441637710828e-05
8.325139479538917753e-03
1.027794997473939931e-04
8.325139479538917753e-03
9.250154977265462363e-04
9.250154977265462363e-04
1.141994441637710828e-05
1.268882712930789267e-06
1.268882712930789267e-06
1.141994441637710828e-05
1.268882712930789267e-06
9.250154977265462363e-04
1.268882712930789267e-06
1.027794997473939931e-04
1.141994441637710828e-05
1.141994441637710828e-05
1.027794997473939931e-04
1.141994441637710828e-05
1.409869681034210356e-07
1.566521867815788917e-08
8.325139479538917753e-03
8.325139479538917753e-03
1.141994441637710828e-05
1.027794997473939931e-04
1.268882712930789267e-06
1.141994441637710828e-05
1.141994441637710828e-05
1.268882712930789267e-06
1.141994441637710828e-05
1.566521867815788917e-08
9.250154977265462363e-04
1.566521867815788917e-08
9.250154977265462363e-04
1.268882712930789267e-06
9.250154977265462363e-04
1.268882712930789267e-06
8.325139479538917753e-03
1.141994441637710828e-05
1.268882712930789267e-06
1.141994441637710828e-05
1.268882712930789267e-06
1.409869681034210356e-07
1.141994441637710828e-05
1.268882712930789267e-06
1.141994441637710828e-05
1.141994441637710828e-05
1.566521867815788917e-08
1.268882712930789267e-06
1.141994441637710828e-05
1.409869681034210356e-07
1.141994441637710828e-05
1.409869681034210356e-07
1.141994441637710828e-05
1.409869681034210356e-07
1.268882712930789267e-06
9.250154977265462363e-04
1.027794997473939931e-04
1.268882712930789267e-06
1.141994441637710828e-05
1.268882712930789267e-06
1.027794997473939931e-04
1.566521867815788917e-08
1.027794997473939931e-04
1.268882712930789267e-06
9.250154977265462363e-04
1.141994441637710828e-05
1.141994441637710828e-05
1.141994441637710828e-05
1.027794997473939931e-04
1.141994441637710828e-05
1.141994441637710828e-05
1.141994441637710828e-05
6.743362978426526988e-01
9.250154977265462363e-04
1.409869681034210356e-07
1.141994441637710828e-05
1.027794997473939931e-04
1.268882712930789267e-06
1.141994441637710828e-05
7.492625531585027365e-02
1.566521867815788917e-08
1.409869681034210356e-07
1.268882712930789267e-06
1.141994441637710828e-05
1.027794997473939931e-04
9.250154977265462363e-04
1.268882712930789267e-06
1.268882712930789267e-06
1.409869681034210356e-07
1.141994441637710828e-05
1.268882712930789267e-06
1.141994441637710828e-05
1.027794997473939931e-04
9.250154977265462363e-04
9.250154977265462363e-04
9.250154977265462363e-04
1.268882712930789267e-06
9.250154977265462363e-04
1.141994441637710828e-05
9.250154977265462363e-04
1.268882712930789267e-06
1.141994441637710828e-05
1.740579853128653663e-09
1.027794997473939931e-04
1.566521867815788917e-08
1.409869681034210356e-07
1.141994441637710828e-05
7.492625531585027365e-02
1.027794997473939931e-04
1.268882712930789267e-06
1.141994441637710828e-05
1.141994441637710828e-05
1.141994441637710828e-05
1.027794997473939931e-04
1.409869681034210356e-07
1.268882712930789267e-06
8.325139479538917753e-03
1.027794997473939931e-04
1.141994441637710828e-05
1.268882712930789267e-06
9.250154977265462363e-04
1.141994441637710828e-05
8.325139479538917753e-03
1.268882712930789267e-06
8.325139479538917753e-03
1.268882712930789267e-06
1.027794997473939931e-04
9.250154977265462363e-04
1.409869681034210356e-07
