4.343969415436181259e-06
2.850078333467681233e-02
4.343969415436181259e-06
3.909572473892564235e-05
3.166753703852978521e-03
3.909572473892564235e-05
4.343969415436181259e-06
3.909572473892564235e-05
4.343969415436181259e-06
3.166753703852978521e-03
5.958805782491328461e-09
3.166753703852978521e-03
4.826632683817978824e-07
3.518615226503308624e-04
3.166753703852978521e-03
3.518615226503308624e-04
3.909572473892564235e-05
4.343969415436181259e-06
3.166753703852978521e-03
3.518615226503308624e-04
4.826632683817978824e-07
4.343969415436181259e-06
3.166753703852978521e-03
3.518615226503308624e-04
4.343969415436181259e-06
4.343969415436181259e-06
4.343969415436181259e-06
4.343969415436181259e-06
3.909572473892564235e-05
4.343969415436181259e-06
4.826632683817978824e-07
5.362925204242196855e-08
2.850078333467681233e-02
3.518615226503308624e-04
3.909572473892564235e-05
3.518615226503308624e-04
3.909572473892564235e-05
2.850078333467681233e-02
4.826632683817978824e-07
3.518615226503308624e-04
2.565070500120913977e-01
3.909572473892564235e-05
3.909572473892564235e-05
3.518615226503308624e-04
4.826632683817978824e-07
4.826632683817978824e-07
3.909572473892564235e-05
3.909572473892564235e-05
6.620895313879252237e-10
3.518615226503308624e-04
3.518615226503308624e-04
3.166753703852978521e-03
4.343969415436181259e-06
3.518615226503308624e-04
3.166753703852978521e-03
3.166753703852978521e-03
3.518615226503308624e-04
4.826632683817978824e-07
3.909572473892564235e-05
3.518615226503308624e-04
5.362925204242196855e-08
4.343969415436181259e-06
2.565070500120913977e-01
4.343969415436181259e-06
3.909572473892564235e-05
4.343969415436181259e-06
3.909572473892564235e-05
3.909572473892564235e-05
3.909572473892564235e-05
3.909572473892564235e-05
4.343969415436181259e-06
2.850078333467681233e-02
3.518615226503308624e-04
2.850078333467681233e-02
3.518615226503308624e-04
4.826632683817978824e-07
3.909572473892564235e-05
4.826632683817978824e-07
3.909572473892564235e-05
3.518615226503308624e-04
3.166753703852978521e-03
4.343969415436181259e-06
4.826632683817978824e-07
3.166753703852978521e-03
3.909572473892564235e-05
3.909572473892564235e-05
3.166753703852978521e-03
4.826632683817978824e-07
2.850078333467681233e-02
4.826632683817978824e-07
4.343969415436181259e-06
4.826632683817978824e-07
5.362925204242196855e-08
3.909572473892564235e-05
3.518615226503308624e-04
3.909572473892564235e-05
3.518615226503308624e-04
3.909572473892564235e-05
4.343969415436181259e-06
3.909572473892564235e-05
4.343969415436181259e-06
4.343969415436181259e-06
4.343969415436181259e-06
5.362925204242196855e-08
4.826632683817978824e-07
3.909572473892564235e-05
3.909572473892564235e-05
5.362925204242196855e-08
3.909572473892564235e-05
3.909572473892564235e-05
3.909572473892564235e-05
3.518615226503308624e-04
5.362925204242196855e-08
3.909572473892564235e-05
3.518615226503308624e-04
3.518615226503308624e-04
4.343969415436181259e-06
3.518615226503308624e-04
3.518615226503308624e-04
3.909572473892564235e-05
4.826632683817978824e-07
3.909572473892564235e-05
4.343969415436181259e-06
3.166753703852978521e-03
3.166753703852978521e-03
3.518615226503308624e-04
3.909572473892564235e-05
4.826632683817978824e-07
4.826632683817978824e-07
3.909572473892564235e-05
3.909572473892564235e-05
4.343969415436181259e-06
4.826632683817978824e-07
3.909572473892564235e-05
3.909572473892564235e-05
3.909572473892564235e-05
4.343969415436181259e-06
3.518615226503308624e-04
3.166753703852978521e-03
3.518615226503308624e-04
3.909572473892564235e-05
3.909572473892564235e-05
3.518615226503308624e-04
2.565070500120913977e-01
3.518615226503308624e-04
4.343969415436181259e-06
4.826632683817978824e-07
5.362925204242196855e-08
3.518615226503308624e-04
3.909572473892564235e-05
