8.949914488539225089e-07
7.249430735716773974e-05
7.249430735716773974e-05
8.949914488539225089e-07
7.249430735716773974e-05
8.949914488539225089e-07
6.524487662145098338e-04
6.524487662145098338e-04
9.944349431710245834e-08
6.524487662145098338e-04
7.249430735716773974e-05
5.872038895930590564e-03
7.249430735716773974e-05
5.872038895930590564e-03
7.249430735716773974e-05
7.249430735716773974e-05
6.524487662145098338e-04
5.872038895930590564e-03
7.249430735716773974e-05
5.872038895930590564e-03
8.054923039685302156e-06
8.054923039685302156e-06
8.054923039685302156e-06
6.524487662145098338e-04
5.872038895930590564e-03
6.524487662145098338e-04
4.756351505703780291e-01
5.872038895930590564e-03
6.524487662145098338e-04
8.054923039685302156e-06
6.524487662145098338e-04
4.756351505703780291e-01
7.249430735716773974e-05
6.524487662145098338e-04
7.249430735716773974e-05
5.872038895930590564e-03
8.949914488539225089e-07
8.054923039685302156e-06
8.054923039685302156e-06
8.054923039685302156e-06
7.249430735716773974e-05
6.524487662145098338e-04
8.949914488539225089e-07
8.054923039685302156e-06
8.054923039685302156e-06
7.249430735716773974e-05
8.054923039685302156e-06
7.249430735716773974e-05
8.949914488539225089e-07
7.249430735716773974e-05
