45971104.67
43735066.39
45608472.42
40706887.15
42433274.05
21971710.81
43293572.56
42806480.09
40870397.55
41080400.13
21203651.45
41080400.13
40780466.71
41959681.03
41498340.09
21810322.01
20409770.2
43326117.7
77827088.88
41695536.71
22191821.36
76694525.09
40784129.96
76831557.83
20762821.03
23198715.67
43234409.52
19094112.71
43159827.6
20093334.68
42052515.96
40020126.14
44175499.08
43469550.35
22883158.08
75138019.13
41863391.74
43112762.35
20742087.47
20836160.41
76667436.6
79076654.64
44318533.93
78771305.47
22390696.74
41749209.34
40092820.98
42350553.15
23600525.91
39990366.59
21327394.89
41748289.39
42476822.24
13820611.54
78969807.98
41956720.77
75108028.74
77960239.17
20921824.81
40975596.75
41748289.39
42194511.02
20213672.29
43402316.59
40713397.26
40606031.46
41839464.84
43403052.34
78969807.98
75243906.62
44491883.5
44974613.61
42242295.75
76339650.42
76956646.3
20921824.81
43171828.36
41639169.98
20294748.09
76660273.13
41614856.06
77072116.04
75138019.13
41447750.23
42238320.92
22347261.17
43452258.92
44801833.89
42826630.64
41796353.03
22009520.79
76455392.61
42669291.98
78547285.84
42026327.75
77195099.35
41489913.93
42110586.84
40992011.63
75138019.13
20904070.76
76339650.42
43736504.88
41817286.78
21766517.33
21463956.9
77195099.35
41497576.34
44330581.72
22276331.32
19844506.97
75108028.74
21792343.78
42692384.02
43972953.39
42803403.88
77072116.04
43812955.8
77427606.12
24293026.45
41078574.66
21025680.24
20245194.11
43140170.31
21045855.58
76830970.56
45409547.86
13908439.32
76477400.17
75638892.36
41734808.69
44754547.77
46426672.76
20354221.59
41294021.05
76822546.65
78795042.94
20085521.79
41588916.97
23182327.6
21135557.47
22254133.43
41298566.06
75108028.74
13842604.36
75243906.62
45501436.02
13791423.49
45352669.54
77311298.45
41205708.7
75492226.87
76481938.39
44826664.7
40577805.95
42441342.43
75459129.8
76129857.2
45513328.51
21166036.98
19967160.5
76635673.23
21020533.15
78250932.1
77116726.39
43563773.8
19388779.26
43477752.75
41553264.65
39918047.07
22576311.99
41107063.78
41797387.38
75067834.81
23266673.29
43784388.68
77311298.45
43893506.44
23534036.44
41428105.06
75492226.87
45241769.34
43024499.08
43051549.63
42765177.98
42286221.64
41220159.23
76481938.39
42186345.89
44798908.61
44816913.47
22659331.99
21818261.38
40098756.46
20640318.67
79531569.13
76219527.85
43171828.36
76477400.17
44801402.35
40465277.07
43358852.46
42635644.9
41437911.79
42321636.12
76283734.28
22902031.67
42321741.98
76956646.3
79076654.64
43044139.69
42824281.63
41269706.26
19910048.58
41695036.47
77337167.4
78360252.69
41104648.42
22198188.9
41402354.99
78771305.47
41093598.5
78547285.84
41463771.5
40456952.37
76129857.2
19613845.1
46012742.87
20685637.05
21409017.54
40540930.48
42344187.89
41458995.46
40674878.88
13782772.89
21535095.47
43443108.06
41923410.89
76831557.83
45645675.43
43324393.76
42574790.12
42153278.11
23664305.45
77517862.76
45124941.22
41775623.03
40092820.98
43575172.24
76477400.17
19926172.31
41718716.69
78969807.98
42347263.19
78250932.1
41232545.91
40167331.62
77116726.39
22466614.86
20794257.08
77311298.45
41458995.46
44487025.68
43735066.39
40920531.96
40465277.07
41927490.83
21307537.05
21327394.89
42347263.19
42344187.89
41685050.24
41254373.91
19255848.64
41208800.12
39976432.58
43050910.93
44096093.93
41348255.15
20731825.65
19796118.47
40043108.26
21689151.52
40657478.74
45520801.26
76822546.65
22474509.9
20046756.21
76375489.6
45100430.19
75747709.26
41959681.03
42091073.55
41325854.72
20244695.96
24162160.29
42031467.08
42399137.74
13828530.54
78216763.99
42163190.21
75108028.74
75747709.26
42642999.78
23339636.94
19851043.04
75108028.74
23328402.15
78831606.43
41327688.93
42806480.09
42031307.51
43952220.42
41827504.42
76055632.21
41672154.09
22261211.44
42444966.64
43044957.06
19525786.34
42663683.4
42714035.57
21923831.16
40868041.16
22630139.01
42143446.45
41032589.41
77960239.17
21465760.25
45436753.92
42435013.02
42035961.11
40906599.24
76694525.09
20261646.88
44764291.37
45156490.27
23737096.94
41506381.65
42321741.98
77427606.12
42506479.77
22426433.89
42687813.32
20681620.08
40485556.49
42143446.45
78771305.47
42939810.49
20007733.66
22830079.28
23461983.59
20934488.6
43390523.1
45842745.55
42574790.12
76455392.61
41410045.63
21413417.93
42034240.9
19456360.01
42654689.6
44104384.27
21161916.94
20528756.0
78216763.99
23544556.16
43376925.7
43395440.02
41796391.97
44440241.22
43199054.82
40700703.78
19411429.43
77461662.38
76694525.09
43058502.21
76218491.33
46500655.16
19655794.31
77072116.04
22269711.34
41614620.15
77167464.39
21792343.78
78103446.61
20312865.72
42322083.78
13898766.85
22276331.32
76572938.62
22535373.68
43051549.63
44175499.08
41796353.03
78253330.43
77448902.66
43401700.54
76283734.28
22269711.34
42375086.3
22052268.16
80586117.69
40443655.03
41250662.34
42126946.02
42638531.49
45187135.74
41433086.43
19405653.64
41498340.09
76383606.15
41283789.56
41768172.31
78103446.61
77116726.39
42383132.77
40712859.67
75517412.22
40884735.86
40542421.99
22121680.02
22143206.24
43785812.91
43893506.44
44959263.62
75426372.27
76377961.51
44175499.08
41343835.86
41156188.9
44503829.84
41294021.05
21632531.02
42330107.0
75459129.8
42433274.05
23026479.69
13879747.11
19495201.45
18735887.22
78945958.23
75142798.46
42985175.35
43086203.14
20238366.27
78138778.99
45052728.53
20204840.21
41178661.79
40970904.0
41289258.93
21689178.45
44853361.7
22902031.67
40936272.59
76889089.76
41620336.77
22653747.05
44275118.86
43896057.33
76570578.62
44566417.12
41827504.42
41195444.92
76383606.15
77787798.98
40706887.15
43051549.63
22062670.61
21699038.75
44382119.51
23336964.88
43699323.88
77072116.04
44517232.91
21526661.72
20164643.77
22314492.1
23533900.67
75517412.22
75777663.64
20174169.36
46845821.18
41163880.07
43066023.0
13938945.98
21632531.02
41839464.84
23577407.33
41001864.52
41678222.47
22128485.52
44016469.7
40974772.03
77222661.22
44937368.57
75989676.68
42498330.0
21343677.65
76055632.21
77116726.39
41209665.14
41235959.24
77340396.39
22571926.04
22643651.52
20421825.82
20454053.12
41176340.06
41817286.78
42529347.4
43812955.8
42133865.89
78253330.43
77542430.29
40500077.3
42955689.4
44526642.82
42824084.85
41863391.74
42771880.99
76391486.43
44330581.72
45129805.23
41979645.86
43658235.8
20327764.25
75230442.23
39976432.58
22100509.1
42641085.89
45409547.86
22276331.32
78253330.43
43861210.77
42150835.48
41785616.61
76339650.42
76910900.74
19094112.71
42897960.2
19693003.8
76660273.13
76667436.6
44294023.72
40070697.9
43655955.76
13785376.6
20468602.66
22281298.57
76889089.76
43563364.15
76797080.09
75777663.64
45488391.25
46077542.53
45652784.54
75426372.27
24378957.42
40831091.69
43305287.02
42743285.62
78250932.1
78311816.69
75632144.42
43375494.19
75777663.64
76863595.57
41222957.77
41258911.59
23045440.64
77195099.35
42262111.97
23212693.44
43392873.64
76218491.33
22065422.75
75230442.23
13816347.94
75899777.52
45108602.43
13846304.6
41777438.31
75899777.52
41156188.9
76383606.15
77195099.35
42299237.5
20763530.89
43987663.45
22785621.15
76219527.85
22323780.32
21250036.01
76822546.65
22830079.28
22437582.27
78969807.98
19397916.83
44059587.96
43486424.37
41945212.84
43010739.43
76481938.39
43443108.06
21870879.63
43305287.02
42322083.78
76635673.23
20129834.26
43799792.89
42527375.66
22993704.5
43655955.76
40270969.43
40092820.98
75972993.39
42030816.79
20858221.4
80586117.69
41430710.56
41026611.97
41367678.72
42980796.06
41122825.77
42025447.35
78103446.61
13879747.11
21414977.75
76391486.43
79074550.47
75613903.9
40133965.49
76830970.56
43709569.34
45772160.65
76055632.21
41254275.37
13902581.38
21612392.32
45763417.25
44890931.93
44853361.7
23615326.47
78771305.47
24000967.26
45894251.09
43005620.53
78047442.93
19045211.06
41492686.26
78945958.23
44173440.49
77340396.39
41695536.71
21758366.09
22430031.06
44079032.53
23957591.03
41248698.01
13901334.58
21819687.39
76391486.43
21617674.88
75067834.81
40464672.11
43476910.0
40669382.42
41608652.73
20788739.05
43545997.13
24769766.4
21977770.18
77195099.35
22830079.28
76218491.33
76667436.6
19910048.58
40116846.06
42687747.52
19492188.52
43735066.39
45116737.5
22130742.24
19076863.79
20512033.02
40906599.24
43783183.49
42371772.61
43907310.02
75142798.46
47563773.34
44566417.12
43804163.48
45013369.9
22071818.12
42232723.29
20920759.69
40340328.48
44040501.19
77116726.39
20589674.94
42245134.47
13929638.12
40027252.32
20363486.19
23454581.15
76527518.82
76753545.96
42290017.24
41062848.88
42374029.64
20144234.78
41816617.35
19366879.04
44833251.44
42980308.28
19142692.5
13810580.8
43469671.11
46383857.02
13875056.58
21074561.69
40902103.84
75816357.86
22757668.59
21786005.1
76481938.39
23652254.72
42190946.96
76383606.15
20643085.54
78795042.94
43176915.92
41777130.19
42046592.55
20242781.46
42301543.6
42894322.89
76129857.2
23296829.73
76635673.23
42638174.66
77311298.45
22313735.12
76383606.15
76570578.62
19851043.04
20312865.72
21282223.6
76889089.76
42647602.4
42151796.5
42039795.89
42092411.23
41163880.07
41624908.35
41798132.8
44615036.33
41279797.98
21941672.71
22870986.45
75230442.23
21140025.88
42594168.69
46730015.4
20829454.92
41026611.97
42685039.14
40697316.87
42567766.21
43173876.79
77056796.65
76481938.39
75638892.36
42617477.65
42797722.28
41825794.48
23339636.94
13823336.98
13824259.56
42528656.95
21706069.08
21490287.0
43410663.89
21870879.63
21287081.42
21633969.63
22117724.55
21449040.11
40837200.94
76660273.13
46659537.88
22013724.2
21646457.22
42687678.72
40859102.74
75517412.22
41539680.07
21275335.17
78360252.69
42452012.67
76889089.76
43290087.43
75816357.86
20862383.93
40500077.3
78771305.47
18667540.57
75492226.87
78771305.47
41796353.03
20762821.03
42219509.82
45971104.67
22540543.99
21626032.38
76377961.51
43358983.83
76635673.23
43665225.19
20681333.4
42922095.74
18735887.22
78771305.47
41577774.2
13877530.11
23409960.74
43873039.9
19965053.97
77311298.45
41028699.94
77222661.22
41587898.39
75972993.39
42244695.66
76455392.61
20882703.82
20882772.74
19076863.79
78790823.79
41547200.28
76383606.15
43317178.61
44042716.69
21766947.89
76339650.42
43641744.23
45772160.65
42681784.24
75638892.36
42765177.98
19794116.27
76822546.65
22499166.25
40561364.46
42127725.78
21606553.47
78790823.79
20569006.42
42972597.55
76375489.6
40296807.79
77827088.88
20135803.67
40888486.39
41678222.47
75138019.13
42170544.52
78547285.84
45099856.23
42103805.53
21226144.32
19977631.23
42793875.71
43462688.84
45187135.74
77448902.66
45849424.12
77448902.66
13904057.13
21923577.57
40749564.22
75492226.87
21582758.52
78047442.93
76753545.96
21203651.45
77427606.12
77827088.88
41362791.47
13814753.81
41547181.33
42591990.5
39844613.38
19094112.71
44337969.14
77448902.66
42904377.08
43270509.54
21891040.2
76889089.76
46659537.88
45408488.18
40970904.0
13836368.02
75632144.42
43454655.75
41849863.69
75638892.36
78771305.47
41475816.2
43722582.31
41012348.45
77684286.7
41784669.95
76477400.17
43050910.93
40459002.74
45909258.71
44330581.72
42443498.79
20920759.69
44865478.83
77340396.39
76635673.23
42501738.3
41184270.23
41845304.87
22610168.63
43865888.96
44764291.37
21678322.22
21941128.64
41791938.14
43781688.56
78301943.67
41475816.2
77448902.66
45099856.23
13812745.38
41569157.92
22740669.09
40315401.91
44910301.76
43784388.68
77827088.88
77960239.17
22632148.79
76753545.96
13876258.35
76129857.2
45910989.09
46012742.87
22673700.85
21736386.9
20635366.35
13853899.0
43014617.5
42201861.96
40870397.55
43991430.89
43279162.27
76123382.61
77787798.98
76831557.83
42613831.08
43014617.5
42985175.35
78790823.79
44667258.43
44225683.48
43559686.39
41861039.87
42299664.22
39844613.38
23730096.65
44815864.34
42044356.34
43140170.31
42853029.47
42656114.73
41754990.97
22337497.55
42818626.0
21626502.07
18814713.32
40888486.39
41062848.88
46268680.97
40906599.24
22635597.96
23067384.89
78795042.94
42052515.96
19956888.68
41123548.45
40223729.02
78790823.79
42619422.72
44837538.45
41676485.11
45468966.28
43783324.58
41706490.85
21601734.72
21945061.88
20049919.71
76129857.2
40361356.87
20185263.9
43318090.97
40895232.39
40883873.91
22270340.01
40253246.81
23179751.18
77056796.65
44974613.61
13865986.84
20713507.25
42649550.32
21787405.27
41323773.7
43662586.94
41900499.72
77222661.22
43185070.27
76753545.96
20528756.0
21749841.68
75875691.93
77222661.22
41797387.38
77448902.66
22700510.42
23795184.49
21923831.16
40045113.32
42142145.6
20087069.98
40853738.49
78795042.94
78311816.69
40837200.94
75243906.62
42529347.4
41798132.8
22830079.28
42577038.55
23533854.0
41923737.71
20838739.38
42034240.9
43270509.54
40020126.14
42035961.11
20882703.82
40968127.09
43591512.04
23127142.39
21049144.96
43173876.79
21632868.9
21916629.24
41624908.35
43328361.99
43644030.06
76889089.76
22193113.68
19296657.8
77542430.29
44612040.0
78075389.99
76956646.3
76830970.56
76055632.21
39866194.82
22870986.45
43159827.6
21771903.13
41985937.64
76283734.28
76828728.73
41515754.36
76910900.74
77448902.66
43889713.28
43019960.48
40293387.22
45372370.23
20445651.49
44049740.6
21132942.88
42528668.82
20416718.81
42673864.25
23181713.45
75816357.86
40940994.6
41938912.98
76391486.43
41761042.51
44004253.55
43504165.6
21449040.11
44004253.55
23531364.21
41543756.25
21632868.9
43328361.99
41110975.13
43990717.82
77542430.29
19495201.45
78771305.47
41057385.8
77195099.35
42681784.24
22797908.82
42669291.98
20007557.71
13845854.15
21392449.54
41051103.14
21275335.17
44210076.81
42269750.31
22047046.85
18978986.16
41078574.66
75989676.68
41107063.78
18783944.28
41463933.81
21311855.61
22071607.43
43893506.44
22680300.24
41864342.81
21294031.87
20222742.11
40531723.02
23652254.72
41679112.78
20788739.05
23356129.18
76660273.13
43044957.06
41467412.47
44966929.29
43431763.14
45129805.23
42797722.28
21762407.52
44312999.06
19693003.8
77542430.29
44427475.84
41863708.92
39794717.2
76667566.41
43172157.99
40926727.29
41615076.76
21307537.05
77960239.17
21205265.86
42432076.91
44853361.7
78103446.61
40824960.38
19550133.44
21535095.47
42824084.85
79531569.13
24006152.74
76828728.73
43159827.6
22801392.67
42250161.14
41205708.7
40415351.04
78075389.99
43853018.8
42290191.62
21316894.34
42955689.4
45910989.09
78945958.23
45352669.54
19627683.65
77340396.39
76283734.28
43804163.48
24757252.3
41076228.98
22458432.82
76635673.23
23327579.32
78945958.23
41106995.37
21933094.02
41211711.6
40859102.74
41158827.36
76910900.74
44641689.75
42217627.32
42375086.3
43010674.38
44503829.84
22797015.7
77542430.29
40722256.35
76383606.15
22604946.78
43366144.9
42786260.67
44040501.19
43873039.9
76660273.13
41513829.55
75747709.26
40256595.5
20632338.27
77684286.7
41232545.91
40007798.34
41845304.87
76863595.57
39844613.38
20934488.6
76831557.83
42401276.9
43066023.0
22779499.79
42765177.98
77542430.29
45422454.97
24200373.43
40443655.03
75067834.81
42765177.98
77186694.04
41220159.23
40906599.24
44175499.08
40353465.17
43410663.89
78047442.93
41361973.84
42566428.54
76565738.56
76477400.17
41535788.58
40164718.31
77222661.22
76910900.74
43159827.6
42547003.1
23012250.5
44909188.33
78216763.99
19144481.2
39990366.59
41263078.25
43859048.33
76910900.74
76269733.05
40374228.21
44931435.15
41633846.16
40743363.29
22992260.5
41632776.71
43140170.31
78216763.99
19929431.86
77311298.45
42890826.8
40970904.0
22602615.32
77517862.76
44503829.84
22222939.73
40666532.89
77116726.39
77056796.65
76455392.61
77448902.66
41503930.76
21107458.71
40857809.37
23712051.96
42392400.4
78075389.99
21140025.88
78360252.69
21011851.45
21988955.0
77056796.65
76797080.09
44318533.93
44016767.94
21091615.42
19805007.86
13867723.86
43008661.22
21344542.15
42049164.55
44590434.62
41141238.34
20135803.67
41502189.65
46845821.18
43692572.57
43214070.64
19712921.75
42469023.36
22222939.73
76055632.21
41382465.37
79174505.19
41298566.06
23380758.08
42286221.64
21602395.35
78945958.23
44573189.37
42826630.64
23122040.56
44382034.65
41845048.29
41970521.17
78945958.23
45124941.22
18900902.9
21431602.36
22393484.62
41695036.47
44140230.94
76660273.13
41497576.34
41518842.39
22109400.85
21945061.88
41933436.3
24188264.71
41156188.9
78945958.23
43816456.33
41777130.19
19494900.77
42206329.77
41361973.84
41143024.13
44832736.4
41258911.59
23737096.94
76455392.61
79076654.64
45751111.58
75875691.93
41715242.45
42647602.4
44685767.85
21431965.37
22144841.91
22602615.32
42793875.71
77764530.48
44632295.61
41254373.91
45092359.41
75108028.74
75816357.86
76391486.43
42190946.96
22849160.07
75816357.86
13823057.23
22751427.49
77517862.76
44716677.83
42133009.39
13900599.77
78138778.99
75816357.86
77827088.88
13867871.85
23468038.16
21626502.07
42681784.24
42194511.02
43047272.12
78945958.23
22716180.16
40374228.21
21627807.16
20165766.23
42181611.95
44562835.05
41695036.47
42683948.05
19999545.51
76455392.61
45765422.28
45849424.12
76822546.65
41233627.33
42435013.02
20363904.9
45352669.54
42308162.43
43326117.7
22445080.88
41787347.49
76830970.56
45105733.46
76455392.61
41735700.69
42921504.66
40713397.26
42527375.66
13854718.78
21135557.47
42375086.3
19825195.13
77787798.98
40883873.91
43390523.1
80586117.69
78138778.99
19876564.1
42054941.06
76910900.74
13828981.51
21734128.03
44097134.88
77461662.38
76218491.33
40923025.53
24685948.88
44396644.73
44001718.6
40831091.69
75492226.87
20844025.26
40603362.39
41074400.88
80586117.69
43072159.71
21591936.34
45116737.5
45409547.86
76667566.41
43066023.0
76753545.96
19388779.26
46123628.0
41953679.35
78795042.94
40098756.46
78075389.99
41798132.8
76660273.13
43376925.7
21048918.17
21874424.1
41350162.77
77427606.12
75426372.27
44801833.89
40043304.53
79076654.64
78301943.67
76830970.56
20362749.07
76694525.09
44225683.48
41605671.12
76455392.61
46114285.19
76660273.13
41467997.63
76375489.6
41849863.69
41348255.15
43359039.74
75747709.26
43894537.14
23652254.72
41126309.07
19560435.26
45506229.34
40825428.96
77072116.04
20878997.47
20293686.77
43085398.26
42204009.79
40700703.78
19296172.82
43452258.92
43456813.02
19386622.62
20238321.51
39844613.38
20363486.19
41382465.37
78250932.1
19209045.42
21211612.18
40443655.03
75426372.27
75899777.52
20053503.86
43308394.94
40669382.42
19186856.11
42081442.59
21959135.92
41761237.16
43847941.75
75875691.93
77072116.04
77684286.7
41636788.02
77542430.29
78831606.43
44016767.94
21196272.43
23262374.65
41283789.56
41410045.63
76375489.6
41372321.76
78360252.69
42842798.49
20007733.66
41558191.49
44382034.65
22994074.34
21020533.15
76481938.39
21132942.88
40634932.36
41477876.87
21266377.12
77337167.4
43591512.04
21250036.01
43783324.58
41797387.38
19965053.97
46099266.1
13819226.26
44782776.4
20245194.11
77517862.76
41001864.52
42444966.64
42385918.1
20164643.77
78253330.43
23356604.69
40923025.53
44566417.12
41936424.83
43933276.03
75816357.86
41461494.55
43328361.99
42309076.33
22925608.39
78945958.23
44359229.01
40237843.59
19971927.25
79074550.47
44392668.73
21944533.1
40217059.72
43258404.01
22311446.49
44685767.85
77311298.45
22050167.1
21205265.86
78047442.93
41167258.26
46123628.0
20085521.79
20939675.08
21624528.39
78771305.47
44101651.17
43615345.93
78485694.5
76391486.43
21970083.26
75638892.36
21413417.93
41809607.76
41106995.37
23155258.63
78250932.1
20317899.83
21552864.07
20131208.71
45054220.83
21484434.3
22849641.28
22073883.1
46239997.34
42001296.26
40081881.65
43952220.42
41458509.58
42139414.09
76830970.56
22656075.93
75459129.8
76863595.57
43489210.47
44503829.84
77195099.35
21924298.34
22533500.34
42153486.25
41829035.18
76218491.33
42513359.4
42335592.21
76667566.41
41250662.34
42528668.82
42734874.91
43952220.42
42686458.58
76910900.74
46815041.49
76375489.6
22554664.1
43438150.13
13823057.23
22384219.0
76863595.57
21449632.86
40870397.55
41876007.03
19270748.64
76910900.74
76219527.85
41605671.12
20589674.94
23544556.16
23327579.32
41174645.56
41676640.57
23026479.69
75972993.39
44890931.93
21449040.11
44871092.9
19136180.84
45327031.56
19539274.9
76956646.3
43208931.41
76339650.42
19214889.43
76570578.62
13997485.85
43010739.43
22419936.08
41829035.18
42578130.2
41539680.07
42461514.09
42911825.77
43591512.04
43311420.55
41943315.51
42802913.77
75138019.13
18928225.19
45105733.46
76377961.51
75899777.52
43689225.79
42443498.79
21621657.26
79531569.13
41235959.24
77452341.93
23370969.37
76339650.42
40008297.55
23191894.4
77340396.39
19793240.09
24009278.91
21810322.01
20042285.25
40933025.83
77517862.76
46473840.08
78311816.69
41325854.72
21560194.24
42346593.77
77427606.12
78047442.93
44038311.62
43807929.25
40748295.61
76481938.39
42722695.53
75875691.93
22486211.07
42361598.13
44392668.73
41873439.38
20151371.59
75459129.8
76831557.83
42155884.94
20385769.13
22430031.06
41815861.74
41938912.98
43438150.13
44410133.72
45505050.8
23212693.44
79531569.13
77684286.7
13853899.0
40748950.0
45849424.12
19753009.96
78103446.61
45451929.19
78216763.99
79074550.47
76889089.76
41676485.11
45074815.19
20731825.65
41971786.91
40962697.13
43894537.14
77186694.04
43407226.54
41584315.04
43751254.97
42835788.9
75230442.23
77787798.98
76667566.41
41093598.5
42341395.25
77960239.17
43019968.1
41078574.66
78250932.1
80586117.69
41550313.84
75747709.26
44068781.87
44396644.73
75492226.87
41211711.6
40105027.85
44042716.69
79074550.47
46099266.1
22311446.49
41823809.8
22528295.56
78311816.69
42225155.32
44974613.61
78547285.84
21731259.04
18919203.3
75517412.22
43326117.7
21081176.99
77684286.7
40947098.74
21633969.63
19870050.13
75972993.39
78090589.52
20691778.61
42802913.77
44079814.67
40780466.71
22554664.1
43183530.61
41078574.66
40045113.32
76283734.28
21535095.47
21722780.17
40133965.49
18919203.3
75517412.22
19678124.39
77517862.76
43047272.12
43579498.58
43694051.93
40502006.92
44306354.03
44004253.55
75816357.86
21272278.77
20432133.9
42284909.66
76383606.15
20949350.13
40253246.81
76129857.2
76863595.57
75243906.62
19233065.77
20704813.89
77167464.39
77684286.7
76822546.65
41254373.91
19929431.86
22279454.24
79074550.47
43155169.5
22132757.31
44937368.57
20468602.66
43060605.65
41497576.34
43793413.44
41899995.58
77195099.35
43431763.14
42134641.53
20527917.19
41875512.19
42110742.56
19799230.21
23139267.86
78771305.47
75989676.68
20249627.01
41039307.6
76269733.05
42692384.02
21552864.07
22243820.31
44747637.88
21413417.93
41678222.47
21185571.32
77684286.7
76383606.15
42286221.64
43328361.99
77448902.66
19997793.69
76129857.2
20862383.93
77448902.66
43506575.68
40833004.66
42655224.46
22071818.12
41205241.21
42392400.4
21276974.43
45324207.65
76218491.33
76694525.09
76635673.23
21883972.23
43079183.04
42961715.36
40987279.76
44526691.04
22313735.12
46090224.67
76123382.61
77542430.29
20295709.76
40188096.99
43549707.36
20082157.98
23250852.75
42826630.64
23409960.74
41840309.45
78250932.1
44699865.12
19614632.68
45652784.54
76667566.41
76831557.83
21951499.19
21635095.2
42540169.73
19342278.22
47563773.34
19252269.37
41513256.43
44959263.62
19730580.4
41927351.88
44931435.15
43952220.42
77960239.17
20887269.13
42914612.51
42350553.15
75492226.87
41567288.27
20207439.99
78301943.67
41849863.69
79531569.13
43175138.88
42371772.61
45075469.39
75230442.23
22719192.24
20148252.48
42084863.3
41864342.81
40375285.38
44306354.03
44393717.77
40666532.89
44318533.93
21022337.3
43358983.83
76123382.61
76667566.41
76910900.74
45178977.07
20479901.66
44577693.23
42341687.45
43330585.56
23300431.25
41763787.36
44837538.45
40940074.6
42517507.53
44959263.62
20978661.87
42890025.14
43203623.47
41720969.94
43112931.25
45013502.18
77311298.45
13840571.92
21959081.72
77517862.76
77461662.38
44051844.04
21622253.2
23737096.94
21105123.97
79531569.13
22157599.98
42346593.77
41411045.35
42841608.19
44491883.5
21661962.83
78360252.69
44482290.99
42902086.88
43454655.75
44049740.6
76375489.6
41923737.71
43112762.35
43311420.55
40947098.74
43331099.82
42213104.66
21400412.82
43767141.25
21421179.43
43969300.01
43005620.53
45842745.55
41499996.05
76269733.05
23207152.25
42734874.91
39816700.61
45751111.58
19502268.83
21439776.59
40906599.24
43125812.78
43065457.83
41754990.97
77116726.39
77448902.66
19464198.25
40780466.71
44061082.1
43740930.22
43788796.29
42652327.56
76822546.65
41085243.77
78311816.69
75230442.23
45116737.5
45513328.51
76797080.09
76660273.13
43155169.5
42904154.4
42210645.46
21465760.25
78090589.52
21316894.34
77337167.4
41697987.33
75243906.62
20473205.53
40956520.88
41873439.38
44851917.71
44182416.11
44470091.45
18938016.71
43816456.33
23327579.32
42321741.98
42635644.9
41439499.6
75632144.42
41368265.85
76960924.62
78969807.98
42919310.02
43140170.31
78969807.98
43428260.95
22559400.97
76055632.21
20204840.21
22141216.81
44396644.73
45828919.93
41194628.28
45763417.25
22147278.82
76455392.61
22551358.13
41929070.92
78301943.67
21699038.75
77684286.7
44069196.3
41456203.79
76889089.76
76455392.61
44393717.77
76830970.56
42511719.44
42961782.94
43044957.06
76572938.62
41444513.29
77452341.93
41065824.36
41515754.36
44501766.46
77186694.04
75243906.62
13867597.58
77186694.04
43052144.11
42826630.64
76889089.76
41497576.34
41584930.75
41617271.58
78253330.43
20103892.91
46234405.76
43812955.8
43410663.89
77827088.88
42355434.48
40349262.4
20239557.86
19645461.49
23212693.44
23286967.67
44501766.46
19873698.03
78090589.52
46500655.16
19939397.5
44046742.49
41877481.46
22178982.43
20336286.54
43977967.12
41985937.64
45547950.86
77222661.22
43428260.95
40829644.13
43661072.85
43658235.8
76455392.61
42435013.02
76572938.62
40223729.02
76055632.21
76960924.62
42107747.69
77337167.4
43044957.06
41639169.98
76863595.57
77340396.39
43277997.1
42206329.77
20934488.6
40358305.08
43894537.14
43337690.23
75989676.68
41141238.34
41719762.07
40361356.87
23266673.29
41587130.49
20844025.26
40358305.08
42335592.21
44275548.0
42217627.32
42246573.48
78790823.79
21668167.88
77684286.7
76477400.17
41368115.98
41021550.93
77167464.39
42073041.2
43661072.85
40669382.42
42916248.98
42358186.43
42835788.9
42637561.64
42642999.78
43637623.29
75138019.13
42089391.76
23084567.16
22578363.89
45352669.54
42647602.4
40651703.64
76635673.23
22879788.29
40217059.72
23296829.73
43952220.42
76218491.33
22054706.83
41996465.11
76960924.62
44816913.47
42635644.9
77517862.76
44851917.71
41620336.77
19525786.34
22727584.56
41185076.26
40055226.48
41822781.36
40712479.28
76477400.17
42108503.14
41695036.47
42034758.24
75517412.22
42347263.19
42432076.91
75492226.87
45909258.71
19886023.67
78216763.99
44451473.67
42930492.43
41028699.94
21266421.48
41908185.05
76830970.56
19793240.09
21276974.43
77827088.88
41559242.04
23042138.15
76565738.56
78216763.99
41720070.09
78250932.1
42458740.76
41931394.45
76753545.96
22023514.02
79076654.64
22188021.73
40837200.94
43222069.68
46123628.0
42212665.86
45409547.86
21450125.06
41931394.45
19811499.14
43532928.18
41520033.03
77222661.22
77222661.22
40883873.91
41348255.15
41588916.97
20669033.02
76753545.96
40696021.7
40167331.62
77337167.4
44281989.1
22474509.9
22312123.17
76822546.65
77056796.65
77461662.38
43125215.0
75613903.9
19663102.96
41546097.35
22265177.01
20155288.47
43214141.04
79531569.13
40880124.74
76910900.74
43373856.31
39596735.76
76797080.09
41463933.81
78831606.43
41873439.38
77787798.98
23262374.65
22053009.74
76565738.56
44095042.67
19215219.31
40601922.05
44482290.99
43686468.38
22054706.83
40253246.81
23291117.5
42602756.05
42057092.78
19727243.71
42399137.74
78485694.5
76123382.61
41443609.61
19328058.81
44470091.45
41235959.24
75067834.81
44034508.98
19560896.74
44059587.96
21394159.75
44048501.26
77056796.65
22408785.55
40685055.62
44833251.44
42613831.08
45894251.09
23056978.37
43670638.36
23673217.31
20703415.99
41957387.65
23819430.56
75067834.81
76956646.3
44468230.46
19491046.36
21294031.87
42308162.43
76831557.83
40065833.15
13835356.0
44048501.26
41498340.09
43204601.35
77186694.04
44298520.26
42276164.16
42049581.8
44931435.15
41497576.34
76831557.83
13920980.95
22724665.59
40956588.24
41614620.15
78216763.99
46088186.11
42797031.75
42110742.56
13871137.06
41233627.33
40566040.21
21564602.1
13906325.34
44275548.0
21959749.38
75972993.39
44851917.71
41497576.34
22386695.59
43822244.64
41080400.13
21292953.27
43326117.7
77452341.93
44837538.45
79174505.19
21720403.01
44491883.5
42299844.55
76377961.51
40987279.76
79174505.19
76828728.73
43556901.89
78790823.79
45751111.58
78831606.43
20165766.23
40784054.4
45667865.08
41879667.45
13885688.03
44245950.13
46488224.89
40748149.26
75067834.81
23699936.44
76635673.23
76283734.28
22141216.81
21307537.05
40883873.91
76123382.61
13880474.31
19342278.22
44577693.23
41608417.89
19136180.84
43928558.28
76477400.17
20713507.25
41595499.21
41938912.98
20685637.05
21310538.53
22073883.1
22531588.02
42186161.08
41849863.69
43336658.62
77427606.12
77337167.4
42228794.34
75243906.62
41361973.84
43165764.89
41480464.5
23531177.37
43392873.64
75138019.13
41110975.13
41933436.3
42559895.55
43545997.13
39830016.89
45501436.02
75142798.46
45229612.22
20341172.61
22964927.5
19431080.7
42853029.47
76377961.51
78360252.69
76219527.85
18919203.3
22458432.82
41929070.92
45093039.57
21521056.47
21392449.54
21881959.06
75816357.86
44489560.88
21535095.47
42229267.2
42093241.17
76269733.05
20131208.71
41410917.37
78250932.1
77542430.29
40992011.63
41065824.36
41906198.46
78771305.47
20083964.76
75875691.93
42642999.78
40007798.34
41350162.77
20972369.05
44068781.87
44294023.72
13833994.2
41327688.93
39939671.67
22263489.35
19960936.0
42513359.4
40438942.89
21632868.9
21165383.61
41839464.84
77787798.98
76481938.39
20207439.99
75243906.62
76660273.13
42851098.26
21966475.83
79074550.47
21689178.45
44615036.33
75459129.8
78216763.99
39990366.59
40840176.12
78831606.43
44931435.15
40868041.16
41419205.51
44296513.89
42410809.51
77461662.38
43415353.28
75972993.39
13801149.16
21990711.95
41595429.42
44392668.73
76570578.62
22312123.17
44294023.72
41881054.14
41839464.84
19876564.1
76527518.82
21339610.12
76477400.17
42435013.02
40293387.22
44016469.7
76960924.62
13833227.69
19239013.95
40421242.22
40901749.19
42690479.72
41761042.51
40933025.83
41543756.25
77684286.7
42133009.39
41584315.04
13836803.09
42506479.77
78790823.79
41332716.8
39816700.61
13924471.42
41929379.98
21884230.86
40055226.48
40962697.13
43608044.48
75632144.42
21330501.27
76269733.05
21074561.69
41419205.51
42729948.79
41268220.26
43112762.35
41411045.35
22732364.37
21250036.01
22424473.73
44519528.55
41518842.39
42650236.19
41187552.07
20677646.6
77684286.7
44832736.4
40045113.32
43492463.03
76660273.13
75492226.87
76218491.33
21431965.37
42044215.65
43293572.56
23827320.37
13908439.32
46239997.34
41156188.9
45440162.49
77787798.98
75638892.36
19664988.52
42743285.62
44837538.45
75989676.68
42377279.45
41263078.25
43848817.44
41259317.96
42432076.91
13860981.91
20138445.74
42437411.98
40698350.57
13845015.61
22355167.53
44181644.75
22386695.59
76129857.2
77448902.66
43991430.89
78103446.61
19464198.25
77167464.39
42806480.09
19896774.65
41678222.47
22925608.39
41106995.37
78301943.67
76527518.82
78253330.43
77195099.35
41688023.12
41796353.03
42638174.66
21492403.19
42899353.84
42315797.81
22088458.57
41539680.07
76383606.15
40926727.29
42587230.97
42046592.55
13806628.52
41614856.06
43477752.75
78831606.43
41697987.33
77960239.17
78090589.52
43555149.14
22193113.68
42026832.71
42649427.17
20767440.57
42579830.72
42825003.25
43907310.02
40502006.92
23127142.39
40920531.96
22664136.63
43575172.24
43946864.33
42662857.9
42893885.72
42110586.84
42238320.92
78790823.79
23122040.56
21272278.77
44826664.7
20476836.79
47872592.45
24769766.4
78790823.79
41209471.14
40421242.22
78047442.93
23356129.18
41158827.36
43730150.86
22660024.52
13912375.28
77072116.04
76956646.3
21792519.82
20045953.3
41623596.68
40443655.03
42126946.02
45409547.86
21984861.98
40706357.33
21928361.7
76565738.56
45093039.57
13791423.49
22808986.68
19701394.89
44682731.31
43376925.7
45842745.55
76956646.3
44432197.22
43423799.81
21602395.35
19215219.31
41163880.07
44695047.47
39939671.67
42209179.22
42647602.4
41093598.5
42303305.64
78253330.43
21262241.14
43679180.72
23041464.04
43983527.44
42229267.2
40274201.98
41084199.6
76635673.23
41052071.01
19631203.42
42619422.72
40780466.71
23443615.57
44306354.03
44480660.58
21653911.91
41520753.22
41235854.99
43740930.22
43721789.25
44259510.44
41028699.94
43785812.91
13835849.67
41216049.75
43233900.96
43414057.59
42469023.36
21874424.1
22141216.81
75972993.39
41947054.92
76218491.33
80586117.69
21206017.96
45592764.41
21722780.17
42371772.61
41886458.09
76830970.56
76572938.62
75747709.26
20867541.6
21383713.31
78790823.79
44754547.77
42489397.65
43336658.62
22318158.58
44059587.96
44098987.39
22493236.01
42328889.25
46659537.88
41532829.34
44098987.39
40464672.11
19847824.48
19002883.34
19700633.27
19718824.82
22191821.36
21937217.05
45068457.62
78301943.67
19604797.86
40824960.38
19025421.29
45068457.62
43608044.48
45513328.51
23736011.79
19805007.86
78103446.61
77186694.04
42613430.22
20155288.47
40349262.4
76377961.51
40874498.96
43402316.59
44667258.43
21722780.17
78216763.99
41163880.07
19431080.7
40874498.96
77337167.4
43969300.01
43893506.44
42433274.05
22586780.26
22979434.87
75899777.52
21206032.19
78945958.23
41200927.68
39802446.09
21097614.89
22748314.31
41823809.8
41611041.52
41720070.09
44193038.57
75230442.23
41959681.03
42990234.09
76391486.43
41877481.46
21582758.52
41263078.25
44393717.77
43477456.46
41122359.66
19686687.16
19094704.47
41705802.35
77960239.17
21578068.62
42482637.07
79076654.64
42108503.14
42250613.76
75138019.13
19292216.44
20294748.09
75875691.93
76477400.17
41515754.36
21521056.47
79074550.47
75138019.13
21421179.43
45468966.28
75816357.86
76218491.33
21958945.06
75138019.13
42361598.13
40895232.39
22638785.95
44699865.12
20838739.38
21249566.78
42649427.17
43156781.18
19788599.11
19396757.32
22683986.28
42410809.51
43258404.01
44108269.48
23821166.39
77116726.39
77337167.4
22071818.12
21608698.99
40601922.05
41078574.66
75243906.62
21045644.81
76565738.56
42335592.21
43711841.15
41595429.42
43608044.48
40578149.03
41350197.35
45652784.54
42212665.86
21749841.68
79531569.13
13806628.52
41640962.81
40167331.62
78360252.69
42594168.69
41614856.06
22673700.85
42121246.64
41751812.58
42904154.4
22384219.0
44079814.67
45507071.65
23399276.41
21859827.29
22502039.65
21171491.93
75899777.52
76375489.6
79076654.64
76830970.56
41805052.64
42890025.14
41467412.47
77542430.29
77764530.48
43668425.02
43117104.49
44326858.33
42361598.13
43735066.39
19841308.31
77684286.7
76283734.28
23356604.69
40857809.37
42476822.24
76377961.51
21262241.14
20249627.01
41636788.02
43318098.67
23899302.42
44562835.05
40676036.09
42173740.27
23577407.33
41076228.98
42623947.41
41640962.81
76635673.23
42930492.43
45468966.28
22014607.78
75108028.74
78485694.5
76753545.96
40578532.21
42647602.4
44016767.94
43828072.45
45505050.8
42153486.25
44306354.03
77827088.88
42330107.0
45520801.26
40874498.96
41825794.48
22617296.4
13794837.45
76635673.23
22314492.1
78790823.79
44298520.26
20713507.25
41577774.2
22046129.0
41595429.42
41444062.21
42601786.58
40731494.89
23222655.3
77517862.76
42400038.61
20138445.74
41815861.74
44699865.12
43214070.64
76527518.82
20672504.59
41428105.06
41614856.06
23813242.31
76565738.56
78969807.98
76822546.65
77427606.12
43504165.6
42969014.81
41534781.16
75613903.9
77116726.39
40029661.41
40055226.48
41971786.91
43515057.87
75875691.93
43609578.55
42782682.08
78831606.43
20611558.15
77195099.35
20621270.32
42432076.91
42400038.61
21708913.13
43619477.42
75777663.64
22184500.72
23328402.15
76831557.83
44641689.75
41143024.13
22676607.56
44294023.72
75067834.81
76694525.09
41899995.58
45013502.18
42081946.6
44306354.03
44148596.64
41614856.06
78311816.69
45503531.84
42322227.62
41754990.97
42373525.54
21881474.45
40598693.47
76753545.96
43165764.89
42073041.2
76455392.61
20399240.76
39802446.09
39583282.19
76383606.15
42034758.24
79074550.47
44489560.88
19686687.16
41143024.13
40045113.32
41845304.87
42902086.88
78090589.52
42521929.48
75816357.86
75899777.52
45013369.9
41822781.36
41493661.3
45642650.54
41534781.16
77827088.88
44544317.46
42775716.23
76667436.6
42913558.57
77116726.39
24277521.86
42309076.33
22355167.53
40055226.48
76960924.62
13833227.69
77311298.45
41581577.8
76055632.21
77222661.22
41428105.06
20165766.23
42336626.06
42655224.46
43172157.99
45971104.67
20007557.71
78250932.1
41012348.45
21987238.96
40164718.31
42458740.76
44864776.33
42121246.64
20042285.25
43751254.97
45723073.55
23870890.3
45407907.65
41638974.48
22337497.55
76375489.6
43667242.79
40417710.13
21199122.34
75972993.39
43403052.34
42825007.38
43562575.39
42777719.09
45440377.36
41433086.43
42818626.0
43217252.28
42535986.84
41547200.28
40923025.53
76635673.23
77311298.45
40669382.42
44356591.35
76667436.6
75142798.46
40631809.37
41723383.4
40315401.91
44764291.37
77960239.17
42897960.2
21984861.98
43668425.02
42793875.71
41411045.35
76283734.28
75243906.62
78547285.84
45367203.74
22188021.73
21659334.51
76572938.62
18879369.87
41435435.79
20920759.69
47292998.42
41809607.76
21816550.41
76565738.56
79174505.19
41994292.84
40602847.96
76269733.05
41326424.85
40293387.22
75459129.8
22656075.93
22533500.34
43608725.01
42548116.27
77222661.22
45069381.81
40713397.26
41876007.03
42369545.57
78301943.67
41556221.81
41435435.79
42782682.08
42656235.84
20892236.84
46163635.53
42335592.21
40868041.16
40223729.02
40666532.89
76377961.51
40438942.89
76375489.6
40121998.66
43057458.81
43984829.17
42718100.53
77448902.66
42656114.73
44890931.93
20731825.65
45763417.25
43676797.91
44451473.67
21734128.03
25057040.96
40840176.12
78090589.52
41827504.42
75816357.86
23191894.4
21466847.26
22014607.78
44095042.67
19960936.0
41825188.55
20813100.47
45067415.89
79174505.19
41695536.71
21608201.4
42182382.67
21722780.17
76527518.82
20595897.07
19710906.2
41333607.21
40693368.13
43407226.54
44566417.12
19966372.92
43783324.58
45926325.75
75108028.74
41796391.97
44573189.37
40098756.46
43532928.18
43233900.96
41584315.04
20943935.6
76956646.3
79531569.13
42281789.31
40601922.05
19632147.02
75230442.23
21944533.1
22779499.79
77072116.04
44392668.73
44573189.37
46090224.67
41264330.52
42782682.08
40292448.82
42170883.36
43326117.7
77167464.39
20165766.23
77960239.17
41470512.4
41975731.55
44175067.79
77427606.12
21701864.4
78216763.99
21407432.61
78969807.98
77056796.65
40603362.39
20294748.09
79531569.13
42650236.19
75875691.93
41744383.85
43052144.11
40669382.42
19928547.22
43644030.06
42635644.9
43563773.8
76527518.82
41257121.21
76565738.56
42152139.11
43692572.57
43201157.72
19939397.5
41254373.91
75632144.42
76797080.09
42995591.17
76694525.09
78138778.99
20889642.76
41970521.17
75138019.13
21642966.85
40361356.87
41294021.05
21550465.59
42246573.48
41638427.06
42443498.79
45828919.93
43721789.25
40007798.34
21989726.05
75230442.23
76129857.2
41085243.77
41232545.91
45765422.28
40778138.06
41039022.85
41098063.49
40634932.36
20722003.89
77448902.66
43019968.1
21221969.86
19015749.77
76753545.96
21858307.49
75138019.13
43816456.33
40045113.32
41558191.49
46123628.0
77960239.17
42188502.42
43341060.27
13867597.58
43337690.23
13854718.78
77517862.76
43545997.13
40706357.33
76830970.56
42572010.44
21779241.01
76694525.09
40361356.87
41975997.21
41843423.44
80586117.69
78216763.99
43057458.81
75142798.46
41637228.61
42669770.22
42633648.51
43893317.91
20672504.59
44672658.05
19239013.95
13820611.54
76375489.6
43155169.5
20501374.32
40603362.39
76667436.6
44565449.18
22833346.39
77072116.04
44309249.64
44754547.77
75816357.86
42656114.73
42330959.08
43172157.99
41294021.05
76570578.62
42656114.73
42190946.96
79076654.64
76960924.62
41679112.78
75972993.39
77684286.7
41163592.01
76910900.74
79174505.19
43665225.19
22864626.39
24006152.74
40479973.99
42594168.69
20568399.56
43423799.81
75613903.9
22937367.34
42001296.26
45388186.24
40722256.35
76960924.62
20726814.08
20454053.12
75243906.62
76123382.61
78969807.98
76565738.56
42890826.8
19199427.83
78969807.98
21097614.89
78075389.99
42692384.02
76455392.61
42162862.5
75459129.8
21691081.86
41585507.07
18919203.3
20856559.87
44066752.82
23175570.67
43928558.28
75613903.9
43646988.61
21884230.86
20939337.69
41326424.85
40358305.08
44069196.3
41849679.15
41281019.23
41875512.19
77056796.65
41470512.4
43757258.08
42683948.05
43608725.01
76055632.21
22240297.39
75517412.22
78301943.67
42190946.96
44051844.04
41845304.87
77960239.17
19366879.04
78485694.5
20768168.07
42107747.69
76667436.6
75067834.81
23332655.77
20338604.68
40831091.69
19011522.47
75777663.64
42535986.84
20294748.09
79531569.13
21513910.64
44450470.22
45100430.19
43991430.89
22064253.06
20148252.48
19728328.53
40172451.98
41430710.56
21182606.03
20129834.26
21885955.81
22816813.18
41123548.45
42397510.46
42897960.2
77311298.45
19967160.5
43894537.14
41513586.73
22248867.59
43477752.75
44359229.01
41961797.03
39830016.89
42954188.45
41248698.01
76830970.56
40744040.7
77340396.39
40962697.13
43438150.13
44281989.1
19929431.86
45069381.81
20838021.69
41443609.61
42228794.34
77337167.4
44379255.43
76383606.15
22054706.83
44756037.59
20222742.11
21137153.51
79074550.47
43214070.64
41444347.93
40824960.38
20515718.49
43559686.39
41624908.35
77222661.22
76391486.43
76129857.2
43641744.23
41108635.54
75972993.39
43661072.85
41817286.78
43812955.8
75067834.81
77186694.04
42317765.5
41430710.56
42519909.78
77960239.17
44747637.88
44667258.43
75613903.9
20365200.1
43721789.25
23531177.37
42051950.19
41110975.13
43793413.44
44393717.77
75777663.64
76797080.09
42401276.9
77452341.93
42566428.54
77517862.76
13852974.07
43591512.04
18482953.23
77311298.45
43392873.64
46473840.08
22245331.48
43014617.5
45623507.24
23744032.24
41515754.36
22586780.26
43723104.49
76383606.15
21422036.35
42432076.91
43615345.93
44649995.45
42685039.14
79074550.47
41010986.87
43330585.56
41532829.34
75230442.23
42225155.32
40531723.02
77195099.35
45645675.43
40877372.11
44337969.14
41863708.92
41539188.05
22981031.98
43641744.23
44699865.12
41695036.47
42246573.48
19968365.75
42635938.7
42638531.49
21016715.19
23692056.26
41039022.85
41722755.25
75638892.36
46923593.52
13795943.22
40919395.38
40718374.28
22302403.04
19491046.36
41587898.39
13887723.42
75492226.87
77167464.39
21989726.05
42168985.35
21945061.88
19966372.92
21583658.31
44750620.33
79174505.19
41362791.47
23666141.2
43492463.03
22238082.19
42317765.5
43112931.25
43622578.92
41498018.39
43477752.75
77542430.29
21524141.89
41028699.94
44864776.33
76383606.15
21287794.53
41080400.13
22562369.14
13908446.6
78360252.69
19657413.06
45842745.55
19803753.99
76830970.56
18865447.64
20552064.63
45831887.24
40870397.55
21266377.12
40764880.24
41362791.47
41902307.75
40070697.9
43686468.38
43707777.28
44752417.1
19753009.96
41775623.03
44281989.1
22175863.4
23014697.67
20530095.65
43646551.22
42592830.51
43476910.0
77461662.38
42366207.37
78090589.52
42410809.51
22994074.34
41232545.91
44096093.93
76797080.09
40360043.03
13942312.09
20256756.7
42152139.11
41367708.64
21429437.02
75972993.39
43414057.59
79531569.13
19971927.25
77452341.93
45409547.86
43670638.36
77764530.48
41140938.23
20063597.9
44764291.37
41463771.5
76055632.21
23296829.73
41849679.15
76797080.09
22604946.78
41470512.4
20581598.39
40717783.91
39583282.19
21698194.13
77167464.39
41633846.16
21514051.96
77960239.17
76797080.09
78547285.84
77827088.88
41587130.49
44618709.85
42133009.39
24685948.88
42765177.98
46268680.97
40854341.16
22824071.61
23207152.25
78075389.99
41754990.97
42309076.33
40706887.15
40603362.39
78047442.93
19302618.49
78250932.1
42803403.88
20595822.61
44066752.82
41279797.98
46383857.02
40987279.76
19045211.06
41777130.19
22199602.38
41861236.16
23017425.41
76960924.62
76960924.62
21140025.88
13766404.86
78047442.93
42803403.88
42471106.09
42110742.56
21399898.4
45623507.24
41323885.08
24220185.26
42778365.42
40837200.94
76863595.57
43469671.11
78795042.94
76377961.51
13782772.89
20307237.89
43606908.85
45910989.09
40936272.59
75138019.13
43155169.5
21053480.66
42100696.0
76055632.21
19810644.58
77461662.38
42635938.7
40167331.62
76956646.3
13824156.69
42350553.15
22241290.56
41624908.35
41558634.91
44479498.3
42873438.81
78301943.67
77448902.66
75230442.23
21407432.61
22604946.78
22306674.61
76828728.73
40706887.15
19435164.28
41248698.01
75816357.86
42025447.35
77337167.4
21321280.65
42031307.51
13880474.31
45910989.09
76831557.83
42916966.53
41695036.47
76831557.83
41468251.32
20083964.76
41216049.75
44225683.48
78771305.47
21135557.47
76667436.6
44501766.46
21171491.93
20127677.03
40293387.22
75459129.8
40853738.49
21008916.42
43579741.75
78831606.43
43907310.02
22211459.75
45842745.55
75517412.22
45842745.55
21833632.1
44127091.53
77517862.76
40831091.69
75638892.36
78831606.43
77311298.45
20354221.59
40798252.64
40896592.72
76635673.23
42911825.77
76565738.56
43662586.94
22088177.53
46533268.65
45520801.26
21924298.34
13876258.35
76455392.61
76218491.33
21801454.92
77222661.22
75816357.86
76572938.62
77542430.29
42782374.9
13870133.65
22656075.93
40415351.04
41220159.23
77311298.45
22279454.24
19956888.68
42401276.9
20974691.72
20090008.42
22408785.55
41372321.76
44562835.05
43492463.03
77186694.04
42916248.98
23381173.55
75108028.74
43310903.35
75972993.39
22240297.39
22279214.64
42025447.35
41194628.28
43894537.14
41480464.5
23413149.1
22437497.72
22643651.52
41777438.31
75142798.46
76910900.74
42662857.9
40020126.14
77167464.39
42528668.82
19369462.83
40706887.15
22829885.51
45751111.58
76383606.15
42765177.98
43862736.35
42133865.89
79174505.19
23626803.63
19730277.45
44392668.73
44140230.94
41823396.54
24556361.45
40815989.64
44815864.34
78075389.99
21734042.73
20867541.6
76219527.85
76477400.17
45828919.93
44764291.37
20362749.07
41368664.95
20531411.19
41923410.89
40634932.36
20457524.1
46090224.67
76797080.09
42321636.12
78138778.99
45772160.65
42219509.82
76129857.2
41326424.85
42089883.6
21682586.48
42488529.69
76283734.28
43392873.64
41361973.84
42341687.45
76863595.57
40940994.6
75459129.8
76055632.21
43057458.81
21045644.81
19627683.65
42328889.25
40270969.43
19411127.97
44641689.75
41904018.55
42184073.46
19870050.13
41558315.88
42686458.58
44424959.9
22314492.1
41331916.62
42517507.53
40901749.19
42400038.61
76219527.85
77427606.12
21859827.29
75426372.27
75426372.27
43477752.75
46659537.88
42488529.69
43898909.8
21859910.62
45501436.02
41558634.91
78790823.79
13794837.45
42199989.92
76129857.2
41595499.21
42682772.71
20131852.81
20815937.95
76960924.62
41026611.97
43402316.59
23827320.37
41650924.09
20399240.76
44053952.25
42350967.08
41957387.65
21025680.24
76572938.62
21120456.83
40743363.29
76339650.42
77452341.93
44026474.01
21779105.17
21657665.62
41100893.58
42217627.32
42846921.48
42617477.65
75613903.9
76375489.6
41362791.47
19714526.47
76219527.85
77195099.35
40360043.03
42904154.4
41289258.93
20838021.69
43373856.31
41263078.25
43653241.75
75747709.26
44333542.19
78311816.69
22371508.1
22527750.19
41823396.54
20856717.89
41936424.83
76339650.42
42039795.89
39856443.96
44833251.44
78771305.47
42871339.35
75899777.52
41123548.45
20882772.74
41748976.83
43326117.7
42073041.2
43928558.28
18849254.34
44909188.33
43052144.11
45592764.41
43183530.61
20539489.89
24685948.88
77764530.48
20972369.05
75989676.68
44225683.48
77787798.98
42954188.45
41064533.58
40878923.96
20552064.63
43171828.36
22732364.37
43052144.11
43637623.29
41233627.33
75067834.81
77787798.98
76339650.42
44612040.0
44526642.82
41325854.72
41161566.91
41845048.29
21955457.42
44230775.8
42383132.77
42818626.0
44750620.33
78831606.43
40167331.62
41787100.13
77311298.45
76339650.42
41817286.78
41798132.8
41178661.79
45513328.51
41998277.59
42073411.29
44061082.1
22849160.07
76753545.96
43579498.58
42948952.77
41211711.6
76339650.42
20122525.93
42850104.5
23266673.29
76635673.23
42797031.75
41437911.79
41080400.13
76635673.23
41039307.6
40831091.69
43392873.64
41312260.94
44464184.16
22347812.22
24000967.26
44837538.45
43619477.42
41041294.52
22829885.51
77222661.22
42361598.13
44126565.69
42425897.9
77222661.22
43152130.38
42092411.23
45357636.35
21585923.12
13847222.32
42775716.23
44750620.33
76667436.6
43653241.75
40545808.03
44318533.93
20476836.79
76219527.85
41195444.92
42881914.88
75875691.93
40974772.03
43716333.21
22723953.8
41269706.26
78138778.99
23615326.47
40933025.83
41845048.29
41326424.85
78090589.52
76055632.21
43317866.04
20713507.25
22367755.13
41777438.31
42039795.89
76219527.85
78253330.43
22579099.04
13847222.32
42985175.35
21008445.97
44049740.6
40870397.55
45324207.65
43999415.42
21624528.39
40043304.53
18735932.37
43014617.5
44356591.35
78138778.99
77072116.04
23454581.15
76391486.43
24020964.75
40718374.28
77116726.39
42489397.65
42410144.31
45009018.22
24104842.84
40521924.2
22254038.78
41865453.78
24077453.68
40029661.41
21974813.4
44250721.92
20694023.82
43051549.63
40256595.5
75777663.64
44530659.4
78138778.99
20884209.58
40339537.72
44815762.57
42850104.5
43011628.25
41430893.65
76377961.51
45129805.23
42322227.62
22248867.59
75108028.74
76481938.39
23375383.36
41993982.15
21982200.05
23121075.95
77167464.39
78311816.69
23056843.69
76667436.6
44931435.15
41633846.16
45547950.86
43318098.67
76753545.96
44096093.93
77517862.76
42797031.75
22528295.56
22508941.78
43757258.08
18978986.16
20213672.29
43222069.68
41706490.85
20954489.79
19166881.43
78075389.99
42400038.61
21430536.54
78250932.1
77337167.4
21893101.31
23091058.44
76960924.62
41614856.06
77787798.98
19627621.57
13816737.19
20351844.94
41814841.15
43390523.1
75517412.22
76889089.76
41936424.83
44865478.83
13800562.65
22609274.7
42899353.84
43318090.97
22536351.56
43452258.92
78253330.43
43799792.89
78831606.43
21264542.32
43201157.72
43259079.58
77222661.22
77056796.65
76960924.62
40975596.75
41499996.05
42138689.53
43987663.45
19292216.44
41721422.52
40653661.7
42899353.84
22137990.1
42575544.12
75138019.13
43894537.14
20768168.07
21923831.16
44048501.26
21632531.02
77167464.39
41864342.81
43991430.89
42797722.28
75875691.93
21150390.46
75632144.42
77517862.76
19478645.17
78090589.52
76219527.85
41439499.6
22486211.07
21178343.14
23067384.89
40831091.69
18654216.95
76269733.05
42181611.95
78360252.69
44837538.45
19420059.21
46081661.16
43428260.95
41906198.46
42003535.75
22911088.24
40415351.04
41222957.77
21171491.93
42246573.48
41388519.15
42284909.66
41350162.77
41235959.24
22088177.53
21749841.68
41209665.14
77764530.48
44695047.47
42485127.8
19492188.52
76375489.6
19041194.89
44466880.01
44966929.29
23012250.5
20779803.49
43376925.7
76477400.17
41787100.13
42743285.62
45765227.79
43615345.93
41477876.87
13817661.41
78301943.67
21429437.02
44228572.98
41456203.79
75632144.42
41615076.76
78090589.52
21144357.71
77195099.35
40521924.2
43021107.58
23768406.71
78795042.94
42209179.22
75777663.64
21185571.32
18727674.25
22069521.63
23017425.41
43019960.48
41624908.35
20011345.06
75747709.26
40956588.24
42527375.66
40824960.38
76377961.51
76753545.96
41695536.71
42262111.97
41983521.41
42308106.21
40340328.48
43004796.73
40973299.85
78795042.94
76831557.83
44491883.5
41411045.35
41777438.31
20807882.63
43402316.59
45909258.71
18848805.39
20252023.99
20269460.51
76219527.85
41607220.59
13814753.81
42368392.79
39844653.94
75108028.74
22487048.95
45723073.55
19045211.06
80586117.69
40601922.05
76797080.09
76055632.21
22271022.12
20163376.67
40577805.95
76477400.17
41184270.23
78253330.43
42110742.56
19502268.83
78485694.5
40706887.15
45352669.54
22883158.08
40606031.46
45592764.41
21032271.44
42303305.64
76572938.62
24293026.45
41368265.85
13858361.78
78047442.93
40603362.39
22443252.98
41569939.36
43515057.87
43788796.29
20249627.01
41534792.99
43658981.88
77461662.38
42674118.5
41656393.36
20000354.22
76565738.56
77427606.12
21000125.86
41361973.84
41617571.92
19491046.36
44501766.46
77186694.04
77056796.65
22247162.1
44016469.7
42780169.72
20307237.89
77684286.7
42321741.98
21487088.73
40092820.98
43661072.85
46239997.34
19674941.18
76391486.43
40859102.74
42690479.72
43308394.94
22184798.91
43199054.82
42613430.22
78311816.69
21923831.16
41026611.97
44815762.57
41567288.27
43807758.85
21980294.26
76219527.85
44424959.9
20946039.89
42876999.52
42458759.81
75142798.46
41258911.59
21606553.47
46226706.99
22656075.93
20625419.25
42826630.64
20480600.94
21019292.36
42956102.72
41777438.31
41176340.06
42513359.4
43311420.55
45652784.54
41985937.64
19812793.88
43068969.46
43330585.56
41493661.3
41143024.13
21734042.73
23454581.15
42410144.31
20363904.9
41943315.51
42841608.19
44309249.64
43052144.11
19977631.23
23870890.3
21816073.03
43324393.76
43469550.35
41489913.93
77427606.12
40317972.47
45503531.84
46659537.88
44364491.57
42246573.48
75517412.22
44440241.22
41217528.24
44864776.33
21828657.05
42956102.72
44526642.82
42897960.2
41929379.98
23266673.29
77684286.7
44096093.93
43199527.36
44612040.0
42650236.19
23461983.59
40712479.28
76455392.61
78250932.1
44931435.15
42526696.45
19926172.31
75517412.22
40270969.43
41796391.97
43154226.29
19385806.55
45894667.1
13769085.72
42328109.55
22562597.67
76797080.09
42623947.41
41361973.84
42289289.17
20623104.74
40933025.83
20011345.06
45052728.53
42014971.23
42983023.48
79174505.19
21239074.14
19825195.13
42044356.34
23513962.48
43984829.17
46123628.0
22386695.59
23181893.88
43689225.79
44078320.14
22443697.48
21048918.17
22046129.0
76377961.51
44127091.53
76123382.61
41057385.8
43359039.74
42777719.09
19803753.99
20508401.89
44312999.06
42591990.5
22660024.52
43793413.44
40717766.77
41062848.88
22834143.95
41742172.68
41051103.14
78301943.67
19959844.71
42405395.44
77311298.45
22740669.09
43324393.76
19405653.64
76828728.73
76375489.6
24012425.01
75875691.93
42647602.4
39659651.06
43055479.79
42549676.58
79174505.19
43310903.35
42284909.66
76797080.09
40940074.6
76218491.33
20242781.46
42347137.39
41636015.16
22994074.34
41546821.62
75875691.93
41998277.59
43665225.19
76797080.09
41319035.37
22653747.05
78795042.94
42655224.46
20131852.81
42054759.34
23207087.63
77517862.76
76863595.57
44069196.3
43751254.97
76055632.21
44079814.67
41804385.15
40253246.81
76123382.61
21701864.4
20703415.99
20452433.14
23127142.39
41220159.23
22487027.54
42587091.81
41705802.35
40748149.26
42904154.4
75638892.36
41289258.93
20793762.36
42793875.71
43201157.72
21944533.1
20266082.67
75638892.36
20365200.1
13819226.26
40545808.03
43443108.06
42597090.91
44612040.0
76822546.65
76283734.28
23119828.18
20867762.21
21734147.7
43676797.91
23533900.67
42667150.26
76218491.33
78090589.52
41158827.36
43173876.79
23066655.82
76956646.3
77427606.12
45623507.24
23202841.75
43779674.68
42914612.51
20151371.59
78301943.67
42856575.93
75142798.46
42186161.08
46239997.34
41900499.72
22245331.48
76667566.41
20942468.76
19215219.31
22347812.22
42890025.14
21409017.54
75747709.26
42984182.37
21431965.37
40542421.99
21495186.0
20623104.74
42487140.97
21684762.85
41166253.17
41327688.93
76667566.41
75517412.22
40527450.24
22751427.49
23151935.82
42669770.22
20542694.72
44210076.81
44833251.44
45327031.56
21239074.14
21490186.5
43659648.89
43171828.36
20508401.89
77195099.35
19908499.43
43199054.82
76889089.76
77787798.98
21008916.42
42350179.92
42667150.26
44066752.82
42374029.64
78771305.47
41065824.36
20326711.73
77517862.76
45828919.93
75972993.39
45069381.81
13813997.84
43784388.68
13852974.07
77195099.35
41946512.02
43923152.23
41863391.74
43052144.11
42299844.55
42771880.99
44059587.96
19999545.51
77116726.39
42584360.18
21646457.22
40884735.86
75972993.39
41443609.61
43783324.58
41433086.43
42835788.9
40825428.96
19529984.51
43992198.18
77960239.17
42650592.67
76694525.09
43962294.4
24568629.38
43788796.29
42452012.67
40459002.74
43670638.36
19235702.04
76889089.76
19948923.46
77960239.17
21885955.81
45124941.22
76863595.57
13862133.09
41326424.85
42793875.71
77072116.04
40760364.78
21608698.99
45828919.93
42151796.5
44248146.73
40296807.79
43154226.29
41633846.16
76339650.42
77452341.93
23183474.88
77337167.4
40603362.39
41678222.47
41559242.04
40510203.32
43373856.31
24162160.29
22448250.64
77452341.93
75243906.62
41433086.43
43783324.58
42913615.65
43234409.52
42217627.32
21384742.12
42826630.64
13920980.95
76889089.76
78795042.94
19810644.58
43208931.41
43466589.54
42127725.78
40824960.38
41250662.34
19605048.55
42989636.46
78075389.99
41695036.47
42443498.79
21973882.61
40837493.68
78301943.67
21668167.88
41506381.65
76481938.39
19753009.96
44333542.19
46099266.1
77072116.04
24205783.39
77427606.12
19011522.47
44440241.22
76283734.28
75230442.23
42914612.51
21094128.89
75777663.64
21941128.64
39762682.29
76572938.62
76694525.09
41012348.45
44479498.3
21924298.34
78047442.93
75459129.8
44931435.15
21838754.16
19815627.44
76635673.23
44699865.12
40700703.78
79076654.64
42797031.75
20242781.46
79174505.19
41439499.6
13886314.65
76863595.57
41107063.78
75426372.27
42127725.78
39856443.96
45503531.84
21980294.26
22551358.13
41849863.69
43414057.59
41748289.39
75426372.27
42551892.46
42641085.89
76339650.42
42655224.46
43659648.89
42284909.66
41596924.05
22437497.72
42186161.08
41720969.94
42121246.64
19814378.73
41661197.37
42213790.49
42138689.53
42054759.34
42488529.69
42587091.81
22785621.15
44851917.71
46268680.97
43461024.21
20464786.34
42525478.64
41404929.13
78047442.93
76123382.61
44038311.62
42498330.0
42914612.51
41498340.09
42685039.14
41359857.37
21307537.05
43376925.7
21439776.59
21224537.21
42743285.62
20815937.95
43431763.14
44330581.72
22167973.15
44053952.25
21433314.11
42498330.0
41569255.12
42022339.34
41904018.55
18938016.71
19712921.75
76129857.2
20569044.25
42607221.84
40578532.21
76956646.3
44126565.69
44004253.55
22238082.19
45124414.16
41961797.03
75777663.64
43492463.03
22121680.02
41577280.41
43736504.88
22314492.1
45436753.92
77167464.39
76863595.57
41498546.92
39596735.76
40854341.16
44228572.98
45910989.09
75632144.42
41137397.82
41558315.88
76910900.74
23652254.72
78485694.5
41679112.78
41539188.05
76339650.42
22797908.82
44641689.75
20672504.59
41444513.29
42302860.7
21429437.02
78547285.84
22196512.17
45849424.12
42341687.45
42399137.74
44909188.33
40416263.32
22911088.24
42797722.28
21107458.71
20253349.69
21893101.31
19793240.09
20978661.87
21552864.07
75899777.52
45623507.24
44752417.1
76377961.51
42983023.48
21075744.97
13858361.78
22235003.91
44750620.33
21011851.45
19910048.58
76889089.76
41697987.33
41761042.51
21621657.26
40902103.84
19753009.96
40561849.49
42461514.09
40007798.34
78311816.69
75067834.81
42034240.9
41577774.2
44440241.22
42301504.58
42302860.7
42902086.88
41161566.91
77195099.35
42990234.09
40545808.03
79074550.47
40956588.24
41350162.77
78250932.1
46114285.19
78790823.79
20836160.41
41706490.85
24188264.71
77167464.39
76667566.41
40164718.31
42618837.56
43735066.39
76123382.61
80586117.69
41052071.01
40070873.23
22954886.62
41887552.52
42633648.51
41946512.02
76477400.17
22578363.89
41865869.71
75989676.68
76391486.43
42648157.64
43172157.99
75899777.52
44652647.81
45503531.84
41632776.71
21770877.51
42035961.11
23599839.94
24200373.43
76863595.57
22052268.16
42158329.32
75989676.68
76753545.96
42501738.3
78250932.1
44909188.33
20212138.36
45894667.1
22064253.06
22890392.0
20381800.08
20681620.08
23142073.88
79174505.19
21254570.77
41093598.5
79076654.64
79074550.47
42107747.69
21923577.57
76822546.65
19396757.32
76828728.73
45638011.7
21038786.33
43477456.46
76383606.15
41051103.14
40902103.84
20079070.93
41084199.6
42269750.31
23042138.15
40256595.5
75108028.74
41809607.76
41796353.03
42566428.54
41569157.92
20083964.76
79174505.19
46659537.88
45129805.23
75067834.81
40760820.91
77222661.22
43637623.29
40906599.24
45253783.13
42471564.62
42250613.76
41904018.55
42579830.72
41547200.28
44392668.73
77337167.4
77222661.22
42091073.55
43740930.22
43991430.89
41156188.9
20583954.19
44566417.12
43799792.89
20974691.72
40764880.24
