45283104.67
39774002.38
46539348.7
40018887.15
41745274.05
21314017.11
39332897.47
41287797.72
22422953.97
75301676.68
24365303.98
45183182.11
21830001.49
40443088.33
22828000.78
23758410.54
19146081.99
39365358.19
77139088.88
45799707.04
25356605.35
76006525.09
40936908.35
76143557.83
23136385.19
23258011.48
23860932.5
21992194.65
23889335.75
22621977.8
45374402.79
39332126.14
25045473.05
47410235.09
45063111.58
74450019.13
41175391.74
23968918.39
23346117.95
42670852.46
75979436.6
78388654.64
25174623.85
78083305.47
44012840.04
76268646.3
44194648.11
45669748.32
23657646.63
44090624.22
41943319.64
45851090.15
23444012.96
13061104.41
78281807.98
42109722.28
74420028.74
77272239.17
24093747.19
22408674.09
76368796.65
41504014.13
23229101.97
78257958.23
44818898.57
44712122.57
77450778.99
46734989.56
78281807.98
74555906.62
40529472.74
41013096.02
45583389.51
45094798.37
76268646.3
42387899.34
41618092.52
22904326.04
23303786.1
75972273.13
45720925.36
76384116.04
74450019.13
40759750.23
40719898.12
25518977.42
42719016.65
43285478.68
78388654.64
45901514.8
23943425.56
75767392.61
23909693.98
77859285.84
40502542.36
76507099.35
44815485.06
40594116.44
45094798.37
74450019.13
22844299.19
75651650.42
42217831.75
45135958.01
23699319.76
43328767.94
76507099.35
76534661.22
24831095.44
22309744.08
22360020.82
74420028.74
21823135.92
46025662.15
43284953.39
42115403.88
76384116.04
24538719.2
76739606.12
24348917.18
40390574.66
23635275.73
41687086.3
23927459.03
23436903.02
76142970.56
44721547.86
13162130.74
45125292.5
44568066.7
76498694.04
45693447.08
42538178.07
41712038.61
40586259.83
76134546.65
47007283.29
23054840.92
44924743.83
22514408.47
20457415.1
24199669.89
39779542.59
44194648.11
13091148.25
74555906.62
44813436.02
13040312.96
44664669.54
76623298.45
40494428.01
74804226.87
44824732.37
44049736.56
39889805.95
45790883.46
44359470.62
44788258.9
44825328.51
42988797.91
22530523.85
75947673.23
24119771.36
77562932.1
45527075.73
42031550.12
40644716.8
39519021.61
40034310.59
39230047.07
25793542.33
75972273.13
45135121.97
44091847.09
26491549.44
42231572.52
46273458.67
43205506.44
26690846.04
76479464.39
74804226.87
41353369.37
44700105.46
42363549.63
46865376.88
40769062.81
40532159.23
44959901.42
45513435.89
40837331.23
78257958.23
22678305.37
24995844.05
39410756.46
23225497.25
78843569.13
75531527.85
42483828.36
75789400.17
44113385.28
74950892.36
24021419.5
23859832.09
22830980.26
41602519.8
75595734.28
44588197.6
23528243.88
76268646.3
78388654.64
41520399.57
42977225.19
45373006.4
22882401.17
22751026.48
45967003.41
77672252.69
75059709.26
25393377.01
44623564.8
78083305.47
44440320.19
77859285.84
39944693.87
44408681.95
44788258.9
22103336.26
46921283.55
22589791.95
24601789.41
44501364.48
42497070.27
76268646.3
39962097.64
20457415.1
21558801.62
46781827.57
40404870.26
76143557.83
48873295.07
24106983.71
46527243.71
44721547.86
22998522.74
76829862.76
46048644.86
45109638.71
74420028.74
44500997.85
75789400.17
21710513.03
44286613.61
47410235.09
41659263.19
77562932.1
40517149.08
44269746.92
76428726.39
22499638.4
23863853.83
45736112.5
45562270.21
25315945.53
43047066.39
44253498.27
44568066.7
45282829.33
24506276.23
23746314.52
23229101.97
41632270.62
40995425.37
44569953.9
17996135.99
41361581.8
39286196.29
41532997.6
24601789.41
40660255.15
42437215.0
21566328.55
39330324.29
18034719.47
39945200.63
26076397.53
76134546.65
44049736.56
22567261.2
45744731.85
41212778.42
44929523.71
40440974.16
41400514.35
76201089.76
22762418.88
23493647.19
40508780.54
23527872.32
13083136.97
77528763.99
45387365.04
74420028.74
75059709.26
41126068.66
45154745.55
21612854.54
74420028.74
13162327.67
78143606.43
40639688.93
41289897.11
40511909.9
39990449.0
45154466.49
75367632.21
40153240.37
25421069.01
40928327.82
42356957.06
22475706.25
45991260.29
45283104.67
21927105.23
21944020.0
18899242.07
77450778.99
41185439.38
46582151.91
24646261.01
43918440.04
77562932.1
40519320.27
40218599.24
45676783.62
22084056.44
44076291.37
48471329.36
45971537.88
40792062.19
45654639.43
76739606.12
45840520.08
25588730.48
45820115.26
22523798.78
39774887.79
46075909.45
78083305.47
41423062.95
41031762.07
22854163.29
23509685.46
24106983.71
42702523.1
45154745.55
77076530.48
75767392.61
44753170.55
43316253.55
77139088.88
22374612.68
41948274.02
43416151.53
24322528.05
19265422.78
77528763.99
22880204.63
41821708.22
41877194.28
41062800.53
43752241.22
42511054.82
44046664.39
21888415.09
45868817.31
76006525.09
44734077.94
75530491.33
45721515.9
18395564.15
45799707.04
43878417.12
40924073.36
76479464.39
13072651.29
77415446.61
22867895.24
41634083.78
22490304.28
22296389.03
45213490.72
21874444.39
42363549.63
43487499.08
45901514.8
77565330.43
76760902.66
46527243.71
75595734.28
25437502.02
40823955.66
25235477.95
48330723.33
21549780.99
45353785.58
45255278.78
45971672.58
25986833.76
76140728.73
40591797.98
40810340.09
75695606.15
74944144.42
40236892.6
77415446.61
76428726.39
41676236.78
43281300.01
44469825.62
75789400.17
44643385.66
43791498.3
21473242.33
24513337.64
43205506.44
25693596.24
74738372.27
45115075.81
43487499.08
75367632.21
40468188.9
43815829.84
44631364.09
21647052.7
45668944.15
74771129.8
41745274.05
26186998.53
13121334.68
22452875.67
21639168.03
47509279.98
74454798.46
42296133.59
46389126.84
41686029.64
45946909.66
41164627.77
23219257.2
44507018.0
75884938.62
76428726.39
43162754.12
25230613.31
26080825.57
41089130.19
45565827.58
44959739.14
13121714.88
47616496.77
40009379.16
75882578.62
25139517.61
45152296.62
45141791.42
75695606.15
47039383.51
40018887.15
42363549.63
22115837.96
43267242.42
42863571.56
26514918.98
46924182.94
76384116.04
47840983.32
20871716.51
22691784.41
44381381.81
45785840.08
74829412.22
75089663.64
22494683.52
46158481.1
75839518.82
42377614.03
23139372.32
20955456.65
77450778.99
22910807.68
40313864.52
40990222.47
18439228.08
24725869.21
40286772.03
76534661.22
45875020.02
75301676.68
40979904.56
21366582.09
45312280.94
76428726.39
39676446.59
45341896.75
76652396.39
25000465.97
25850117.05
22297101.56
23490922.67
40485809.2
23168782.85
41841347.4
43124955.8
40615154.48
77565330.43
45786662.59
39812077.3
42266379.31
40565398.27
41307205.4
41175391.74
46074945.08
44818898.57
43642581.72
25955561.99
45319130.84
42126377.8
23312759.54
74542442.23
39288432.58
42719016.65
41122203.95
41447888.83
21604424.61
77565330.43
44796098.24
45265218.83
45887329.24
75651650.42
76222900.74
40218599.24
42209960.2
40851188.05
75972273.13
45353785.58
47634305.39
42636393.76
42967060.8
20316940.92
42109722.28
24705879.07
76201089.76
77402589.52
76109080.09
44510596.66
41599546.13
45390040.12
44964784.54
74738372.27
24433552.73
75581733.05
24282010.96
46042135.58
46540008.35
46290781.97
44408681.95
44315054.43
75089663.64
45720925.36
43791498.3
45366239.58
23095974.83
46239556.28
45604038.64
22553721.41
24158207.67
75530491.33
24013020.89
74542442.23
20955456.65
75211777.52
48425669.86
21509471.66
22767469.12
75211777.52
40468188.9
45039639.58
76507099.35
41586292.66
41096979.5
42453761.37
22830999.79
75531527.85
21654636.47
13038866.33
76134546.65
13135698.8
22476789.01
78281807.98
21122894.11
24618776.41
42798247.51
40421842.15
76507099.35
75793938.39
46781827.57
21888415.09
44232644.57
41634083.78
75947673.23
22698800.78
47128159.39
23698665.12
23046900.27
42123818.92
44372197.31
44194648.11
44601154.11
45373493.36
20882471.01
79898117.69
44775263.79
45131577.91
43041740.23
77797694.5
40432494.7
22956863.51
77415446.61
21929896.54
24486153.52
75703486.43
47276283.9
74925903.9
39421150.18
76142970.56
47028693.81
26405571.26
75367632.21
39735791.84
22520040.72
24036695.56
46671511.46
45819318.51
40890964.56
26775829.93
78083305.47
24054115.43
46811265.72
41471928.07
47079685.18
21944020.0
39959894.27
47509279.98
78102823.79
76652396.39
45799707.04
43352501.19
22485131.07
24944839.7
23999623.29
40560698.01
22647179.64
20497514.51
75703486.43
43281300.01
74379834.81
39774296.31
24587943.64
39981382.42
44176776.33
23975317.73
44469070.09
46768953.88
25180831.35
76507099.35
22867895.24
75530491.33
75979436.6
22882401.17
74454798.46
41164627.77
22417462.47
24657314.98
46035299.8
43716459.91
21967433.71
22830980.26
40218599.24
24689917.25
40852904.22
42375352.95
74454798.46
48471329.36
43878417.12
45481470.77
45932901.19
21398094.6
41543314.56
24021036.99
75128357.86
43352501.19
76428726.39
22492525.19
75581733.05
13186770.8
39318191.76
40517149.08
13169719.03
75839518.82
76065545.96
45627380.72
45167372.85
23591547.41
41185439.38
40293376.09
18110931.05
25292348.47
76649167.4
17885226.63
20705247.6
47409758.76
47307705.85
13129732.09
42789752.75
45005430.22
44148464.19
19034223.14
24947661.26
75793938.39
13181141.89
41502946.96
75695606.15
22517522.58
78107042.94
76773662.38
41089130.19
22911476.57
23235285.15
45643879.33
76142970.56
75441857.2
22647179.64
75947673.23
45973828.29
76623298.45
24264837.24
75695606.15
75882578.62
18591483.9
22854163.29
42497070.27
76201089.76
41959602.4
41463796.5
40486589.67
46036493.35
75839518.82
40936908.35
76829862.76
43927287.14
40591797.98
24364082.47
22925249.83
74542442.23
20469973.68
41061934.65
45960008.1
23451626.35
76222900.74
77797694.5
40009316.87
41044813.72
47275487.56
76368796.65
75793938.39
44710691.65
45964194.78
42109722.28
40302054.74
26499857.01
13072651.29
13076958.15
41004077.46
43096388.68
23420247.43
41877925.31
21902196.07
24483360.44
20328920.34
24051347.35
21466038.1
40149200.94
75972273.13
45971537.88
25174623.85
17996135.99
46017314.75
40168737.83
44328713.81
44879196.17
24372080.68
77672252.69
23303786.1
76201089.76
46633362.58
75128357.86
22805199.72
39809623.28
47018340.43
21069659.66
74804226.87
78083305.47
76760902.66
41156746.12
40702764.22
42008604.01
18814870.95
43618354.03
75689961.51
46686610.66
75947673.23
42977225.19
41046340.05
42234095.74
39969563.82
78083305.47
76006525.09
13132947.2
19583551.11
44800636.13
22931154.04
76623298.45
22226733.71
76534661.22
40897601.32
44464076.01
45578107.3
45165068.55
42740260.95
42226612.51
40195873.91
47159542.37
40859200.28
75695606.15
41793669.04
44954426.79
24839075.66
75651650.42
42125327.66
46698026.26
41992525.28
74950892.36
77859285.84
21592067.37
76134546.65
21837908.33
44510596.66
45466983.53
13060448.25
47159542.37
41604859.33
41456174.78
75687489.6
39606319.09
77139088.88
41089438.31
75211777.52
40990222.47
74450019.13
45312280.94
47403598.65
46043460.53
40579503.07
23831476.58
21763697.36
46117122.02
24559399.85
46104968.69
76760902.66
45161424.12
46438648.21
22531034.58
23857638.9
74950892.36
74804226.87
43460252.88
77359442.93
45480179.07
42740260.95
76739606.12
46141252.68
40674791.47
13061492.64
22572672.46
45161424.12
74379834.81
21992194.65
24912656.21
76760902.66
41387601.28
46612690.04
21222845.89
76201089.76
45971537.88
44720849.18
75884938.62
13086302.86
74944144.42
24443293.57
22792980.49
74950892.36
78083305.47
39945963.44
47048164.81
45115075.81
76996286.7
75531527.85
75789400.17
41532997.6
39771002.74
26581010.17
43642581.72
46549096.27
24021036.99
40903418.28
76652396.39
45681185.16
45832134.95
40496270.23
45153006.66
44243435.15
39978575.2
25544261.49
21716240.09
25116009.54
45737335.41
42248956.34
77613943.67
40786401.02
76760902.66
46030614.21
21102608.56
40050627.82
22775910.81
40468188.9
41022856.15
24456212.1
46141252.68
77272239.17
25058163.14
76065545.96
13117442.12
45187385.86
45222989.09
46934312.06
44304365.07
43408093.93
22547095.09
13095426.21
23893657.67
43877618.82
40182397.55
43303430.89
44954702.47
44850406.91
77099798.98
76143557.83
41925831.08
23893657.67
41454602.08
47159542.37
43979258.43
79898117.69
46890458.43
45820115.26
40767702.86
43949847.88
23787894.19
43284224.46
75767392.61
42452170.31
77528763.99
45990608.08
40238443.06
22377212.98
42129480.59
24831095.44
21202470.53
44846814.48
75367632.21
45580680.97
40218599.24
22689928.07
23110448.89
78107042.94
45374402.79
21771449.29
44470571.82
74829412.22
78102823.79
41102681.96
44149538.45
44243435.15
44780966.28
24359802.25
40995913.05
43205506.44
25139517.61
22580520.78
75441857.2
44464076.01
22022972.03
46654743.59
43460252.88
40195873.91
43989266.48
44361089.34
26359889.34
76368796.65
44286613.61
21731025.11
42209960.2
44325552.89
24961578.66
39800755.98
42905574.04
76175595.57
45601680.38
24014215.13
76065545.96
22350401.38
13069713.46
75187691.93
76534661.22
45135121.97
76760902.66
25862139.87
13190861.04
13081055.07
44148464.19
40623453.37
21935694.64
44204273.93
78107042.94
77623816.69
22179217.79
74555906.62
41841347.4
45900780.64
22162466.29
45887968.6
26717634.04
41183518.4
41959602.4
77139088.88
46614875.06
39329589.46
40519320.27
24064604.79
44295779.1
78843569.13
26336457.87
42437215.0
78281807.98
21658051.43
43460252.88
22596032.29
42590103.66
42127547.72
76201089.76
22206428.37
21771208.51
76854430.29
43095291.7
77387389.99
76268646.3
76142970.56
75367632.21
40018887.15
22911981.51
42471827.6
43815829.84
22943774.36
44995473.61
76140728.73
40827754.36
76222900.74
76760902.66
78843569.13
46149172.32
44394112.16
44684452.46
22303944.54
24866508.73
42927345.93
77672252.69
22247105.28
76134546.65
45206667.1
75128357.86
44271838.18
41250912.98
75703486.43
45868817.31
43316253.55
46839006.91
13050172.26
43316253.55
26709931.3
40837331.23
20953062.57
46639572.79
44439062.18
42474416.0
76854430.29
40827754.36
78083305.47
40330065.38
76507099.35
41992525.28
44935507.24
41954899.27
22537714.86
21514723.26
20735552.89
40361635.21
42977225.19
45124452.11
40752680.58
22069479.29
40018887.15
39527365.85
75301676.68
75972273.13
21191216.42
39947195.17
23260623.09
21412604.8
24762539.85
18948981.94
45181890.74
42726057.59
40459531.6
43100796.29
23690331.14
76854430.29
42638117.7
45580680.97
45210418.42
23764254.95
44693271.86
44279136.98
46768461.25
48426535.01
42109722.28
24923875.62
45234461.5
40851188.05
76854430.29
45364403.7
76649167.4
39106717.2
45266153.94
78386550.47
75767392.61
44927226.61
24506276.23
77272239.17
17582925.99
46537893.78
25520515.26
46688680.84
44929523.71
21313212.3
21545366.07
41305326.86
47695769.17
24044190.65
45537085.5
23889335.75
19052908.63
40726989.65
41358592.55
74555906.62
77387389.99
47079685.18
76739606.12
42844928.18
41421433.67
26154396.66
78257958.23
44664669.54
40917671.12
76652396.39
75595734.28
42280383.63
24798349.49
40388228.98
24406248.45
45538882.91
45551106.55
47509279.98
45210794.75
21276142.28
44562091.37
40171102.74
40470827.36
45265218.83
40681351.52
45535669.33
23594531.22
41477732.34
24983663.51
22839345.4
76854430.29
40034256.35
75695606.15
21939736.82
46684952.42
76109080.09
24620089.92
43100451.65
75972273.13
40825829.55
75059709.26
44359470.62
23002351.0
76996286.7
22674498.5
39319798.34
45153006.66
76175595.57
43949847.88
42636393.76
76143557.83
46504467.78
41533826.67
22117657.35
77859285.84
45786662.59
44734077.94
23542263.9
39755655.03
74379834.81
46865376.88
76498694.04
22316837.86
21992194.65
24748123.41
39663016.2
42722082.45
77359442.93
40673973.84
45909000.26
75877738.56
45125292.5
40845346.11
39474145.44
46139416.56
76222900.74
39200808.2
75947673.23
19265422.78
25335190.56
77528763.99
21558801.62
74450019.13
39744210.82
47086182.28
76222900.74
75581733.05
44339265.45
44243435.15
45736112.5
40052761.79
45140919.93
40099010.13
42452170.31
77528763.99
22888058.12
76623298.45
41372663.96
45076281.23
13121334.68
76829862.76
40543239.41
18511072.72
44770560.67
76428726.39
76368796.65
75767392.61
45901514.8
74420028.74
42546102.35
40169809.37
19884087.29
45725455.69
77387389.99
13033432.35
46628957.96
23394954.51
25159147.31
76368796.65
45615327.77
24877699.87
24640201.32
42688925.7
22767469.12
13117187.26
41484334.21
41859797.48
45178775.76
45526546.79
44482127.86
23103631.63
43177791.33
42957280.58
78257958.23
46549563.13
40644716.8
40950433.13
21560572.36
75367632.21
40691959.26
78486505.19
39781524.07
26559194.64
40767032.63
43540572.98
78257958.23
45505818.54
78388654.64
44839098.09
42863479.64
45183125.89
41281230.62
78257958.23
44348153.61
17639142.74
24498335.44
25553970.1
41007036.47
43388037.09
45210418.42
45601680.38
44846002.02
25271838.99
43878417.12
41245436.3
23519893.12
40468188.9
78257958.23
43128456.33
23107905.0
21948737.69
41494496.46
40673973.84
44486823.58
44144736.4
76134546.65
26949101.92
75767392.61
78388654.64
45063111.58
75187691.93
75211777.52
41959602.4
40724437.93
43352501.19
43803883.5
22621977.8
46117122.02
77076530.48
40744840.24
40522529.16
44316492.72
74420028.74
75128357.86
75703486.43
41502946.96
19073345.42
75128357.86
13076309.32
44904764.41
76829862.76
47828767.97
45469942.66
13148728.58
77450778.99
44686589.14
77139088.88
21990873.11
19675343.25
43642581.72
41149033.41
41504014.13
24086561.87
78257958.23
25925972.28
74420028.74
21648845.69
41711137.74
41493611.95
43792308.21
41007036.47
23746314.52
22978125.49
75767392.61
46673595.34
26194157.86
76134546.65
44569029.32
77562932.1
23359941.13
44664669.54
43985227.5
42638117.7
21782769.73
45889685.89
76142970.56
44417733.46
75767392.61
45074608.42
42230922.65
44818898.57
45841474.9
21723134.53
21148676.07
41687086.3
40827754.36
77099798.98
39330324.29
24178080.76
79898117.69
45946909.66
22846314.63
46004792.83
45131577.91
21199474.74
43813766.46
47422094.63
76773662.38
75530491.33
44273159.58
24727216.01
43707722.84
47224683.76
44929171.79
44927474.8
23904540.61
39915362.39
43642581.72
79898117.69
41553335.05
20904658.65
46022279.05
44721547.86
75979566.41
41533826.67
45480179.07
22320389.57
26690846.04
45264616.68
78107042.94
39410756.46
46673582.32
76829862.76
75972273.13
24498335.44
22979552.97
21891143.65
44699505.63
76739606.12
74738372.27
43285478.68
39353054.53
78388654.64
46878546.74
76142970.56
22696291.18
76006525.09
48330723.33
40917671.12
45026950.03
45329516.39
75972273.13
44800636.13
45210794.75
41161863.69
40660255.15
46692233.75
44929523.71
43206537.14
23704016.86
44470944.81
40274697.13
47185637.73
40118862.44
76384116.04
23489893.22
23278690.73
42396112.35
41491750.51
44046664.39
21749579.48
46766949.5
46795507.52
40528049.75
41358592.55
43949847.88
22674498.5
40694465.37
77562932.1
21658051.43
23156556.59
39755655.03
74738372.27
45239948.77
22556197.04
46640909.99
21870075.27
21609558.42
75531527.85
23907857.61
45868392.32
42323667.45
44783980.11
76384116.04
76996286.7
44862856.61
76854430.29
78143606.43
43328767.94
24255926.71
13158067.08
44408681.95
44755438.75
75687489.6
45475877.24
46628957.96
46947358.83
22983965.61
41711137.74
42865547.93
45154745.55
24119771.36
75793938.39
24306923.03
39944513.61
39959121.51
23152962.4
76649167.4
78843569.13
20571455.43
43095324.58
45137417.28
40936908.35
47028855.01
20953062.57
45699990.72
23262164.96
45900780.64
40311414.82
40926287.93
41696666.38
22678305.37
46672339.54
25290119.81
44271102.0
43878417.12
40405492.28
44862658.12
75128357.86
75128357.86
46639572.79
40757904.98
44813436.02
78257958.23
43577393.53
40390574.66
21758895.2
78386550.47
43704668.73
21277000.88
39526717.93
41728737.5
22370577.67
25266639.81
76623298.45
25210064.67
20547560.08
77359442.93
44283528.85
45435628.0
41032969.94
24014215.13
21638864.96
78083305.47
47325798.53
42927345.93
77797694.5
75703486.43
22022972.03
44710691.65
43316253.55
40292816.29
75687489.6
23204173.61
77562932.1
22138103.78
24748123.41
41422742.56
45985895.48
20825219.06
44556493.81
25267832.89
26491549.44
46104654.28
39375770.63
43264220.42
44593083.98
23394954.51
46031570.21
21990873.11
74771129.8
76175595.57
46824356.45
43815829.84
45702871.8
43979258.43
13116642.42
46105830.11
40297976.66
75530491.33
40980666.05
41647592.21
45404597.49
45353785.58
77672252.69
46074157.36
24818511.33
46016817.31
76222900.74
42926471.1
75687489.6
22580520.78
24341617.23
21222845.89
44076291.37
45720925.36
24538719.2
39318343.86
45197647.13
21715626.85
76222900.74
75531527.85
40917671.12
22479236.46
19750322.2
45551106.55
44500667.17
40966097.11
44825328.51
75284993.39
44132707.58
21479528.29
43347750.84
22034794.51
41438912.32
18280779.89
45700794.88
41692179.52
75651650.42
21648845.69
75882578.62
13245337.19
46239556.28
22469767.29
41139797.67
45802053.84
44879196.17
45791680.21
76996286.7
47695769.17
46649548.72
40411429.45
76854430.29
74450019.13
21830001.49
44417733.46
75689961.51
44705764.95
77387389.99
46549096.27
24725869.21
47828767.97
45341896.75
46405841.61
45124134.91
75651650.42
39320297.55
23222892.83
46009855.97
22751026.48
24064532.23
23745106.56
21890138.07
75695606.15
46036493.35
45785840.08
77623816.69
45428135.15
42827057.87
45675742.31
76739606.12
77359442.93
42522169.44
42275481.95
43316253.55
75793938.39
46043092.82
75187691.93
22530523.85
23647285.43
24918891.72
41185439.38
41502946.96
74771129.8
76143557.83
45483901.23
19120007.19
22471887.58
40297283.26
41250912.98
24021036.99
42891617.72
44817157.21
23259222.47
78843569.13
46428858.97
21514567.13
44851751.62
45161424.12
22718931.63
77415446.61
44763581.61
77528763.99
78386550.47
76201089.76
40970152.72
44386832.57
42437215.0
41282568.68
40274697.13
39934508.86
76498694.04
44351457.97
40051422.69
43062373.87
41305922.85
74542442.23
77099798.98
75979566.41
44438306.65
45563063.96
46981999.88
41487029.92
22486482.86
77562932.1
48459035.23
45503942.11
75059709.26
47380222.12
43707722.84
74804226.87
44564369.46
39398588.77
43267242.42
47276283.9
26717634.04
22357285.13
41096979.5
25689438.27
77623816.69
45348248.45
44286613.61
77859285.84
43668591.35
21842840.6
74829412.22
24276096.63
22960508.26
76996286.7
76272924.62
23519893.12
22190337.2
75284993.39
77402589.52
23695223.44
45920572.41
24627529.72
40092466.71
22594076.22
41659956.97
22147515.59
44148464.19
75595734.28
13055996.47
24918891.72
40286772.03
21842840.6
74829412.22
22178553.82
76829862.76
23761273.95
46911345.77
47015912.59
39811605.22
43618354.03
24604726.64
75128357.86
24465025.9
22767148.93
77076530.48
45178775.76
41421815.77
44361089.34
75441857.2
76175595.57
74555906.62
22147515.59
42471827.6
76479464.39
76996286.7
76134546.65
22587222.82
41214307.75
22319715.35
78386550.47
46494804.56
42734188.8
44175135.84
42109722.28
77859285.84
45601680.38
42274699.32
41175764.47
76507099.35
46766158.91
75793938.39
22879725.95
40358916.05
41422742.56
18536774.04
26296268.68
78083305.47
45329148.51
23237664.49
39520440.8
75581733.05
46025662.15
43487499.08
18547825.35
40859934.79
24604726.64
40126357.71
21202470.53
76996286.7
75695606.15
40769062.81
46659398.3
76760902.66
21830330.64
75441857.2
22791864.4
76760902.66
41974281.62
40145004.66
23807702.87
22089824.23
44535538.47
41657088.41
20594595.3
26031591.34
75530491.33
76006525.09
75947673.23
24309448.0
78083305.47
44639577.0
40299279.76
40638622.07
24251422.42
26709931.3
44712122.57
76854430.29
19034223.14
40340699.94
42033155.58
18819852.03
26434064.7
46931522.83
22741021.66
75793938.39
77562932.1
44011865.12
22114732.22
26072775.47
75979566.41
45514986.32
43547689.59
24234314.75
41017021.1
40340699.94
48458170.08
40092466.71
39980494.64
44183778.5
22206428.37
76623298.45
25771777.39
43264220.42
77272239.17
41273037.14
24027552.9
45690497.73
74804226.87
40043486.37
23182166.95
77613943.67
41161863.69
78843569.13
42447380.68
40852904.22
44387265.47
74542442.23
25903014.17
23150024.07
76996286.7
23141450.87
40528049.75
25121887.67
45328368.9
75531527.85
24877699.87
24089886.96
46673595.34
75435382.61
75979566.41
76222900.74
46074945.08
22357285.13
43889772.0
46445150.39
42592481.52
13162130.74
40230738.19
25731131.05
44252090.8
41829507.53
45884357.06
24062415.49
46213189.67
46539348.7
41032969.94
41594108.71
41125805.68
76623298.45
21398094.6
25133956.2
45900780.64
45868817.31
42520766.17
20964194.89
26949101.92
24148284.69
78843569.13
25337648.75
45662809.9
45514986.32
41325118.07
43803883.5
42193102.45
77672252.69
45403487.92
47007283.29
24119771.36
43271628.37
75687489.6
45234322.66
23671406.7
46647425.84
45052970.18
46648251.2
40690111.25
20122956.03
42248276.66
24513337.64
43281300.01
42315851.45
45154745.55
40809701.19
75581733.05
23260662.27
46076425.48
39969563.82
26094516.85
18246159.22
42702523.1
39353765.97
41594702.46
46388276.51
40236270.47
76428726.39
76760902.66
40674791.47
40092466.71
42538178.07
47048928.14
43100796.29
41964327.56
76134546.65
44420932.62
77623816.69
74542442.23
25741112.68
25897226.93
76109080.09
45210418.42
46494804.56
41373356.06
42363549.63
43303430.89
77402589.52
24478453.02
46502651.0
45038201.58
74555906.62
23092782.78
44091847.09
40321346.35
25395592.55
45860314.41
47796771.41
21366582.09
43128456.33
26544873.06
45634492.51
45962832.81
22475706.25
74944144.42
41521179.22
45052970.18
47275487.56
76829862.76
24255926.71
78281807.98
39466890.58
22615217.78
75367632.21
41621076.33
25335190.56
42864254.32
26490152.86
39675658.13
26304431.11
22200165.38
75767392.61
22577832.19
45267675.02
77613943.67
24874257.14
76996286.7
47398002.06
44783149.01
76201089.76
45026950.03
45341342.16
76142970.56
41823719.44
46275394.43
42356957.06
45076281.23
39914187.09
76764341.93
40376255.33
22452875.67
43813766.46
76498694.04
74555906.62
13119285.01
76498694.04
47159542.37
46931522.83
76201089.76
76534661.22
40896930.75
45565827.58
77565330.43
22408674.09
47153056.93
43124955.8
42722082.45
77139088.88
44029278.02
44449255.13
41250912.98
22590606.72
13155890.68
23328151.26
43813766.46
22828000.78
77402589.52
47409334.0
22951110.73
43358122.44
45101213.09
22214754.67
22630828.68
47307705.85
40433234.59
44860013.55
45601680.38
42740260.95
44783980.11
42971939.79
42969335.18
75767392.61
46540008.35
75884938.62
44328713.81
75367632.21
76272924.62
40575296.17
76649167.4
42356957.06
40088140.95
76175595.57
76652396.39
76649167.4
42359272.12
42636393.76
39667971.21
24804733.91
46653225.05
75301676.68
44469070.09
40167845.88
44464076.01
45551997.34
44920652.47
23904540.61
39667971.21
41645272.89
42744557.65
41487279.35
41558573.48
78102823.79
43159367.61
76996286.7
75789400.17
74771129.8
40333550.93
76479464.39
41385041.2
42128975.4
39981382.42
46038085.17
41646017.09
42146247.78
45206667.1
41126068.66
46968524.16
44090624.22
46038085.17
23135227.76
25797121.74
41391017.61
23535608.9
39961337.92
45681185.16
19120007.19
39526717.93
13162659.71
43264220.42
75530491.33
25261126.68
41290538.83
76272924.62
48045145.64
45981368.89
45900780.64
25691220.54
44961859.8
40751499.6
44819071.65
43752241.22
74542442.23
45140862.1
44061243.25
75789400.17
45446772.34
41007036.47
41344220.68
74829412.22
40792062.19
77565330.43
44536408.72
45138743.52
21716240.09
77528763.99
42928117.55
46244459.61
40340699.94
41657088.41
45247508.46
76142970.56
41007036.47
13041432.62
77139088.88
40846127.64
13145555.68
75877738.56
46796024.52
45061475.53
77562932.1
41769503.42
75059709.26
45877902.83
44165361.7
46931522.83
25399464.46
40149200.94
41690545.24
26405416.14
45526189.97
25850117.05
42927345.93
45075330.44
41089130.19
24178229.32
74555906.62
76534661.22
76534661.22
40195873.91
40657874.64
44922580.61
41829507.53
45341896.75
43264220.42
44269746.92
76649167.4
45197647.13
25654211.86
25409473.77
76134546.65
76368796.65
46004792.83
42437215.0
74925903.9
18399438.66
40858097.35
22303944.54
22682858.65
46438478.83
78843569.13
41032969.94
76222900.74
24186147.05
38908735.76
76109080.09
39945363.96
78143606.43
41185439.38
46504467.78
23308641.53
24474247.25
75877738.56
47409334.0
40182397.55
75211777.52
25309116.67
44600229.53
25261126.68
74925903.9
26468101.08
44279136.98
42209960.2
40990222.47
40844869.34
77797694.5
75435382.61
39888717.5
22215091.95
47798935.59
45341896.75
74379834.81
43329208.86
40390574.66
24618776.41
21396571.73
47379321.03
76368796.65
22436342.13
39994692.25
40871338.81
23822145.19
26552454.08
23114273.46
42982638.36
45551106.55
23308641.53
40440768.86
23152962.4
74379834.81
45562270.21
47697270.02
40755609.61
24457791.31
40784522.3
76143557.83
40218599.24
13086480.84
47379321.03
39945200.63
46428858.97
76498694.04
43525379.49
41588164.16
22951110.73
25475195.33
76534661.22
45654490.89
22784406.04
44461604.76
44308966.21
40926620.15
77528763.99
42199948.27
41264130.08
41422742.56
13116642.42
44571129.91
43134244.64
43134244.64
13155890.68
42744557.65
43567694.96
75284993.39
40891586.03
76534661.22
22414788.55
43134244.64
75301676.68
20632052.7
23975317.73
76764341.93
44149538.45
78486505.19
21758158.26
25005771.16
75789400.17
45115075.81
40296883.08
78486505.19
45537085.5
46680023.55
78102823.79
45063111.58
78143606.43
23198740.0
40078743.13
46581377.36
40356048.99
13128954.19
78388654.64
45800899.82
44857405.34
74379834.81
26858984.4
75947673.23
75595734.28
44221188.33
43206537.14
40195873.91
44712122.57
21988662.2
40340699.94
40690111.25
44177478.83
40286772.03
47261485.04
75789400.17
23762539.4
45702871.8
22888075.48
22576504.24
23258011.48
44062620.33
22589791.95
46290781.97
41161863.69
39375770.63
76739606.12
76649167.4
23237664.49
45043076.94
22417462.47
44104038.55
75284993.39
44376602.0
42704873.64
44090624.22
40388958.37
41245436.3
46659520.01
44482127.86
43934278.29
44813436.02
44075144.59
46161620.75
19073345.42
19216124.68
21920540.66
46796024.52
75689961.51
46763248.28
45306865.66
40149200.94
24393055.03
45254582.9
46004121.2
13055726.05
17767528.13
21226615.55
44148464.19
43747777.1
20853934.61
40705948.18
40574573.68
75581733.05
23103988.8
43979258.43
47078499.15
76854430.29
45094798.37
39534028.92
45233720.52
78083305.47
41521179.22
75187691.93
41123928.1
39317621.71
40631832.68
24153603.83
47400458.13
47634305.39
21217211.14
40637063.84
40092466.71
21604915.11
41297937.64
41824472.98
39728068.24
13061866.11
23788146.85
77450778.99
77099798.98
75793938.39
41175391.74
74555906.62
75972273.13
45973886.87
23913780.06
78386550.47
24865600.33
40726989.65
74771129.8
77528763.99
44090624.22
40133924.15
78143606.43
44243435.15
40180041.16
44757632.19
78281807.98
41722809.51
76773662.38
76739606.12
44464076.01
13045698.59
22031760.89
44928760.72
43704668.73
75882578.62
25409473.77
43565632.55
45225891.04
45946909.66
41175391.74
75839518.82
24513262.56
44987969.54
46540008.35
44394112.16
43328469.7
45185156.0
21377771.86
40274697.13
39716048.09
44245553.6
46005434.13
76773662.38
45039639.58
44110908.61
76996286.7
45469942.66
40895185.17
13088163.8
45842788.67
78102823.79
40644716.8
39104948.56
22998413.49
40410759.4
21907017.17
44160114.5
22124002.44
42920044.48
74944144.42
24520793.48
45464539.01
24254528.87
44755399.38
46680023.55
40579270.07
39151097.08
45514986.32
22785593.7
21262787.35
21763697.36
47647775.54
44859015.51
41961251.11
40497099.14
23875096.48
76996286.7
25588730.48
75128357.86
41975771.75
75972273.13
74804226.87
44990630.2
24620089.92
40512530.62
42605572.56
19996971.16
22640655.37
42277410.72
22217191.33
44752546.95
77099798.98
44568066.7
22570437.16
41991758.41
25409473.77
75301676.68
45713007.99
39746185.6
47076426.28
44605010.53
46537893.78
13113982.38
21945992.03
44113385.28
40851188.05
13097396.55
25565925.6
47403598.65
22428480.75
75441857.2
76760902.66
24646261.01
77415446.61
22396907.0
76479464.39
41287797.72
41358592.55
22695308.62
26083315.7
75687489.6
77613943.67
75839518.82
47076426.28
76507099.35
45045925.78
76760902.66
45971795.03
42905574.04
38938860.8
40796998.1
44145251.44
44877050.75
75695606.15
75767392.61
45154745.55
41358592.55
20751000.81
76175595.57
24559960.95
78143606.43
45040428.48
77272239.17
77402589.52
77565330.43
21514567.13
45360666.1
45985895.48
22656178.31
41063142.69
77672252.69
43218393.27
39811605.22
45283104.67
44253498.27
24603435.6
24623164.67
24916423.43
45990305.85
44569608.57
40592062.03
40722045.02
78102823.79
26302875.64
43205506.44
45749908.02
23095974.83
43983314.17
27952108.92
78102823.79
40521471.14
42988797.91
46542909.67
26572177.8
22277248.28
39844177.23
13123776.84
13162327.67
76384116.04
76268646.3
24865002.99
22591507.43
44963443.95
21549780.99
75689961.51
25850117.05
24409939.87
40859181.33
21979729.17
75877738.56
46017314.75
20619208.93
25986833.76
40470827.36
46359779.98
42688925.7
41880878.96
76268646.3
45347556.84
42685162.75
24797838.7
40182397.55
45264187.74
43927366.93
39228306.8
41521179.22
41959602.4
44440320.19
45645354.68
77565330.43
24447465.02
46985324.83
23081503.81
42466856.57
43906858.76
44233561.71
43649969.14
75947673.23
39535256.43
22572672.46
41100526.85
21830001.49
23476441.86
24826433.87
42957280.58
43100451.65
41673598.13
43803883.5
42997832.6
42972411.99
45178006.62
22570437.16
24839075.66
13095067.66
40528049.75
46550337.68
24153603.83
40952456.54
21199474.74
25335190.56
75284993.39
45068424.25
75530491.33
79898117.69
42782364.27
25958523.6
43704668.73
40855155.05
40363587.48
46031570.21
45076281.23
75059709.26
22772326.15
23785649.19
78102823.79
45680423.68
41799910.36
42648658.62
43966678.2
43371587.96
47404635.64
22547095.09
40797592.69
27237594.59
40009379.16
47425664.17
39776672.11
18583478.67
20692206.91
21468288.69
40638424.85
43838642.82
25100980.71
44304365.07
47016801.49
22569703.33
75059709.26
20735552.89
46004289.3
42920044.48
26186998.53
13186770.8
41089438.31
77415446.61
46370258.47
45939058.11
22696240.67
74738372.27
75689961.51
44224326.57
78257958.23
25128079.18
24918891.72
77528763.99
45264187.74
21907017.17
22288239.91
76649167.4
43281300.01
24465025.9
41742730.35
44664669.54
26194157.86
75211777.52
23134444.72
78257958.23
44339265.45
39095997.92
41536047.55
22791864.4
45146076.66
41764012.67
45039146.94
77613943.67
74542442.23
40440974.16
41473157.05
75703486.43
74950892.36
24781505.23
39746185.6
25290318.74
46795233.93
39599651.33
22608492.0
17833031.84
44927474.8
77272239.17
23992814.27
40951211.11
46931522.83
45446772.34
41561790.62
44090624.22
21753799.35
41764012.67
75187691.93
75789400.17
39962097.64
21535715.75
78386550.47
74450019.13
43097812.91
44780966.28
75128357.86
75530491.33
25121887.67
74450019.13
23313194.19
40188642.83
22679984.84
25182016.08
23868190.81
42615507.42
45972981.93
46276054.84
22735352.99
40195873.91
25897226.93
41722809.51
42569477.24
45786477.45
23857009.93
76428726.39
76649167.4
22103336.26
43542775.8
75211777.52
22147515.59
44512787.06
13025934.45
75877738.56
41645272.89
45390040.12
44928760.72
42920044.48
74804226.87
40637715.18
41690692.3
45539211.17
21784629.44
78843569.13
13049962.5
40911530.57
74944144.42
77672252.69
41904827.11
45720925.36
25852161.44
45464659.25
41061310.08
41373356.06
25544261.49
24627529.72
41544980.94
23437992.07
43444273.32
21163142.83
43095324.58
44705764.95
75687489.6
47473264.8
76142970.56
45147474.48
46232361.7
74542442.23
76854430.29
77076530.48
47007845.34
76739606.12
78486505.19
41673598.13
24357380.5
18581456.42
76996286.7
75595734.28
25303449.29
40169809.37
41788822.24
75689961.51
43128456.33
41540794.34
74829412.22
76652396.39
27081090.04
45479331.23
39985551.96
42326617.5
19762368.75
40385728.8
23775296.24
44962016.93
45538882.91
46244459.61
41507466.01
21345687.28
74420028.74
77797694.5
76065545.96
39890532.21
23868190.81
40054392.12
47153056.93
41617334.2
76649167.4
43618354.03
77139088.88
45671221.22
46420864.02
44202857.43
43501982.7
22669427.67
20497699.98
75947673.23
44381381.81
78102823.79
25133956.2
23762539.4
45676783.62
44076291.37
44926447.21
44011865.12
45944622.01
44079454.39
44997638.07
76829862.76
23364571.38
18873829.73
40297283.26
44011865.12
46549563.13
75839518.82
23761273.95
76479464.39
76175595.57
26998173.82
75877738.56
78281807.98
76134546.65
76739606.12
46826057.6
41437893.83
40844150.06
74925903.9
76428726.39
39318343.86
74542442.23
41282568.68
42827057.87
75187691.93
42848832.27
41263445.11
47079818.4
19348295.36
76507099.35
41764012.67
77565330.43
23364571.38
23657646.63
45296470.63
75089663.64
42841834.97
23360222.99
76143557.83
25180831.35
40418968.85
25850598.28
47614829.99
74379834.81
76006525.09
45224347.32
44325552.89
45403819.09
40344983.22
43380433.52
76175595.57
77623816.69
44815531.84
45665312.68
40236270.47
45705196.65
42592481.52
40751499.6
76065545.96
24237252.03
23027998.1
75767392.61
42211353.84
42367479.79
38892770.85
75695606.15
41346758.24
78386550.47
47817188.85
22608492.0
44469654.15
44148464.19
45170647.86
78107042.94
46549096.27
75972273.13
44148464.19
75211777.52
25782240.76
45153820.6
44062620.33
41754746.52
40846781.16
77139088.88
40656179.27
46118547.01
75979436.6
46245881.28
76428726.39
27458940.72
23551736.24
25565925.6
74542442.23
76272924.62
13085605.9
45736112.5
44805323.18
75367632.21
76534661.22
45528309.08
41711137.74
44904764.41
45989154.76
78386550.47
26336457.87
22551322.69
77562932.1
45115075.81
23936018.46
39474145.44
41769503.42
25392403.49
45462562.4
21876965.84
42218587.95
46643620.06
27052245.67
41519806.67
44960513.35
22390365.93
75687489.6
42135234.32
39729710.13
42721018.26
75284993.39
46734989.56
46050187.52
45238438.54
44454225.68
41552086.22
45537085.5
41288387.4
42511823.0
42688925.7
40856516.28
44273159.58
75947673.23
76623298.45
39118395.56
24920620.82
75979436.6
43934278.29
44593083.98
44850406.91
39602576.43
25250565.32
77272239.17
42209960.2
42604783.8
42939447.13
46135666.75
45514986.32
44995473.61
74555906.62
77859285.84
44588197.6
44286613.61
42339384.59
75884938.62
21299476.07
45538882.91
42750150.13
46604998.42
40290689.16
25005771.16
75877738.56
47304982.67
45321953.03
40755609.61
75581733.05
40638424.85
44394112.16
74771129.8
22682858.65
21864464.11
42089718.79
41858931.57
76534661.22
44381381.81
75703486.43
45184445.96
40850541.26
77613943.67
75877738.56
45538882.91
41265688.67
41124582.75
23496261.32
47060319.52
41647592.21
22283905.1
74829412.22
75531527.85
75689961.51
40591797.98
75687489.6
39409132.39
42369458.81
40098652.38
46050212.74
76760902.66
45972577.91
45832294.99
23901204.72
44983542.75
42988797.91
46129240.14
24944562.3
24385280.8
43408093.93
77402589.52
45152296.62
44148464.19
13154975.17
23351689.52
22037393.84
47422315.04
41297937.64
45043076.94
41268264.9
41178873.52
78486505.19
45799707.04
20302842.54
45503037.18
43704668.73
75839518.82
22947993.71
22640916.53
39810418.29
44659749.8
24402073.55
40605370.78
41337447.35
43095324.58
42038246.38
74420028.74
23002351.0
45492673.39
39408363.67
42844928.18
24364082.47
40051422.69
13022006.54
45562270.21
78843569.13
45625238.89
75211777.52
22596032.29
74542442.23
13080108.38
22809457.34
76384116.04
43704668.73
25389122.01
45311499.88
39740472.51
41265688.67
39601897.01
40640740.12
42638117.7
76479464.39
23198740.0
46445150.39
44816910.44
45323297.38
24976937.73
76739606.12
21729305.27
77528763.99
42913007.49
78281807.98
76368796.65
21737740.91
23303786.1
47695769.17
41961251.11
75187691.93
45080379.06
78102823.79
39981382.42
21757627.51
42127547.72
41913168.45
42031550.12
45264187.74
74379834.81
75877738.56
41421815.77
47647775.54
78486505.19
41361581.8
44590662.79
44269746.92
45475877.24
41476975.92
76006525.09
77450778.99
23487807.69
40439332.87
74450019.13
24804733.91
75284993.39
44653433.79
23434735.87
41558573.48
40115224.58
77402589.52
26200637.65
44671707.84
39317621.71
22027344.77
44160114.5
75441857.2
44407885.82
44584524.58
46686610.66
40090138.06
44995473.61
41250912.98
39946932.36
23881676.77
45901514.8
41487029.92
24303383.84
21396571.73
76065545.96
43437212.52
74450019.13
39855394.96
75128357.86
40844869.34
45435628.0
77272239.17
41500502.42
42653060.27
21886091.86
46673214.42
13108916.81
76829862.76
24385982.38
39995321.02
46419411.45
77387389.99
24941002.07
76006525.09
75284993.39
76854430.29
45177255.96
48330723.33
77528763.99
41504656.84
44468582.76
44967585.78
46006583.84
41101203.14
42374636.76
23761273.95
40784522.3
22124002.44
20943851.45
45210794.75
46496937.2
22377212.98
39049810.26
75979436.6
43877618.82
44950011.7
76384116.04
43621445.19
25490566.55
44283528.85
45990608.08
41618092.52
47276283.9
22776206.53
75882578.62
23810346.63
23151245.83
46931522.83
76272924.62
76854430.29
44601154.11
76996286.7
75979566.41
76222900.74
78486505.19
42113469.5
26072775.47
24057850.35
39774002.38
41904827.11
22456249.88
46754469.21
74925903.9
22992952.08
76739606.12
41500331.26
40031967.95
76272924.62
23352750.94
41925831.08
74555906.62
75435382.61
78281807.98
75877738.56
41372663.96
21660636.45
78281807.98
23491934.93
46673582.32
41957212.56
45026950.03
45393552.37
74771129.8
43271628.37
76428726.39
40149200.94
42452170.31
43378035.1
26335258.9
47263717.73
74925903.9
42130411.49
21215333.78
41328301.0
22665826.54
39670305.08
47378481.56
44417733.46
44613206.09
40358916.05
76368796.65
44816910.44
47060319.52
46012382.79
42091957.24
75367632.21
13097711.98
74829412.22
46878546.74
23485131.11
42520766.17
41101540.28
77272239.17
21079462.62
46787426.76
41175764.47
41418595.96
75979436.6
74379834.81
26490152.86
22186902.94
44929171.79
39981382.42
44372197.31
41821708.22
41764012.67
47828767.97
43023237.31
42926471.1
44412563.57
43303430.89
22099216.45
41558573.48
22664875.24
39466890.58
44754001.65
24235323.54
22685147.81
42447380.68
22158902.78
44472858.18
44964784.54
23762539.4
76623298.45
22517038.35
43206537.14
40823315.65
21583502.28
42789752.75
45264616.68
45299190.14
43934278.29
41401147.55
40560698.01
76142970.56
40896930.75
76652396.39
40274697.13
42750150.13
43496608.32
41214307.75
25523284.98
23893657.67
40755609.61
41540794.34
76649167.4
43624872.07
45575083.36
44110908.61
45689255.6
22541517.55
23528243.88
78386550.47
46551796.94
39920730.62
75059709.26
22851289.59
46892689.51
22931154.04
76534661.22
75703486.43
75441857.2
42125327.66
39584699.97
75284993.39
42128975.4
45135958.01
43124955.8
74379834.81
76498694.04
45542701.38
40707433.25
75687489.6
46582151.91
44059512.36
25421069.01
74925903.9
23362228.52
24766959.83
25955561.99
40517873.74
44439062.18
42274699.32
43641912.95
75089663.64
45615327.77
77099798.98
46004483.0
45911199.11
76829862.76
13102912.21
47695769.17
20882471.01
76623298.45
24158207.67
42511823.0
22283689.41
42326617.5
26296268.68
23786757.04
22452875.67
25794384.63
42199948.27
75695606.15
43371587.96
46537893.78
24610058.73
43878031.34
46787426.76
78386550.47
40322986.87
46642288.11
43207857.18
44693271.86
75972273.13
39826758.56
76507099.35
79898117.69
40172491.62
24912656.21
45967003.41
40851188.05
44721547.86
42123107.02
40737962.75
22751026.48
23150024.07
40011640.21
41117330.47
45973686.45
19750322.2
19882392.24
75595734.28
76479464.39
45101213.09
47827915.64
13041432.62
43487067.79
44824732.37
21639701.94
40755609.61
40899898.39
13145555.68
74804226.87
76479464.39
22013751.06
45492673.39
25139517.61
22956863.51
21623738.88
40788491.71
78486505.19
39812136.61
26846829.98
41973531.22
13097819.55
75882578.62
41594108.71
42090394.36
22869344.07
42789752.75
46325548.02
24727061.7
39474875.64
44176776.33
45178775.76
23698665.12
45183182.11
21897507.39
13167943.22
77672252.69
21427291.99
26211010.58
21586902.93
76142970.56
21737740.91
41659263.19
41942919.6
40182397.55
19993456.31
40053383.55
22735352.99
41214307.75
39364457.76
44613206.09
47017486.17
45675742.31
41032969.94
45111834.86
45184445.96
22225895.29
22352828.76
22353759.93
46987188.92
41902293.45
46796417.86
76773662.38
45493341.29
77402589.52
23359941.13
26211010.58
44563031.7
40133924.15
76109080.09
42927345.93
23165058.48
22809457.34
45470847.59
44501364.48
43391814.67
75284993.39
42726057.59
78843569.13
18709437.06
76764341.93
26142282.95
42982638.36
77076530.48
44479171.82
23031438.77
44076291.37
39946892.97
45167372.85
23352750.94
41143836.19
76109080.09
22645138.29
44814672.6
23574189.63
44062920.18
38895282.19
43220565.35
45528309.08
76623298.45
20857463.74
77272239.17
45475877.24
77859285.84
77139088.88
44907592.43
25436111.87
45472064.62
24740796.57
77859285.84
45580680.97
41007036.47
22876469.59
23247496.04
46812033.19
40238443.06
41621076.33
39154950.72
22079518.84
77359442.93
22201152.47
77562932.1
42112904.18
23182187.15
42536194.3
39728068.24
47294518.82
40299279.76
40180041.16
41089130.19
22243556.54
45204176.66
19240874.34
76272924.62
76272924.62
21175055.88
13017445.78
77359442.93
42112904.18
45809516.24
23441060.51
23328151.26
26006498.9
45265218.83
46604998.42
77613943.67
40149200.94
76175595.57
78386550.47
78107042.94
75689961.51
13034579.52
23313194.19
46934312.06
45222989.09
40224022.68
74450019.13
46496937.2
42209960.2
40577094.41
75367632.21
22796425.95
76773662.38
41117330.47
44269746.92
76268646.3
13059537.53
41622232.91
18536774.04
40936908.35
40870634.91
43791498.3
46098116.69
77613943.67
76760902.66
74542442.23
24580253.8
22631622.72
25486692.55
76140728.73
21858992.92
21928149.82
40557900.77
44283528.85
41337447.35
76649167.4
23247496.04
40514073.64
13123776.84
26154396.66
76143557.83
42227569.94
23088679.48
76143557.83
41621076.33
23096209.1
22300875.35
79898117.69
78083305.47
21162283.77
45353785.58
43813766.46
24359802.25
41007036.47
74804226.87
74771129.8
44204273.93
24172734.75
44513798.56
78143606.43
43218393.27
43805765.13
26211010.58
74829412.22
45154745.55
25014637.18
47436803.63
76829862.76
44929171.79
74950892.36
78143606.43
76623298.45
41712038.61
40088140.95
44850406.91
75947673.23
46023158.9
45373006.4
44605010.53
21427291.99
47449900.1
44732366.51
25128079.18
21861869.9
45563063.96
75530491.33
21142495.78
76534661.22
75128357.86
75884938.62
76854430.29
46117952.77
13119550.9
22696240.67
44512787.06
40532159.23
45736112.5
22332799.72
21758158.26
77099798.98
42511054.82
21880706.41
21731025.11
76109080.09
25337648.75
41975771.75
76498694.04
76760902.66
23433700.96
44339265.45
46641366.0
75284993.39
22283134.78
44243435.15
41337447.35
39677740.27
24506276.23
44601154.11
22748414.71
22479236.46
25850117.05
40222817.82
74454798.46
76222900.74
45990305.85
39329589.46
45663764.6
77672252.69
22283905.1
40018887.15
45206667.1
41788472.55
45039639.58
46865376.88
45538861.58
40617276.49
78486505.19
19811780.02
40532159.23
24918891.72
45087600.52
40291387.63
24616852.91
40127989.64
43284224.46
77387389.99
21062008.33
22785593.7
75531527.85
75789400.17
45140919.93
25250565.32
40631832.68
40678432.45
19267725.67
40406947.08
39946932.36
19191233.24
46999396.7
76109080.09
45650805.11
77450778.99
44997638.07
40702764.22
44650822.64
22328511.05
45213490.72
43630533.93
23643995.9
75595734.28
41839413.14
40673973.84
77272239.17
45720925.36
22422453.49
74771129.8
75367632.21
42369458.81
21069659.66
22588505.97
41639692.28
44372197.31
40532159.23
43953689.75
76652396.39
41496073.46
40203324.19
40828299.18
46003700.12
42892311.27
25523284.98
44682127.19
41829507.53
44232644.57
41712038.61
75531527.85
46104654.28
25024746.04
74738372.27
74738372.27
42789752.75
42696731.32
45825815.34
40011587.67
43838642.82
41538423.12
22608492.0
47697270.02
13034196.41
40680959.79
75441857.2
45702871.8
75877738.56
18868466.79
23997894.72
76272924.62
76222900.74
78257958.23
23160377.88
44221188.33
23579650.2
42535538.07
45689255.6
40438667.27
23621656.92
75884938.62
22998522.74
40052761.79
45094798.37
76764341.93
78107042.94
21122894.11
24818511.33
74450019.13
45555600.23
76140728.73
45962079.8
74925903.9
75687489.6
40674791.47
22201057.26
75531527.85
45840123.91
39653956.54
42215307.26
45392725.72
42326617.5
44295779.1
39744210.82
42136698.77
75059709.26
45267675.02
46831628.1
18664082.27
25691220.54
41133912.26
19583551.11
40405492.28
45094798.37
41351795.89
42424762.35
44145251.44
46885903.43
46214713.92
75211777.52
44472858.18
24027552.9
40230023.69
23975317.73
41385041.2
47263717.73
21276339.35
44221188.33
47159542.37
44904764.41
44860013.55
40769112.61
13245337.19
77076530.48
42726057.59
75301676.68
48330723.33
77099798.98
23817069.2
40357373.95
40167845.88
23560737.84
42483828.36
22772326.15
78102823.79
46970995.43
44571129.91
74379834.81
77099798.98
75651650.42
43095291.7
43838642.82
76201089.76
44500848.38
45183125.89
18290954.25
40269757.71
44950011.7
41288387.4
25563712.06
78143606.43
74944144.42
41099100.13
76623298.45
75651650.42
45156273.49
45900780.64
40459531.6
44825328.51
45336617.84
76272924.62
45739349.71
22182944.39
76065545.96
46891291.5
42260952.77
44564369.46
45235222.05
18857480.77
41325567.42
45551997.34
75947673.23
42107343.81
44775374.7
45183182.11
75947673.23
39522543.16
75581733.05
24486153.52
40622458.26
43775667.32
18643430.15
24040916.17
44149538.45
42096272.86
40331621.05
45206667.1
76534661.22
40810316.78
43437752.88
75689961.51
45737335.41
44074522.59
76829862.76
48459035.23
24747660.4
13097819.55
46116431.37
25267832.89
75979436.6
42136698.77
44650822.64
43630533.93
23082474.11
75531527.85
75882578.62
46004483.0
75187691.93
22374612.68
45393920.51
22765819.09
75877738.56
77450778.99
45551997.34
75695606.15
45181027.06
40638424.85
77402589.52
45312280.94
46643620.06
42209960.2
44417733.46
22767469.12
41351795.89
75531527.85
77565330.43
44252035.17
21570063.16
42296133.59
20316940.92
44959122.01
40182397.55
46243413.06
42465375.09
21652371.16
39353054.53
21148676.07
24225165.98
43668591.35
77450778.99
76384116.04
23501266.86
75703486.43
23351689.52
44824732.37
45931321.27
40959164.43
23362228.52
48235254.52
23434735.87
39812136.61
25430739.59
44990630.2
27237594.59
40182397.55
43328469.7
40363587.48
41722144.31
41498729.41
44359470.62
75089663.64
48459035.23
77450778.99
22788945.66
44302722.78
44127762.57
44524448.2
45580680.97
40742893.65
75689961.51
48447191.1
45665312.68
13097396.55
74420028.74
75793938.39
23428870.91
43670740.59
44011865.12
26304431.11
76479464.39
46290781.97
44780966.28
45493341.29
44243435.15
76623298.45
41659956.97
46545181.11
45341896.75
43408093.93
46438478.83
42107343.81
44177478.83
22537714.86
47073526.98
40018887.15
23229101.97
41690545.24
23021710.42
22863411.4
17910945.25
77387389.99
41712038.61
24057850.35
77562932.1
76649167.4
21217211.14
26247861.38
76272924.62
45720925.36
77099798.98
40468188.9
21079402.52
22215222.33
44381381.81
42702523.1
74829412.22
45565827.58
41247368.7
44177478.83
20774531.94
22651167.71
23881676.77
46652438.86
22553722.31
46787653.97
46537893.78
47108787.16
78143606.43
23191118.26
47304982.67
46489028.41
76534661.22
76368796.65
76272924.62
40262121.07
40811996.05
45483247.44
43298726.38
21767161.72
45676909.28
44601154.11
23579650.2
43716891.66
41887544.12
74450019.13
24506276.23
23143755.29
21235642.49
47381452.18
21660636.45
76479464.39
45201249.97
24646261.01
42109722.28
75187691.93
23094728.0
74944144.42
76829862.76
21982321.18
77402589.52
44908389.06
40751499.6
13113363.87
24225165.98
23123535.41
75581733.05
21008087.75
75581733.05
41493611.95
46763248.28
44149538.45
22332032.64
42193291.15
24064604.79
45233720.52
45125292.5
19151514.87
44512787.06
40517891.13
43095324.58
41558573.48
40681351.52
46388488.36
44699505.63
76065545.96
18395424.84
21079402.52
40520012.38
77076530.48
45614422.71
45833445.7
40673973.84
75687489.6
21442557.33
40579503.07
41079121.55
22350401.38
23380679.29
42688925.7
75789400.17
41096772.8
46061385.93
44991854.07
24306923.03
39961305.53
21062008.33
77613943.67
24627529.72
24797838.7
44796098.24
74944144.42
44947046.23
77402589.52
24332013.76
76507099.35
40674791.47
42332099.55
23822539.2
78107042.94
23096209.1
44510596.66
13034196.41
21161413.34
22111709.21
22352111.68
76652396.39
40936908.35
22560703.48
75059709.26
44311183.9
41793506.69
44929523.71
75689961.51
76065545.96
76384116.04
23491934.93
45939773.93
41620106.21
44283528.85
41486262.49
40267348.89
47140808.41
76143557.83
43803883.5
76143557.83
41089438.31
23859549.78
47509279.98
46826057.6
39771002.74
23225283.04
22850791.75
44770560.67
40873362.47
20947211.01
41661365.84
39156653.94
74420028.74
24420207.5
26434064.7
40180041.16
79898117.69
44705764.95
76109080.09
75367632.21
21612854.54
18899242.07
39887299.0
75789400.17
40493830.46
77565330.43
41422742.56
21226615.55
77797694.5
22201152.47
44664669.54
26094516.85
75435382.61
44904764.41
22910807.68
45647521.96
75884938.62
24335507.87
40658435.38
13112622.34
77359442.93
21737740.91
21777919.84
41722809.51
42827057.87
24351612.28
41540794.34
43210886.88
46984470.57
76773662.38
41962650.05
75187691.93
40870634.91
75877738.56
76739606.12
22911981.51
40673973.84
40098242.23
22435471.38
25236344.13
45973886.87
45851090.15
25423398.33
24725869.21
78083305.47
23313194.19
45889685.89
41585943.88
23911880.74
44194648.11
42971939.79
45551997.34
22650136.5
75703486.43
40168737.83
46025929.05
46638744.71
13094702.25
42511054.82
45952157.46
77623816.69
21940671.45
76222900.74
44127762.57
43242291.84
77797694.5
18307005.37
75531527.85
43736227.18
23320731.84
44554016.34
40942059.4
74454798.46
45366239.58
21633019.74
42338228.91
13122241.91
40993523.08
46931522.83
41558573.48
24086561.87
41437246.45
41089438.31
40488340.06
40980666.05
46649548.72
44964784.54
41297937.64
21636885.48
77613943.67
24306053.51
40788491.71
44469654.15
21753799.35
22795782.29
40856493.28
41722809.51
41254356.01
41322925.9
40421842.15
47159542.37
18715789.77
45721515.9
24976937.73
42636393.76
78281807.98
44835547.14
76739606.12
40470827.36
25793542.33
26949101.92
43676924.57
41558573.48
74829412.22
43752241.22
75767392.61
44176776.33
43516065.47
41439241.38
25060627.98
24093484.97
40413000.47
26491549.44
76996286.7
43408093.93
78107042.94
43093004.39
41118151.23
23496261.32
44059153.97
75767392.61
77562932.1
25475195.33
45654490.89
18664082.27
74829412.22
75089663.64
45110568.03
42463595.48
22277248.28
45206667.1
20266324.77
41638591.84
25741112.68
46011114.03
45943124.97
22417462.47
40765139.1
22968393.49
75695606.15
22547338.59
44364774.42
45239948.77
45551997.34
78486505.19
24430815.14
22787379.53
45165068.55
19704769.37
43296488.94
42160920.69
21723134.53
23212005.24
46812033.19
47403828.92
22481627.04
22992952.08
25250565.32
75689961.51
47449900.1
75435382.61
22380612.42
46679198.19
41254641.8
18541075.72
22352111.68
25129536.83
41886789.06
21988662.2
42276734.65
40007491.29
45167372.85
43565632.55
43416151.53
39520975.54
77613943.67
40917671.12
75651650.42
76623298.45
22070566.19
24106983.71
40591797.98
76140728.73
75687489.6
24057483.68
75187691.93
41097312.69
38954557.91
23768476.44
76479464.39
78486505.19
46641366.0
46388488.36
76109080.09
44252090.8
75530491.33
41604859.33
75695606.15
41788822.24
26211010.58
43222661.81
75187691.93
45317546.19
42977225.19
45475877.24
44671707.84
21993364.09
78107042.94
45972344.22
21933774.03
45394472.67
23258857.61
76829862.76
76175595.57
47398002.06
42218587.95
75367632.21
40118862.44
45124452.11
44361089.34
75435382.61
21715626.85
23295150.23
22337636.19
26336457.87
39668630.57
24916423.43
77415446.61
74804226.87
75595734.28
42215307.26
44568066.7
45392725.72
23822145.19
46135666.75
78486505.19
21982321.18
22587222.82
74950892.36
41722144.31
13061866.11
75441857.2
46784086.46
41885654.9
43093004.39
45366239.58
44857405.34
44985702.09
22765819.09
21079462.62
42988797.91
26762313.39
41150563.46
44851751.62
77402589.52
40470827.36
78281807.98
44819071.65
76268646.3
76739606.12
41661365.84
23247263.43
42262999.06
42226612.51
23151245.83
46878546.74
42167520.2
43934278.29
77623816.69
26491549.44
45862611.84
22297101.56
75979566.41
19675343.25
22077695.69
21687073.9
42163927.43
24601789.41
75059709.26
42295150.89
43352501.19
75187691.93
24657314.98
40911516.53
45819318.51
21739852.75
44302722.78
40637063.84
75979566.41
44328713.81
43095324.58
25958523.6
23195201.05
46004541.46
23551736.24
25034219.8
44145251.44
44639577.0
24430815.14
21539139.25
46991542.12
42483828.36
19240874.34
76507099.35
22888075.48
41646017.09
45428135.15
46504467.78
42605572.56
45693447.08
41150563.46
43378035.1
23259290.31
78083305.47
39534028.92
19063218.82
76829862.76
45140919.93
75284993.39
41107965.79
20928060.86
24456212.1
21654636.47
76507099.35
45301141.1
24845398.82
23182166.95
78102823.79
45524607.36
46088030.91
24915589.8
22978125.49
76428726.39
45909716.08
20988105.72
75789400.17
44464076.01
40755609.61
43095324.58
45537085.5
41305922.85
43391814.67
22422953.97
24872009.47
77272239.17
45877902.83
45820115.26
45639555.09
46604998.42
43100796.29
23303786.1
21689180.49
24332013.76
20964194.89
45428135.15
22481627.04
77272239.17
24308652.49
46035641.1
76175595.57
21776201.86
22328511.05
23911880.74
45799707.04
43328767.94
43542775.8
26200637.65
41461272.27
45177255.96
39608807.79
42463595.48
76623298.45
45094798.37
76764341.93
45435628.0
76649167.4
39915362.39
22695308.62
41712038.61
74829412.22
42595489.74
20302842.54
18720242.75
76764341.93
74555906.62
76140728.73
43095324.58
46139416.56
23860932.5
23436903.02
24546268.77
78388654.64
13170391.18
45428135.15
78107042.94
41185439.38
41692179.52
45144698.54
41398815.07
44929523.71
75979436.6
22099216.45
46209464.65
77387389.99
41007036.47
46549096.27
18287939.16
40990222.47
77613943.67
24845398.82
41659263.19
75793938.39
41032969.94
43567694.96
47015912.59
76384116.04
24264837.24
76739606.12
39981382.42
24975899.62
44857405.34
74542442.23
42226612.51
24178080.76
75089663.64
43577393.53
39915362.39
75884938.62
76006525.09
45115075.81
43791498.3
43979258.43
77359442.93
44359470.62
40970152.72
23774665.26
22756521.91
75947673.23
25182016.08
44044368.64
78388654.64
41264130.08
41604859.33
78486505.19
40751499.6
13145337.38
76175595.57
75972273.13
44449255.13
45447620.19
39151097.08
44815531.84
21321112.99
13119285.01
22792980.49
24153603.83
76368796.65
44449255.13
41839413.14
41124309.2
45629394.32
41920693.32
46969421.98
77076530.48
40890964.56
22492525.19
46290781.97
41032969.94
45464659.25
41161863.69
76109080.09
44780966.28
45483247.44
41326241.46
45808124.19
77415446.61
22844299.19
25395592.55
45580680.97
46582151.91
22776206.53
41834891.23
74804226.87
77359442.93
75435382.61
42520099.64
40982096.11
42226612.51
40810340.09
77797694.5
45329148.51
43206537.14
42688925.7
24505816.96
23643995.9
46061385.93
42648658.62
46768461.25
40369098.75
22218093.98
42535538.07
13049962.5
40982096.11
41722144.31
75882578.62
46009855.97
21353219.36
22657509.19
44650822.64
42226612.51
45919767.36
39887944.66
76268646.3
43437752.88
43316253.55
22275450.94
25906155.59
45299190.14
75089663.64
41973531.22
25281960.52
40871338.81
42220100.39
25523284.98
43920688.81
45528309.08
76175595.57
39981634.7
38906401.38
40143235.08
43540572.98
41948274.02
74944144.42
43704668.73
44877847.38
45131577.91
22998413.49
47325798.53
76854430.29
40851188.05
75651650.42
44935507.24
43953689.75
42359272.12
40755023.45
45652285.09
24627529.72
77859285.84
44176776.33
45161424.12
46445150.39
41711137.74
25627907.74
39710330.82
22247105.28
23859549.78
24282010.96
22115837.96
21908995.49
22751026.48
42608446.3
43487499.08
44846814.48
44935507.24
45662809.9
45255278.78
42277410.72
42704873.64
21855278.24
42997832.6
44062620.33
41413605.96
41194069.52
76201089.76
45038201.58
45868817.31
24725869.21
75882578.62
22718931.63
43128456.33
45812705.6
39319798.34
77623816.69
74379834.81
46141252.68
45676783.62
43752241.22
45633537.81
45650043.63
78107042.94
40432941.35
76507099.35
41473157.05
44650822.64
78386550.47
44308966.21
44680828.45
77562932.1
47017486.17
78102823.79
42670852.46
45063632.04
20328920.34
76479464.39
75979566.41
39476718.31
45737335.41
43047066.39
75435382.61
79898117.69
39533327.38
42638117.7
23004420.84
76507099.35
41101203.14
45301141.1
75789400.17
25797121.74
75595734.28
75301676.68
75703486.43
45999952.57
78386550.47
75211777.52
40765139.1
26079492.85
40942764.74
21102608.56
40517061.01
23656971.23
13218791.04
76175595.57
43624872.07
40642192.9
75301676.68
76065545.96
45832134.95
46674517.44
25335190.56
22018353.49
45206667.1
22085808.46
19159074.08
22207013.39
19416218.4
22477602.75
78486505.19
19977573.14
44438306.65
47061094.81
78386550.47
41418595.96
23870866.75
76134546.65
22307960.7
76140728.73
41676236.78
41597072.62
46808272.09
75695606.15
39520975.54
45005430.22
21897507.39
40377159.54
40750746.2
22387255.27
74771129.8
74420028.74
40292816.29
76760902.66
45909000.26
40052676.78
41521179.22
47304982.67
26949101.92
44376602.0
74379834.81
44091031.07
76534661.22
46970995.43
21992194.65
25565925.6
40940472.94
40720415.79
76652396.39
41061156.57
40859200.28
40431193.08
76649167.4
45601680.38
41400514.35
47048928.14
43303430.89
39602576.43
22458471.59
25437502.02
47128159.39
24042069.72
40917671.12
