48643256.56
46393479.6
46368102.2
45785151.79
48357008.11
46282153.47
45953897.89
78093099.35
45933277.52
42013481.33
46084246.96
46810660.17
23410562.52
77181734.28
46557825.14
25577294.93
47351238.03
45985752.63
78725088.88
24327243.11
47183562.31
77592525.09
46700665.57
77729557.83
24296800.79
25075624.64
25450904.46
14517643.44
25482194.19
14495298.74
24476838.0
45944348.1
46836148.25
26410179.36
23779966.12
76036019.13
46938828.44
45769497.26
14604252.03
21720135.16
77565436.6
79974654.64
46977984.09
79669305.47
24930313.41
42499734.15
22973155.4
24737735.4
25475235.62
45715991.49
25087266.85
24422066.83
25022788.75
14461226.04
79867807.98
47869051.1
76006028.74
78858239.17
23343128.72
23571724.47
42679366.16
48116269.87
14570584.89
49281966.38
23437740.1
23428233.19
42765802.67
25643800.45
79867807.98
76141906.62
47149485.62
47633873.13
24650886.3
46711781.25
77854646.3
23461160.34
48230839.72
46698569.22
14574059.72
77558273.13
47345386.07
77970116.04
76036019.13
47373296.04
77808900.74
24766753.1
44209591.61
80429569.13
43753195.89
24469420.94
25764848.06
77353392.61
25065380.65
79445285.84
77116491.33
78093099.35
24015019.67
77468578.62
23697437.13
76036019.13
24661542.39
77237650.42
79258252.69
24335372.13
25522260.31
22333636.32
78093099.35
42426559.3
26418455.09
23167161.12
14558390.92
76006028.74
22682096.96
25255409.38
49894280.13
48727329.73
77970116.04
26111336.59
78325606.12
26166184.41
42006548.82
14617544.95
21094912.45
25501853.21
24598874.82
77728970.56
48083528.65
14524705.59
46690133.82
46185529.08
42665159.9
45517813.07
79669305.47
21212530.66
42062072.51
77720546.65
48627931.86
46783999.46
24055845.96
47855537.65
22023686.58
26021373.4
76006028.74
45812544.48
14479172.51
76141906.62
46433821.03
14447876.23
46285917.1
78209298.45
47108485.39
76390226.87
46446498.14
45583116.71
46506546.82
24852272.41
45986055.4
46352940.31
46446153.16
22042439.0
14564329.18
77533673.23
14607334.19
79148932.1
47096113.33
78858239.17
20228351.59
46141834.36
76324372.27
45842370.68
14660067.57
42036911.19
24334312.28
45650087.97
14689493.23
48843069.54
78209298.45
44826853.5
48779291.85
42357008.72
76390226.87
78093099.35
77954796.65
43977331.26
25274592.61
76887676.68
46294493.69
46527782.96
24668290.63
47458481.82
79843958.23
14499183.61
24242839.16
46025704.37
14598506.97
80429569.13
77117527.85
44097367.55
77375400.17
77425518.82
41397030.22
25612648.63
25018472.23
23999597.52
43084910.98
77181734.28
25441428.6
24691722.18
77854646.3
79974654.64
78359662.38
48738892.47
46997084.49
14558212.69
24333008.76
47591254.92
79258252.69
41862636.67
14644889.69
76036019.13
79669305.47
23562228.27
79445285.84
76357129.8
23741949.22
46352940.31
14547948.49
27770807.83
24409004.64
14610069.12
23856554.62
48259935.07
42389118.95
46574394.21
14506746.58
22425193.5
25714524.99
77289486.43
77729557.83
81484117.69
25700517.42
25663860.43
48079677.36
48246795.53
78415862.76
45881452.35
24163699.09
41025366.0
25799864.5
77375400.17
46785185.02
47646162.75
48978711.61
43273834.02
79148932.1
41997385.4
22940146.2
78014726.39
24333950.14
14598529.34
47358611.05
24134528.08
26488438.66
46409461.35
23367299.7
23260667.3
24409004.64
14607094.99
24906566.14
24806541.25
48245551.9
76536892.36
23753916.19
45968007.16
47126633.31
45900226.81
79036778.99
26188590.58
47272468.3
21606874.31
46609913.76
45943170.16
46032597.47
46557825.14
27246240.75
77720546.65
25014310.33
14569522.67
77273489.6
77854646.3
46558518.82
77181734.28
48013264.47
42255647.44
14504435.05
48845648.8
77181734.28
47456038.74
14476576.58
79114763.99
77116491.33
76006028.74
76645709.26
77533673.23
48514197.66
46600454.94
76006028.74
14523882.32
79729606.43
47254963.09
78093099.35
76645709.26
46610509.05
24345777.39
76953632.21
76536892.36
47323495.04
77651545.96
43969677.2
14539067.93
25095359.72
48639330.64
14472707.26
23524852.16
47097961.42
42884209.14
46947592.82
48147446.94
14614158.39
81484117.69
48312272.88
77167733.05
41834442.76
47304096.67
47272468.3
45697801.42
27306079.72
24631187.71
47406630.89
24875173.95
78325606.12
24858826.8
47488165.88
25049826.12
47709345.29
46386736.54
25220276.09
79669305.47
78084694.04
46794236.13
14507658.46
24364877.82
14592053.44
44316758.61
48517526.09
43325551.35
77353392.61
23929412.71
22296582.02
42962884.89
46033356.66
48564701.05
76536892.36
46018257.37
47468472.38
79114763.99
48077471.74
48434133.21
79209816.69
42553577.78
47115665.35
48273878.44
23276510.92
14470022.19
47484831.27
77592525.09
77728970.56
77116491.33
47256176.99
46422587.0
47416612.2
47235746.02
47537413.38
78065464.39
14467222.1
79001446.61
14584203.29
48246795.53
14595672.16
14484819.4
46778492.22
46947222.83
48125955.52
46852050.47
24469420.94
79151330.43
78346902.66
25663860.43
77181734.28
47221205.08
47435917.97
24477177.51
49945067.94
23131600.71
23956221.15
24501612.26
24967347.51
27158118.46
42363726.26
20245462.19
46572419.64
77281606.15
41207897.75
77027857.2
79001446.61
78014726.39
48295065.57
46639479.97
46029319.04
46763205.71
46266806.35
47151060.29
23037572.51
26086439.55
46568727.7
26864789.2
76324372.27
46740262.63
46852050.47
42100903.09
42083355.24
45437787.29
23938669.73
14460835.92
24736720.82
76357129.8
48357008.11
48169060.27
14495298.74
14535361.33
14497740.68
49133306.45
76040798.46
78350341.93
25239986.71
21088249.89
47564482.82
77729557.83
14571725.91
23704424.7
46849380.07
42217723.2
24230850.03
26815015.03
25327043.1
46851910.06
47130147.41
24132217.28
14497690.24
26429870.62
76357129.8
77468578.62
26727928.4
24333950.14
24361396.26
77281606.15
78685798.98
41635653.98
43977331.26
23941091.45
24240304.72
79972550.47
25756205.21
78662530.48
77970116.04
26815844.26
45734244.72
14574204.62
23210633.0
24439289.06
76415412.22
76675663.64
23658649.98
80072505.19
42094673.24
79036778.99
14625218.47
22519650.7
47713040.69
48199651.7
46926944.97
42607104.96
46504617.28
26299470.54
46048502.8
78120661.22
45700002.71
76887676.68
78014726.39
22227315.35
46866415.97
78014726.39
76036019.13
23901129.99
78238396.39
26155421.15
14664661.28
24123456.32
14582003.26
47097961.42
24335372.13
48452039.71
44736952.63
77353392.61
79151330.43
47402226.58
46424425.61
78084694.04
47185656.14
77761595.57
46938828.44
25100444.36
46441400.15
47004873.26
27112424.67
24370048.76
79148932.1
47098745.34
76128442.23
45901962.06
25862750.13
77726728.73
48067525.51
23167161.12
79151330.43
44622725.6
24483103.23
47512973.09
77237650.42
77808900.74
19938868.16
47973026.2
20530519.22
77558273.13
46978532.52
26596909.46
45997921.63
79151330.43
14502619.0
21321035.83
25865429.05
77787089.76
43485029.09
77695080.09
46073918.68
79036778.99
79151330.43
48327667.54
76324372.27
26253662.05
46710800.88
25455574.62
25022341.34
48161325.62
47905697.4
45971247.87
44139073.17
76675663.64
47347120.37
47151060.29
46987773.46
23948020.5
78093099.35
24833513.99
24113725.47
25731730.87
77116491.33
25830879.25
76128442.23
14528716.68
76797777.52
27111330.34
14555863.82
24347033.98
76797777.52
46232066.96
46664101.41
78093099.35
48198252.76
24467137.13
79445285.84
24649836.74
77117527.85
23218814.97
14446480.01
77720546.65
14507658.46
24304532.49
79867807.98
46025704.37
26207690.82
75965834.81
77117527.85
78093099.35
77379938.39
25714524.99
14470022.19
25455574.62
48246795.53
77533673.23
14573211.78
44554071.96
24860092.55
24870402.36
79151330.43
23079311.08
45820938.69
46166341.06
24475652.49
21745051.68
81484117.69
42192235.07
23676599.02
76006028.74
43727390.54
47046125.55
24534842.41
79001446.61
14570688.98
48450634.66
77289486.43
48891753.14
76511903.9
46033356.66
77728970.56
25719498.55
27572916.77
76953632.21
76714357.86
14598506.97
25193797.28
27470524.67
26855682.53
47509576.58
48894250.79
79669305.47
25875910.78
27718958.12
77728970.56
78945442.93
14514356.33
76675663.64
49133306.45
44094084.16
78238396.39
47423054.92
46710727.55
24307444.48
26118933.37
25819107.04
47171636.91
14601405.31
49077481.59
77289486.43
46639479.97
75965834.81
46386142.44
25744568.07
41597349.95
47534618.19
14582022.24
25556363.03
27306079.72
14635628.83
78093099.35
23724461.99
77116491.33
77565436.6
14558212.69
40869770.84
77729557.83
14537375.74
46393479.6
45870952.96
24670984.95
14515681.56
23999597.52
41834442.76
25861263.74
77565566.41
79383694.5
76040798.46
48312698.74
47239419.3
79258252.69
45768033.09
22963508.45
77275961.51
14604201.75
41087307.1
44973439.35
78014726.39
24314747.2
77167733.05
14537613.87
45931446.95
24021064.59
14527381.6
77425518.82
77651545.96
24846413.73
46793398.71
47435521.68
46947592.82
76773691.93
45932675.82
26878596.53
42904320.61
45770169.93
14521689.4
26351079.73
47140322.29
14503610.67
21957668.9
23559294.71
45770159.02
47169445.36
46648262.52
77379938.39
14533237.26
47268701.66
77281606.15
24346101.5
79693042.94
78359662.38
46851910.06
24488380.04
14572311.66
24844547.2
42823951.37
77027857.2
24201423.7
77533673.23
24982155.6
78209298.45
26080341.11
77281606.15
77468578.62
46598534.17
14507658.46
48259935.07
77787089.76
47720226.78
48077471.74
47098745.34
25270598.82
42094673.24
46700665.57
42727138.68
77470938.62
42205863.87
25523292.17
24748429.01
76128442.23
22035565.68
77695080.09
47489378.9
14604659.89
46903116.26
48562463.32
46618844.6
78014726.39
48895207.21
77954796.65
77379938.39
46268049.3
25029090.19
47869051.1
77027857.2
48499897.18
14467222.1
14470664.06
77565436.6
48856904.55
25245959.83
79209816.69
22759682.09
14602088.55
48869158.83
25873387.36
14454797.42
41764573.12
77558273.13
49331353.04
46976427.77
45968007.16
25162209.5
46783336.22
45954518.27
24053758.64
14620071.3
79258252.69
24877082.37
77787089.76
25775701.92
76714357.86
24623721.0
46422587.0
48590078.23
14503867.04
76390226.87
79669305.47
42725699.79
24476929.59
77275961.51
48627227.97
46998446.56
22514674.85
77275961.51
25656308.09
77533673.23
48738892.47
24386571.73
48845648.8
19575916.4
79669305.47
42509808.22
14501697.15
48105737.04
44631317.63
46686843.61
78209298.45
23812416.12
78120661.22
47506833.65
46080330.14
24793418.47
46728786.95
21759738.39
45587605.47
19914555.45
48775489.33
47470590.12
77281606.15
78725088.88
26048858.74
48844459.11
77237650.42
79151330.43
46529624.64
77854646.3
76536892.36
48642384.85
23422173.21
77720546.65
46926944.97
23883960.09
42886880.56
14461500.25
48775489.33
47364983.48
78359662.38
77273489.6
46218829.14
78725088.88
46853371.85
41641598.94
46756672.32
76036019.13
24594087.97
79445285.84
45865108.7
77167733.05
14541242.15
46838739.51
25067761.6
25715603.38
27158118.46
78346902.66
46781407.09
78346902.66
14597235.57
25678908.32
41504291.44
76390226.87
22475603.28
78945442.93
47043666.28
46098467.39
78325606.12
47757011.05
46437309.24
14458901.84
24152133.38
48517116.32
40776117.82
14517643.44
26501965.03
78346902.66
77970116.04
25594906.81
22787650.31
77787089.76
49331353.04
78359662.38
41900504.78
14476384.52
76530144.42
48513851.83
24370958.43
76536892.36
79669305.47
76511903.9
25819107.04
46738600.74
78582286.7
41707564.4
77375400.17
79036778.99
41386727.96
27748238.36
47004873.26
48169705.84
14604201.75
47523499.92
78238396.39
47238998.29
24945306.97
47109729.38
24334926.89
47603164.56
76415412.22
47424213.6
23544236.01
24364985.9
25016711.03
79114763.99
79199943.67
76511903.9
78346902.66
27069295.81
14536583.0
76870993.39
23635144.2
46232066.96
77463738.56
26028209.36
47762769.12
78858239.17
26214154.84
77651545.96
14495484.46
77027857.2
48582736.41
46768205.58
25212918.43
46764628.02
24370048.76
14481044.36
25470563.38
77353392.61
41798226.53
46665971.07
78325606.12
46413891.26
78685798.98
77729557.83
43540536.88
25470563.38
78350341.93
48781647.22
45600205.12
45151747.91
25764848.06
25049826.12
76887676.68
45574101.71
25606522.08
80429569.13
41967636.79
48213131.25
43601483.81
43413023.28
77027857.2
24204213.81
78093099.35
14618144.25
14510840.95
24211989.37
41995509.47
47200702.1
45983727.19
24512764.88
24931936.73
79693042.94
24476838.0
23600166.95
23796913.69
41154880.78
79688823.79
77729557.83
49907615.97
47603164.56
48144779.58
25948399.46
42473357.49
46565658.67
14633361.1
14495329.44
77027857.2
46085006.15
23849071.8
25577294.93
46824491.7
41810166.95
24807442.14
23055339.69
25603147.67
77954796.65
47649948.75
14561465.19
21569905.36
77695080.09
24210846.89
76714357.86
44427416.99
42654265.09
47223776.43
25590218.08
77651545.96
47470590.12
14464502.71
76773691.93
78120661.22
24334312.28
78346902.66
47760417.57
14541242.15
14472707.26
22748237.51
77281606.15
23764281.46
23462596.84
79693042.94
79209816.69
45900847.2
76141906.62
48452039.71
24466842.76
23724461.99
24951664.33
25956814.58
42678135.45
47720226.78
42962884.89
25606522.08
45942432.08
77167733.05
14587170.56
23551159.22
49467819.76
14687207.58
45798738.61
49051272.16
22519103.39
46824491.7
24175051.51
44083584.64
79148932.1
77787089.76
14481044.36
14464502.71
78440430.29
79843958.23
78973389.99
77854646.3
77728970.56
76953632.21
45785151.79
24736720.82
45838072.76
22670994.85
24522314.04
46559262.95
77726728.73
46589401.04
77808900.74
78346902.66
44634574.59
25265056.16
46018971.96
78084694.04
24132217.28
26041643.16
22005577.64
43457109.37
47436734.65
77720546.65
48561559.72
76714357.86
23589374.97
47013259.1
77289486.43
24364460.21
46679476.11
25939488.57
14454797.42
44937577.33
25952422.29
47456806.85
22519103.39
25464726.18
23551411.63
79669305.47
78440430.29
20341154.48
79669305.47
41817209.55
78093099.35
77854646.3
23694905.85
43434553.86
14493731.02
14553570.93
45665983.22
76040798.46
22139103.45
26207619.54
76953632.21
14478553.83
19822700.19
46142361.85
76887676.68
42036911.19
14509742.56
76511903.9
25078553.27
46424425.61
46552936.39
47132269.24
24305700.4
46088804.15
23887006.74
46457833.31
14533237.26
42607402.11
21669819.34
24252846.7
46833992.59
25336358.4
76128442.23
77787089.76
25690577.0
27112424.67
43721044.64
46738029.34
26299773.97
20530519.22
78440430.29
45189841.13
47743088.85
45717500.97
46882705.5
49048927.75
41856689.36
24037728.53
14607094.99
78858239.17
45506547.11
48157120.15
47509576.58
48312565.63
23587714.15
46392733.65
14461503.76
77761595.57
49311134.72
14548599.02
47153937.71
25482194.19
47304758.55
77470938.62
47122343.09
41348828.25
78973389.99
78945442.93
43041651.35
46207246.65
78084694.04
27735984.32
79843958.23
48027858.0
20477576.95
78238396.39
77181734.28
79258252.69
26621247.14
47000405.39
26224624.79
47165496.39
24227907.92
49125842.87
46834743.09
46220825.83
23837505.89
46785185.02
42084737.24
46835257.31
47303442.44
24598874.82
47435917.97
78582286.7
26571315.55
24662278.66
78440430.29
46646320.73
77281606.15
23504066.79
25646752.88
77695080.09
26208960.34
44631317.63
77558273.13
47436734.65
76645709.26
45984119.23
24164911.19
78582286.7
23838758.49
45932497.0
24334926.89
77761595.57
45574101.71
21808441.99
77729557.83
48127451.77
79036778.99
23680226.68
43693867.86
47407572.59
77728970.56
25100981.83
45519643.18
75965834.81
48484977.6
78084694.04
23898062.34
23574051.05
26337518.84
46277119.45
79209816.69
78945442.93
42288457.54
24922124.7
77463738.56
46690133.82
47461784.6
46091676.37
78120661.22
77808900.74
45822187.53
42474585.86
47468472.38
26919858.39
79114763.99
14530004.34
45872013.84
76128442.23
78988589.52
77808900.74
77167733.05
23769208.79
47606439.01
24257321.54
46666867.35
23887533.11
76141906.62
44064828.6
79114763.99
14554963.12
78209298.45
78440430.29
23699939.08
14495298.74
78415862.76
47164871.12
46698074.79
23437359.75
78014726.39
77954796.65
77353392.61
47517658.33
76006028.74
23648089.18
46782190.41
48354960.64
24999061.75
78973389.99
14442862.28
48244604.84
24555918.28
24414149.33
77954796.65
47177166.07
26466443.99
26229118.52
21946529.7
14550554.49
14495329.44
78084694.04
25103407.15
24484120.06
45352450.5
23745409.23
46837326.96
76415412.22
80072505.19
44443067.54
25522260.31
46405449.16
77720546.65
46700057.59
76953632.21
47304758.55
80072505.19
76006028.74
25797494.04
76887676.68
22490476.45
79843958.23
45333639.53
48700713.13
25660761.68
79867807.98
24316154.42
77116491.33
79843958.23
45881452.35
45715528.91
48434133.21
47456806.85
46774049.47
44907088.28
46826836.33
47221719.25
24094063.01
47097820.97
22825424.15
47855537.65
48871284.44
46232066.96
79843958.23
46491378.39
46837293.6
14543678.31
48106494.21
46436816.31
23837561.33
45765450.64
42188708.33
14714530.27
77353392.61
79974654.64
48424135.26
76773691.93
41641598.94
43572464.33
47346551.13
22313583.12
47161824.78
14495298.74
25067761.6
78662530.48
77237650.42
42012294.47
45849257.96
76006028.74
76714357.86
77289486.43
43119202.27
47455316.28
76714357.86
14469900.93
23646076.09
78415862.76
26818782.42
24504039.97
14515360.94
79036778.99
76714357.86
78725088.88
14575881.95
48013264.47
22515596.3
77854646.3
48116269.87
48106494.21
79843958.23
14667636.54
41130997.46
22510823.72
21017673.16
48105184.45
45321979.99
46774049.47
24906566.14
14562939.2
77353392.61
27466487.25
27777713.0
77720546.65
23752673.98
48312272.88
14577071.03
48027858.0
77808900.74
46001816.68
46911678.9
47508426.79
77728970.56
46038189.8
77353392.61
24257052.87
48842416.79
46439496.55
24860092.55
14562590.98
14444459.88
43300460.86
46589401.04
78685798.98
45943170.16
25753157.58
81484117.69
47564482.82
14554054.85
25164804.73
46747083.33
14539257.38
22631884.26
26348381.39
78359662.38
77116491.33
23600166.95
14572764.83
79867807.98
79001446.61
46552072.05
76390226.87
14599881.25
45680438.85
47001164.58
81484117.69
78235167.4
22471416.77
26911030.9
46342444.4
77565566.41
79036778.99
47043666.28
14529220.52
48781079.39
24364985.9
79693042.94
46025704.37
48297578.41
47675665.84
77558273.13
48434133.21
24802252.96
14469355.47
42113768.36
78325606.12
76324372.27
80429569.13
45968007.16
79974654.64
48502409.55
77728970.56
23857883.84
77592525.09
49945688.84
42532769.53
46643430.79
46867438.75
77558273.13
24197173.79
46836811.49
42776110.17
47272468.3
25802413.16
46547679.16
46573830.92
24555746.92
23669454.4
46040374.03
81484117.69
46738029.34
77970116.04
14607616.38
47046868.72
78235167.4
48103855.61
23276510.92
14534620.7
25679969.64
25743322.68
20229233.03
47122343.09
22804576.24
23838758.49
47306753.61
79148932.1
14530246.2
24979156.45
41370929.53
76324372.27
76797777.52
14496940.43
25475235.62
23454080.12
14529824.79
77117527.85
25726236.72
47488808.72
78973389.99
46344203.78
77970116.04
78582286.7
76415412.22
78440430.29
79729606.43
44948700.64
48198252.76
14520551.3
23741949.22
23941091.45
77273489.6
47098564.14
48244604.84
48565327.83
46780745.9
47471285.83
79867807.98
23895460.25
14607334.19
77379938.39
14600027.21
46557135.08
76675663.64
48435540.02
78235167.4
44519439.28
22137840.15
46456904.2
24346101.5
46700665.57
46858382.78
14530246.2
26743065.4
14572028.92
47522915.89
46925026.22
77651545.96
77565566.41
14499183.61
48241241.99
27111330.34
23588388.17
47239419.3
77289486.43
44692423.05
76714357.86
76714357.86
25464726.18
47372039.24
48170658.31
79843958.23
45113616.58
46155710.07
46838623.67
79972550.47
45325703.55
22840501.53
46141711.07
78725088.88
24189246.79
26856193.26
78209298.45
46996547.65
45508394.94
78945442.93
23553947.99
48797212.94
46797602.87
14606985.58
14458901.84
79669305.47
79383694.5
46289571.74
79383694.5
77289486.43
23849071.8
46268049.3
22296582.02
76797777.52
42038271.27
25032585.0
79148932.1
47306753.61
14618603.85
20971241.02
45814201.41
45842370.68
25387889.94
14640269.18
28073419.52
47727542.97
45993666.33
46626456.93
24036897.78
24555918.28
47586646.87
23556598.65
76357129.8
77761595.57
25908633.47
47180810.07
47319163.83
22815870.66
14496940.43
25351996.69
77021382.61
77116491.33
78014726.39
48260569.41
46967857.13
46976976.2
43457109.37
25153171.74
46610509.05
25165269.52
77808900.74
79867807.98
77273489.6
14495329.44
48495166.87
14539497.27
47437041.7
47338183.32
14627860.66
45933277.52
24531541.04
14463980.0
77808900.74
77117527.85
46681464.45
24303002.02
48075454.75
24227907.92
23737758.74
47579550.98
48183340.45
76870993.39
45655252.34
22341843.07
80429569.13
14518954.4
78440430.29
46218829.14
47263940.01
78325606.12
77237650.42
14528400.17
77468578.62
14572764.83
78093099.35
24296980.91
77021382.61
77565566.41
24053758.64
24853311.74
42830210.62
49313948.66
25620235.31
77379938.39
42721792.22
76036019.13
14508920.17
46038189.8
77275961.51
46331527.09
43612780.18
48169705.84
14636569.56
49399712.79
46963794.94
78350341.93
25908633.47
77237650.42
45934677.18
14519212.43
47626597.64
14552034.98
25885021.17
25565595.53
23714907.28
46812546.29
47603607.52
49148795.27
79209816.69
23996273.62
48587047.06
24887614.66
78325606.12
78945442.93
79974654.64
79001446.61
46675590.01
77379938.39
25032585.0
76773691.93
23385151.76
47424876.38
26506806.04
42799455.2
21008392.29
76357129.8
77729557.83
24590625.23
47405887.83
24295749.41
77021382.61
42864924.78
25589811.49
80072505.19
78235167.4
24113725.47
80429569.13
78582286.7
14552141.27
23528940.38
48521100.28
14552302.83
79001446.61
81484117.69
79114763.99
79972550.47
77787089.76
47588835.4
77726728.73
21606874.31
77181734.28
41891150.25
46557925.96
78084694.04
44172864.78
76870993.39
79258252.69
77761595.57
76128442.23
78685798.98
77565566.41
23550433.62
77353392.61
78858239.17
78346902.66
46142361.85
79148932.1
50036595.54
24701355.95
76645709.26
26214154.84
79867807.98
76390226.87
23849071.8
46018257.37
44799780.32
48896898.31
27882962.13
24177535.08
42583839.72
47521330.7
79209816.69
24556889.37
47649948.75
79445285.84
22609408.27
14506999.66
76415412.22
45985752.63
48232303.23
78582286.7
46822534.17
48871284.44
23356535.7
76870993.39
78988589.52
47469172.18
25148510.45
26216170.59
45855372.09
23451006.58
78238396.39
23729188.56
45768074.78
77181734.28
14461503.76
14623659.34
46048502.8
14506999.66
76415412.22
14551175.97
78415862.76
25333637.84
44334971.4
25956814.58
46424205.85
45239506.91
26194244.27
76714357.86
14604258.29
23930489.07
48164453.38
46741057.75
24683860.58
45984307.44
77027857.2
77761595.57
76141906.62
14525179.63
21587716.52
78065464.39
78582286.7
77720546.65
23753916.19
20767520.47
24145274.6
79972550.47
25464515.82
25895732.16
45700002.71
21321035.83
43807433.59
24211194.62
79001446.61
42661118.87
78093099.35
25678908.32
77379938.39
24045055.03
77117527.85
47183715.32
46666867.35
48279889.82
79669305.47
46881789.75
14576472.37
76040798.46
77167733.05
43448905.18
22442814.76
46644500.99
77273489.6
14610627.18
46742486.35
22067282.2
78582286.7
77281606.15
76887676.68
25645543.24
78346902.66
23657656.49
77027857.2
24611963.4
78346902.66
78662530.48
46761125.34
24968276.46
14477313.09
23781467.16
43148862.44
22161164.34
27198901.41
77116491.33
77592525.09
77533673.23
25464726.18
43823468.54
78440430.29
46911678.9
77375400.17
26068615.18
27878408.16
46336005.49
78440430.29
47169445.36
46108359.16
78858239.17
46945348.63
25675066.27
48547545.5
48107551.58
41760524.15
79148932.1
47373676.92
14477060.98
27658761.62
77565566.41
47131769.0
24490731.52
14558071.97
77720546.65
20186382.55
29119460.31
45855372.09
76390226.87
45716322.69
14481044.36
42675542.59
47590547.59
44885181.29
78858239.17
24605685.36
45575585.36
43109956.32
76390226.87
76390226.87
46925574.65
79199943.67
42776110.17
80429569.13
43934778.48
77565566.41
77533673.23
76128442.23
25143848.26
14568399.11
42830210.62
24305700.4
46292216.12
46965082.12
26458266.69
41596379.65
26466443.99
48103855.61
25539875.97
77021382.61
77565566.41
77808900.74
27026331.66
24177535.08
77281606.15
24923560.31
44085873.11
14524705.59
76773691.93
49892957.91
23356535.7
47592846.78
45716322.69
14606963.6
25193797.28
25660761.68
42648466.39
78238396.39
77695080.09
78209298.45
14547948.49
24382556.75
47522915.89
47491131.17
79974654.64
45944348.1
14714530.27
48013900.46
80429569.13
24582935.77
24766753.1
47137493.29
78209298.45
47165318.07
25423154.44
79258252.69
26479998.31
48625738.18
25691315.03
44805694.48
77273489.6
24285796.81
25259513.74
25608559.47
46670699.18
25609600.61
77281606.15
48572462.87
79114763.99
14628454.75
44902068.39
77728970.56
48517526.09
47424258.06
77167733.05
25085310.51
25164809.65
45730395.76
27678489.87
46091676.37
48465338.4
45968721.75
78238396.39
25238927.31
77027857.2
78014726.39
78346902.66
20305627.42
41706972.86
79669305.47
25820084.8
44721326.07
48574224.57
77720546.65
23739223.53
79209816.69
76128442.23
26911030.9
27482228.13
77695080.09
46826836.33
25464515.82
78440430.29
48125955.52
22343330.86
78988589.52
46192723.3
78235167.4
24145274.6
76141906.62
14590648.54
23609463.94
46934025.48
26984834.99
79693042.94
26621247.14
14516278.34
46491378.39
14693605.94
24691722.18
25018472.23
24057281.59
76530144.42
47283604.05
46672708.56
48891234.03
42840054.04
48198252.76
79867807.98
46086379.98
24437239.24
76953632.21
21060019.51
14641323.38
79867807.98
48486234.58
76036019.13
27470524.67
24025710.37
77353392.61
14496723.63
24498829.1
79199943.67
24123663.31
78582286.7
26333561.32
24007235.86
77787089.76
46650720.26
45160738.78
77728970.56
48435540.02
25327043.1
43969677.2
46699433.69
76415412.22
78350341.93
75965834.81
24030243.73
45435227.86
78084694.04
76141906.62
14496723.63
78084694.04
25473655.21
48547545.5
77787089.76
42426559.3
46659051.25
24796202.87
79151330.43
23571724.47
46988674.63
48884816.46
79209816.69
78725088.88
76887676.68
46075219.05
47013259.1
14545434.19
14518822.68
25153171.74
47177419.6
46557825.14
78988589.52
28218446.26
14557354.71
76141906.62
76536892.36
23074812.92
23797933.28
26264243.25
47046868.72
78238396.39
47223776.43
44361172.81
24128046.46
78945442.93
79148932.1
77353392.61
48159286.75
77470938.62
45952614.46
76953632.21
77858924.62
77375400.17
78235167.4
48118014.51
46698569.22
77761595.57
78238396.39
78235167.4
48120339.26
21808441.99
46280362.08
46557925.96
25566624.3
76887676.68
23631382.26
46780745.9
46085006.15
24169392.53
24238480.88
14599881.25
46280362.08
48258733.12
79688823.79
42976177.51
47320414.35
79688823.79
24209200.64
78582286.7
77375400.17
41295763.33
46947222.83
78065464.39
42999384.1
78945442.93
45746494.05
25272292.09
48259480.62
77761595.57
48561559.72
77533673.23
25873387.36
45708154.68
25272292.09
24962311.32
14657103.6
48011974.66
25111657.65
46573631.13
47238998.29
47405887.83
46141711.07
14519663.03
44885181.29
77116491.33
14637417.3
47907035.48
77858924.62
79843958.23
43397506.3
47516737.34
47514475.28
24143972.54
20381232.99
23621523.92
47112095.75
45936828.17
24242839.16
23422173.21
77375400.17
24501102.69
42624340.01
47957986.11
76415412.22
47406630.89
48309314.76
46094229.89
46668408.55
23544236.01
79114763.99
79972550.47
25246834.68
46108359.16
24999061.75
24490731.52
77728970.56
20647408.65
14448466.11
78725088.88
47462569.59
14510619.66
77463738.56
48362021.08
42480219.18
79148932.1
77651545.96
41862636.67
77651545.96
22915787.35
48549484.86
14643875.92
45913563.75
78325606.12
27988230.11
24686442.13
27436246.34
46286114.6
24376850.94
20656629.4
25769121.02
41452541.19
78120661.22
78120661.22
41810166.95
47270588.72
24044046.04
47592846.78
46965778.3
46622698.2
22940146.2
78235167.4
45034885.21
24903550.44
14668093.07
77720546.65
77954796.65
47571536.06
44059233.7
76511903.9
46573631.13
47469980.05
24132217.28
14500967.08
78415862.76
80429569.13
46797602.87
77808900.74
25361127.14
45522758.65
77695080.09
76511903.9
79729606.43
46947592.82
48129474.59
24163684.58
25633207.39
77463738.56
26291944.4
20049976.95
46482633.99
26479998.31
25756314.9
14637417.3
46133448.57
25710927.6
77787089.76
47973026.2
20582691.94
47456038.74
79383694.5
77021382.61
46502333.86
45733143.7
26632894.77
23901129.99
75965834.81
49944978.44
46155710.07
26207690.82
14454235.38
26213004.47
77954796.65
23296254.22
46608087.12
47490579.67
47675862.89
27718958.12
24933849.82
44604345.09
48908822.08
14601893.0
77116491.33
48435540.02
75965834.81
47178839.44
79688823.79
20337786.28
46074446.93
77808900.74
77729557.83
45983727.19
14478115.23
26213004.47
46557825.14
78582286.7
78084694.04
45056565.56
48199651.7
24529246.24
27063690.15
47375200.16
47216252.91
14607616.38
25262369.62
23570720.28
47539325.76
79114763.99
78988589.52
77592525.09
43035943.79
14496940.43
23764281.46
46492702.92
46492702.92
14518822.68
79688823.79
24498829.1
76870993.39
47514475.28
47375200.16
14489812.12
46496741.82
42013481.33
45717500.97
25565932.45
78350341.93
45759818.28
80072505.19
23588388.17
26593149.24
77375400.17
46732010.61
46909892.64
80072505.19
47162014.62
25805292.83
79688823.79
48424135.26
79729606.43
14567037.79
46696472.73
27528940.51
76797777.52
14504435.05
79974654.64
79729606.43
23505385.11
75965834.81
48922325.44
77533673.23
77181734.28
23021125.02
22201493.6
45958298.8
46328639.45
14575454.72
20186382.55
77281606.15
47535405.61
19973360.85
26068615.18
77375400.17
14596359.1
24202037.58
24466366.41
24397282.08
25075624.64
22955012.66
24409004.64
47907733.7
46924468.46
45995420.31
78325606.12
78235167.4
24817066.57
76141906.62
23997803.46
43928719.58
41402703.91
27293590.63
44316794.6
45708154.68
41873029.9
47855537.65
48280538.99
44308042.26
45558026.23
48174480.33
45634984.54
45989817.02
47455316.28
47424258.06
14540243.18
25877099.18
77275961.51
48332370.14
77117527.85
19768638.3
26213004.47
24382712.75
26973979.73
14458063.91
45664088.76
46093630.51
45764279.73
45243300.52
22425193.5
77858924.62
77375400.17
77167733.05
14563875.21
47337983.73
79148932.1
78440430.29
23697437.13
75965834.81
24284993.63
79669305.47
20935989.34
76773691.93
77533673.23
45930874.38
42113768.36
14593332.87
44824313.8
45053397.05
14542321.78
47252899.76
45855372.09
46618844.6
20810914.38
78014726.39
46340858.81
14461497.56
14619814.56
42765802.67
78685798.98
77379938.39
46938828.44
76141906.62
77558273.13
25130928.72
25731247.07
79972550.47
24116831.08
77470938.62
76357129.8
79114763.99
22852764.29
46749930.48
79729606.43
45864696.99
45943720.89
24010480.47
44216203.94
47483904.78
78359662.38
78325606.12
46087139.17
14450527.56
23856779.01
24048349.13
47066960.12
77468578.62
14668093.07
45053397.05
24314747.2
24408017.15
20724787.95
77425518.82
23764761.35
46611199.11
24864476.17
23105971.59
49091727.45
46757248.33
14549121.04
20080428.71
46333158.65
23648089.18
25074905.12
42690152.84
23682799.92
47471172.63
78582286.7
24504039.97
76870993.39
14476745.32
24870402.36
79688823.79
42257724.69
45716190.67
14617122.47
77379938.39
14470664.06
45784934.49
23708037.89
46284013.17
76530144.42
14606219.44
77167733.05
14599126.21
23998664.79
25805292.83
76714357.86
45769497.26
24064180.53
24609632.39
14446480.01
46838739.51
26614348.94
24209200.64
78065464.39
47112063.78
14577880.21
78582286.7
47490141.6
40973861.63
78662530.48
77558273.13
76390226.87
46553275.79
14612165.39
76645709.26
45969875.58
48448560.67
14604252.03
48896245.56
23798369.05
78415862.76
78685798.98
46194899.49
46092409.81
43492926.62
26978641.7
76887676.68
24930313.41
76128442.23
79151330.43
24033660.72
48157120.15
14493731.02
47087749.03
77425518.82
46613806.72
14482815.45
14649164.85
79445285.84
23285115.38
77027857.2
78346902.66
26236742.39
79001446.61
14532965.87
78065464.39
78093099.35
20755246.88
24276531.96
48156440.2
46988055.12
79199943.67
77425518.82
79151330.43
78093099.35
24189246.79
47674392.74
24970396.15
24033660.72
45559405.17
77558273.13
22978162.24
24041978.91
77281606.15
46805685.08
48514197.66
42973452.29
14523320.05
42546236.21
46141834.36
79729606.43
24156844.97
78858239.17
78988589.52
43474530.96
23078159.43
24554172.92
25127717.72
24482890.79
77695080.09
43571188.24
79383694.5
46424205.85
24019838.47
23367299.7
26418117.95
25799864.5
26069570.73
24905445.05
77761595.57
77468578.62
77808900.74
79688823.79
25544635.62
22158742.15
45583116.71
14588609.14
81484117.69
27192055.38
79688823.79
47134260.96
46347395.44
48165997.15
14693539.05
23858334.23
76006028.74
14499448.85
14523882.32
77970116.04
77854646.3
48869821.25
14569712.75
24123456.32
23131600.71
42052381.35
27436246.34
25566624.3
46622326.38
23808645.3
77463738.56
45849820.07
14514513.41
25233038.43
46233109.11
79843958.23
48450019.18
48501679.66
77854646.3
26363831.4
44178863.14
14617033.5
20049976.95
23877025.04
45455389.8
45841213.08
43135015.84
43572464.33
23562228.27
24611963.4
79151330.43
14604831.26
25865429.05
24905445.05
79199943.67
77858924.62
23651140.91
47011197.44
77533673.23
75965834.81
14542192.16
77729557.83
23410562.52
14527658.83
26414295.6
80072505.19
24197173.79
47438075.14
47161824.78
44494117.19
44489831.5
26290689.86
46092409.81
48844459.11
14481311.43
46292216.12
25523292.17
25746544.18
77720546.65
22764670.89
14641323.38
76870993.39
24343930.02
77116491.33
81484117.69
23745409.23
27542848.61
22610020.46
77565566.41
77021382.61
47586646.87
46699433.69
76645709.26
24597856.73
24945306.97
79688823.79
26656213.63
77463738.56
44269834.93
24857173.22
44993169.43
26242929.73
24370048.76
77558273.13
49315360.19
76357129.8
44852346.66
46388012.73
46780178.0
45522758.65
46506546.82
46399968.25
47197750.43
46887600.92
45830309.37
48580327.61
14541124.03
46708723.43
45665983.22
45830309.37
44541660.13
48171217.74
14537613.87
20653532.85
79001446.61
78084694.04
25001797.51
14575881.95
46231552.44
77275961.51
23635528.47
44332428.52
26714591.05
14623659.34
79114763.99
46887586.92
14470664.06
23452135.22
78235167.4
46643103.66
26054040.45
48354960.64
23482396.17
14678079.67
76797777.52
24956075.4
79843958.23
23769208.79
45715238.41
24833513.99
24611963.4
24285920.59
47521607.96
24146516.15
79199943.67
76128442.23
77181734.28
77728970.56
77289486.43
76536892.36
14618745.72
76128442.23
26458266.69
25756205.21
75965834.81
14545209.05
45900226.81
76390226.87
78858239.17
25154277.08
77720546.65
48549484.86
24501102.69
77808900.74
45717669.41
14465274.64
21134073.7
76773691.93
77375400.17
46574394.21
14458063.91
79972550.47
76036019.13
22281386.72
46402450.56
76714357.86
77116491.33
46963098.76
76036019.13
24891778.0
46810020.02
24504039.97
26768826.13
47708085.79
23785618.6
25012470.91
25443890.61
46424739.6
45958298.8
14665574.9
43336033.69
78725088.88
79974654.64
14540576.77
78014726.39
78235167.4
22963508.45
22493599.25
41533049.05
23729188.56
46142567.8
14439724.23
77463738.56
48258733.12
79151330.43
24048349.13
46284013.17
41332539.69
47253553.99
48311818.13
24801062.92
22642510.87
80429569.13
14456417.92
42399898.21
46046953.47
79258252.69
77695080.09
47345386.07
25095359.72
24566762.45
47675306.1
78440430.29
47422467.14
26216170.59
48165319.43
14525222.47
46806763.13
49892247.52
22051805.67
46322884.16
77273489.6
79974654.64
77728970.56
24296479.77
43650363.23
76128442.23
78440430.29
78662530.48
26060619.84
43041651.35
44244376.35
47438075.14
25947130.32
46617025.77
78582286.7
77181734.28
27123047.8
46782190.41
47551754.75
77275961.51
22143198.21
21099808.6
76415412.22
78238396.39
26322406.6
26508428.04
46598534.17
48090359.28
48197530.5
46998446.56
24933168.68
24112489.49
47156274.99
25246834.68
48128829.34
22911362.48
76006028.74
79383694.5
77651545.96
46503635.98
47708085.79
46672125.53
26204384.58
78235167.4
42904320.61
46981014.81
78725088.88
24748429.01
27246240.75
23452135.22
77027857.2
24494659.9
14510840.95
77533673.23
23210633.0
79688823.79
26307879.69
14596359.1
24260376.89
22940705.13
24036634.18
47370178.63
24943502.68
41494459.15
25760535.32
78415862.76
24944593.33
47085821.91
77021382.61
45632610.71
25522260.31
77425518.82
14593773.97
47305601.42
47496000.81
26236752.72
77463738.56
79867807.98
77720546.65
78325606.12
25822269.16
77954796.65
47455316.28
76511903.9
78014726.39
45933277.52
40986973.01
77181734.28
44439411.74
76773691.93
44372838.02
77592525.09
48651524.34
47537413.38
78093099.35
47521607.96
43360579.24
24944593.33
25475235.62
78858239.17
76675663.64
25946797.69
14523882.32
77729557.83
26769806.64
41904221.39
25100444.36
26419068.09
75965834.81
77592525.09
24303987.38
77695080.09
24562936.93
46965082.12
44908735.96
47496000.81
79209816.69
46435929.53
24792304.9
77027857.2
24820321.91
25643160.57
46518898.28
77651545.96
25415004.0
24606381.99
77353392.61
21279198.34
45729520.82
45506547.11
77281606.15
47959950.46
79972550.47
45243300.52
14545209.05
23658649.98
45768074.78
24515566.24
48778430.85
48165255.48
77558273.13
45770159.02
76797777.52
26956771.55
24358200.31
47419096.57
78325606.12
47457397.14
78725088.88
77468578.62
25078553.27
77565436.6
25257842.66
78014726.39
26701516.89
47372039.24
14649164.85
45936828.17
77858924.62
14478553.83
47358611.05
76530144.42
76953632.21
78120661.22
24087553.0
21017673.16
48261847.2
43412014.97
49048927.75
27920750.75
14569045.05
79148932.1
23705481.33
25754858.6
46091676.37
77651545.96
26980042.94
24554978.32
23703251.56
79258252.69
27601121.52
26291944.4
78350341.93
24133227.37
24215816.2
77273489.6
78988589.52
46341982.96
23739223.53
76870993.39
25643800.45
77729557.83
78662530.48
78120661.22
78346902.66
24018273.97
78093099.35
49130801.33
48450019.18
47468472.38
23600166.95
77533673.23
78209298.45
45733143.7
26508746.85
77565436.6
45551357.58
24036897.78
24233693.58
46216658.76
26837992.35
78858239.17
43824394.87
25747326.0
44427551.55
25246708.59
47137493.29
46559262.95
76141906.62
79445285.84
46122781.57
23086183.96
25421458.96
77470938.62
14513079.96
47163592.87
21783483.13
48224155.77
76797777.52
14628410.07
77463738.56
48920267.37
24426590.22
46518674.4
77167733.05
42251863.48
46018971.96
76357129.8
14500967.08
23429435.66
78685798.98
77787089.76
78120661.22
47744809.92
46591296.1
24414149.33
77425518.82
79199943.67
42309368.96
24057587.23
77592525.09
77533673.23
14526275.59
27724659.14
48260569.41
45931446.95
46104680.87
46545602.52
77275961.51
46354442.21
77273489.6
46024685.52
43983052.84
76324372.27
25269157.8
78346902.66
24971463.16
45655252.34
14582829.95
46518629.77
46351319.64
79972550.47
14624159.68
49894280.13
46764628.02
78988589.52
24333950.14
45764279.73
14519212.43
48727329.73
14478115.23
26407111.26
20810914.38
76141906.62
24538697.17
78065464.39
80072505.19
47423054.92
48843719.2
24587028.69
22610020.46
77425518.82
24112489.49
46277786.58
76128442.23
24137200.44
25574700.72
47223262.25
20818622.22
46456904.2
78662530.48
76006028.74
24164911.19
26560128.15
46023913.39
46210166.85
25523292.17
76870993.39
14433815.71
47178839.44
80429569.13
24674032.58
46482633.99
14542126.99
76128442.23
14471523.54
14503610.67
77970116.04
47066960.12
26560128.15
46845920.86
76036019.13
77592525.09
46215976.32
77858924.62
44259669.43
78065464.39
14567037.79
48061387.83
24025710.37
24437239.24
46833424.7
78325606.12
22589487.52
79114763.99
23948900.28
79867807.98
77954796.65
23321095.07
14574059.72
49316060.05
78065464.39
76773691.93
24340701.76
43981132.21
41597349.95
23582476.71
79148932.1
43397506.3
78858239.17
46889379.06
75965834.81
77463738.56
42910699.66
26614348.94
49077069.59
20799467.34
42012294.47
45886405.54
47100552.7
78582286.7
77592525.09
79036778.99
14527381.6
77116491.33
76036019.13
46556030.57
41290905.42
24121503.42
48844383.12
47320414.35
76870993.39
43372874.16
27785160.3
44489831.5
45930874.38
22888851.47
45777573.24
77027857.2
23623949.12
41997385.4
46520699.72
46700057.59
24308945.4
47013259.1
46559083.06
45557515.49
47524232.91
78346902.66
14620764.54
14454235.38
77651545.96
24399506.35
76036019.13
46475402.66
40973861.63
47456038.74
47056257.63
78858239.17
48112826.32
49263429.89
14569712.75
44095164.19
14489812.12
78415862.76
25556363.03
46608718.67
77728970.56
48451312.63
46670116.15
77592525.09
46239630.89
42721792.22
24531464.66
49945067.94
79114763.99
48116915.43
76040798.46
24240304.72
25085310.51
77729557.83
79383694.5
14593773.97
77808900.74
14526152.76
14528400.17
46836811.49
25476085.32
24204213.81
45664841.83
77565436.6
77353392.61
23731877.7
77970116.04
77117527.85
26656213.63
45851557.74
25148734.32
48230839.72
25556292.79
23938669.73
77468578.62
24971463.16
24730999.2
48546141.93
77858924.62
47555574.35
46166341.06
78582286.7
42093683.26
77808900.74
80072505.19
48725920.19
14675013.54
24911344.57
46391442.58
77695080.09
24284993.63
44178863.14
76511903.9
24814062.05
47881394.97
77954796.65
46644500.99
77858924.62
14601405.31
21310830.73
76141906.62
77021382.61
79867807.98
77463738.56
78440430.29
14528716.68
79867807.98
24652126.41
48290135.47
43448905.18
46650720.26
77181734.28
76357129.8
24232492.56
42331753.24
19768638.3
21710809.74
79729606.43
48295065.57
26080341.11
76511903.9
78945442.93
22780261.18
24660481.38
46386736.54
46282153.47
26155421.15
47774945.43
23948900.28
77117527.85
77954796.65
24025710.37
25797494.04
43438173.71
78685798.98
76953632.21
14483987.1
76415412.22
48495057.17
47253553.99
79974654.64
42598211.27
78858239.17
45934677.18
48403160.66
24484541.57
77375400.17
77565436.6
75965834.81
48484240.38
24013972.68
46552072.05
19847525.6
45996158.39
48434133.21
21134073.7
49399712.79
24054042.06
79867807.98
77854646.3
44924550.99
22959157.26
20996680.63
46340858.81
46084246.96
23930489.07
48111599.88
14497690.24
25647460.72
23716273.28
23808645.3
48324468.82
25338752.63
78209298.45
14490831.76
46573830.92
47435275.13
23147169.35
46157564.64
26290328.42
24454883.71
45558026.23
48013900.46
47171636.91
77728970.56
46659051.25
78238396.39
46040374.03
48508314.55
45034885.21
20767520.47
27110008.4
14601394.16
46518674.4
43156395.14
78235167.4
45145191.69
77281606.15
22949816.17
45516762.51
23704424.7
24691722.18
79972550.47
25533971.17
76530144.42
41757978.12
24015019.67
25776551.16
46686843.61
78120661.22
77289486.43
77027857.2
79151330.43
76040798.46
76870993.39
78945442.93
24335372.13
48884816.46
75965834.81
78084694.04
77468578.62
42192235.07
77273489.6
48147446.94
77273489.6
47325490.0
76511903.9
14578639.64
25939245.24
27112424.67
77167733.05
23551411.63
79001446.61
45160738.78
76675663.64
47177166.07
43331962.16
47571063.67
24933849.82
78415862.76
14486906.06
26018406.0
14495192.12
78209298.45
25731730.87
49132739.75
24111614.31
43941522.72
48281544.2
25608559.47
24030243.73
14662965.5
78988589.52
77281606.15
22311295.53
24865465.73
46273535.0
45408535.75
25167006.24
79972550.47
46935034.3
25461413.51
76357129.8
76128442.23
42148094.6
46443552.93
78093099.35
81484117.69
46792686.38
26501965.03
24553267.84
46613806.72
48079677.36
79151330.43
47357827.03
24333008.76
24726965.01
23591786.06
78065464.39
24979156.45
48075454.75
48258733.12
41789079.89
42470134.46
76536892.36
28628065.06
14448466.11
46845829.52
23428500.43
46782190.41
20337786.28
47508480.0
14510619.66
76390226.87
78065464.39
14476576.58
24635011.95
14633361.1
14558427.08
23450955.41
47406911.56
80072505.19
46424739.6
26090377.07
78662530.48
14483702.29
77468578.62
78238396.39
78685798.98
24036350.49
44412642.98
78440430.29
14616072.33
46092409.81
45797414.92
46741057.75
24860092.55
23861878.55
47109729.38
14525222.47
79258252.69
46503635.98
27795970.54
46688321.53
77728970.56
14506332.25
47422774.46
79209816.69
41798226.53
48433395.99
46667491.86
46424739.6
46974404.94
45983517.52
44444379.01
25947572.32
45508664.61
20603549.9
24175288.96
26339106.08
24053758.64
47469980.05
47463679.65
25887445.9
48513225.05
25744568.07
78359662.38
24754476.36
78988589.52
24937855.56
14677469.32
23838758.49
46751810.74
77695080.09
46286114.6
14624824.14
14503610.67
24505271.92
23856554.62
22319372.95
76870993.39
46091880.15
80429569.13
46836580.22
78350341.93
48067525.51
44604345.09
78662530.48
23684740.55
46742486.35
45697801.42
76357129.8
46795757.25
24201423.7
47760417.57
77695080.09
23504066.79
24013972.68
47293527.34
41479587.06
45508394.94
24238480.88
47150269.54
42563064.51
45771910.26
78858239.17
47092648.14
79445285.84
78725088.88
24121844.05
26611979.66
24515598.86
25589854.65
43693867.86
48940389.77
46774049.47
24702032.18
25073710.91
48375282.49
77027857.2
47384928.85
45770817.31
45664841.83
78945442.93
45770817.31
79148932.1
48725352.37
14516196.46
79729606.43
46340858.81
28075928.52
46911678.9
19887315.87
42703440.82
23100829.33
24295749.41
47578983.88
77858924.62
77858924.62
22035565.68
14433534.1
78945442.93
48725352.37
24814062.05
47169959.54
25153171.74
27591476.97
24483103.23
25119639.5
48657631.88
45913563.75
77761595.57
44215020.34
79693042.94
77275961.51
14444459.88
14577524.19
25961286.94
46842976.58
46837293.6
76036019.13
25476085.32
47973026.2
76645709.26
76953632.21
14549473.61
78359662.38
78065464.39
45892156.36
77854646.3
14459750.49
43109956.32
46666867.35
42551918.95
46629930.45
47155031.01
77854646.3
79199943.67
78346902.66
76128442.23
23831346.55
14498382.38
24731366.89
77726728.73
23443024.71
14539497.27
47169445.36
45851557.74
47101003.87
78235167.4
25073710.91
76645709.26
14499448.85
27735984.32
77729557.83
77970116.04
46760000.93
77729557.83
47384928.85
14565242.95
23882613.94
50099238.49
79669305.47
22023686.58
46978532.52
47177419.6
14599704.59
46774049.47
41225009.85
76357129.8
23462596.84
45951994.07
44340929.3
79729606.43
79383694.5
24751789.12
27795970.54
76415412.22
46775892.92
24257052.87
26322406.6
78415862.76
23545118.41
76536892.36
79729606.43
78209298.45
21212530.66
46698569.22
24233693.58
77533673.23
25103230.67
46990132.96
44427416.99
46503635.98
47286617.67
46272412.61
14633282.76
14569522.67
77353392.61
77116491.33
46143498.83
78120661.22
76714357.86
77470938.62
78440430.29
25349043.22
14498382.38
23556598.65
23343495.71
42146406.52
47352185.66
24156844.97
23588388.17
48281629.74
21831867.21
46960690.05
23296254.22
47252129.85
26508428.04
78662530.48
78084694.04
42837913.6
25257842.66
45893810.86
25460163.05
76870993.39
23141549.66
23166890.01
47101003.87
76036019.13
26097083.82
23952081.48
47959950.46
24303002.02
14664661.28
46837326.96
76040798.46
77808900.74
24905445.05
45942432.08
47231241.79
48405696.75
45931446.95
45785151.79
23733021.69
48408182.83
46664101.41
48484977.6
79001446.61
77353392.61
80072505.19
48230190.55
46294493.69
26506806.04
44907088.28
76797777.52
26429870.62
46743424.52
80429569.13
78973389.99
22627255.46
24609632.39
77117527.85
77375400.17
48502152.92
26837992.35
24038991.42
47292958.1
47468150.1
77289486.43
46559083.06
47506833.65
27878408.16
77695080.09
24650863.58
79036778.99
46529624.64
77275961.51
46267154.78
23906952.62
24503825.25
22570091.16
24803181.46
77181734.28
48450634.66
42288457.54
43271205.56
47338183.32
23589374.97
76357129.8
76953632.21
43983052.84
21933790.82
14542695.34
77558273.13
45994404.4
20247640.09
47319325.3
42834456.7
48107551.58
23536091.32
42317005.42
25051515.37
80072505.19
14649836.34
23868485.33
47592846.78
23531176.31
47478386.58
77117527.85
47721422.21
46792686.38
76324372.27
76324372.27
46157564.64
49315360.19
43246628.6
76511903.9
22748190.94
48158488.06
24187095.49
79688823.79
14445552.51
77237650.42
77027857.2
47324058.26
77463738.56
47046125.55
14584847.93
77858924.62
41954794.42
44332428.52
48450652.46
47575689.11
14567025.53
79729606.43
24807442.14
77116491.33
14534873.15
77470938.62
48246795.53
46666867.35
46711781.25
78350341.93
43944928.09
46025704.37
46608428.41
41029249.52
42976177.51
77726728.73
25017404.27
76511903.9
77273489.6
42288952.79
14482450.14
77117527.85
47405065.24
46271576.18
78440430.29
47011647.22
21695276.87
44129703.19
76128442.23
78988589.52
76645709.26
45094655.77
79209816.69
46783336.22
47512188.1
76797777.52
48105737.04
77289486.43
46720135.18
47112957.89
45781670.09
47506722.44
48501146.6
25204616.45
76797777.52
23808645.3
45573431.66
76773691.93
25565932.45
47147911.2
26080341.11
14511544.8
45840483.36
48779859.68
48265344.92
78238396.39
24215774.19
14572764.83
78662530.48
21852826.44
76887676.68
49945688.84
78685798.98
25393523.21
46976427.77
46780745.9
47406630.89
48245663.12
24597856.73
48929908.68
25885021.17
23764281.46
75965834.81
78685798.98
77237650.42
79843958.23
47201591.84
42255647.44
41920841.65
24316154.42
46277119.45
46889505.9
48309634.67
78093099.35
47406911.56
79729606.43
41097618.21
47709345.29
78209298.45
77237650.42
24517876.92
47521047.96
41941930.81
48187218.45
42756968.82
41990503.19
79669305.47
47457397.14
77651545.96
25765883.5
48871284.44
23849071.8
46795686.75
47112063.78
77592525.09
24169392.53
77533673.23
77592525.09
24181917.4
46810660.17
77533673.23
76040798.46
41761504.44
48450634.66
76006028.74
76645709.26
46741774.03
25864282.63
45759818.28
78858239.17
46945885.48
23733021.69
78120661.22
47424876.38
79693042.94
77275961.51
47304530.99
25267949.54
42840054.04
27308956.94
46473387.26
14483702.29
25066778.79
26854916.65
77565436.6
78988589.52
23391095.58
45251941.68
14509946.11
77117527.85
41943752.37
25168096.99
76773691.93
46033356.66
78945442.93
24589758.34
42200846.67
79036778.99
48908585.25
41863392.37
24304532.49
46399968.25
78988589.52
46866415.97
25675066.27
21569905.36
23255109.06
24347033.98
47112957.89
77117527.85
79151330.43
25118143.41
14555776.0
78350341.93
21886931.74
26041643.16
45947271.73
27198901.41
79199943.67
22510861.38
45968007.16
14444459.88
48076100.0
47029144.21
79036778.99
77970116.04
24355874.2
77289486.43
48727329.73
46444192.91
78014726.39
77463738.56
24939367.52
80429569.13
48844383.12
46424739.6
24676496.22
24331264.69
49313248.8
45947271.73
49091727.45
77021382.61
47483918.78
48111599.88
45984119.23
76675663.64
27308956.94
79036778.99
24617261.21
23788375.76
47492098.01
77592525.09
48936708.91
47352905.26
77275961.51
45878741.21
43082962.27
14482815.45
76006028.74
77379938.39
25250626.04
77289486.43
22870514.36
25543815.58
78065464.39
47909668.52
48141184.74
47055031.12
45864696.99
47512015.83
78238396.39
78238396.39
46958413.19
46768052.48
78415862.76
77592525.09
47535405.61
14493731.02
25915535.62
19822700.19
14570584.89
78325606.12
24178530.5
24690464.59
45732539.21
78973389.99
47478386.58
14633598.03
79148932.1
78235167.4
22781514.41
48247511.59
77858924.62
24348792.38
78685798.98
46232066.96
14532336.42
24044046.04
47741604.56
48465338.4
76415412.22
47130147.41
77289486.43
45798289.08
14522329.85
24475652.49
45559405.17
25565595.53
14495484.46
44209591.61
48159168.01
26010715.71
79729606.43
25021045.94
25639768.34
79036778.99
78120661.22
77954796.65
77858924.62
41741244.39
47426072.39
24589758.34
79445285.84
14534133.18
24810180.36
23952081.48
25170962.31
24677178.3
48496474.51
76036019.13
26097083.82
24303987.38
22800166.92
26224624.79
22519650.7
78065464.39
24486727.67
26236742.39
43721044.64
76773691.93
24917106.81
76530144.42
78415862.76
14541733.44
78988589.52
46472516.98
46518898.28
14490831.76
48076100.0
24943502.68
46710800.88
14440340.47
77167733.05
48105184.45
48332370.14
49907615.97
45968721.75
78945442.93
25654540.43
24284993.63
24402590.46
47434970.19
23343495.71
47136847.35
22051805.67
43172010.34
47301829.23
24869397.37
24038991.42
47115149.2
46501557.6
22642510.87
76036019.13
78662530.48
26656961.62
24956075.4
20333212.19
77273489.6
14456417.92
77167733.05
77787089.76
47470590.12
14522287.16
44301833.57
77375400.17
47707543.51
25204474.57
46523175.09
25898015.57
76675663.64
14534133.18
79199943.67
14610151.51
26387010.69
24125070.32
76530144.42
24219726.7
78988589.52
14599231.64
78093099.35
46437309.24
78415862.76
25643800.45
79693042.94
24672441.62
46073918.68
14445552.51
14442862.28
23937524.56
47580859.83
42944424.32
42551918.95
14567378.33
76645709.26
23582476.71
43284444.72
23587714.15
77275961.51
77651545.96
47575855.71
24652126.41
25120999.08
48232303.23
23553947.99
78346902.66
46886840.17
48711010.34
77729557.83
45424470.61
42341558.31
42704451.54
47854342.32
49131368.03
27748238.36
19681205.36
46959489.85
14501697.15
46386978.23
42364294.21
14526353.37
48279889.82
45771910.26
76006028.74
26241917.96
27601121.52
19887315.87
81484117.69
23412111.43
77695080.09
76953632.21
46600454.94
47097961.42
46504617.28
77375400.17
47107885.19
79151330.43
43035943.79
46093630.51
79383694.5
45770817.31
46285917.1
14673301.51
46485034.77
48265344.92
48199651.7
24623721.0
77470938.62
26154414.44
47271151.94
14492157.27
78945442.93
23321095.07
23343363.93
47483904.78
44439411.74
25939817.32
21099808.6
76511903.9
25864282.63
78359662.38
48573166.77
41582290.27
46629930.45
77463738.56
78325606.12
24736720.82
46436816.31
76141906.62
14536932.99
47161414.43
47536223.32
47476766.4
24668290.63
26299470.54
48656159.85
14577524.19
47510299.05
43077999.54
25067761.6
22973155.4
78945442.93
47172188.03
14544370.11
77289486.43
46783336.22
43447879.91
25463592.53
14481462.62
48273878.44
25118143.41
79209816.69
22800166.92
46903116.26
45749444.0
76390226.87
43727390.54
46340204.69
77117527.85
80072505.19
24483919.81
78093099.35
77565436.6
76040798.46
23902342.36
22495466.49
79001446.61
14500967.08
24329828.63
25120150.7
47320414.35
48106494.21
77954796.65
46853371.85
47099884.53
78014726.39
25620235.31
46585938.39
47061179.11
23462596.84
43819217.63
25461413.51
47404823.83
23658649.98
14465274.64
24355874.2
47468883.08
21207555.68
77379938.39
78209298.45
77117527.85
25473655.21
46836654.44
26407111.26
46831374.15
46001413.41
44216203.94
42251904.86
78325606.12
46233109.11
27376378.04
28532766.68
77379938.39
43172010.34
76415412.22
45373627.92
41967636.79
47538137.5
22682461.01
77954796.65
26648791.43
47958702.82
77379938.39
14689493.23
78582286.7
45028317.86
43944928.09
79843958.23
78065464.39
14526275.59
23410417.56
77353392.61
79148932.1
27063690.15
24860088.59
46783336.22
76415412.22
46149838.7
24164911.19
49077481.59
14532466.4
46826076.65
14495505.81
77273489.6
24985045.35
77695080.09
24933168.68
23997803.46
77275961.51
24133227.37
41863392.37
14492157.27
77729557.83
76797777.52
48908585.25
80072505.19
14602425.77
46574394.21
24534327.37
48116269.87
76324372.27
48781079.39
23285115.38
14519107.86
25911556.17
26241917.96
23339009.96
24814062.05
14639345.17
77275961.51
26436255.14
77021382.61
23545234.51
25690652.57
78120661.22
46686272.21
47580859.83
26299773.97
48502820.87
23551534.08
79001446.61
46617608.81
23804738.96
26596909.46
76536892.36
76040798.46
79199943.67
46681464.45
77237650.42
78209298.45
23635144.2
25700517.42
20245462.19
77726728.73
77273489.6
25875874.15
76773691.93
47708085.79
45573431.66
25360784.25
42470134.46
80072505.19
25460163.05
24869397.37
77695080.09
23356535.7
77116491.33
21083921.32
77281606.15
47551754.75
14677469.32
76675663.64
76773691.93
24359215.72
44590431.57
47092648.14
24134100.2
23555072.56
79693042.94
24968276.46
47047845.54
42814079.37
25084555.26
78415862.76
77761595.57
44823423.86
79258252.69
76953632.21
46739691.22
24282543.2
23055339.69
77021382.61
14463980.0
14520551.3
24163699.09
14687207.58
46281024.36
26069570.73
43517120.88
76390226.87
41678091.35
78440430.29
46185529.08
23995820.41
47675862.89
43554090.28
44128937.46
22840501.53
23753916.19
76536892.36
21210304.21
14461497.56
46424389.36
25726236.72
48495166.87
79843958.23
46989727.11
46473875.15
25656308.09
24589758.34
45934677.18
44609951.2
14702685.49
77854646.3
46476038.39
78988589.52
46233109.11
44102499.06
48177393.89
77854646.3
78325606.12
48281544.2
25066778.79
78973389.99
45591499.48
14569776.83
48502409.55
78209298.45
45551357.58
48061307.77
28073419.52
25144233.11
24123456.32
77565566.41
48013264.47
14524561.64
46743424.52
43650363.23
14610069.12
76645709.26
78359662.38
22313583.12
41473368.12
46391442.58
24313207.32
24930200.48
23562228.27
23788375.76
47252899.76
77565566.41
45945846.58
46453422.99
14669517.41
25017404.27
25073710.91
47372039.24
26207619.54
45765942.63
78440430.29
14602425.77
23367299.7
44415355.17
48245663.12
47578983.88
78093099.35
14556035.47
48259480.62
47044523.09
48121344.89
45966330.17
24843714.21
77854646.3
79729606.43
24835272.13
79669305.47
75965834.81
47252899.76
78415862.76
46761399.39
76870993.39
47728763.66
14528602.24
26028209.36
14558390.92
78093099.35
42712457.64
26018768.08
46925574.65
43981132.21
77375400.17
25216973.37
46719510.67
14562939.2
78014726.39
24923139.38
45969729.32
41814381.73
46080330.14
42370242.05
44716071.05
24018273.97
77761595.57
46752482.14
45933277.52
26046850.79
78858239.17
77651545.96
47376475.43
79383694.5
49959328.53
44721326.07
24877082.37
23273633.88
25923013.31
45944348.1
47051615.81
14565399.32
78858239.17
25465688.88
27079115.01
77761595.57
14565399.32
23906952.62
25067761.6
47424801.37
46684651.21
22493599.25
27785160.3
48075454.75
45007123.78
46220825.83
49077481.59
47512015.83
46720135.18
78350341.93
24086519.94
78235167.4
45680438.85
24276531.96
47478386.58
41263379.72
44129703.19
48843719.2
46933282.42
78350341.93
76141906.62
42363726.26
44716071.05
78120661.22
25450904.46
24598874.82
46266123.92
48700713.13
14527658.83
47051615.81
79693042.94
20660380.87
78325606.12
79209816.69
42886880.56
46556623.44
47130596.71
14547708.31
77592525.09
78973389.99
42624340.01
24967797.08
46390726.11
46756672.32
79199943.67
24094063.01
47422774.46
77379938.39
20603549.9
45094655.77
27882962.13
77970116.04
26080341.11
78325606.12
19847525.6
26564223.49
46473875.15
76128442.23
43848509.31
14611542.06
76675663.64
24480769.1
45680438.85
77470938.62
77592525.09
23705481.33
45412895.82
22815870.66
78945442.93
45986055.4
47590547.59
25594906.81
46423222.72
77533673.23
26768826.13
23264587.51
79974654.64
77592525.09
21083921.32
80072505.19
46518898.28
14509946.11
77761595.57
46986091.0
46076906.08
24502254.77
45767413.02
46435929.53
46341982.96
14496723.63
24370958.43
25746544.18
47629169.21
46066979.75
48450634.66
77726728.73
77237650.42
43412014.97
25874578.68
43215124.84
47507704.32
24314747.2
24634796.16
42648466.39
24566762.45
20663428.3
42412671.1
48141184.74
24589758.34
42814079.37
24803181.46
48466229.87
24661542.39
26984834.99
47200702.1
25720604.79
23938669.73
48448560.67
41332539.69
78945442.93
77021382.61
79974654.64
78014726.39
43848509.31
42424204.9
43613638.49
24651221.82
22201493.6
44301833.57
48449290.56
24803181.46
43492926.62
21693600.23
25690577.0
46988984.04
24047003.6
79729606.43
14456417.92
78014726.39
47483918.78
41943752.37
47632260.45
14450527.56
46391366.09
46274129.21
21440874.63
25031129.94
46501557.6
77854646.3
79693042.94
46679476.11
23134432.7
27078767.04
24454883.71
76675663.64
78662530.48
47136847.35
47488778.6
79258252.69
14649836.34
81484117.69
47150269.54
77761595.57
76390226.87
45521009.38
46760000.93
45162111.6
48566656.47
76530144.42
47063271.4
24043010.07
46752305.17
24555746.92
79383694.5
47555574.35
42465369.37
77237650.42
23694905.85
47319325.3
21533475.43
76415412.22
24661542.39
14610151.51
79445285.84
23080295.84
48521100.28
24923560.31
47471285.83
47563690.96
46329108.87
47436734.65
47854342.32
23531176.31
23941091.45
14471747.84
14552034.98
21835472.46
22442814.76
46406395.81
46556304.3
26692128.38
46816055.01
48894250.79
21928548.2
14567378.33
25996601.0
47422976.5
24736781.37
20759853.05
77787089.76
24145274.6
47489330.1
14636569.56
41831367.47
14552302.83
46487821.28
43225843.97
45932497.0
79209816.69
75965834.81
47760959.84
24260376.89
47115665.35
24690464.59
24649836.74
48778430.85
41920841.65
78093099.35
77728970.56
23391095.58
79972550.47
23570720.28
23857883.84
79148932.1
27873992.55
79688823.79
21720135.16
42473357.49
48869158.83
78065464.39
77565566.41
46093630.51
25016711.03
46409461.35
77021382.61
81484117.69
75965834.81
45998072.9
24832227.12
42636773.08
77729557.83
24575550.72
77375400.17
14657103.6
41789079.89
76887676.68
77289486.43
25064123.11
44100274.44
76797777.52
77275961.51
48160568.46
76141906.62
22669784.29
77167733.05
25476085.32
14558071.97
77761595.57
24591206.82
77858924.62
76887676.68
77651545.96
24945306.97
48243330.51
26919858.39
47134260.96
48565004.21
14476384.52
47292958.1
47373296.04
47707543.51
47677369.0
80072505.19
48449933.22
23550433.62
48636876.54
79972550.47
77375400.17
25690577.0
77720546.65
45943170.16
77726728.73
48296948.23
24792304.9
25874127.59
77281606.15
76040798.46
23559294.71
47109729.38
46996547.65
76953632.21
23945109.8
46137964.81
76006028.74
76797777.52
47674392.74
24922124.7
76870993.39
20935989.34
48925021.34
28532766.68
45878741.21
75965834.81
23490682.78
78120661.22
25885021.17
23574051.05
27148646.62
77565436.6
77808900.74
47783833.29
77695080.09
47470590.12
47050975.72
78235167.4
47217624.52
48013264.47
25820084.8
46665971.07
46216658.76
24284817.74
47223262.25
26189378.39
14609415.84
46681464.45
