47213104.67
26238386.65
46850472.42
41948887.15
25255678.46
22823525.68
25753655.81
44046485.88
23954900.39
77231676.68
25946427.02
47113182.11
23700520.14
43201681.03
24358774.54
24943815.58
15027337.88
25857230.4
79069088.88
47729707.04
26937418.85
77936525.09
42866908.35
78073557.83
25027264.38
24440715.67
25741885.62
23863951.36
25774288.53
14842114.8
43271115.92
23175213.87
26626372.87
49465189.5
46993111.58
76380019.13
43105391.74
25549821.25
24495266.91
44600852.46
77909436.6
80318654.64
26755502.88
80013305.47
46024776.4
78198646.3
46124648.11
43570245.27
24842525.91
46020624.22
43925948.05
47781090.15
25310733.61
14806121.65
80211807.98
44039722.28
76350028.74
79202239.17
25992105.97
24300243.61
78298796.65
25043924.73
25092166.44
80187958.23
46748898.57
46642122.57
79380778.99
44645052.34
80211807.98
76485906.62
26882226.75
27271084.33
43481843.38
47024798.37
78198646.3
44394130.38
25836288.91
24435102.44
25165469.26
77902273.13
47650925.36
78314116.04
76380019.13
24418478.55
43478235.05
27418276.8
44694258.92
46043833.89
80318654.64
47831514.8
23233299.41
77697392.61
25796659.4
79789285.84
43258583.55
78437099.35
42710820.01
43352586.84
47024798.37
76380019.13
24027621.15
77581650.42
44976316.44
43037604.66
22990344.86
45258767.94
78437099.35
78464661.22
26706415.56
23464092.82
23515047.42
76350028.74
22979852.25
43934384.02
26595191.13
25561754.18
78314116.04
26394863.37
78669606.12
25535026.45
42320574.66
24783286.53
43617086.3
25786514.46
25329855.41
78072970.56
46651547.86
14871108.02
47173971.93
46498066.7
78428694.04
45996547.77
45294070.63
43642038.61
42536021.05
78064546.65
48937283.29
24586757.85
42830916.97
24021922.81
22322414.83
25387721.14
42538583.67
46124648.11
14823525.4
76485906.62
46743436.02
14789699.29
46594669.54
78553298.45
24773350.55
76734226.87
46754732.37
46068664.7
23680437.05
43680693.0
46289470.62
46836662.3
46755328.51
44918797.91
23679025.14
77877673.23
25973137.45
79492932.1
47582998.67
44790197.89
42574716.8
26141390.41
42793281.1
23036659.2
27659650.17
77902273.13
43036768.63
46129133.01
28355875.87
26309897.52
48202172.66
45135506.44
28270974.22
78409464.39
76734226.87
44109500.57
46630186.24
44293549.63
48795376.88
43528221.64
42462159.23
47013828.8
43413191.54
27134573.57
80187958.23
14846409.66
26894342.02
23335036.3
24376573.81
80773569.13
77461527.85
44413828.36
77719400.17
46043402.35
76880892.36
25903678.18
25749614.47
24727304.02
43563636.12
77525734.28
46609203.74
25421917.81
78198646.3
80318654.64
44276364.74
44907225.19
47303006.4
24750124.21
24620889.07
47897003.41
79602252.69
76989709.26
27270259.3
46552876.11
80013305.47
42335598.5
79789285.84
42703579.91
46453433.64
46836662.3
23260851.64
44834219.32
23773588.02
26477934.3
46542851.02
44427070.27
78198646.3
24318222.1
22322414.83
22724974.83
44682529.06
43163410.86
78073557.83
50801300.55
25994821.84
48572433.18
46651547.86
24507741.39
78759862.76
46366941.22
43015131.24
76350028.74
42398252.91
77719400.17
23220301.9
46216613.61
49465189.5
43589263.19
79492932.1
42474545.91
46199746.92
78358726.39
21864599.59
25723126.42
47666112.5
47492270.21
27213970.42
44977066.39
42162531.96
46498066.7
43169490.83
26385709.23
25639445.48
25092166.44
25874567.52
42927050.24
42474096.75
14952708.11
43291581.8
23031877.03
44291091.09
26477934.3
24294749.34
44367215.0
23075171.29
23839332.42
14956816.56
24358774.54
27974946.56
78064546.65
46068664.7
23721901.37
47673908.06
43968830.72
46859523.71
43199618.71
25000112.04
78131089.76
14851836.62
25002204.48
43264706.47
25058321.08
14819331.14
79458763.99
47316313.97
76350028.74
76989709.26
43884999.78
47084745.55
23122551.33
76350028.74
14871120.94
80073606.43
24352900.62
44048480.09
43271168.81
26399437.25
43069504.42
77297632.21
42912161.41
27001682.74
43686966.64
44286957.06
24344651.69
43890915.51
47213104.67
14819933.53
23815241.95
15009784.55
79380778.99
43115439.38
48631614.53
26528826.94
46676586.5
79492932.1
43277961.11
42148599.24
47606783.62
23592499.33
46006291.37
48805773.34
47901537.88
25092166.44
43563741.98
78669606.12
43745917.02
27169365.94
47854154.76
24032622.39
24196742.17
48144868.03
80013305.47
44181810.49
42961762.07
14854411.83
24656881.42
25994821.84
44632523.1
47084745.55
79006530.48
77697392.61
42649416.74
45246253.55
79069088.88
23905785.83
28018519.13
45346384.27
25903678.18
15033269.18
79458763.99
24389048.29
26028650.36
44635493.12
43038391.97
45682241.22
44441054.82
41942703.78
14813252.16
47798817.31
77936525.09
46664454.97
77460491.33
47742655.16
14980294.2
47729707.04
45808417.12
24631582.84
78409464.39
14810509.34
79345446.61
24020147.91
25210151.42
24343872.73
14830128.91
47262446.64
23384000.85
44293549.63
45417499.08
47831514.8
79495330.43
78690902.66
48572433.18
77525734.28
27018443.84
25125506.41
27128457.51
50260723.33
23422376.47
47283785.58
47296941.16
43878139.59
27883982.5
78070728.73
42521797.98
42740340.09
77625606.15
76874144.42
42995489.64
79345446.61
78358726.39
27915710.49
45211300.01
46509273.63
77719400.17
46573385.66
45721498.3
23334398.71
26369355.86
45135506.44
27591434.31
76668372.27
47045075.81
45417499.08
77297632.21
42398188.9
45745829.84
42513136.66
14803999.49
43569441.12
76701129.8
25255678.46
27767405.89
14842114.8
24318222.1
23507277.77
49439279.98
76384798.46
44227175.35
44305858.58
43616029.64
47876909.66
43920876.08
25082743.7
42399188.83
77814938.62
78358726.39
45175276.03
27100924.61
27979448.16
43019130.19
47613606.83
42859836.18
14841128.66
45517118.86
42765063.51
77812578.62
27018443.84
43066999.4
47192814.16
77625606.15
48968427.03
41948887.15
44293549.63
23304670.61
45284716.69
45622058.42
28410367.62
48853120.86
78314116.04
48165593.52
22381513.94
23847147.81
46311381.81
47715840.08
76759412.22
77019663.64
24387733.0
48087821.18
77769518.82
44308023.0
24989730.0
22818087.31
79380778.99
24419569.56
24049081.97
42920222.47
14980096.4
26580521.5
42216772.03
78464661.22
46179368.57
77231676.68
43738199.09
22527081.45
47342479.45
78358726.39
42435333.85
47271896.75
78582396.39
26890959.84
27722846.27
23487331.48
25353120.56
24164196.73
25063993.97
25351787.11
45054955.8
43373792.73
79495330.43
47716662.59
23623942.04
44197689.4
26937418.85
44066084.85
43105391.74
43999969.39
46748898.57
45572581.72
27848143.19
43221645.86
44884936.58
24843475.98
76472442.23
23046782.82
44694258.92
43881067.05
27722846.27
23464092.82
79495330.43
45103210.77
47322869.46
47817329.24
77581650.42
78152900.74
42148599.24
44139960.2
42781188.05
77902273.13
47283785.58
45536023.72
44566393.76
44897955.76
22189530.75
44039722.28
26599082.89
78131089.76
79332589.52
78039080.09
46556653.5
44355282.6
47319542.53
46894784.54
76668372.27
25620957.42
77511733.05
26179382.19
43963349.49
48470008.35
48220781.97
46453433.64
44617494.19
77019663.64
47650925.36
45721498.3
47296239.58
24239759.05
48168359.98
43504111.97
24407095.08
26016305.88
77460491.33
25199591.03
76472442.23
22818087.31
77141777.52
46347777.77
23371526.37
24635105.64
77141777.52
42398188.9
46969639.58
78437099.35
25786514.46
43065809.8
45212298.56
22127750.49
77461527.85
23515047.42
14788649.43
78064546.65
14854411.83
21823480.61
80211807.98
22633231.28
26496459.72
44728424.37
43177649.48
78437099.35
77723938.39
44682529.06
14813252.16
42128851.01
25210151.42
77877673.23
23848436.21
45041792.89
25591696.74
24235704.5
44882355.14
46302197.31
46124648.11
46650430.15
43270206.52
22044653.62
81828117.69
42672710.56
47061577.91
44972150.86
79727694.5
24130641.55
24821781.75
79345446.61
23786049.29
26016305.88
77633486.43
49206283.9
76855903.9
23905785.83
78072970.56
44949007.07
28300904.06
77297632.21
42494196.85
24376573.81
25926055.83
44584677.14
43714050.8
27100924.61
28355875.87
80013305.47
25242967.26
44716322.31
44231017.15
49008476.54
23815241.95
42718495.83
49439279.98
80032823.79
78582396.39
47729707.04
45282501.19
23672031.06
26843958.31
23289183.83
24308870.79
24491048.66
15106718.23
77633486.43
45211300.01
76309834.81
23517722.88
26476968.16
41911382.42
46106776.33
25857230.4
42368833.34
48805773.34
27057132.47
78437099.35
24020147.91
77460491.33
77909436.6
24750124.21
76384798.46
43920876.08
24288013.75
26238386.65
46358737.5
45724290.99
23839332.42
24727304.02
42148599.24
26585974.42
43611562.6
45133910.53
76384798.46
48805773.34
45808417.12
47410959.3
46255369.9
23260851.64
43474723.29
25870595.45
77058357.86
45282501.19
78358726.39
23679497.72
77511733.05
14883890.73
23815241.95
42474545.91
14874882.3
77769518.82
77995545.96
45937047.47
47097372.85
25121976.87
43115439.38
43049476.05
14964570.06
27165997.68
78579167.4
14948430.33
22576862.7
49467813.97
47625857.02
14848404.71
44719752.75
46935430.22
46078464.19
15019789.69
26528826.94
77723938.39
14879536.27
43432946.96
77625606.15
23708858.35
80037042.94
78703662.38
43019130.19
24773350.55
25100864.79
43543543.6
78072970.56
77371857.2
24491048.66
77877673.23
43880174.66
78553298.45
25447783.39
77625606.15
77812578.62
14992956.65
14854411.83
44427070.27
78131089.76
43889602.4
25091448.85
24843475.98
48089096.11
77769518.82
42866908.35
78759862.76
45857036.33
42521797.98
26255702.92
24112986.45
76472442.23
22332325.9
43820680.51
47972015.4
24593780.32
78152900.74
79727694.5
23815507.39
43800632.31
49205487.56
78298796.65
77723938.39
46746452.97
43859477.65
44039722.28
43057988.9
28080200.34
14810509.34
14813300.68
43760141.42
45026388.68
22714048.99
44636224.45
23056848.81
26359612.14
15096456.3
23341435.13
14796790.46
42079200.94
77902273.13
47901537.88
26755502.88
14952708.11
46335039.57
23907637.45
46258713.81
42781680.07
26226197.33
79602252.69
25165469.26
78131089.76
44532087.43
77058357.86
23990314.31
23609048.43
49078924.37
22233352.28
76734226.87
80013305.47
78690902.66
43122439.49
43461509.82
28206578.69
15004115.39
45548354.03
77619961.51
47007422.28
77877673.23
44907225.19
43019588.2
25704684.11
41899563.82
80013305.47
77936525.09
14845483.46
15047437.17
45115039.9
24462698.1
78553298.45
24103406.17
78464661.22
24486206.67
46394076.01
45891995.45
47211809.62
44670260.95
44156612.51
42125873.91
49089542.37
24561946.97
77625606.15
44549545.34
42864639.29
26369355.86
77581650.42
44883744.23
47014160.65
43923784.24
76880892.36
79789285.84
22783359.44
78064546.65
23346873.18
46556653.5
43369725.78
14805129.35
49089542.37
43534859.33
44214597.55
77617489.6
23471962.03
79069088.88
43019438.31
77141777.52
42920222.47
76380019.13
47342479.45
49332193.92
46341856.23
43335487.31
14888972.17
23273326.11
44015959.51
26448617.58
44009628.98
78690902.66
47091424.12
48367391.05
24386438.21
23147193.37
76880892.36
76734226.87
45390252.88
79289442.93
47526521.06
44670260.95
78669606.12
48071252.68
42604791.47
14802050.51
24441527.92
47091424.12
76309834.81
23863951.36
26790970.59
78690902.66
44146377.08
44509974.37
23083866.78
78131089.76
47901537.88
46650488.18
77814938.62
14820287.16
76874144.42
25973137.45
24658480.65
76880892.36
80013305.47
42704731.9
44962002.58
47045075.81
78926286.7
77461527.85
77719400.17
44291091.09
41701002.74
28475782.63
45572581.72
48479096.27
25870595.45
27270259.3
78582396.39
47717732.72
43725439.21
24109157.87
43067709.43
46173435.15
42734647.44
27124928.04
21109856.66
27016570.52
47790078.7
45007592.36
79543943.67
42717816.2
78690902.66
43922970.98
22965819.25
42809164.6
23931618.37
42398188.9
43778980.62
26309897.52
48071252.68
79202239.17
26948608.57
77995545.96
14842677.67
47116206.01
47152989.09
47254742.87
46310457.62
45338093.93
23735236.01
14827323.66
25755924.68
45807449.18
42112397.55
45233430.89
46884650.54
46896743.97
79029798.98
78073557.83
43855831.08
25755924.68
44213202.37
49089542.37
45909258.43
81828117.69
44799158.91
47854154.76
43526861.02
45879847.88
24972096.65
46042648.06
77697392.61
44382170.31
79458763.99
43898114.73
42996990.97
21725361.32
44060626.0
26706415.56
22369039.46
46886414.25
77297632.21
47510680.97
42148599.24
23877597.96
22400477.02
80037042.94
43271115.92
22962403.01
42362941.99
76759412.22
80032823.79
43861422.72
46079538.45
46173435.15
46710966.28
26238926.68
42948490.85
45135506.44
27018443.84
14840172.39
77371857.2
46394076.01
23212083.26
44560090.97
45390252.88
42125873.91
45998037.59
46291089.34
28256179.58
78298796.65
46216613.61
23594202.2
44139960.2
46255502.18
26860560.88
42556599.66
44904586.94
78105595.57
47531680.38
25874567.52
77995545.96
23859622.29
14806512.46
77117691.93
78464661.22
43036768.63
78690902.66
27442780.85
14888972.17
14819933.53
46078464.19
43382173.08
23127513.04
42095738.49
80037042.94
79553816.69
23710843.52
76485906.62
25351787.11
47830780.64
24020147.91
43799092.31
28611233.75
43165737.71
43889602.4
79069088.88
44512509.54
23160437.85
43277961.11
25946427.02
44615856.31
80773569.13
28206578.69
44367215.0
80211807.98
22818224.58
45390252.88
24462698.1
44570361.99
44886030.06
78131089.76
14827323.66
14806512.46
78784430.29
45854040.0
79317389.99
78198646.3
78072970.56
77297632.21
41948887.15
22224092.81
44401827.6
45745829.84
24809908.85
47042337.14
78070728.73
42757754.36
78152900.74
78690902.66
80773569.13
48192994.92
46324112.16
46614370.23
21669510.46
26767134.04
44857345.93
79602252.69
23755632.33
78064546.65
47136667.1
77058357.86
42163411.61
43180912.98
77633486.43
47798817.31
45246253.55
47151258.71
14796790.46
45246253.55
28606467.39
27134573.57
22818224.58
44548743.17
42334016.4
45232717.82
78784430.29
42757754.36
80013305.47
42299385.8
78437099.35
43923784.24
46865507.24
43911291.98
14837763.46
23375273.26
22245826.76
42293103.14
44907225.19
43032188.65
43511750.31
14822217.65
41948887.15
24018521.55
77231676.68
77902273.13
22355521.47
42705933.81
24444841.75
22922004.01
26343450.66
15012611.14
43085525.98
44656057.59
42420661.79
45030796.29
14879536.27
78784430.29
44568117.7
47510680.97
47140418.42
25619333.81
46622553.78
46208929.29
44673763.14
46348642.91
44039722.28
26504713.23
43135737.48
42781188.05
78784430.29
45669475.84
78579167.4
22843283.85
47196153.94
80316550.47
77697392.61
42835571.87
26385709.23
79202239.17
14928661.67
48467893.78
27100924.61
48618680.84
46859523.71
22821744.38
14806061.89
44064254.81
49625769.17
14895714.28
47467085.5
25774288.53
15018743.81
43483082.39
43288592.55
76485906.62
79317389.99
49008476.54
78669606.12
44774928.18
44180259.02
28018519.13
80187958.23
46594669.54
42847671.12
78582396.39
77525734.28
45036390.37
24089072.96
24090062.95
25592293.11
47468882.91
47481106.55
49439279.98
47140794.75
22785106.71
42451161.59
23922452.14
42400827.36
47322869.46
27057132.47
43438400.88
25125506.41
44236175.68
26857322.3
22147871.13
78784430.29
23794335.56
77625606.15
23799515.91
44594096.43
78039080.09
26499299.54
45115039.9
77902273.13
24457950.7
76989709.26
46289470.62
24895541.53
78926286.7
24566970.16
23151394.88
43067709.43
78105595.57
45879847.88
44566393.76
78073557.83
48434467.78
44291920.51
23974193.71
79789285.84
47716662.59
46664454.97
25394258.0
41685655.03
76309834.81
48795376.88
78428694.04
24189559.57
23863951.36
26626372.87
23493866.32
44652663.89
79289442.93
42603973.84
43805853.82
77807738.56
47173971.93
24551276.18
23424541.91
48068077.67
78152900.74
25774288.53
77877673.23
15033269.18
27208504.97
79458763.99
22724974.83
76380019.13
42503109.2
49014931.55
78152900.74
77511733.05
46370172.35
46173435.15
47666112.5
23776484.26
47070919.93
42858179.22
44382170.31
79458763.99
24755784.6
78553298.45
44131022.56
47006281.23
14842114.8
78759862.76
26857322.3
14985841.7
46700560.67
78358726.39
78298796.65
77697392.61
47831514.8
76350028.74
44547287.02
23850990.76
15067625.67
43634400.4
79317389.99
14781367.61
48558957.96
25286220.7
27063677.65
78298796.65
47658823.46
26755502.88
26522151.8
44618925.7
24635105.64
14840172.39
44240539.78
43826360.18
47223037.33
45832434.62
44787997.13
24635105.64
45107888.96
45713220.3
80187958.23
44453527.93
42574716.8
43709080.42
23069323.29
77297632.21
24334832.77
80416505.19
42540566.06
28455407.74
43526190.51
45470572.98
80187958.23
45815189.37
80318654.64
46850472.42
45622054.27
43087048.29
43212521.17
80187958.23
46366941.22
14928850.45
26028650.36
27134573.57
42937036.47
45382230.94
47140418.42
47531680.38
42746191.86
26852648.45
45808417.12
24724316.76
25027993.03
42398188.9
80187958.23
45058456.33
24639644.74
23110076.86
25616366.33
42603973.84
42385024.13
46074736.4
78064546.65
28817918.51
77697392.61
80318654.64
46993111.58
77117691.93
77141777.52
43889602.4
27145282.18
45282501.19
45733883.5
14842114.8
44015959.51
79006530.48
43500955.89
42496373.91
46334359.41
76350028.74
77058357.86
77633486.43
43432946.96
15017078.24
77058357.86
14812350.9
46834764.41
78759862.76
49887983.09
43372523.48
14862273.61
79380778.99
46615197.54
79069088.88
23851091.63
15057206.38
45572581.72
43907657.05
25043924.73
25616366.33
80187958.23
27799075.21
76350028.74
22811051.2
43641137.74
24954706.02
45804835.05
42937036.47
25639445.48
24843475.98
77697392.61
44586730.42
28063016.39
78064546.65
42473172.18
79492932.1
25226277.05
46594669.54
45914658.05
44568117.7
23291791.08
47819685.89
78072970.56
46347733.46
77697392.61
42963443.49
25630679.48
46748898.57
43746871.83
23580024.85
14785191.31
43617086.3
42757754.36
79029798.98
23839332.42
26036494.17
81828117.69
47876909.66
24713101.24
48056755.27
47061577.91
23062696.81
45743766.46
47745370.47
78703662.38
77460491.33
42165025.53
14923777.62
45638644.73
49153579.87
46859171.79
46856728.89
25765611.66
41845362.39
45572581.72
81828117.69
44312041.71
22772632.24
43938419.18
46651547.86
77909566.41
44291920.51
47526521.06
24188017.91
28270974.22
43180991.86
80037042.94
23335036.3
48603582.32
78759862.76
77902273.13
26028650.36
22272791.99
14813413.8
42592162.77
78669606.12
76668372.27
46043833.89
23184948.08
80318654.64
48808546.74
78072970.56
24587658.64
77936525.09
50260723.33
42847671.12
46956950.03
47356285.19
77902273.13
45115039.9
47140794.75
43091863.69
24294749.34
47007227.79
46859523.71
45136537.14
24846763.9
42368309.07
42204697.13
49114592.45
26504713.23
78314116.04
24636922.41
24809908.85
44327398.26
25619333.81
41942703.78
22909529.53
44671926.52
44696425.2
42458049.75
43288592.55
45879847.88
24566970.16
24349492.94
79492932.1
22818224.58
24344411.18
41685655.03
76668372.27
47169091.53
14843463.27
44550394.94
23746950.76
22772632.24
77461527.85
25092628.79
47798392.32
45079826.52
46824688.68
78314116.04
78926286.7
46792004.93
78784430.29
80073606.43
45258767.94
25786514.46
14867110.51
46453433.64
42652045.63
77617489.6
47405877.24
48558957.96
48877358.83
24515059.4
43641137.74
45624034.65
47084745.55
25973137.45
77723938.39
26191347.08
23679694.74
42717722.75
24661537.66
78579167.4
80773569.13
22437112.5
45025324.58
43039387.38
42866908.35
47341266.1
22818224.58
43605256.13
25125506.41
47830780.64
24034161.26
43684995.19
43627918.1
14846409.66
48728029.19
24580409.76
42162675.44
45808417.12
43164033.13
45175276.03
77058357.86
77058357.86
44548743.17
25082743.7
46743436.02
80187958.23
45601229.01
42320574.66
23268311.65
80316550.47
45634668.73
23136281.05
23339516.45
44487195.87
23553446.49
27145282.18
78553298.45
26790970.59
22057128.09
79289442.93
46337710.57
47365628.0
42962969.94
25874567.52
14802050.51
80013305.47
49254373.46
44857345.93
79727694.5
77633486.43
23212083.26
46746452.97
45246253.55
43051607.76
77617489.6
24397258.63
79492932.1
23647161.21
26626372.87
43352742.56
46296220.83
22334889.31
46566207.65
27144523.49
28355875.87
48034654.28
25880615.81
45194220.42
46625912.03
25286220.7
48063394.14
23851091.63
76701129.8
78105595.57
47136251.09
45745829.84
47632871.8
45909258.43
14843463.27
48150845.74
43056557.73
77460491.33
43738960.89
25237934.4
47450546.65
47283785.58
79602252.69
43974214.97
26399437.25
46334359.41
78152900.74
45682573.89
77617489.6
14840172.39
25870595.45
23083866.78
46006291.37
47650925.36
26394863.37
23954900.39
45523989.1
14807837.26
78152900.74
77461527.85
42847671.12
21813315.8
15062960.27
47481106.55
42402480.86
25227432.44
46755328.51
77214993.39
46132931.93
22639960.72
46103790.4
23905785.83
44194739.34
14973795.57
47746546.39
44450931.41
77581650.42
22811051.2
77812578.62
14923777.62
48168359.98
23661936.08
43071035.18
47730963.92
42781680.07
43681489.73
78926286.7
49625769.17
44553420.55
43169887.48
78784430.29
76380019.13
23700520.14
46347733.46
77619961.51
46635764.95
79317389.99
48479096.27
26580521.5
49887983.09
47271896.75
48334541.62
47136251.09
77581650.42
23291085.31
14866225.05
47939855.97
24620889.07
25251278.91
23034155.73
23078512.04
77625606.15
48089096.11
47715840.08
79553816.69
47358135.15
44757057.87
45994417.1
78669606.12
79289442.93
45280311.62
45034246.5
45246253.55
77723938.39
43964695.53
77117691.93
23679025.14
25178690.0
26795514.58
43115439.38
43432946.96
76701129.8
78073557.83
43378765.09
15020148.34
21808482.13
43055864.06
43180912.98
25870595.45
45649965.32
46747050.8
24407095.08
80773569.13
48357325.26
23376701.36
46781751.62
47091424.12
24586757.85
79345446.61
46693929.19
79458763.99
80316550.47
78131089.76
27352627.55
46316815.19
44367215.0
43213786.91
42204697.13
26385709.23
78428694.04
44649226.54
42809959.79
44993254.97
44064851.03
76472442.23
79029798.98
77909566.41
42333260.88
47491945.02
48910781.21
44245587.13
24018521.55
79492932.1
50529669.83
47551696.74
76989709.26
45289014.14
45638644.73
76734226.87
42453711.6
25903678.18
45284716.69
49206283.9
28611233.75
21703704.0
43065809.8
27270259.3
79553816.69
47395692.42
46216613.61
79789285.84
45598591.35
23710843.52
76759412.22
25857230.4
24469332.26
78926286.7
78202924.62
25027993.03
24086944.95
77214993.39
79332589.52
25226277.05
47977567.86
26504713.23
42022466.71
23746392.94
44416163.26
24018521.55
46078464.19
77525734.28
14806061.89
26795514.58
42216772.03
23710843.52
76759412.22
23334398.71
78759862.76
25616366.33
44821498.58
44921308.32
23587618.83
45548354.03
26484583.07
77058357.86
26343450.66
24659738.82
79006530.48
47223037.33
43394139.11
46291089.34
77371857.2
78105595.57
76485906.62
24018521.55
44401827.6
78409464.39
78926286.7
78064546.65
24482633.67
43144307.75
21668994.46
80316550.47
44394670.25
44704688.84
46179368.57
44039722.28
79789285.84
47531680.38
45033463.56
43141995.58
78437099.35
44671135.94
77723938.39
24774474.49
43117512.19
43352742.56
14986672.95
27876674.86
80013305.47
47356768.48
25105262.98
42279215.5
77511733.05
43934384.02
45417499.08
14989384.41
43616180.83
26484583.07
24563612.13
22369039.46
78926286.7
77625606.15
43528221.64
44570361.99
78690902.66
21221602.34
77371857.2
22086030.53
78690902.66
44733077.79
23956530.49
25699870.32
14822032.37
42432623.34
43634400.4
22460957.98
27926078.9
77460491.33
77936525.09
77877673.23
26198816.92
80013305.47
46569031.56
23994081.39
43394715.84
23537489.11
28606467.39
46642122.57
78784430.29
15019789.69
42270699.94
44791707.36
15005821.83
28328245.32
48861522.83
24249095.7
77723938.39
79492932.1
45941865.12
14820045.47
27944448.8
77909566.41
47444986.32
45554999.06
14908529.34
43773061.68
42270699.94
46384391.79
42022466.71
42739422.12
46201263.62
14827323.66
78553298.45
27352627.55
45194220.42
79202239.17
43236292.84
25609120.45
43592553.15
76734226.87
42799464.77
24713101.24
79543943.67
43091863.69
80773569.13
44417138.88
43611562.6
46317469.39
76472442.23
27795448.2
25014129.14
78926286.7
25035155.82
42458049.75
26702667.07
43217165.95
77461527.85
26755502.88
25619333.81
44586730.42
77365382.61
77909566.41
78152900.74
43999969.39
21703704.0
45819693.23
48375150.39
44572585.56
14871108.02
42989496.85
27260177.25
42160865.4
43759507.53
46201263.62
25920125.57
44111554.52
46850472.42
42962969.94
44352900.45
43881954.14
78553298.45
23260851.64
27033225.51
47830780.64
47798817.31
45278975.05
22473432.46
28817918.51
25679273.01
80773569.13
27234633.6
43574041.89
47444986.32
44083608.19
45733883.5
44172492.43
79602252.69
43304785.08
48937283.29
25973137.45
45291740.6
77617489.6
43146244.32
25549821.25
44550969.72
46982970.18
44551795.07
43446106.15
15086995.03
45006912.41
26369355.86
45211300.01
44247620.53
47084745.55
24499543.45
77511733.05
24449152.25
43976874.91
41899563.82
27963165.35
14973619.73
44632523.1
23863951.36
44353494.44
44305008.27
42994867.25
78358726.39
78690902.66
42604791.47
42022466.71
45294070.63
44962765.89
45030796.29
25498142.25
78064546.65
44731954.8
79553816.69
76472442.23
27638974.56
27767405.89
78039080.09
47140418.42
44394670.25
44131714.94
44293549.63
45233430.89
79332589.52
26059543.34
48431595.29
42937415.51
76485906.62
24236621.23
46129133.01
24660857.48
27272008.76
47789734.62
45709677.69
22527081.45
45058456.33
28411678.42
43541876.19
43857826.27
24344651.69
76874144.42
43451179.22
46982970.18
49205487.56
78759862.76
25786514.46
80211807.98
25946427.02
23801400.97
77297632.21
43551076.33
27208504.97
45622829.26
28070540.82
42434545.06
28199607.93
23389278.82
77697392.61
14841494.97
45575542.19
79543943.67
26774232.77
78926286.7
45311196.3
42684106.32
78131089.76
46956950.03
45635717.77
78072970.56
25363984.67
44189203.6
44286957.06
47006281.23
42673015.71
78694341.93
42307824.36
24318222.1
45743766.46
78428694.04
76485906.62
14841494.97
78428694.04
49089542.37
48861522.83
78131089.76
78464661.22
42826930.75
47613606.83
79495330.43
24300243.61
47476405.76
45054955.8
44652663.89
79069088.88
45959809.11
46379255.13
43180912.98
24458791.58
14865001.16
22623580.18
45743766.46
24358774.54
79332589.52
45322274.14
24814322.32
45288742.49
47030496.51
23371526.37
24524853.98
47625857.02
24809908.85
46789950.86
47531680.38
44670260.95
46824688.68
44903072.85
44900235.8
77697392.61
48470008.35
77814938.62
46258713.81
77297632.21
78202924.62
43333885.92
78579167.4
44286957.06
24435102.44
78105595.57
78582396.39
78579167.4
44289272.12
44566393.76
23510556.86
26385709.23
44558256.97
77231676.68
42368833.34
24515059.4
46394076.01
47481997.34
45234198.18
25765611.66
23510556.86
25223339.29
45503182.18
43459627.32
43488573.48
80032823.79
45165152.23
78926286.7
77719400.17
76701129.8
24086193.19
78409464.39
43315041.2
44887653.22
41911382.42
48088598.27
25902726.74
44077788.9
47136667.1
43884999.78
44876854.86
46020624.22
48088598.27
24326567.16
27663486.03
27666915.63
25398813.02
23639022.02
47717732.72
15020148.34
23339516.45
14862579.1
45194220.42
77460491.33
27134573.57
27433598.63
78202924.62
49974060.36
43877644.9
47830780.64
27272008.76
42862336.77
42681499.6
46749071.65
45682241.22
76472442.23
43050499.17
41954479.28
77719400.17
43347984.65
42937036.47
24944819.71
76759412.22
25092166.44
79495330.43
46572970.14
47151258.71
21109856.66
79458763.99
45684084.37
44153813.75
42270699.94
43634400.4
45554999.06
78072970.56
42937036.47
14791033.18
79069088.88
25230546.47
14854126.91
77807738.56
48846698.09
42962070.09
79492932.1
43700740.76
76989709.26
47806798.51
46095361.7
48861522.83
27271084.33
42079200.94
44449345.95
28270974.22
43440677.79
27722846.27
44857345.93
47103339.44
43019130.19
26059543.34
76485906.62
78464661.22
78464661.22
42125873.91
24279822.56
42828466.0
43759507.53
47271896.75
45194220.42
46199746.92
78579167.4
45523989.1
27554565.19
27260177.25
78064546.65
78298796.65
48056755.27
44367215.0
76855903.9
14976891.92
24563309.72
21669510.46
14845964.43
48367145.09
80773569.13
42962969.94
78152900.74
26086706.55
22903618.67
78039080.09
42704132.18
80073606.43
43115439.38
48434467.78
24456857.78
26366494.59
77807738.56
45322274.14
42112397.55
77141777.52
27205617.41
42508845.35
27134573.57
76855903.9
28365035.8
46208929.29
44139960.2
42920222.47
25058321.08
79727694.5
77365382.61
24303378.27
23746950.76
45712091.45
47271896.75
76309834.81
29305576.16
42320574.66
26496459.72
14799798.66
45288113.07
78298796.65
23594202.2
23762444.57
27165997.68
25353120.56
28446714.2
24298978.37
44912638.36
47481106.55
24456857.78
43199387.65
24661537.66
76309834.81
47492270.21
49625932.29
42685609.61
26039137.9
43540324.55
78073557.83
42148599.24
14821536.93
45288113.07
24358774.54
48357325.26
78428694.04
45540520.26
25122018.9
24814322.32
27352627.55
78464661.22
47697854.91
24636922.41
46471612.22
42196131.42
24646359.32
79458763.99
44956036.83
44023136.43
43352742.56
14843463.27
42475627.33
45064244.64
45064244.64
14865001.16
45503182.18
45575542.19
77214993.39
27272008.76
78464661.22
14833365.32
45064244.64
77231676.68
22141411.23
25857230.4
78694341.93
46079538.45
80416505.19
21180672.11
26882226.75
77719400.17
47045075.81
23979294.48
80416505.19
47467085.5
48729212.41
80032823.79
46993111.58
80073606.43
25058321.08
26499299.54
44490063.68
43111953.85
14851836.62
80318654.64
47730224.89
46787405.34
76309834.81
28439196.24
77877673.23
77525734.28
46151188.33
45136537.14
42125873.91
46642122.57
23848563.86
42270699.94
43446106.15
46107478.83
42216772.03
45168058.87
77719400.17
25624074.31
47632871.8
24754259.91
21909378.9
24440715.67
45992620.33
23773588.02
48220781.97
43091863.69
25880615.81
78669606.12
78579167.4
25105262.98
46972747.65
24288013.75
44407764.89
77214993.39
46371805.23
44634873.64
46020624.22
42352975.13
24724316.76
48589520.01
44787997.13
45864278.29
46743436.02
46115190.78
46471612.22
15017078.24
15030131.95
23076715.42
48846698.09
77619961.51
48819316.66
47235720.82
42079200.94
23682086.71
43156224.91
43915007.34
14800909.83
14939275.55
22737449.31
46078464.19
45731560.88
22724974.83
43461625.56
43333163.14
77511733.05
24972596.37
45909258.43
49007057.95
78784430.29
47024798.37
42292844.07
43145642.19
80013305.47
43451179.22
77117691.93
43882893.26
23136469.72
42592162.77
26039137.9
45310781.87
45536023.72
23079755.1
24338099.01
42022466.71
23113578.18
43227937.64
43755359.4
24196613.38
14805499.13
24930654.33
79380778.99
79029798.98
77723938.39
43105391.74
76485906.62
77902273.13
48018242.46
25100352.53
80316550.47
26766013.44
43483082.39
76701129.8
79458763.99
46020624.22
26477934.3
80073606.43
46173435.15
42110041.16
42661205.51
80211807.98
43652809.51
78703662.38
78669606.12
46394076.01
14793435.3
21408134.77
42837429.42
45634668.73
77812578.62
27260177.25
45536023.72
43123054.14
47876909.66
43105391.74
77769518.82
26413315.82
46917969.54
48470008.35
46324112.16
45258469.7
47246351.92
23241950.56
42204697.13
26233064.91
44547287.02
43910313.94
78703662.38
46969639.58
46040908.61
78926286.7
43372523.48
42826315.04
14820030.35
43748479.77
80032823.79
42574716.8
23507277.77
24846763.9
43169217.15
14813300.68
46090114.5
23999302.36
44850044.48
76874144.42
26399437.25
47393521.31
26141390.41
42658681.2
48729212.41
42510220.26
25549821.25
47444986.32
23974364.37
14788649.43
23273326.11
49693597.99
45165152.23
43892236.19
24135223.71
25753655.81
78926286.7
27169365.94
77058357.86
44734463.03
77902273.13
76734226.87
47035519.42
26499299.54
43271789.79
44535572.56
15073824.34
24495266.91
28355875.87
24088081.19
46682162.49
79029798.98
46498066.7
24103406.17
43985285.62
27260177.25
77231676.68
46024776.4
42505078.25
49004979.42
44904586.94
48467893.78
14837763.46
23455171.95
46043402.35
42781188.05
14826664.85
27433598.63
49332193.92
23580024.85
77371857.2
78690902.66
26528826.94
79345446.61
24266404.13
78409464.39
44046485.88
43288592.55
24563612.13
27663486.03
77617489.6
79543943.67
77769518.82
49004979.42
78437099.35
42930023.12
78690902.66
43877865.43
44904586.94
25462881.22
43555649.0
46075251.44
42779256.43
77625606.15
77697392.61
47084745.55
43288592.55
22620756.8
78105595.57
26141390.41
80073606.43
42939987.33
79202239.17
79332589.52
79495330.43
23376701.36
45674197.22
46296220.83
21991179.78
43821830.72
79602252.69
45149310.02
23587618.83
47213104.67
42162531.96
23887880.3
26522696.16
26803994.88
43902284.39
46499757.51
43350594.56
43480320.92
80032823.79
28197694.37
45135506.44
46068664.7
24239759.05
46739109.82
29849881.77
80032823.79
24229831.56
44918797.91
48472909.67
28439196.24
24150748.74
42599928.32
14846838.82
14871120.94
78314116.04
78198646.3
26394863.37
23743157.86
42865596.68
23422376.47
77619961.51
27722846.27
26299797.99
42789181.33
23170361.7
77807738.56
46335039.57
22485384.92
27883982.5
42400827.36
48289644.0
44618925.7
28080200.34
78198646.3
43254487.81
44665799.81
26676134.77
42112397.55
47194187.74
45937047.47
23700520.14
43451179.22
43889602.4
42335598.5
43542782.08
79495330.43
26328748.31
44899200.3
22374189.0
45225527.44
45836159.39
46268561.53
45579969.14
77877673.23
42294071.01
24441527.92
43859332.89
23700520.14
14875225.92
26702667.07
45713220.3
45115039.9
43603598.13
45733883.5
44982930.22
44963789.25
43082006.38
24103406.17
26369355.86
14822557.27
42458049.75
44454302.47
26039137.9
43711023.36
23062696.81
27208504.97
77214993.39
47112402.52
77460491.33
81828117.69
44787997.13
27828234.97
45634668.73
43613772.61
43119436.17
48063394.14
47006281.23
76989709.26
22091262.64
25675007.59
80032823.79
43577514.59
43731397.65
44578658.62
45976227.07
45301587.96
45318488.75
23735236.01
43556243.83
28817918.51
42765063.51
45340987.39
23532642.95
14987901.04
22202005.23
22978293.72
42568424.85
45768642.82
26681905.5
46310457.62
49063210.65
24435102.44
76989709.26
22245826.76
46310457.62
44850044.48
27767405.89
14883890.73
43019438.31
79345446.61
48299226.95
43840508.11
23851091.63
76668372.27
77619961.51
42116498.96
80187958.23
27001682.74
26795514.58
79458763.99
47194187.74
14813300.68
24180596.31
78579167.4
45211300.01
26343450.66
25240878.84
46594669.54
28063016.39
77141777.52
24319482.23
80187958.23
46370172.35
25652955.04
43504111.97
22086030.53
43045324.01
43694012.67
42938360.85
79543943.67
76472442.23
43199618.71
44232234.09
77633486.43
76880892.36
26661790.79
42505078.25
27183287.3
44704361.37
42355443.1
24479423.93
14941151.23
46856728.89
79202239.17
25884602.16
43709858.72
48861522.83
43347984.65
43492613.76
46020624.22
14807718.82
43694012.67
77117691.93
77719400.17
24318222.1
14800909.83
80316550.47
76380019.13
45027812.91
46710966.28
77058357.86
77460491.33
26702667.07
76380019.13
25178690.0
26661790.79
21996119.75
27056748.51
25398813.02
44617494.19
43876468.68
48330876.14
24266404.13
42125873.91
27767405.89
43652809.51
44500404.01
47715544.69
14889168.52
78358726.39
78579167.4
23260851.64
45472775.8
77141777.52
24018521.55
46442787.06
14780884.57
77807738.56
25223339.29
47319542.53
42837429.42
44850044.48
76734226.87
25017190.19
27944448.8
45860709.85
22939106.38
80773569.13
14800506.61
42882962.81
76874144.42
79602252.69
43836168.69
47650925.36
27747080.55
43363246.64
24674105.49
44131714.94
27124928.04
26504713.23
27810933.32
14869653.31
45374273.32
15145897.46
45025324.58
46635764.95
77617489.6
49401382.79
78072970.56
43047052.64
44132025.14
76472442.23
78784430.29
79006530.48
44910425.02
78669606.12
80416505.19
43603598.13
26238386.65
14993481.64
78926286.7
77525734.28
26491303.73
23850990.76
43718822.24
77619961.51
45058456.33
43470794.34
76759412.22
78582396.39
28978013.62
43385241.14
23809670.18
44256617.5
15061336.5
24075167.24
25665461.87
42863854.26
47468882.91
44153813.75
27799075.21
23207827.42
76350028.74
79727694.5
77995545.96
23638832.7
25398813.02
26522151.8
47476405.76
44373464.78
78579167.4
45548354.03
79069088.88
43572107.0
44341849.09
42093996.05
45431752.14
23859296.4
22369039.46
77877673.23
46311381.81
80032823.79
27033225.51
25624074.31
47606783.62
46006291.37
42834792.48
45941865.12
43843786.58
41973494.89
47014160.65
78759862.76
25230546.47
15006335.46
43055864.06
45941865.12
44453527.93
77769518.82
25616366.33
78409464.39
78105595.57
28893113.97
77807738.56
80211807.98
78064546.65
78669606.12
44731164.44
44196814.45
24379095.48
76855903.9
78358726.39
23954900.39
76472442.23
43213786.91
44757057.87
77117691.93
44851578.55
44022451.18
49140347.35
15040435.6
78437099.35
43694012.67
79495330.43
25230546.47
24842525.91
47226201.25
77019663.64
44821498.58
14871120.94
78073557.83
27057132.47
42385024.13
27753415.33
45515185.85
76309834.81
77936525.09
43121124.93
46255502.18
43309615.06
26702667.07
45390596.64
78105595.57
79553816.69
46745531.84
43564227.62
42994867.25
43612686.4
44572585.56
42681499.6
77995545.96
26137517.07
24894090.15
77697392.61
44141353.84
44297479.79
22743796.5
77625606.15
24959507.44
80316550.47
45731560.88
24479423.93
42366675.69
46078464.19
43087304.87
80037042.94
48479096.27
77902273.13
46078464.19
77141777.52
27682858.7
45470535.21
45992620.33
44510946.53
24393863.91
79069088.88
43412198.82
44017716.23
77909436.6
44155558.57
78358726.39
29356456.04
25082743.7
27433598.63
76472442.23
78202924.62
14822217.65
47666112.5
46734277.14
77297632.21
78464661.22
47458309.08
43641137.74
46834764.41
43897224.46
80316550.47
28206578.69
23703639.07
79492932.1
47045075.81
25120583.53
23424541.91
43700740.76
27269366.0
43360794.53
21265945.42
44977072.95
44545395.55
28947424.53
44275778.28
42860610.39
23579497.55
77617489.6
44893848.07
23532588.16
44731954.8
77214993.39
44645052.34
47979192.34
47168325.75
46383836.08
44308167.57
47467085.5
44047075.81
28627642.02
44618925.7
24547133.2
42165025.53
77877673.23
78553298.45
23746950.76
26799463.89
77909436.6
45864278.29
46625912.03
46896743.97
24088081.19
27124928.04
79202239.17
44139960.2
44579690.23
44910425.02
44035875.71
47444986.32
47042337.14
76485906.62
79789285.84
46609203.74
46216613.61
44328203.14
77814938.62
22460957.98
47468882.91
44680150.13
48534998.42
43049494.95
26882226.75
77807738.56
49234982.67
43216068.69
42685609.61
77511733.05
42568424.85
46324112.16
76701129.8
14845964.43
23726282.69
44848552.15
43790116.27
78464661.22
46311381.81
77633486.43
43103553.82
43609369.21
79543943.67
77807738.56
47468882.91
44024682.08
43883548.18
14872644.64
44984515.54
25237934.4
23815241.95
76759412.22
77461527.85
77619961.51
42521797.98
77617489.6
23999302.36
44299458.81
42854361.23
46366414.16
78690902.66
43878648.3
46132931.93
25788652.65
47005417.25
44918797.91
48058655.87
26816881.46
25892592.74
45338093.93
79332589.52
43066999.4
46078464.19
14866225.05
24859238.38
14821536.93
47742655.16
43227937.64
46972747.65
43240277.59
43934956.3
80416505.19
47729707.04
15095951.73
43410202.78
45634668.73
77769518.82
24841895.25
24172773.35
42566055.38
46684942.21
26298359.95
27018443.84
43267447.35
45025324.58
44794452.5
76350028.74
24895541.53
43395680.36
23320358.27
44774928.18
26255702.92
42809959.79
14773055.56
47492270.21
80773569.13
43523789.31
77141777.52
24462698.1
76472442.23
14813771.52
14848404.71
78314116.04
45634668.73
27285876.33
47332224.67
42496251.41
44024682.08
23409088.32
43398999.31
44568117.7
78409464.39
25058321.08
48375150.39
42712512.4
43217731.55
26557677.55
78669606.12
22888229.18
79458763.99
44928468.38
80211807.98
78298796.65
23611906.07
25165469.26
49625769.17
43892236.19
77117691.93
45390596.64
80032823.79
41911382.42
22945583.71
44886030.06
43877644.9
44790197.89
47194187.74
76309834.81
77807738.56
43394139.11
49693597.99
80416505.19
43291581.8
42496373.91
46199746.92
47405877.24
44235418.95
77936525.09
79380778.99
14874882.3
43197992.03
76380019.13
26385709.23
77214993.39
42536021.05
24943128.8
43488573.48
42871161.27
79332589.52
28070540.82
44963789.25
23136469.72
23184623.92
46090114.5
77371857.2
42312679.87
42474545.91
47007422.28
23771459.02
47042337.14
43180912.98
23694392.29
25462881.22
47831514.8
44245587.13
26162506.58
14799798.66
77995545.96
45452076.81
76380019.13
26328748.31
77058357.86
25058321.08
47365628.0
79202239.17
25101278.26
26109198.53
23743157.86
44579690.23
14833365.32
78759862.76
26281880.42
24441527.92
48348839.15
79317389.99
26522151.8
77936525.09
77214993.39
78784430.29
45490146.73
50260723.33
79458763.99
25723126.42
46397709.16
45284716.69
43911770.22
43860009.46
45133194.05
25616366.33
43540324.55
23999302.36
22811051.2
47140794.75
44397169.5
21725361.32
23611906.07
77909436.6
45807449.18
46880011.7
78314116.04
45551249.64
27383162.62
46337710.57
43898114.73
25836288.91
49206283.9
24666355.17
77812578.62
25703419.75
25017190.19
48861522.83
78202924.62
78784430.29
46650430.15
78926286.7
77909566.41
78152900.74
80416505.19
26226197.33
27944448.8
25201233.75
26238386.65
43836168.69
21792111.81
44665799.81
76855903.9
24179367.34
78669606.12
44256567.09
23779637.42
78202924.62
24491048.66
43855831.08
76485906.62
77365382.61
80211807.98
77807738.56
44131022.56
22818087.31
80211807.98
25382966.06
48603582.32
43934384.02
46956950.03
47322428.95
76701129.8
45291740.6
78358726.39
42079200.94
44382170.31
45308752.82
27915710.49
45170558.28
76855903.9
44888988.61
23076715.42
43294515.96
24196742.17
23525420.16
45289959.8
46347733.46
44928468.38
43117512.19
78298796.65
42712512.4
44984515.54
43925948.05
44850725.01
77297632.21
14825480.21
76759412.22
48808546.74
25017190.19
45278975.05
43087304.87
79202239.17
22589337.18
48717426.76
43141995.58
43349747.69
77909436.6
76309834.81
28070540.82
21562319.05
46859171.79
41911382.42
46302197.31
26028650.36
43694012.67
49887983.09
45025183.49
45682573.89
46342430.19
45233430.89
23255837.17
43488573.48
24196613.38
25946427.02
42650247.82
25765611.66
14841128.66
44417138.88
24009448.34
42365548.45
46894784.54
25624074.31
78553298.45
14833821.24
45136537.14
24446348.54
23442697.47
44719752.75
43180991.86
43183177.93
45864278.29
25679273.01
24308870.79
78072970.56
42826930.75
78582396.39
42204697.13
44680150.13
45523989.1
43144307.75
27396213.97
25755924.68
42685609.61
43470794.34
78579167.4
45621255.43
47504055.29
46040908.61
45998037.59
24433469.68
25421917.81
80316550.47
44456070.64
42676606.4
76989709.26
24744050.67
44801686.39
24462698.1
78464661.22
77633486.43
77371857.2
44883744.23
42340711.81
77214993.39
44887653.22
43037604.66
45054955.8
76309834.81
78428694.04
47471425.53
42672710.56
77617489.6
48631614.53
45989637.88
27001682.74
76855903.9
25227841.17
26662346.78
27848143.19
43276528.73
42334016.4
45033463.56
45635717.77
77019663.64
47658823.46
79029798.98
48056164.84
43808428.54
78759862.76
14831595.87
49625769.17
22044653.62
78553298.45
26016305.88
28627642.02
21645815.13
44256617.5
27876674.86
23076377.66
24318222.1
27666915.63
44956036.83
77625606.15
45301587.96
48467893.78
26191347.08
45891995.45
48717426.76
80316550.47
23996321.36
44551408.57
45138057.33
46622553.78
77902273.13
26230335.03
78437099.35
81828117.69
26605670.97
26790970.59
47897003.41
42781188.05
46651547.86
44881642.95
27056748.51
24620889.07
25014129.14
41973494.89
43875864.08
43880531.49
15062960.27
15070039.59
77525734.28
78409464.39
47030496.51
45745009.75
14791033.18
45417067.79
46754732.37
23148755.53
42685609.61
24500822.79
14854126.91
76734226.87
78409464.39
14819331.14
43395680.36
27018443.84
24821781.75
21036490.2
27144523.49
80416505.19
24266404.13
28744539.67
44732327.09
14827730.95
77812578.62
44352900.45
44849227.99
24764910.57
44719752.75
48254053.3
26605670.97
24103406.17
46106776.33
47223037.33
25591696.74
47113182.11
23406832.09
14869653.31
79602252.69
22936779.05
28080200.34
23096341.26
78072970.56
23611906.07
43589263.19
44698836.12
42112397.55
15075688.54
24455551.72
24266404.13
43144307.75
25994821.84
44928468.38
44935775.6
45994417.1
42962969.94
43017623.03
43103553.82
23417863.4
23861038.33
23863566.11
44888551.22
25293845.02
44697335.52
78703662.38
47536580.69
79332589.52
25226277.05
28080200.34
42452101.9
26477934.3
78039080.09
44857345.93
25015518.55
14848404.71
43373428.4
46542851.02
45321814.67
77214993.39
44656057.59
80773569.13
14996643.96
78694341.93
27722846.27
44912638.36
79006530.48
42380395.34
24563612.13
46006291.37
42705771.5
47097372.85
24491048.66
27442780.85
78039080.09
23799515.91
42710007.57
25105262.98
41959783.91
22758893.1
45234198.18
47458309.08
78553298.45
22367995.95
79202239.17
47405877.24
79789285.84
79069088.88
42814682.41
27337446.15
43375009.39
25880118.26
79789285.84
47510680.97
42937036.47
24066071.61
22545245.05
48857964.51
42996990.97
43551076.33
23733757.58
23611906.07
79289442.93
23733757.58
79492932.1
25546912.94
14861942.66
45294569.36
24196613.38
45205337.28
23994081.39
42110041.16
43019130.19
23394357.61
43100619.33
15028110.99
78202924.62
78202924.62
22332325.9
14773766.06
79289442.93
25546912.94
43713106.09
24972596.37
22623580.18
27876674.86
47322869.46
48534998.42
79543943.67
42079200.94
78105595.57
80316550.47
80037042.94
77619961.51
14785191.31
25178690.0
47254742.87
47152989.09
24639644.74
76380019.13
44397169.5
44139960.2
43333330.9
77297632.21
24660857.48
78703662.38
43875864.08
46199746.92
78198646.3
14805821.51
43592553.15
14986672.95
42866908.35
42800634.91
45721498.3
48027034.01
79543943.67
78690902.66
76472442.23
26480903.37
14843931.19
27383016.88
78070728.73
23733757.58
23083866.78
24293780.98
46337710.57
43267447.35
78579167.4
22545245.05
43273307.51
14846838.82
28018519.13
78073557.83
44158966.53
24620889.07
78073557.83
43551076.33
24958804.55
24172773.35
81828117.69
80013305.47
22322414.83
47283785.58
45743766.46
26238926.68
42937036.47
76734226.87
76701129.8
42095738.49
25753655.81
44821741.75
80073606.43
45149310.02
45815189.37
28080200.34
76759412.22
47084745.55
26907313.37
45354759.19
78759862.76
46859171.79
76880892.36
80073606.43
78553298.45
43642038.61
24435102.44
46896743.97
77877673.23
48081218.63
47303006.4
44904586.94
22936779.05
47775268.65
46762801.26
27001682.74
23721901.37
47491945.02
77460491.33
22652435.19
78464661.22
77058357.86
77814938.62
78784430.29
46429135.74
14843931.19
23851091.63
46442787.06
42462159.23
47666112.5
23521454.24
21180672.11
79029798.98
44441054.82
23389175.84
23594202.2
78039080.09
27234633.6
44734463.03
78428694.04
78690902.66
24623173.55
46370172.35
44550486.48
77214993.39
23435241.12
46173435.15
43267447.35
42436628.28
26385709.23
46650430.15
24257149.18
21813315.8
27722846.27
24635105.64
76384798.46
78152900.74
43902284.39
23160437.85
47716994.0
79602252.69
23815241.95
41948887.15
47136667.1
27963165.35
46969639.58
48795376.88
47468706.99
43375865.89
80416505.19
15064672.3
42462159.23
26795514.58
45382230.94
43050193.71
25798361.45
23899311.09
46042648.06
79317389.99
22924304.58
23974364.37
77461527.85
77719400.17
47070919.93
27124928.04
42592162.77
24426193.42
15033949.44
43165410.89
23694392.29
15027443.17
44911813.52
78039080.09
43543158.46
79380778.99
47014160.65
43461509.82
46580822.64
24196742.17
47262446.64
45560533.93
25534687.67
77525734.28
26016305.88
42603973.84
79202239.17
47650925.36
24316728.3
76701129.8
77297632.21
44299458.81
22233352.28
24455551.72
43570889.25
46302197.31
42462159.23
45883689.75
78582396.39
24951570.59
42182074.6
42800315.88
43914319.71
45650659.15
27396213.97
42573916.62
43759507.53
42128851.01
43642038.61
77461527.85
48034654.28
26605670.97
76668372.27
76668372.27
44719752.75
28817918.51
43730529.69
42767566.76
45768642.82
27663486.03
24479423.93
49625932.29
14789771.45
43439719.45
77371857.2
47632871.8
77807738.56
15007218.46
25880615.81
78202924.62
78152900.74
80187958.23
24669355.89
46151188.33
25462881.22
45293912.86
45998037.59
43197326.17
14883692.47
77814938.62
24507741.39
23776484.26
47024798.37
78694341.93
80037042.94
22633231.28
26399437.25
76380019.13
43459627.32
78070728.73
43857073.27
76855903.9
77617489.6
42604791.47
14827025.23
77461527.85
47888975.98
26191347.08
44146154.4
47322725.72
44256617.5
44615856.31
42503109.2
44895241.75
76989709.26
45575542.19
48759867.54
14997044.7
27272008.76
43065396.54
15047437.17
43164033.13
47024798.37
43281795.89
44354762.35
46075251.44
48815903.43
44113339.35
77141777.52
42365548.45
25609120.45
42988782.06
25857230.4
43315041.2
45170558.28
22437112.5
46151188.33
49089542.37
46834764.41
46789950.86
42740018.39
14923777.62
79006530.48
44656057.59
77231676.68
50260723.33
79029798.98
25679273.01
26755502.88
24515059.4
25092166.44
44413828.36
22091262.64
80032823.79
44879623.29
42475627.33
76309834.81
79029798.98
77581650.42
45854040.0
45768642.82
78131089.76
42403566.91
43087048.29
14973573.26
26681905.5
46880011.7
44047075.81
27144523.49
80073606.43
76874144.42
24734932.13
78553298.45
77581650.42
43059286.78
47830780.64
42420661.79
46755328.51
43240277.59
78202924.62
47668672.76
23691499.62
77995545.96
44799991.97
25730498.11
42453711.6
47276346.67
15005218.63
44081790.2
47481997.34
77877673.23
44039031.75
42679911.79
47113182.11
77877673.23
42281307.6
77511733.05
26016305.88
42554260.94
45706184.16
14994826.55
23333150.62
46079538.45
44852314.5
24750124.21
47136667.1
78464661.22
25178690.0
45368565.69
77619961.51
47790078.7
41975109.87
78759862.76
50529669.83
26328748.31
14827730.95
44015268.87
27144523.49
77909436.6
44895241.75
46580822.64
45560533.93
14853862.58
77461527.85
77812578.62
48056164.84
77117691.93
23905785.83
47323661.16
22091305.61
77807738.56
79380778.99
47481997.34
77625606.15
43084662.31
42568424.85
79332589.52
47342479.45
44545395.55
44139960.2
46347733.46
24635105.64
43281795.89
77461527.85
79495330.43
46260213.99
23430513.18
44227175.35
22189530.75
42871648.61
42112397.55
44146585.08
45224105.38
22809269.9
23184948.08
14785191.31
25755924.68
45598591.35
79380778.99
78314116.04
24649063.18
77633486.43
24859238.38
46754732.37
47859865.86
43717987.09
25227841.17
50163678.47
24943128.8
24266404.13
27328383.47
47035519.42
28817918.51
42112397.55
45258469.7
43119436.17
43652144.31
25765611.66
46289470.62
77019663.64
50529669.83
79380778.99
23980734.99
46338524.7
46057762.57
46454744.03
47510680.97
24436649.28
77619961.51
46371805.23
43564227.62
14826664.85
76350028.74
77723938.39
24617383.36
45600404.26
45941865.12
28199607.93
78409464.39
48220781.97
46710966.28
47536580.69
46173435.15
78553298.45
44416163.26
48474169.12
47271896.75
45338093.93
48367145.09
44039031.75
46107478.83
14837763.46
47405635.53
41948887.15
25092166.44
44449345.95
24908741.86
22178183.12
14951143.17
79317389.99
43642038.61
25201233.75
79492932.1
78579167.4
23079755.1
27828234.97
78202924.62
47650925.36
79029798.98
42398188.9
22939106.38
21575579.55
46311381.81
44632523.1
76759412.22
47613606.83
43178424.83
46107478.83
22639960.72
21981903.23
25462881.22
44557470.79
14842677.67
44694258.92
48467893.78
45020873.79
80073606.43
22488462.66
49234982.67
48417095.31
78464661.22
78298796.65
78202924.62
42217596.75
24514315.07
43378111.31
45229663.45
22924304.58
47719495.55
46650430.15
25462881.22
45729025.68
25206020.41
76380019.13
26385709.23
25034763.97
23101103.7
45290501.26
22818087.31
78409464.39
43106342.81
26528826.94
44039722.28
77117691.93
24283464.04
76874144.42
78759862.76
23136281.05
79332589.52
46955837.04
42681499.6
14833821.24
25755924.68
24309384.89
77511733.05
14784336.72
77511733.05
24954706.02
48819316.66
46079538.45
23863951.36
44949402.26
25946427.02
43145642.19
47173971.93
15026353.89
46442787.06
26862701.94
45025324.58
43488573.48
27057132.47
48318488.36
42592162.77
77995545.96
14978185.89
22939106.38
42451665.14
79006530.48
43517579.42
43727127.8
42603973.84
77617489.6
14800506.61
43335487.31
43835200.95
23859622.29
14868751.29
44618925.7
77719400.17
24719902.58
43985285.62
47007227.79
26191347.08
42719876.87
22924304.58
79543943.67
26504713.23
26676134.77
45103210.77
76874144.42
42857076.76
79332589.52
26214353.68
78437099.35
42604791.47
44263107.58
25010406.71
80037042.94
24958804.55
46556653.5
14789771.45
14781367.61
21510054.4
23860910.69
78582396.39
42866908.35
23712646.74
76989709.26
42198588.24
43769375.66
46859523.71
77619961.51
77995545.96
78314116.04
25382966.06
47981767.89
25171794.29
46337710.57
44244819.39
26676134.77
49198741.17
78073557.83
45733883.5
78073557.83
43019438.31
25388717.11
49439279.98
44731164.44
41701002.74
24755784.6
14845483.46
46700560.67
42849220.59
22809269.9
27876674.86
23069813.71
76350028.74
23710789.2
28328245.32
42110041.16
81828117.69
46635764.95
78039080.09
77297632.21
23122551.33
15009784.55
23665625.16
77719400.17
24094272.51
79495330.43
43352742.56
22737449.31
79727694.5
23733757.58
46594669.54
27963165.35
77365382.61
46834764.41
24419569.56
43545305.64
77814938.62
23624743.53
24958804.55
14835751.81
79289442.93
23611906.07
23638139.73
43652809.51
44757057.87
26230335.03
43470794.34
45140909.8
44898346.06
78703662.38
26162506.58
77117691.93
42800634.91
77807738.56
78669606.12
22224092.81
42603973.84
42857411.01
24303378.27
26816881.46
48018242.46
47781090.15
27319202.5
26580521.5
80013305.47
25178690.0
47819685.89
43563741.98
25800437.59
46124648.11
44903072.85
47481997.34
24515059.4
77633486.43
23907637.45
43932479.72
44547915.11
14825695.73
44441054.82
46260213.99
79553816.69
23101103.7
78152900.74
46057762.57
45172495.25
79727694.5
14974309.96
77461527.85
45666959.9
25214457.03
46483769.34
43700759.81
76384798.46
47296239.58
22794420.58
45094532.95
14845964.43
42962070.09
48861522.83
43488573.48
25616366.33
44196166.81
43019438.31
24178797.17
43738960.89
44553420.55
46894784.54
43227937.64
22825658.31
79543943.67
26195847.58
27144523.49
42366675.69
14807718.82
24649063.18
25227841.17
43652809.51
43185315.51
44081501.82
43177649.48
49089542.37
14998635.54
47742655.16
26557677.55
44566393.76
80211807.98
42731913.93
78669606.12
42400827.36
27659650.17
28817918.51
45606491.57
43488573.48
76759412.22
45682241.22
77697392.61
46106776.33
45446065.47
44198102.72
26937418.85
25624074.31
43171379.98
28355875.87
78926286.7
45338093.93
80037042.94
45851821.93
43876685.18
14872644.64
41951989.95
77697392.61
79492932.1
27352627.55
47697854.91
14997044.7
76759412.22
77019663.64
43016060.54
25901303.91
24150748.74
47136667.1
22128936.75
43570109.55
27638974.56
47940114.02
43841997.23
24288013.75
43521249.33
24862163.71
77625606.15
14835751.81
46294728.53
47169091.53
47481997.34
80416505.19
26311104.26
24318222.1
47211809.62
15057459.0
45226829.17
28270974.22
23580024.85
14866280.68
48857964.51
45317682.04
23634686.73
24179367.34
27124928.04
77619961.51
47775268.65
77365382.61
24274850.33
44587054.59
44010241.25
14985775.65
23860910.69
27025558.59
28063016.39
23848563.86
45035413.44
24479423.93
47097372.85
45536023.72
45346384.27
42279750.46
79543943.67
42847671.12
77581650.42
78553298.45
23931618.37
25994821.84
42521797.98
78070728.73
77617489.6
23344522.46
77117691.93
25398813.02
25609120.45
25652955.04
78409464.39
80416505.19
44550486.48
48318488.36
78039080.09
42160865.4
77460491.33
43534859.33
77625606.15
43718822.24
28080200.34
45152517.24
77117691.93
43219732.1
44907225.19
47405877.24
44963789.25
23848436.21
80037042.94
43878811.21
23442987.66
43296759.34
24449087.63
78759862.76
78105595.57
45311196.3
44977072.95
77297632.21
26504713.23
43032188.65
46291089.34
77365382.61
14807837.26
14867110.51
21676264.79
28206578.69
24189559.57
26803994.88
79345446.61
76734226.87
77525734.28
44146154.4
46498066.7
47322725.72
25353120.56
44035875.71
80416505.19
23136281.05
24482633.67
76880892.36
43652144.31
14805499.13
77371857.2
44685108.06
25870595.45
45851821.93
47296239.58
46787405.34
47007422.28
22091305.61
22589337.18
44918797.91
28627642.02
43909150.26
46781751.62
79332589.52
42400827.36
80211807.98
46749071.65
78198646.3
78669606.12
27876674.86
22535610.37
45021674.68
44156612.51
25017190.19
48808546.74
44098575.93
45864278.29
79553816.69
28355875.87
47900659.71
23487331.48
77909566.41
15057206.38
23954900.39
23197098.39
44132025.14
26477934.3
76989709.26
44226182.37
45282501.19
77117691.93
26238386.65
42880974.48
43714050.8
22926762.85
46338524.7
24338099.01
77909566.41
46258713.81
45025324.58
27828234.97
22488930.0
43909421.29
25082743.7
26933127.38
46075251.44
46569031.56
26311104.26
22732186.5
44901648.89
44413828.36
15028110.99
78437099.35
24754259.91
25902726.74
47358135.15
48434467.78
44535572.56
45996547.77
43909150.26
45308752.82
25121976.87
80013305.47
42292844.07
15020303.07
78759862.76
47070919.93
77214993.39
27396213.97
22794420.58
26309897.52
23515047.42
78437099.35
43188512.02
26743193.3
24713101.24
80032823.79
47453417.39
46420977.07
26496459.72
24843475.98
78358726.39
43806569.62
22497859.4
77719400.17
46394076.01
42685609.61
45025324.58
47467085.5
44064851.03
45321814.67
23954900.39
26771674.87
79202239.17
47806798.51
47854154.76
47569079.3
48534998.42
45030796.29
25165469.26
23567331.44
26214353.68
22473432.46
47358135.15
23634686.73
79202239.17
26197892.27
43946989.45
78105595.57
23634686.73
24196742.17
25800437.59
47729707.04
45258767.94
45472775.8
28070540.82
25076707.84
45490146.73
23486922.55
25901303.91
78553298.45
47024798.37
78694341.93
47365628.0
78579167.4
41845362.39
24563612.13
43642038.61
76759412.22
44615856.31
15095951.73
14996956.86
78694341.93
76485906.62
78070728.73
45025324.58
48068077.67
25741885.62
25329855.41
26127363.62
80318654.64
14875225.92
47358135.15
80037042.94
43115439.38
44450931.41
47073887.24
43369725.78
46859523.71
77909436.6
23255837.17
48138811.16
79317389.99
42937036.47
48479096.27
14970261.97
42920222.47
79543943.67
26743193.3
43589263.19
77723938.39
42962969.94
45575542.19
44921308.32
78314116.04
25447783.39
78669606.12
41911382.42
26852648.45
46787405.34
76472442.23
44156612.51
26036494.17
77019663.64
45601229.01
41845362.39
77814938.62
77936525.09
47045075.81
45721498.3
45909258.43
79289442.93
46289470.62
27352627.55
23062687.4
24288013.75
77877673.23
27056748.51
41940044.33
80318654.64
44023136.43
43534859.33
80416505.19
42681499.6
14853862.58
78105595.57
77902273.13
46379255.13
43348832.48
25549821.25
46745531.84
22830699.05
14841494.97
24658480.65
26039137.9
78298796.65
46379255.13
26016305.88
43883085.89
47558481.19
43897224.46
44877752.66
79006530.48
27100924.61
23679497.72
48220781.97
42962969.94
43363246.64
43091863.69
78039080.09
46710966.28
43378111.31
43296759.34
43711395.85
79345446.61
24027621.15
27272008.76
47510680.97
48631614.53
24666355.17
25357146.99
76734226.87
79289442.93
77365382.61
45278308.25
43740330.0
44156612.51
42740340.09
79727694.5
47356768.48
45136537.14
44618925.7
26036494.17
25534687.67
43985285.62
44578658.62
44673763.14
26706415.56
23409973.15
45293912.86
14800506.61
43740330.0
43652144.31
77812578.62
47939855.97
14793435.3
24188017.91
46580822.64
44156612.51
43835171.91
23624185.75
78198646.3
45368565.69
45246253.55
23430513.18
27804781.52
43183177.93
77019663.64
44732327.09
26862701.94
27165997.68
44978504.88
27396213.97
46678753.92
47458309.08
78105595.57
42740546.92
22888731.16
24620889.07
45470572.98
28018519.13
76874144.42
45634668.73
42780053.04
47061577.91
24846763.9
49254373.46
78784430.29
42781188.05
77581650.42
46865507.24
45883689.75
44289272.12
42686513.29
43544860.7
26504713.23
79789285.84
46106776.33
47091424.12
48375150.39
43641137.74
27208504.97
26214353.68
23755632.33
25388717.11
26179382.19
23304670.61
14816271.93
24620889.07
44538446.3
45417499.08
46886414.25
46865507.24
43574041.89
47296941.16
28355875.87
44634873.64
23712646.74
44982930.22
45992620.33
43381414.09
43124069.52
78131089.76
42937415.51
47798817.31
26580521.5
77812578.62
24586757.85
45058456.33
43703514.09
23151394.88
79553816.69
76309834.81
48071252.68
47606783.62
45682241.22
43540921.51
43542397.0
80037042.94
42403566.91
78437099.35
44232234.09
46580822.64
80316550.47
42196131.42
42572289.05
79492932.1
44935775.6
80032823.79
44600852.46
42948490.85
15096456.3
78409464.39
77909566.41
23439249.46
47790078.7
44977066.39
77365382.61
81828117.69
42292142.25
44568117.7
24196886.62
78437099.35
43860009.46
43188512.02
77719400.17
27663486.03
77525734.28
77231676.68
77633486.43
43887589.79
80316550.47
77141777.52
43521249.33
27659650.17
42874776.71
22965819.25
43275715.67
24841839.94
14908529.34
78105595.57
45621255.43
43400329.32
77231676.68
77995545.96
43725439.21
48730052.79
27208504.97
23527521.89
47136667.1
14820287.16
15028419.76
23716113.55
15044278.32
23986668.19
80416505.19
15075768.47
42333260.88
49128659.28
80316550.47
43349747.69
25056963.45
78064546.65
23839332.42
78070728.73
27915710.49
43564227.62
47124536.98
77625606.15
42279750.46
46935430.22
23406832.09
26790970.59
43509814.68
24236621.23
76701129.8
76350028.74
43051607.76
78690902.66
43805853.82
42811157.92
43451179.22
49234982.67
28817918.51
46371805.23
76309834.81
41988859.57
78464661.22
44879623.29
23863951.36
27433598.63
43699237.25
43478752.93
78582396.39
43819902.11
24561946.97
26795514.58
78579167.4
47531680.38
25000112.04
44962765.89
45233430.89
24088081.19
21807824.49
27018443.84
45041792.89
25902726.74
42847671.12
