46987256.56
44753461.35
44712102.2
44129151.79
46701008.11
44626153.47
44313875.58
76437099.35
44291271.73
40357481.33
44442467.39
45308081.95
40050972.86
75525734.28
44916419.64
23921294.93
45696905.26
44345816.68
77069088.88
40970273.16
45541750.43
75936525.09
45044665.57
76073557.83
22820929.59
23419624.64
42511693.04
18282868.16
42438248.41
12914688.98
23004481.38
44288348.1
45196050.47
42560203.94
22123966.12
74380019.13
45282828.44
44129481.18
12948252.03
20064135.16
75909436.6
78318654.64
45338069.17
78013305.47
23274313.41
40843734.15
39369366.0
23261585.81
23819235.62
44216013.84
23431266.85
41023366.16
41747285.3
12872400.17
78211807.98
46213051.1
74350028.74
77202239.17
21805160.34
40085244.39
41023366.16
46462221.53
19413038.86
47625966.38
39986617.39
39880059.43
41109802.67
23987800.45
78211807.98
74485906.62
45509318.07
45993948.75
23006470.93
75581650.42
76198646.3
21805160.34
46589663.12
45055320.4
19478073.7
75902273.13
45840000.81
76314116.04
74380019.13
45717296.04
76152900.74
23231614.66
42553591.61
78773569.13
42097195.89
41069699.79
24120551.16
75697392.61
41778553.86
77789285.84
75460491.33
76437099.35
40595904.86
75812578.62
40266889.89
74380019.13
23005542.39
75581650.42
77602252.69
40920273.69
23877971.17
20677636.32
76437099.35
40770559.3
43607618.56
21511161.12
12902390.92
74350028.74
21026096.96
23599409.38
48238280.13
47071329.73
76314116.04
43080952.63
76669606.12
24510184.41
40350548.82
12961544.95
19438912.45
42408828.6
23123506.03
76072970.56
46427528.65
12948252.03
75719400.17
74880892.36
41009159.9
43861813.07
78013305.47
19556530.66
40406072.51
76064546.65
78037042.94
45141602.87
22399845.96
46199537.65
20367686.58
24365373.4
74350028.74
74350028.74
12895175.97
74485906.62
44777821.03
12858513.41
44629917.1
76553298.45
45466343.09
74734226.87
75723938.39
43927116.71
44850546.82
23207967.26
74701129.8
75371857.2
44790153.16
20386439.0
12908329.18
75877673.23
20225790.29
77492932.1
76358726.39
77202239.17
18572351.59
44501564.64
74668372.27
44186370.68
21821101.96
40380911.19
22690101.5
74309834.81
22513392.53
47200904.55
76553298.45
43170853.5
47137795.59
40701008.72
74734226.87
76437099.35
76298796.65
42321331.26
42037867.86
75231676.68
44638493.69
75723938.39
23130572.07
45818294.17
78187958.23
21894176.6
22702200.31
44369704.37
12942506.97
78773569.13
75461527.85
42441367.55
75719400.17
75769518.82
39741030.22
42636808.78
41741506.3
40540199.44
41428910.98
75525734.28
23785428.6
41421999.54
76198646.3
78318654.64
76703662.38
47082892.47
45494596.6
19103853.05
40968340.01
76579167.4
77602252.69
40206636.67
21426769.38
74380019.13
78013305.47
21906228.27
77789285.84
74701129.8
39551897.75
75371857.2
12891948.49
45112205.58
22753004.64
20635017.05
39637249.36
46603935.07
40733118.95
44933401.04
12850746.58
20769193.5
24070236.72
75633486.43
76073557.83
79828117.69
42602342.77
41669551.35
46423677.36
46590795.53
76759862.76
44225452.35
22519288.96
39369366.0
42682394.26
75719400.17
45129185.02
45990162.75
78211807.98
41617834.02
77492932.1
40341385.4
39441618.21
76358726.39
22689777.39
19995462.35
76553298.45
40733118.95
43590335.87
44753461.35
21711299.7
39741030.22
22753004.64
20545493.6
23431266.85
41617834.02
46603935.07
74880892.36
40356294.47
44313729.32
45470633.31
44245962.06
77380778.99
43372317.86
45616468.3
19950874.31
44953913.76
44302298.8
44378425.56
44916419.64
44616412.61
76064546.65
23358310.33
12913522.67
75617489.6
76198646.3
74989709.26
75525734.28
46359315.3
40599647.44
12925916.66
47189648.8
75525734.28
45815285.83
12891002.1
77458763.99
75460491.33
74350028.74
74989709.26
75877673.23
46858197.66
44944454.94
74350028.74
22573418.87
78073606.43
45598963.09
76437099.35
74989709.26
44970456.93
22689777.39
75297632.21
74880892.36
45681983.73
75995545.96
42313677.2
18725232.99
23556918.43
46983330.64
21144166.92
40139080.47
45443884.53
41228209.14
45291592.82
77202239.17
20687330.86
79828117.69
46656272.88
75511733.05
40178442.76
75936525.09
45616468.3
44041801.42
25650079.72
22975187.71
45766774.46
23219173.95
76669606.12
23214402.36
45846428.82
40960491.38
46053345.29
44743968.25
41228209.14
78013305.47
76428694.04
45138236.13
22068461.99
22708877.82
20152441.99
42660758.61
46861526.09
41669551.35
75697392.61
22285091.45
20640582.02
41306884.89
44392502.8
46923200.45
74880892.36
44376505.8
45814590.12
77458763.99
46421471.74
46794019.18
77553816.69
40897577.78
45459665.35
46617878.44
21620510.92
12882923.14
76703662.38
75936525.09
76072970.56
75460491.33
45600176.99
44768425.61
76314116.04
45579746.02
45883325.76
76409464.39
21026096.96
77345446.61
12928203.29
46590795.53
12939672.16
21511161.12
75814938.62
45291222.83
46469955.52
45196050.47
41069699.79
77495330.43
76690902.66
41669551.35
75525734.28
45579746.02
45792739.25
22935206.82
79828117.69
39714929.53
40525195.63
40396381.35
23323156.45
44290838.66
40707726.26
18589462.19
44916419.64
75625606.15
39551897.75
75371857.2
77345446.61
76358726.39
46653634.67
44983479.97
74759412.22
45107205.71
44766754.43
45495060.29
21381572.51
43054653.1
44912727.7
44060322.69
74668372.27
75619961.51
45196050.47
40444903.09
40427355.24
43781787.29
40406072.51
20863650.7
23092429.01
74701129.8
46701008.11
46527340.45
12914688.98
18685154.48
17919916.4
78187958.23
74384798.46
76694341.93
23765458.96
19432249.89
77380778.99
76073557.83
19404019.51
22231006.74
45193380.07
40561723.2
22574850.03
44129552.02
23785428.6
45195910.06
76131089.76
22487972.54
21899072.56
24773870.62
74701129.8
75812578.62
43843044.16
22689777.39
40287752.37
75625606.15
77029798.98
39979653.98
42321331.26
22285091.45
22584304.72
78316550.47
24218127.59
77006530.48
76314116.04
25159844.26
44078244.72
12918204.62
21554633.0
22783289.06
74759412.22
75019663.64
22181561.33
78416505.19
40438673.24
77380778.99
12969218.47
20863650.7
46057040.69
46543651.7
45270944.97
40951104.96
44850546.82
43286801.02
44392502.8
76464661.22
44044002.71
75231676.68
76358726.39
20571315.35
75297632.21
76358726.39
74380019.13
40509986.41
76582396.39
24677561.32
21880898.0
22467456.32
19654830.73
45443884.53
40920273.69
46796039.71
43080952.63
75697392.61
77495330.43
76784430.29
44768425.61
76428694.04
45545591.84
76105595.57
45282828.44
23560973.37
75633486.43
45348873.26
44222741.21
22714048.76
77492932.1
45456957.89
74472442.23
44245962.06
24206750.13
76070728.73
46427528.65
21511161.12
77495330.43
42966725.6
40413404.49
46012399.43
75581650.42
76152900.74
18282868.16
46317026.2
18874519.22
75902273.13
75909436.6
24940909.46
44341921.63
77495330.43
12846619.0
19665035.83
24388204.88
76131089.76
41829029.09
76039080.09
75019663.64
77380778.99
77495330.43
46671667.54
74668372.27
24597662.05
45054800.88
42413203.44
41836926.62
77492932.1
77553816.69
74874144.42
42483073.17
75019663.64
76105595.57
45495060.29
45481796.84
22292020.5
76437099.35
23177513.99
22457725.47
42660794.6
75460491.33
24174879.25
74472442.23
12872716.68
75141777.52
25467047.8
12899863.82
41048451.54
75141777.52
44576066.96
75625606.15
76437099.35
46557131.25
22811137.13
77789285.84
23005542.39
75461527.85
21562814.97
20481840.15
76064546.65
22068461.99
22660154.42
78211807.98
44369704.37
43337169.43
74309834.81
75461527.85
76437099.35
75723938.39
24070236.72
21103682.09
42413203.44
46590795.53
75877673.23
12917211.78
42898071.96
41628444.72
23214402.36
77495330.43
39545043.12
44319627.15
75214993.39
22831249.71
20089051.68
79828117.69
40536235.07
40298794.42
74350028.74
42071390.54
45391845.54
41296180.09
77345446.61
12914688.98
46808742.94
75633486.43
78316550.47
74855903.9
44392502.8
76072970.56
24075247.07
44873624.64
75297632.21
75058357.86
12942506.97
23716332.93
44862629.77
43999252.34
45869516.28
47252585.25
78013305.47
24219910.78
44997568.79
76072970.56
77289442.93
18231315.87
75019663.64
78187958.23
42438084.16
76582396.39
45919855.71
45054727.55
22651444.48
43181958.07
24174879.25
45515636.91
12945405.31
47423622.09
75633486.43
44983479.97
74309834.81
44732012.73
42580069.69
39941349.95
45878618.19
20013819.34
42652042.26
25650079.72
21217982.64
76437099.35
22068461.99
75460491.33
75909436.6
19103853.05
39213770.84
76073557.83
18677212.19
44753461.35
44214952.96
23014984.95
18258555.45
22525917.4
40178442.76
42890779.55
75909566.41
77727694.5
74384798.46
46656698.74
45583419.3
77602252.69
44112033.09
21307508.45
75619961.51
20127483.13
39431307.1
43317439.35
76358726.39
22658747.2
75511733.05
12963814.56
44287720.89
22365064.59
22699874.2
75769518.82
75995545.96
23190413.73
45290002.83
45791319.89
45291592.82
75117691.93
44278677.18
44109942.63
41248320.61
44115910.26
12865689.4
42559020.34
45484322.29
12923207.89
20301668.9
40175367.47
75058357.86
45515636.91
45006671.1
75723938.39
22899746.92
45612701.66
75625606.15
22690101.5
78037042.94
76703662.38
45195910.06
41317452.29
19427921.32
23188547.2
41167951.37
75371857.2
22545423.7
75877673.23
23326155.6
76553298.45
24424341.11
75625606.15
75812578.62
44944454.94
12928203.29
46603935.07
76131089.76
46064226.78
46421471.74
45456957.89
41184054.04
40438673.24
45044665.57
41071138.68
75814938.62
40549863.87
24047589.59
23092429.01
74472442.23
20379565.68
76039080.09
45833378.9
12948659.89
45247116.26
46906463.32
44962844.6
76358726.39
47395272.16
76298796.65
75723938.39
74880892.36
23373090.19
46213051.1
75371857.2
46858197.66
12879053.07
12884243.18
75909436.6
47200904.55
23601842.66
77553816.69
21103682.09
20516874.77
47215284.44
24229021.17
20685843.07
40108573.12
75902273.13
47675353.04
45335107.88
44313729.32
23506209.5
45129185.02
74759412.22
22397758.64
20483103.45
77602252.69
41718566.17
76131089.76
24119701.92
75058357.86
22967721.0
44768425.61
78013305.47
12847867.04
74734226.87
78013305.47
41069699.79
22820929.59
75619961.51
46987256.56
45344405.39
20858674.85
75619961.51
24000308.09
75877673.23
47082892.47
22730571.73
47189648.8
17919916.4
78013305.47
40853808.22
12921646.8
46451551.58
42975317.63
45044665.57
76553298.45
40302399.86
76464661.22
45852480.0
75214993.39
23137418.47
75697392.61
20103738.39
43931605.47
18258555.45
78032823.79
45814590.12
75625606.15
77069088.88
43143780.32
47202985.35
75581650.42
77495330.43
44873624.64
76198646.3
74880892.36
46986384.85
21766173.21
76064546.65
45270944.97
39655760.83
41230880.56
20839466.49
78032823.79
45708983.48
76703662.38
75617489.6
44564825.83
77069088.88
45197371.85
39985598.94
45100672.32
74380019.13
40444903.09
77789285.84
44209108.7
75511733.05
12969218.47
45182739.51
41898090.28
42566016.38
44290838.66
76690902.66
45125407.09
76690902.66
12941235.57
24034577.0
39848291.44
74734226.87
20819603.28
77289442.93
75995545.96
44442467.39
76669606.12
77069088.88
44781309.24
12870353.37
40817767.52
46861116.32
39120117.82
18282868.16
43615682.62
76690902.66
76314116.04
23950522.08
21131650.31
76131089.76
47675353.04
76703662.38
40244504.78
12891708.31
74874144.42
46870727.62
41120110.17
74880892.36
78013305.47
74855903.9
24174879.25
45236648.7
76926286.7
40051564.4
75719400.17
77380778.99
39730727.96
45012408.55
45348873.26
46665703.34
20127483.13
45883428.19
76582396.39
75877673.23
41608382.04
45453729.38
40942211.27
45947164.56
74759412.22
45784242.89
21900053.83
22824769.1
40883521.84
77458763.99
77543943.67
74855903.9
76690902.66
44209108.7
12880583.0
75214993.39
21979144.2
44576066.96
75807738.56
43052722.55
77069088.88
77202239.17
24738465.33
75995545.96
12913522.67
75371857.2
46926736.41
45112205.58
23556918.43
45108628.02
22714048.76
12896141.27
42285522.72
75697392.61
40142226.53
45009971.07
76669606.12
75365382.61
77029798.98
76073557.83
41884536.88
42285522.72
76694341.93
78032823.79
43944205.12
43495747.91
24120551.16
40960491.38
75231676.68
44069831.92
23950522.08
78773569.13
40311636.79
46557131.25
41945483.81
41757023.28
75371857.2
22559816.2
76437099.35
20859596.3
12854840.95
39985598.94
40339509.47
45544702.1
44327727.19
22856764.88
23287502.68
78037042.94
41157646.04
21944166.95
22152645.3
39498880.78
78032823.79
76073557.83
48251615.97
45947164.56
46488779.58
43060071.05
40817357.49
44909658.67
21169424.15
12913324.8
75371857.2
44583630.89
22193071.8
23921294.93
45168491.7
40154166.95
23151442.14
39528066.03
24061804.25
76298796.65
45993948.75
12905465.19
19913905.36
76039080.09
22672493.6
75058357.86
42771416.99
40998265.09
76464661.22
42455383.81
75995545.96
45814590.12
20986510.87
75117691.93
76464661.22
22690101.5
76690902.66
46118945.43
23042011.09
21144166.92
39317861.63
75625606.15
22108281.46
21806596.84
78037042.94
77553816.69
44257563.75
74485906.62
46796039.71
41071138.68
22068461.99
41675711.9
24414902.18
41022135.45
46064226.78
41306884.89
23950522.08
44288348.1
75511733.05
20103738.39
21895159.22
47811819.76
22363838.47
44142738.61
47395272.16
20863103.39
45168491.7
40895918.95
42427584.64
77492932.1
76131089.76
21422159.43
12876336.42
76784430.29
78187958.23
77317389.99
76198646.3
76072970.56
75297632.21
44129151.79
23092429.01
44182072.76
21014994.85
41256648.89
75525734.28
76070728.73
44933401.04
76152900.74
76690902.66
42978574.59
41288424.32
44518948.69
76428694.04
22487972.54
43149694.48
20349577.64
41801109.37
45780734.65
76064546.65
46905559.72
75058357.86
40048583.12
45357259.1
75633486.43
41034152.84
45023476.11
24283488.57
20685843.07
43281577.33
24413420.76
45815172.63
20863103.39
42427584.64
22071715.56
78013305.47
76784430.29
18685154.48
78013305.47
40161209.55
76437099.35
76198646.3
22038905.85
41778553.86
12913045.05
12897570.93
44009983.22
74384798.46
20483103.45
43312238.41
75297632.21
21289382.74
18166700.19
44499710.07
75231676.68
40380911.19
12853742.56
74855903.9
23422553.27
44768425.61
44912727.7
45478260.96
40966398.03
44432804.15
22231006.74
44801833.31
22899746.92
40951402.11
20013819.34
22596846.7
75902273.13
42313677.2
74472442.23
76131089.76
24034577.0
44222741.21
42065044.64
45096482.14
43418338.86
18874519.22
76784430.29
43533841.13
46087088.85
44061500.97
75909566.41
47392927.75
40200689.36
22563726.7
20545493.6
77202239.17
43852394.94
46653314.76
45869516.28
77345446.61
40101978.12
44736733.65
20769193.5
76105595.57
78773569.13
23255344.57
76070728.73
42438248.41
45650753.61
75814938.62
45466343.09
39692828.25
77317389.99
77289442.93
41385651.35
44551246.65
76428694.04
45186976.58
78187958.23
46371858.0
18821576.95
76582396.39
75525734.28
77602252.69
24976894.77
45344405.39
24568624.79
75877673.23
22571907.92
78187958.23
45332055.12
44564825.83
22193071.8
45129185.02
40428737.24
76152900.74
45663325.3
23123506.03
45792739.25
76926286.7
43781787.29
23018032.58
76784430.29
44990320.73
75625606.15
21848066.79
24104535.32
76039080.09
43317439.35
42975317.63
75902273.13
45780734.65
74989709.26
44481964.81
22690378.04
76926286.7
40341385.4
44276497.0
22859566.24
76105595.57
44069831.92
20152441.99
76073557.83
46625629.74
77380778.99
22024226.68
42037867.86
76784430.29
76072970.56
23444981.83
43863643.18
74309834.81
46986384.85
76428694.04
40490406.52
40178442.76
43453280.79
44623041.18
77553816.69
77289442.93
40632457.54
23277849.82
75807738.56
75719400.17
45807679.65
44437630.51
76464661.22
76152900.74
44182072.76
40818585.86
45814590.12
44184483.36
77458763.99
12874004.34
44216013.84
74472442.23
77332589.52
76152900.74
75511733.05
39474997.46
45950439.01
40907064.51
45012920.38
22231533.11
74485906.62
42408828.6
77458763.99
19111520.47
76553298.45
76784430.29
40244504.78
21833159.7
76759862.76
45524810.07
45044057.59
39940379.65
76358726.39
76298796.65
75697392.61
76690902.66
74350028.74
21992089.18
45126190.41
46701008.11
23343061.75
77317389.99
20379565.68
77602252.69
23080781.37
22875541.04
76298796.65
76039080.09
43595941.68
43292700.64
20290529.7
18997532.85
12913324.8
76428694.04
23447407.15
40317507.36
43696450.5
22089409.23
45197371.85
74759412.22
78416505.19
42787067.54
23877971.17
44749449.16
76064546.65
45044057.59
75297632.21
45650753.61
78416505.19
74350028.74
24259535.62
75231676.68
20834476.45
78187958.23
43677639.53
47044713.13
24004761.68
78211807.98
22660154.42
75460491.33
78187958.23
44225452.35
44061500.97
46794019.18
45815172.63
45118049.47
43251088.28
75902273.13
45719200.16
22553200.64
45456095.75
21169424.15
46199537.65
47215284.44
44576066.96
78187958.23
44835378.39
45195910.06
12887678.31
46464339.26
44780816.31
22181561.33
44109450.64
40532708.33
22975187.71
75697392.61
78318654.64
46768135.26
75117691.93
39985598.94
41916464.33
45706582.02
20657583.12
45505824.78
21833159.7
23590708.59
77006530.48
75581650.42
40356294.47
44193257.96
74350028.74
75058357.86
75633486.43
41463202.27
45801397.14
75058357.86
12883497.27
21990076.09
76759862.76
42978574.59
22859598.86
12938579.1
77380778.99
75058357.86
77069088.88
12919881.95
46359315.3
20859596.3
76198646.3
46462221.53
46464339.26
78187958.23
21956648.98
39474997.46
20854823.72
19361673.16
46449184.45
43665979.99
45118049.47
41782173.71
19187670.08
75697392.61
44864699.72
45125407.09
76064546.65
22108281.46
46656272.88
19551555.68
46371858.0
76152900.74
44345816.68
45255678.9
46007751.04
76072970.56
44382189.8
75697392.61
22718003.77
47188383.12
44935296.1
41628444.72
12906590.98
20367686.58
41644460.86
44933401.04
77029798.98
44302298.8
42660758.61
79828117.69
77380778.99
19068787.95
41146853.23
76152900.74
12883257.38
20975884.26
24692381.39
76703662.38
75460491.33
21944166.95
23933854.65
78211807.98
77345446.61
45054800.88
74734226.87
20042304.86
44024438.85
45345164.58
79828117.69
76579167.4
20815416.77
44214952.96
44686444.4
75909566.41
77380778.99
75995545.96
18572351.59
47141212.94
22824769.1
78037042.94
44369704.37
77317389.99
46019665.84
75902273.13
46794019.18
23158062.05
21108670.89
40457768.36
76669606.12
74668372.27
78773569.13
44313729.32
78318654.64
77543943.67
76072970.56
22382991.42
75936525.09
48443238.49
40876769.53
75697392.61
45211438.75
75902273.13
22541173.79
75617489.6
41120110.17
45616468.3
24146413.16
74989709.26
44917830.92
22899746.92
22013454.4
44384374.03
79828117.69
45096482.14
76314116.04
12951616.38
45405179.11
76579167.4
46462014.51
21620510.92
12878620.7
42553591.61
24098858.6
18573233.03
45466343.09
39120117.82
22365064.59
45650753.61
77492932.1
12874246.2
23323156.45
39714929.53
74668372.27
75141777.52
12917614.71
23819235.62
39941349.95
12873824.79
75461527.85
24070236.72
45983254.39
77317389.99
75117691.93
76314116.04
76926286.7
74759412.22
76784430.29
78073606.43
43292700.64
46557131.25
22507684.58
39551897.75
22285091.45
75617489.6
45596129.85
77602252.69
47062992.65
45138236.13
45815285.83
78211807.98
22239460.25
20225790.29
75723938.39
20349577.64
44903083.06
75019663.64
46779540.02
76579167.4
42863439.28
20481840.15
44800904.2
22690101.5
45044665.57
45202382.78
12874246.2
43886169.75
19438912.45
76759862.76
45270944.97
75995545.96
75909566.41
12918204.62
77495330.43
25467047.8
21944166.95
45583419.3
75633486.43
43036423.05
75058357.86
75058357.86
23989543.24
45728928.85
46514658.31
78187958.23
43457616.58
44499710.07
45182623.67
78316550.47
43669703.55
21184501.53
44487498.83
77069088.88
22533246.79
43963602.06
76553298.45
45355197.44
43852394.94
77289442.93
39431307.1
47141212.94
45141602.87
20142433.1
20854861.38
78013305.47
77727694.5
44633571.74
77727694.5
75633486.43
22193071.8
74880892.36
20640582.02
75141777.52
40382271.27
23376585.0
77492932.1
45650753.61
20786814.76
19315241.02
44158201.41
44186370.68
23731889.94
21299012.66
45516188.03
46225394.97
44351929.6
44970456.93
39731770.47
41243874.0
76072970.56
21900598.65
74701129.8
76105595.57
24252633.47
45524810.07
76437099.35
21159870.66
21773435.66
41248320.61
75365382.61
75460491.33
76358726.39
46604569.41
75909566.41
45474596.71
41801109.37
23508809.65
44970456.93
23509269.52
76152900.74
78211807.98
75617489.6
21795006.58
46852314.55
12883497.27
45781041.7
76105595.57
20650038.68
44291271.73
22875541.04
12874642.92
76152900.74
75461527.85
45025464.45
22658747.2
46421471.74
22571907.92
22197770.08
45936846.78
46527340.45
75214993.39
43999252.34
20685843.07
78773569.13
18317360.85
76784430.29
44564825.83
76198646.3
76669606.12
75581650.42
12872400.17
75812578.62
13008987.42
76437099.35
22640980.91
75365382.61
75909566.41
22397758.64
41569843.97
41174210.62
47811819.76
23964235.31
75723938.39
41065792.22
74380019.13
18113918.64
44382189.8
75619961.51
75141777.52
41956780.18
46665703.34
20834465.44
78773569.13
45459149.2
76694341.93
24252633.47
75581650.42
44278677.18
22436302.15
76582396.39
18991408.65
24229021.17
23921294.93
22058907.28
45156546.29
76759862.76
47492795.27
77553816.69
40599647.44
46931047.06
23231614.66
76669606.12
77289442.93
78318654.64
77345446.61
45019590.01
75723938.39
23376585.0
75117691.93
21729151.76
45782075.14
43669703.55
41143455.2
19352392.29
74701129.8
76073557.83
41261910.46
45752107.18
22651444.48
75365382.61
41208924.78
42704931.27
78416505.19
76579167.4
22457725.47
78773569.13
76926286.7
12896141.27
40023214.15
46865100.28
18947549.9
77345446.61
79828117.69
77458763.99
78316550.47
76131089.76
45947164.56
76070728.73
19950874.31
75525734.28
40235150.25
44917830.92
76428694.04
42516864.78
75214993.39
77602252.69
76105595.57
74472442.23
77029798.98
75909566.41
21906228.27
75697392.61
77202239.17
76690902.66
44499710.07
77492932.1
79828117.69
40643996.03
74989709.26
43168313.8
78211807.98
74734226.87
22193071.8
44376505.8
43143780.32
78316550.47
45202382.78
22533246.79
40927839.72
45879405.61
77553816.69
40492094.6
45993948.75
77789285.84
20953408.27
18112638.3
74759412.22
44345816.68
46576303.23
76926286.7
45166534.17
47215284.44
21880091.32
75214993.39
77332589.52
45827904.78
41065792.22
43357351.97
44199372.09
21795006.58
76582396.39
40350548.82
44266430.32
75525734.28
20769193.5
20954020.46
44392502.8
18112638.3
74759412.22
12895175.97
76759862.76
42316017.45
42678971.4
24414902.18
44770104.57
43583506.91
43281577.33
75058357.86
20502742.15
22456738.01
46508453.38
75625606.15
23027860.58
44477448.57
75371857.2
76105595.57
74485906.62
18424005.85
19931716.52
76409464.39
76926286.7
76064546.65
40356294.47
19111520.47
22500844.97
78316550.47
23820085.32
24239732.16
44044002.71
19665035.83
42151433.59
40770559.3
77345446.61
41005118.87
76437099.35
24034577.0
75723938.39
22568770.01
75461527.85
45527715.32
45012920.38
46638422.9
78013305.47
75231676.68
19443808.6
74384798.46
75511733.05
41792905.18
20786814.76
44990320.73
75617489.6
20640582.02
45100672.32
20411282.2
76926286.7
75625606.15
75231676.68
23989543.24
76690902.66
22013454.4
75371857.2
22967721.0
76690902.66
77006530.48
45105125.34
41756014.97
21307508.45
22244275.65
41492862.44
20505164.34
44428535.98
75460491.33
75936525.09
75877673.23
23989543.24
42167468.54
76784430.29
45255678.9
75719400.17
24424341.11
45189920.86
75365382.61
76784430.29
45515636.91
44452359.16
77202239.17
45291222.83
24133428.3
47044713.13
46451551.58
40104524.15
77492932.1
45717676.92
12890637.53
44929938.39
75909566.41
76073557.83
22834731.52
12989482.13
76064546.65
18530382.55
46656698.74
44199372.09
74734226.87
44060322.69
12896141.27
41019542.59
45950439.01
43229181.29
77202239.17
22949685.36
43935499.48
41453956.32
74734226.87
74734226.87
45282828.44
77543943.67
41120110.17
78773569.13
42278778.48
75909566.41
75877673.23
74472442.23
23602017.08
19340680.63
41174210.62
40966398.03
44636216.12
45325014.81
43504738.78
39940379.65
43595941.68
46462014.51
24000308.09
75365382.61
75909566.41
76152900.74
44272607.55
22533246.79
75625606.15
41615205.56
42429873.11
22546257.93
75117691.93
48251615.97
21880091.32
45936846.78
44060322.69
20179472.46
41994363.23
24004761.68
40992466.39
76582396.39
76039080.09
76553298.45
12891948.49
22844726.28
76759862.76
76703662.38
78318654.64
44288348.1
22975187.71
46372328.42
78773569.13
23040847.37
23231614.66
45634984.17
76553298.45
45509318.07
23767154.44
77602252.69
43587411.36
47122430.85
42722585.69
43149694.48
75617489.6
22807042.57
42389271.23
23964235.31
45166534.17
42433057.05
75625606.15
46918224.57
77458763.99
20625386.72
43246068.39
76072970.56
46861526.09
45770072.39
75511733.05
23429310.51
23508809.65
44074395.76
45027545.44
44437630.51
46809338.4
44327727.19
76582396.39
23594626.04
75371857.2
76358726.39
76690902.66
18649627.42
40050972.86
78013305.47
24340601.0
43065326.07
46918224.57
76064546.65
22083223.53
77553816.69
74472442.23
44214952.96
44790153.16
76039080.09
75902273.13
23820085.32
76784430.29
46469955.52
20687330.86
77332589.52
44551246.65
76579167.4
22500844.97
74485906.62
12934648.54
39227890.89
45291592.82
44130263.19
78037042.94
24976894.77
12860278.34
44835378.39
22571907.92
41421999.54
41741506.3
40712739.61
74874144.42
45627604.05
76202924.62
78211807.98
41184054.04
46557131.25
78211807.98
44446257.46
22781239.24
75297632.21
19404019.51
21365125.02
78211807.98
46846152.92
74380019.13
44862629.77
22369710.37
75697392.61
21791881.6
22842829.1
77543943.67
22584304.72
76926286.7
24677561.32
22469070.32
76131089.76
75697392.61
43504738.78
76072970.56
46779540.02
23785428.6
42313677.2
75814938.62
74759412.22
76694341.93
74309834.81
40785236.54
43779227.86
76428694.04
74485906.62
12913712.75
76428694.04
42325132.21
47044713.13
76131089.76
40770559.3
45003051.25
40710943.41
77495330.43
22095330.56
45332674.63
47228816.46
77553816.69
77069088.88
75231676.68
44575552.44
45357259.1
18831466.44
22457725.47
23508809.65
45521419.6
44916419.64
77332589.52
45600176.99
19143467.34
74485906.62
74880892.36
21418812.92
22325159.29
24608243.25
45405179.11
76582396.39
76464661.22
42705172.81
39926290.27
77289442.93
77492932.1
75697392.61
46656272.88
75814938.62
44448680.87
75297632.21
76202924.62
75719400.17
76579167.4
46462014.51
45055320.4
76105595.57
76582396.39
76579167.4
46464339.26
20152441.99
44626153.47
44917830.92
24091326.0
75231676.68
22089409.23
45138236.13
44583630.89
22513392.53
22582480.88
20042304.86
44626153.47
46604569.41
78032823.79
41320177.51
45664414.35
78032823.79
22553200.64
76926286.7
75719400.17
39639763.33
45291222.83
76409464.39
41343384.1
77289442.93
44090494.05
41181913.6
46617878.44
76105595.57
46905559.72
75877673.23
24229021.17
74380019.13
41181913.6
23306311.32
21822280.3
46371858.0
41916464.33
44919522.31
75877673.23
45752107.18
44487498.83
22545423.7
43229181.29
75460491.33
21293816.17
46265534.51
76202924.62
78187958.23
41741506.3
76759862.76
45874196.96
22487972.54
18725232.99
21965523.92
45456095.75
44280828.17
22702200.31
21766173.21
75719400.17
22856764.88
40968340.01
46303950.46
74759412.22
45766774.46
46653314.76
74734226.87
45012408.55
21900053.83
77458763.99
78316550.47
42030080.35
44452359.16
23343061.75
22834731.52
76072970.56
18991408.65
20505164.34
77069088.88
45822386.58
22289109.8
75807738.56
77458763.99
40824219.18
77492932.1
75995545.96
40206636.67
75995545.96
21259787.35
78318654.64
21430183.96
44257563.75
76669606.12
45400257.63
23145062.92
44686444.4
44630114.6
40206636.67
19000629.4
42810950.22
39796541.19
76464661.22
76464661.22
40154166.95
45616468.3
22399845.96
45936846.78
75995545.96
44966698.2
39441618.21
76579167.4
43378885.21
23358310.33
21514800.62
76064546.65
76298796.65
76703662.38
42403233.7
74855903.9
44919522.31
45813980.05
22487972.54
12919881.95
76759862.76
78773569.13
45141602.87
76152900.74
42473703.19
43866758.65
76039080.09
74855903.9
78073606.43
45291592.82
77029798.98
22507684.58
24159698.82
75807738.56
24751111.26
18393976.95
44826633.99
43587411.36
42788379.01
21293816.17
44477448.57
24172672.55
76131089.76
46317026.2
18926691.94
45815285.83
77727694.5
75365382.61
44862674.4
44090494.05
24976894.77
40509986.41
74309834.81
48303328.53
44499710.07
43337169.43
20619025.99
24568624.79
76298796.65
21640254.22
44953913.76
45850722.44
46033506.2
44997568.79
23277849.82
42948345.09
47252822.08
12945893.0
75460491.33
46779540.02
74309834.81
76198646.3
78032823.79
18681786.28
44432804.15
76152900.74
76073557.83
44327727.19
12893554.44
24568624.79
44916419.64
76926286.7
76428694.04
43400565.56
46543651.7
41321427.58
44208696.99
45719200.16
76073557.83
12951616.38
23606369.62
21926476.71
45883325.76
77458763.99
77332589.52
75936525.09
41379943.79
12917614.71
22108281.46
44836702.92
44836702.92
12943817.08
78032823.79
22842829.1
75214993.39
45874196.96
45719200.16
21629115.38
44840741.82
40357481.33
44061500.97
42603669.43
76694341.93
44103818.28
78416505.19
21944166.95
43768470.61
75719400.17
75619961.51
45255678.9
78416505.19
76070728.73
41823027.67
78032823.79
46768135.26
78073606.43
19361673.16
45054727.55
44769697.21
75141777.52
12925916.66
78318654.64
78073606.43
40022091.35
74309834.81
47280708.91
75877673.23
75525734.28
21365125.02
20545493.6
44302298.8
75365382.61
12919454.72
18530382.55
75625606.15
45879405.61
18317360.85
24424341.11
75719400.17
19913905.36
40869116.93
41208924.78
22753004.64
23419624.64
21299012.66
22753004.64
46405307.77
45268468.46
44355298.32
76669606.12
76579167.4
41500395.14
74485906.62
40632457.54
42272719.58
39746703.91
25637590.63
42660794.6
74380019.13
40217029.9
46199537.65
46782204.02
42652042.26
44054483.92
46518480.33
74384798.46
44333817.02
45801397.14
45770072.39
12884243.18
41945483.81
75619961.51
77602252.69
75461527.85
18112638.3
24568624.79
22842829.1
44193820.07
20755048.95
44009983.22
44437630.51
75058357.86
43587300.52
20769193.5
76202924.62
75719400.17
75511733.05
19315241.02
45681983.73
77492932.1
76784430.29
40266889.89
74309834.81
22640980.91
78013305.47
19279989.34
75117691.93
75877673.23
44276497.0
40457768.36
20196826.44
43168313.8
43397397.05
12886321.78
45598963.09
44199372.09
44962844.6
19154914.38
76358726.39
44698442.21
20863103.39
12963814.56
41109802.67
77029798.98
75723938.39
45282828.44
74485906.62
75902273.13
41119306.45
24075247.07
78316550.47
22574850.03
75814938.62
74701129.8
77458763.99
39266243.96
45108628.02
78073606.43
44208696.99
44287720.89
22354480.47
42560203.94
45827904.78
76703662.38
76669606.12
75214993.39
12860278.34
22212485.33
22392349.13
45410960.12
75812578.62
21514800.62
43397397.05
22658747.2
41109802.67
19068787.95
75769518.82
22224907.46
75719400.17
41707540.52
39569009.85
47435727.45
76202924.62
12893121.04
18424428.71
44691395.44
21992089.18
23600547.1
41034152.84
40207392.37
45815172.63
76926286.7
22859598.86
75214993.39
12891831.81
23214402.36
78032823.79
40601724.69
44074395.76
12961122.47
75723938.39
21124261.18
44280828.17
40235150.25
44628013.17
74874144.42
20557555.52
75511733.05
20301668.9
22354480.47
41823027.67
75058357.86
44129481.18
40685558.31
22953632.39
20481840.15
45182739.51
42787067.54
22553200.64
76409464.39
45458010.85
19910647.74
76926286.7
45850187.79
39317861.63
77006530.48
75902273.13
74734226.87
75460491.33
20657583.12
74989709.26
44313875.58
46794652.46
12948252.03
47256310.5
40427355.24
76759862.76
77029798.98
74880892.36
44452359.16
41836926.62
44103818.28
75231676.68
23274313.41
74472442.23
77495330.43
22377660.72
46653314.76
12913045.05
45431749.03
75769518.82
44957806.72
12899471.89
21591812.43
77789285.84
21629115.38
75371857.2
76690902.66
43268550.99
77345446.61
18649627.42
76409464.39
76437099.35
19099246.88
40951104.96
46514658.31
45332055.12
77543943.67
75769518.82
77495330.43
76437099.35
22533246.79
46018392.74
23326155.6
22377660.72
43919504.66
75902273.13
21322162.24
22397758.64
75625606.15
45149685.08
46858197.66
41317452.29
12867320.05
40890236.21
44501564.64
78073606.43
22500844.97
77202239.17
77332589.52
41818530.96
21422159.43
22898172.92
23471717.72
22838659.9
76039080.09
41915188.24
77727694.5
44770104.57
22363838.47
21711299.7
24773870.62
42682394.26
43047339.64
23261106.81
76105595.57
75812578.62
76152900.74
78032823.79
24004761.68
20502742.15
43927116.71
12932609.14
79828117.69
25650079.72
78032823.79
45478260.96
44691395.44
77289442.93
22596846.7
40428737.24
74350028.74
21895534.08
12949782.95
76314116.04
76198646.3
47228816.46
12913712.75
22467456.32
39714929.53
40396381.35
44686444.4
24091326.0
44966326.38
22152645.3
75807738.56
44193820.07
12858513.41
23693043.22
44577109.11
78187958.23
46794019.18
46861526.09
76198646.3
43534878.58
42522863.14
20834476.45
18393976.95
40438673.24
43799389.8
44199372.09
41479015.84
41916464.33
21906228.27
22967721.0
77495330.43
20487198.21
24388204.88
23261106.81
77543943.67
76202924.62
39373249.52
45355197.44
75877673.23
74309834.81
18819128.75
76073557.83
40050972.86
22687708.22
43583506.91
78416505.19
22541173.79
45782075.14
45505824.78
42838117.19
42833831.5
43363530.58
44452359.16
47202985.35
12897464.42
44636216.12
42335743.04
42692320.59
76064546.65
21108670.89
21365125.02
75214993.39
40215524.32
75460491.33
79828117.69
22089409.23
44869118.31
20954020.46
75909566.41
75365382.61
76072970.56
75814938.62
74989709.26
22953632.39
23468673.42
78032823.79
43861813.07
75807738.56
42613834.93
23201173.22
43337169.43
24766827.37
22714048.76
75902273.13
47675353.04
74701129.8
43196346.66
44732012.73
45126190.41
43866758.65
44850546.82
44743968.25
45541750.43
45245884.88
44174309.37
77543943.67
18790511.18
45052723.43
44009983.22
44174309.37
42885660.13
46531218.45
22984253.6
18997532.85
77345446.61
76428694.04
23462143.41
12919881.95
44575552.44
75619961.51
21979528.47
42676428.52
43944205.12
20954020.46
77458763.99
45388250.18
12884243.18
39982424.88
76579167.4
44987103.66
43170853.5
46701008.11
21826396.17
22216618.98
75141777.52
23300075.4
78187958.23
39474997.46
44073520.82
23177513.99
22967721.0
22811137.13
45865607.96
22673828.63
77543943.67
74472442.23
75525734.28
76072970.56
75633486.43
74880892.36
20819603.28
74472442.23
43504738.78
24218127.59
74309834.81
18859738.52
44245962.06
74734226.87
77202239.17
23678038.4
76064546.65
78318654.64
22856764.88
76152900.74
74380019.13
12878133.18
19478073.7
75117691.93
75719400.17
44933401.04
20755048.95
78316550.47
74380019.13
20625386.72
44746450.56
75058357.86
75460491.33
45321304.37
74380019.13
41632895.24
45168491.7
22859598.86
43976610.71
46064226.78
22129618.6
23471717.72
41420545.07
44781309.24
44302298.8
21924948.24
41680033.69
77069088.88
78318654.64
23067260.22
76358726.39
76579167.4
21307508.45
20837599.25
39877049.05
40350548.82
74485906.62
20277790.82
75807738.56
46604569.41
77495330.43
22392349.13
44628013.17
39676539.69
45612701.66
46671667.54
23145062.92
20986510.87
78773569.13
12867320.05
40743898.21
44390953.47
77602252.69
76039080.09
45840000.81
23556918.43
22910762.45
46021369.0
76784430.29
45781041.7
43357351.97
46525273.55
22647241.48
45150763.13
48238280.13
20395805.67
75141777.52
75617489.6
78318654.64
76072970.56
22640479.77
41994363.23
74472442.23
76784430.29
77006530.48
24404619.84
41385651.35
42588376.35
45782075.14
43012128.42
44962844.6
76926286.7
75525734.28
25467047.8
45126190.41
45895754.75
75619961.51
20487198.21
19443808.6
74759412.22
76582396.39
24780255.14
43665979.99
44944454.94
46434359.28
46543651.7
45344405.39
41727937.78
22633870.69
75877673.23
23767154.44
46488779.58
21255362.48
74350028.74
77727694.5
75995545.96
44847635.98
46064226.78
45032279.61
24548384.58
76579167.4
41248320.61
45325014.81
77069088.88
23092429.01
44616412.61
39982424.88
75371857.2
22838659.9
12854840.95
75877673.23
21554633.0
78032823.79
43400565.56
19913905.36
40853808.22
21284705.13
22392349.13
45714178.63
23287502.68
39838459.15
24104535.32
76759862.76
41672655.7
45431749.03
75365382.61
43976610.71
23877971.17
75769518.82
19877475.43
45649601.42
45840000.81
24692381.39
75807738.56
78211807.98
76064546.65
76669606.12
24283488.57
76298796.65
45801397.14
74855903.9
76358726.39
44291271.73
39330973.01
75525734.28
42783411.74
75117691.93
42716838.02
75936525.09
78073606.43
45883325.76
76437099.35
45865607.96
41704579.24
41672655.7
23819235.62
77202239.17
75019663.64
24290797.69
22573418.87
76073557.83
43919853.24
40248221.39
23560973.37
43397397.05
74309834.81
75936525.09
22828541.57
76039080.09
23021178.3
45325014.81
43252735.96
45840000.81
77553816.69
44779929.53
23136304.9
75371857.2
23176227.12
23987160.57
44862898.28
75995545.96
42272719.58
41343384.1
75697392.61
19623198.34
44073520.82
43852394.94
75625606.15
46303950.46
78316550.47
43587300.52
18859738.52
22181561.33
44266430.32
22859566.24
47122430.85
77332589.52
75902273.13
75058357.86
75141777.52
44112033.09
22702200.31
45763096.57
76669606.12
45801397.14
77069088.88
75812578.62
23422553.27
75909436.6
23601842.66
76358726.39
25159844.26
45728928.85
21591812.43
44280828.17
76202924.62
12893121.04
76553298.45
74874144.42
75297632.21
76464661.22
40701008.72
19361673.16
46605847.2
41756014.97
47392927.75
45247305.42
12913045.05
77492932.1
40287138.99
24098858.6
44437630.51
75995545.96
44141414.92
22910762.45
22058907.28
77602252.69
44827915.62
24751111.26
76694341.93
22657207.32
22559816.2
75617489.6
77332589.52
44685982.96
22083223.53
75214993.39
23987800.45
76073557.83
77006530.48
76464661.22
76690902.66
40707726.26
76437099.35
47489135.88
46794019.18
45814590.12
21944166.95
75877673.23
76553298.45
44090494.05
43632957.2
75909436.6
74384798.46
39731770.47
39990871.22
44576066.96
44041801.42
77202239.17
42168394.87
24091326.0
42771551.55
23590708.59
45634984.17
75525734.28
74485906.62
77789285.84
44466781.57
21430183.96
23765458.96
75814938.62
12857079.96
45661117.1
20127483.13
46568155.77
75141777.52
21044902.42
75807738.56
78416505.19
22949685.36
44862674.4
75511733.05
40595863.48
44518948.69
74701129.8
21900598.65
21773435.66
77029798.98
76131089.76
76464661.22
46088809.92
44935296.1
22875541.04
75769518.82
77543943.67
40653368.96
40711060.68
75936525.09
75877673.23
12952217.03
45257852.5
46604569.41
44287720.89
44448680.87
44889602.52
75619961.51
44698442.21
75617489.6
44384374.03
42327052.84
74668372.27
23613157.8
76690902.66
41757023.28
43999252.34
19950874.31
44862629.77
44695319.64
78316550.47
20975884.26
48238280.13
45108628.02
77332589.52
22689777.39
75058357.86
22436302.15
47071329.73
21255362.48
24751111.26
19154914.38
74485906.62
22882697.17
76409464.39
78416505.19
45919855.71
47189648.8
23042198.77
20954020.46
75769518.82
22633870.69
44636216.12
74472442.23
39796541.19
42516864.78
45583419.3
19162622.22
44800904.2
77006530.48
74350028.74
40897577.78
43677639.53
44369704.37
44554166.85
42335743.04
75214993.39
20174706.93
76198646.3
78773569.13
23018032.58
44826633.99
18826545.34
74472442.23
21184501.53
22024226.68
76314116.04
45410960.12
43677639.53
45189920.86
74380019.13
75936525.09
44562024.56
76202924.62
42603669.43
76409464.39
19361673.16
77202239.17
22369710.37
22781239.24
45193474.45
76669606.12
20933487.52
77458763.99
22292900.28
78211807.98
76298796.65
39875460.89
19478073.7
78773569.13
76409464.39
75117691.93
22684701.76
42325132.21
39941349.95
21926476.71
77492932.1
41741506.3
77202239.17
75769518.82
74309834.81
75807738.56
41254699.66
42787067.54
47421069.59
19143467.34
40356294.47
74874144.42
76039080.09
76926286.7
75936525.09
77380778.99
12954288.14
75460491.33
74380019.13
44914246.37
39634905.42
22465503.42
47188383.12
45664414.35
75214993.39
41716874.16
45105399.39
42833831.5
44276497.0
21232851.47
74472442.23
75371857.2
22083223.53
40341385.4
44864699.72
45044057.59
40133079.89
45357259.1
44903083.06
43916103.18
76690902.66
76690902.66
20418214.57
12865689.4
75995545.96
22743506.35
74380019.13
44835378.39
39317861.63
45815285.83
45400257.63
77202239.17
46456826.32
47607429.89
12913712.75
42439164.19
12906590.98
76759862.76
42652042.26
44966326.38
76072970.56
46795312.63
45028651.21
75936525.09
44583630.89
41065792.22
22875464.66
79828117.69
77458763.99
46475182.92
74384798.46
22584304.72
23429310.51
76073557.83
77727694.5
19877475.43
76152900.74
18424428.71
12872400.17
75617489.6
23820085.32
22559816.2
44024438.85
75909436.6
75697392.61
22075877.7
76314116.04
75461527.85
43861813.07
75058357.86
23492734.32
46589663.12
42444274.44
40406072.51
75812578.62
41757023.28
41463202.27
78318654.64
76202924.62
45899574.35
75214993.39
76926286.7
40437683.26
76152900.74
78416505.19
47082892.47
22105487.52
23255344.57
44749863.44
76039080.09
22640980.91
42522863.14
74855903.9
23158062.05
46225394.97
76298796.65
44990320.73
76202924.62
12945405.31
19654830.73
74485906.62
75365382.61
78211807.98
75807738.56
76784430.29
12872716.68
78211807.98
23177513.99
77317389.99
41792905.18
75697392.61
75525734.28
74701129.8
22576492.56
40675753.24
18112638.3
20054809.74
78073606.43
46653634.67
24424341.11
74855903.9
77289442.93
21124261.18
23004481.38
44743968.25
44626153.47
24677561.32
46118945.43
22292900.28
75461527.85
76298796.65
22369710.37
24259535.62
41782173.71
77029798.98
75297632.21
21485549.66
74759412.22
77543943.67
45612701.66
78318654.64
40942211.27
77202239.17
44278677.18
77727694.5
22828541.57
75719400.17
75909436.6
74309834.81
46842646.27
22369710.37
45054800.88
18191525.6
75019663.64
46794019.18
19478073.7
78773569.13
22398042.06
78211807.98
76198646.3
43268550.99
21303157.26
19340680.63
44698442.21
44442467.39
40536235.07
46469955.52
12917211.78
23991460.72
22060273.28
22152645.3
46668468.82
42168394.87
76553298.45
12908329.18
44917830.92
45781041.35
21491169.35
44501564.64
43457616.58
41072827.33
44054483.92
46372328.42
45515636.91
76072970.56
45003051.25
76582396.39
44384374.03
46852314.55
43378885.21
19111520.47
44346765.78
20039276.87
44862674.4
41500395.14
76579167.4
43489191.69
75625606.15
21293816.17
43860762.51
22231006.74
23219173.95
78316550.47
23877971.17
74874144.42
40101978.12
22538864.1
24120551.16
45044665.57
76464661.22
75633486.43
75371857.2
77495330.43
74384798.46
75214993.39
77289442.93
22861876.92
47228816.46
74309834.81
76428694.04
75812578.62
40536235.07
75617489.6
77202239.17
75617489.6
45685588.62
74855903.9
19554304.21
42833831.5
25637590.63
75511733.05
40217029.9
77345446.61
43504738.78
75019663.64
76039080.09
41675962.16
76694341.93
23277849.82
76759862.76
12902390.92
42863439.28
12839192.12
76553298.45
42660794.6
47492795.27
22467456.32
42285522.72
46641508.83
23964235.31
40785236.54
21826396.17
77332589.52
75625606.15
20655295.53
41704579.24
44633571.74
43752535.75
41957638.49
78316550.47
45279034.3
42429873.11
74701129.8
74472442.23
40492094.6
44801833.31
76437099.35
79828117.69
45150763.13
43615682.62
41137952.46
44957806.72
46423677.36
77495330.43
45717676.92
40968340.01
41516010.34
21935786.06
76409464.39
23323156.45
46421471.74
46604569.41
40133079.89
40814134.46
74880892.36
46021322.93
12857079.96
45189829.52
39991164.08
45126190.41
18681786.28
45852480.0
12934648.54
74734226.87
76409464.39
21232851.47
23095789.12
21169424.15
19162622.22
21806596.84
45766976.5
78416505.19
44781309.24
24548384.58
77006530.48
21478432.7
75812578.62
76582396.39
77029798.98
40601175.25
42756642.98
76784430.29
20762445.32
44452359.16
44141414.92
75625606.15
23386545.0
40357481.33
45453729.38
12948659.89
77602252.69
44847635.98
45119892.92
45032321.53
76072970.56
18051291.67
45766774.46
77553816.69
40142226.53
46779540.02
45025464.45
44781309.24
45318404.94
44341921.63
42788379.01
24402024.08
43852664.61
18947549.9
22519288.96
43378885.21
22397758.64
45813980.05
45807679.65
24231445.9
46859197.46
42580069.69
76703662.38
40634967.45
77332589.52
41680033.69
22239460.25
40341385.4
45112052.48
76039080.09
44630114.6
12968824.14
12923207.89
41254699.66
39637249.36
20663372.95
75214993.39
44435880.15
78773569.13
45182623.67
76694341.93
46427528.65
42948345.09
77006530.48
22040394.15
45100672.32
44041801.42
74701129.8
75297632.21
22545423.7
46118945.43
76039080.09
21848066.79
22369710.37
45649564.16
39823587.06
43852394.94
22582480.88
76409464.39
40907064.51
44115910.26
77202239.17
76039080.09
77789285.84
77069088.88
22582480.88
43717824.23
22859598.86
23933854.65
42037867.86
47284389.77
45118049.47
23046032.18
23429310.51
77317389.99
75371857.2
45728928.85
44129151.79
44024438.85
77289442.93
44129151.79
77492932.1
47071329.73
12939672.16
78073606.43
44698442.21
45484322.29
45255678.9
18231315.87
41047440.82
21444829.33
22651444.48
45924859.83
76202924.62
76202924.62
20379565.68
12839192.12
77289442.93
47071329.73
23158062.05
45527715.32
23508809.65
44900304.3
40413404.49
23463639.5
47001631.88
44257563.75
76105595.57
42559020.34
78037042.94
75619961.51
12850746.58
19504611.74
24305286.94
45186976.58
45195910.06
74380019.13
23820085.32
46317026.2
74989709.26
75297632.21
19004380.87
76703662.38
76409464.39
44390953.47
76198646.3
12873824.79
41453956.32
45012920.38
40895918.95
44973930.45
45499031.01
76198646.3
77543943.67
76690902.66
74472442.23
22292900.28
21848066.79
23190413.73
76070728.73
39979653.98
12883497.27
45515636.91
75058357.86
45445003.87
76579167.4
23429310.51
74989709.26
12919454.72
45186976.58
76073557.83
76314116.04
45118049.47
76073557.83
45728928.85
19279989.34
40487397.14
48443238.49
78013305.47
20367686.58
75909436.6
45521419.6
20395805.67
45118049.47
39569009.85
74701129.8
21806596.84
44310330.17
42684929.3
78073606.43
77727694.5
23095789.12
45119892.92
74759412.22
45119892.92
22718003.77
24780255.14
76759862.76
40105504.44
74880892.36
78073606.43
76553298.45
19556530.66
45055320.4
39990871.22
75877673.23
41174210.62
75807738.56
42771416.99
44847635.98
45630617.67
44616412.61
21159870.66
12913522.67
75697392.61
75460491.33
44487498.83
76464661.22
75058357.86
75814938.62
76784430.29
23693043.22
12918295.29
21900598.65
39692828.25
40490406.52
76553298.45
22500844.97
21944166.95
46625629.74
20175867.21
45304690.05
21640254.22
45596129.85
43665979.99
77006530.48
76428694.04
41181913.6
23601842.66
74350028.74
23815729.4
75214993.39
21485549.66
21510890.01
45445003.87
74380019.13
43173196.0
39746703.91
46303950.46
22658747.2
21880898.0
45197371.85
74384798.46
76152900.74
23261106.81
44288348.1
76409464.39
46749696.75
44287720.89
44129151.79
22077021.69
46768135.26
75625606.15
46986384.85
77345446.61
75697392.61
78416505.19
46576303.23
44638493.69
43669703.55
43251088.28
75141777.52
24773870.62
45087424.52
78773569.13
77317389.99
20971255.46
22953632.39
75461527.85
75719400.17
46846152.92
44041801.42
22382991.42
45638573.75
45813980.05
75633486.43
44903083.06
45852480.0
45189920.86
76039080.09
41428910.98
77380778.99
44873624.64
75619961.51
75371857.2
40595863.48
40356195.79
20914091.16
41590628.6
75525734.28
46808742.94
40632457.54
41615205.56
76105595.57
40048583.12
74701129.8
75297632.21
42327052.84
20277790.82
18821576.95
75902273.13
44493838.7
18591640.09
45663325.3
41178456.7
46451551.58
21880091.32
40661005.42
23509269.52
78416505.19
21554633.0
22212485.33
45936846.78
21992089.18
45822386.58
75461527.85
76669606.12
45150763.13
74668372.27
74668372.27
44501564.64
47675353.04
41590628.6
74855903.9
21092190.94
46518480.33
40826455.94
78032823.79
12854840.95
75581650.42
75371857.2
45818247.72
75807738.56
45391845.54
20037600.23
76202924.62
40298794.42
42676428.52
46794652.46
45919689.11
19623198.34
78073606.43
23151442.14
75460491.33
12961544.95
75814938.62
46590795.53
45012920.38
75581650.42
76694341.93
42288928.09
44369704.37
44966698.2
39373249.52
41320177.51
76070728.73
23373090.19
74855903.9
75617489.6
40632952.79
12899863.82
75461527.85
76437099.35
44630114.6
76784430.29
45509877.89
20039276.87
42473703.19
74472442.23
77332589.52
74989709.26
43438655.77
77553816.69
45129185.02
45870223.14
75141777.52
46451551.58
75633486.43
75581650.42
45456957.89
44125670.09
45850722.44
78013305.47
23548616.45
75141777.52
22152645.3
43931605.47
75117691.93
42603669.43
45491911.2
24424341.11
12855544.8
44184483.36
47273908.68
46609344.92
76582396.39
22559774.19
23933854.65
77006530.48
20196826.44
75231676.68
48443238.49
77029798.98
42223925.37
45335107.88
45138236.13
45766774.46
46589663.12
22953632.39
47273908.68
24229021.17
22108281.46
74309834.81
77029798.98
75581650.42
78187958.23
45545591.84
40599647.44
40264841.65
22660154.42
44623041.18
45249469.66
46653634.67
76437099.35
45766976.5
78073606.43
39441618.21
46053345.29
76553298.45
75581650.42
22861876.92
46019665.84
40285930.81
46531218.45
41100968.82
40334503.19
78013305.47
45801397.14
75995545.96
42678971.4
47215284.44
22193071.8
75581650.42
45458010.85
75936525.09
22513392.53
75877673.23
75936525.09
22525917.4
45308081.95
75877673.23
74384798.46
40105504.44
46808742.94
74350028.74
74989709.26
45087424.52
24219910.78
44103818.28
77202239.17
45302424.5
22077021.69
76464661.22
45782075.14
78037042.94
75619961.51
76464661.22
42257923.86
41184054.04
43614717.07
44831821.28
12899776.0
23422553.27
44026898.08
75909436.6
77332589.52
39819498.93
43595941.68
12932609.14
75461527.85
40287752.37
41146999.45
75117691.93
44392502.8
77289442.93
22945606.9
40544846.67
77380778.99
47252585.25
40207392.37
22660154.42
44743968.25
77332589.52
75297632.21
24133428.3
19913905.36
21599109.06
41048451.54
45456957.89
75461527.85
77495330.43
23462143.41
12899776.0
76694341.93
20230931.74
43149694.48
44291271.73
44428535.98
77543943.67
20854861.38
44313729.32
12850746.58
46434359.28
45373144.21
77380778.99
76314116.04
22699874.2
75633486.43
47071329.73
44939405.4
76358726.39
75807738.56
41679709.71
78773569.13
47188383.12
44781309.24
23137418.47
40133539.86
47671576.42
44291271.73
47435727.45
75365382.61
45827918.78
46469955.52
44481964.81
75019663.64
43614717.07
77380778.99
22961261.21
39438247.86
45836098.01
75936525.09
47280708.91
45696905.26
75619961.51
44222741.21
41426962.27
21491169.35
74350028.74
75723938.39
23594626.04
75633486.43
21214514.36
24002161.79
76409464.39
77553816.69
46485184.74
75909436.6
44208696.99
45856015.83
76582396.39
76582396.39
75995545.96
45112052.48
76759862.76
75936525.09
45879405.61
21752973.95
24259535.62
18166700.19
19413038.86
76669606.12
40817357.49
23046032.18
44078244.72
77317389.99
45822386.58
12977598.03
77492932.1
76579167.4
21125514.41
46605847.2
76202924.62
40890236.21
77029798.98
44576066.96
12876336.42
22399845.96
46085604.56
46809338.4
74759412.22
76131089.76
75633486.43
44142289.08
12866329.85
22831249.71
43919504.66
23921294.93
21768342.79
42553591.61
77495330.43
24533378.39
78073606.43
23376585.0
42472937.46
77380778.99
76464661.22
76298796.65
76202924.62
40085244.39
45770072.39
22945606.9
77789285.84
12878133.18
40817278.8
39746703.91
42177023.9
23021178.3
46840474.51
74380019.13
43173196.0
22828541.57
21144166.92
24568624.79
20863650.7
76409464.39
22830727.67
43268550.99
42065044.64
75117691.93
23261106.81
74874144.42
76759862.76
12885733.44
77332589.52
75461527.85
44862898.28
21729151.76
46434359.28
23287502.68
45054800.88
12846619.0
75511733.05
46449184.45
77602252.69
48251615.97
44327727.19
77289442.93
42705172.81
22640980.91
40269979.93
45780734.65
39692828.25
45495060.29
20395805.67
41516010.34
45660255.91
41559124.84
22382991.42
45459149.2
44847635.98
20986510.87
74380019.13
77006530.48
43799389.8
23300075.4
18677212.19
75617489.6
12867320.05
75511733.05
76131089.76
45814590.12
12948119.28
42645833.57
75719400.17
46053345.29
23548474.57
44867175.09
42892329.48
75019663.64
12878133.18
77543943.67
20663372.95
43506111.6
22469070.32
74874144.42
22563726.7
77332589.52
20370399.02
76437099.35
44781309.24
76759862.76
23987800.45
78037042.94
41479015.84
75019663.64
20411282.2
12848860.56
22293168.17
45924859.83
41288424.32
40895918.95
12911378.33
74989709.26
21926476.71
41628444.72
40101978.12
75619961.51
75995545.96
45919855.71
41366464.07
41079626.85
46576303.23
39431307.1
76690902.66
45245015.22
78037042.94
76073557.83
43768470.61
40685558.31
41048451.54
46213051.1
47625966.38
45012408.55
18025205.36
45318404.94
12921646.8
75461527.85
40708294.21
12870353.37
46638422.9
44115910.26
74350028.74
24597662.05
44827915.62
18231315.87
79828117.69
39877049.05
76039080.09
75297632.21
44944454.94
45443884.53
44850546.82
75719400.17
45453729.38
77495330.43
41379943.79
44437630.51
77727694.5
44129151.79
44629917.1
22123966.12
44829034.77
46609344.92
46543651.7
22967721.0
75814938.62
24510184.41
45627604.05
12911378.33
77289442.93
39875460.89
21687363.93
45827904.78
42783411.74
43065326.07
19443808.6
74855903.9
24219910.78
76703662.38
46931047.06
39926290.27
44973930.45
75807738.56
76669606.12
23092429.01
44780816.31
74485906.62
18681786.28
45521419.6
76428694.04
76298796.65
23130572.07
43286801.02
47000159.85
19504611.74
76926286.7
41421999.54
23590708.59
39369366.0
77289442.93
45516188.03
18868322.29
75633486.43
45129185.02
41791879.91
23819235.62
21422864.12
46617878.44
23462143.41
77553816.69
21144166.92
45247116.26
44093444.0
74734226.87
42071390.54
44685982.96
75461527.85
78416505.19
23007940.38
76437099.35
75909436.6
74384798.46
40532708.33
20839466.49
77345446.61
21900598.65
22673828.63
42097195.89
45664414.35
46464339.26
76298796.65
45197371.85
45443884.53
76358726.39
23964235.31
44929938.39
45405179.11
21806596.84
42163217.63
42429873.11
45763096.57
40248221.39
20971255.46
22699874.2
45827918.78
19551555.68
75723938.39
76553298.45
75461527.85
42325132.21
45182739.51
24751111.26
45189829.52
44345413.41
42560203.94
40595904.86
76669606.12
44577109.11
44779929.53
45935633.3
75723938.39
41516010.34
74759412.22
43717627.92
40311636.79
45882137.5
21026461.01
76298796.65
43803844.21
46317026.2
75723938.39
22513392.53
76926286.7
43372317.86
42288928.09
78187958.23
76409464.39
22708877.82
21766173.21
75697392.61
77492932.1
44208696.99
40795371.96
45129185.02
74759412.22
44493838.7
22690378.04
47423622.09
18562928.91
45170076.65
12839505.81
75617489.6
23444347.63
76039080.09
41727937.78
40632457.54
75619961.51
22657207.32
40207392.37
12911378.33
76073557.83
75141777.52
47252585.25
78416505.19
20463773.18
44933401.04
40311636.79
46462221.53
74668372.27
47141212.94
21629115.38
22426574.49
41956780.18
24597662.05
21683009.96
23158062.05
21284705.13
75619961.51
24780255.14
75365382.61
40161209.55
24146413.16
76464661.22
45032321.53
45924859.83
43418338.86
46861116.32
21895534.08
77345446.61
44973930.45
40339509.47
24940909.46
74880892.36
74384798.46
77543943.67
45025464.45
75581650.42
76553298.45
21979144.2
42602342.77
18589462.19
76070728.73
75617489.6
24231445.9
75117691.93
46064226.78
43931605.47
42333564.38
40814134.46
78416505.19
23815729.4
41559124.84
76039080.09
40039931.56
75460491.33
19427921.32
75625606.15
45895754.75
22239460.25
75019663.64
75117691.93
22882697.17
42934431.57
76039080.09
22478100.2
21899072.56
78037042.94
41756014.97
45391845.54
41158079.37
23428555.26
76759862.76
76105595.57
43167423.86
77602252.69
75297632.21
45099716.47
22743506.35
39528066.03
75365382.61
20933487.52
12945893.0
22519288.96
22363838.47
44638493.69
24593310.18
41861120.88
74734226.87
40022091.35
76784430.29
74880892.36
40561723.2
46033506.2
41898090.28
42472937.46
21184501.53
22280475.91
74880892.36
19554304.21
12874246.2
44768389.36
24070236.72
46852314.55
78187958.23
76064546.65
75525734.28
24000308.09
22945606.9
44278677.18
42953951.2
22783289.06
76198646.3
75460491.33
77332589.52
44577109.11
42446499.06
46521393.89
76198646.3
76669606.12
46641508.83
23422553.27
77317389.99
43935499.48
19352392.29
77543943.67
76553298.45
74384798.46
46405307.77
45516188.03
40998265.09
22467456.32
75909566.41
46359315.3
18393976.95
45087424.52
41994363.23
20635017.05
74989709.26
76703662.38
20657583.12
39817368.12
44749863.44
22657207.32
23390951.14
21906228.27
39438247.86
45598963.09
75909566.41
74759412.22
44797422.99
21990076.09
23373090.19
23429310.51
45728928.85
43312238.41
44109942.63
76784430.29
20463773.18
21711299.7
42759355.17
46589663.12
45924859.83
76437099.35
19099919.87
46617878.44
76131089.76
77029798.98
44310330.17
23187714.21
76198646.3
78073606.43
41643358.37
78013305.47
74309834.81
45598963.09
76759862.76
45105399.39
75214993.39
46088809.92
12872602.24
43052722.55
12902390.92
76437099.35
41056457.64
43029133.52
45282828.44
42325132.21
75719400.17
23560973.37
45079478.58
19187670.08
76358726.39
23447407.15
44313729.32
40158381.73
75214993.39
40714242.05
43060071.05
40707726.26
76105595.57
45096482.14
44291271.73
43094877.85
77202239.17
75995545.96
75936525.09
77727694.5
48303328.53
43065326.07
41718566.17
39730727.96
42948345.09
44288348.1
76131089.76
12909399.32
77202239.17
23991460.72
44225452.35
76105595.57
12909399.32
40595863.48
41898090.28
76314116.04
45028651.21
20837599.25
45105399.39
46421471.74
43351123.78
44564825.83
47423622.09
45856015.83
75581650.42
76694341.93
22430519.94
76579167.4
44024438.85
40951104.96
45822386.58
39607379.72
42473703.19
47189648.8
45279034.3
76694341.93
74485906.62
40707726.26
43060071.05
76464661.22
42511693.04
41320177.51
44624260.84
47044713.13
12951616.38
76131089.76
78037042.94
19004380.87
76669606.12
77553816.69
41230880.56
45052723.43
45474596.71
12891708.31
75936525.09
77317389.99
40968340.01
41716874.16
44736733.65
45100672.32
77543943.67
22553200.64
45766774.46
75723938.39
18947549.9
43438655.77
45202382.78
76314116.04
24424341.11
76669606.12
18191525.6
43717627.92
75525734.28
74472442.23
42192509.31
20299715.39
75019663.64
22824769.1
44024438.85
75814938.62
75936525.09
40287138.99
43756895.82
21159870.66
77289442.93
74701129.8
45950439.01
23950522.08
44780816.31
75877673.23
43976610.71
21620510.92
78318654.64
75936525.09
19427921.32
78416505.19
44862898.28
12932609.14
76105595.57
45330091.0
74668372.27
23025814.26
44125670.09
44779929.53
44685982.96
21791881.6
41120110.17
42692320.59
45973169.21
74668372.27
46808742.94
76070728.73
75581650.42
41756014.97
42759355.17
41559124.84
45865978.97
22658747.2
41457267.02
40992466.39
22910762.45
19007428.3
40756671.1
46485184.74
22945606.9
41158079.37
23324482.34
46810229.87
23005542.39
44130263.19
45544702.1
41727066.69
22465503.42
46794652.46
39676539.69
77289442.93
75365382.61
78318654.64
76358726.39
42192509.31
40768204.9
41957638.49
40462009.27
20545493.6
42645833.57
46809338.4
23324482.34
41836926.62
20037600.23
24034577.0
45348873.26
22391003.6
78073606.43
20664670.16
76358726.39
45827918.78
40287752.37
46127833.29
12860278.34
44749449.16
75371857.2
19784874.63
23489643.78
44847635.98
76198646.3
78037042.94
45023476.11
21478432.7
44225804.37
22978401.81
75019663.64
77006530.48
45495060.29
45847333.24
77602252.69
21554633.0
79828117.69
76409464.39
76105595.57
74734226.87
43866758.65
45118049.47
43506111.6
46926736.41
74874144.42
45407271.4
40661005.42
76152900.74
22899746.92
77727694.5
45899574.35
40809369.37
75581650.42
22038905.85
45663325.3
19877475.43
74759412.22
23005542.39
20663372.95
77789285.84
21424295.84
46865100.28
41615205.56
45815285.83
45923693.06
44687448.04
45780734.65
46213051.1
21992089.18
22285091.45
21125514.41
18991408.65
20179472.46
20786814.76
75141777.52
44900304.3
43852664.61
75619961.51
47252585.25
20272548.2
12911378.33
24340601.0
45766976.5
23080781.37
19103853.05
76131089.76
22500844.97
45982800.64
20834465.44
40175367.47
18947549.9
44831821.28
41569843.97
44276497.0
77553816.69
74309834.81
46255347.18
40853808.22
45459665.35
23046032.18
23005542.39
47122430.85
40264841.65
76437099.35
76072970.56
39819498.93
78316550.47
21926476.71
40457768.36
77492932.1
45211438.75
78032823.79
20064135.16
40817357.49
47215284.44
76409464.39
75909566.41
44437630.51
40883521.84
44753461.35
75365382.61
79828117.69
74309834.81
44342072.9
23176227.12
40980773.08
76073557.83
22919550.72
75719400.17
21822280.3
40133079.89
75231676.68
75633486.43
23419624.64
42444274.44
75141777.52
75619961.51
46520492.29
74485906.62
21013784.29
75511733.05
23820085.32
23444981.83
76105595.57
22935206.82
76202924.62
75231676.68
75995545.96
23468673.42
77492932.1
44184483.36
45478260.96
46909004.21
21303157.26
45638573.75
45717296.04
46053345.29
46021369.0
78416505.19
46796039.71
21906228.27
78318654.64
78316550.47
75719400.17
24034577.0
76064546.65
44302298.8
76070728.73
46656964.15
23136304.9
24218127.59
75625606.15
74384798.46
40175367.47
45453729.38
45355197.44
75297632.21
22289109.8
44481964.81
74350028.74
75141777.52
46018392.74
23277849.82
75214993.39
19279989.34
78416505.19
45935633.3
44222741.21
74309834.81
21950616.56
76464661.22
24229021.17
40178442.76
44529464.96
75909436.6
76152900.74
46127833.29
76039080.09
45814590.12
45410960.12
76579167.4
76464661.22
46359315.3
42838117.19
45009971.07
44576066.96
22640479.77
45583419.3
24533378.39
20175867.21
45025464.45
