27838628.12
65132520.14
74856070.84
75817120.22
26127402.55
139968991.97
76612430.31
66264590.14
67347118.58
75239802.22
138786870.85
21529466.85
63155629.09
139082560.91
66102747.2
28123583.6
65289251.14
28287784.38
66824692.82
20823163.85
75872071.73
65952730.38
74842579.08
28003424.21
66873232.31
139120494.64
27563205.12
138857769.28
139844370.28
139520077.2
21513963.18
63754506.78
139416289.29
63598869.81
138777889.69
65490318.76
140948730.4
74115303.02
27096444.47
138748253.99
27345133.46
64487595.17
74614695.48
66171297.95
139469020.16
139903249.32
28945959.9
139636233.5
140213067.75
75155867.48
14853855.89
140102134.16
27813059.14
26715102.27
21858161.55
63129086.84
28105760.92
64352773.11
65351619.13
74946339.18
66707572.58
66515197.75
139023074.34
75898005.5
73512701.01
28433711.94
27820434.91
75704351.72
27238432.26
139497252.48
63676651.42
64758420.58
65186125.38
65233823.44
28075158.5
74298075.68
66620724.07
26594544.91
63541111.2
28075572.73
75900284.18
64162542.62
63982635.52
21078165.9
139752314.96
140246833.96
139690954.25
65557189.68
139350952.98
65288514.6
64811424.23
138457606.69
75457592.84
21811907.65
28705728.27
26384331.55
66684061.42
140097756.31
26975759.59
26450979.28
63162186.02
139095411.64
139841172.18
21903265.55
139506297.19
74768964.59
139441259.25
63473292.09
75134532.14
14888585.7
139016647.97
66486594.25
66570282.76
76220620.29
139359626.07
137901196.57
26588930.79
138951140.48
65269769.98
65323814.77
26890356.32
139884874.08
74856625.74
139587412.35
139558090.56
139699287.87
27277526.73
26858719.94
65854475.06
28343221.71
64188180.32
64964047.42
62828148.09
140450511.7
64179221.12
139097867.83
26498422.88
66165600.44
75047619.8
63844243.03
75167820.11
138927227.92
74900238.14
139227112.49
21828367.55
139977875.2
66549187.53
65800420.09
75882119.66
66190611.44
65119507.09
75112960.94
64141986.63
64224271.43
14896992.91
75271316.41
27204226.67
75841253.71
74999645.66
65041926.5
63688387.14
65098261.51
65691239.35
74612520.26
139438846.17
26110740.72
65856869.05
63541527.09
27799083.3
27991230.17
74646351.23
27871591.21
22024653.11
75234814.41
76622353.47
27255695.0
63799687.95
75152566.38
64474971.18
76237393.83
64155529.38
64456445.95
139647292.16
65306782.46
64214390.01
62721104.71
74588907.38
139504939.38
66545779.79
66213179.3
66809848.35
28135412.57
139290802.19
76174187.58
66627731.03
73704461.5
28038267.94
65703563.25
64367651.85
75851445.5
27718941.7
62720267.84
74332963.61
75660343.55
26570268.34
139322512.71
75509168.74
66357719.58
66672942.14
75546750.54
139773493.03
21354075.87
63974535.66
139904626.15
66874235.73
27872571.97
65125830.9
28762835.73
66660220.18
20281395.41
75270715.1
66173650.26
74584367.55
27679317.55
66660551.28
140037699.0
27012772.78
139832067.89
140359811.66
140150459.66
21804966.29
64422336.17
139132022.52
63515827.31
139179254.74
66235729.2
138449518.0
75043756.21
27647875.11
139649066.27
27857046.85
64845104.18
76186747.49
66167423.84
139096761.0
137822632.97
28905548.75
140743731.78
139900211.42
74944324.11
14841258.71
140189559.34
27809830.12
27161185.0
21200866.74
64538868.17
27979485.19
64672130.83
66053751.51
74497924.74
66468184.06
67061010.09
139567492.59
75093380.2
74761178.78
28326846.19
28099999.42
74844786.92
27654537.34
139119499.53
63524650.03
64259867.26
65326372.76
64255408.95
28112358.59
75891480.19
66132950.14
25802785.16
64168768.65
28798256.35
75215908.53
64869906.15
64213007.58
20825531.95
139712122.6
139634904.53
139255498.32
66155810.81
140087927.61
65343478.16
64374333.09
140056814.94
74913415.3
21124742.34
29070126.66
26608245.5
65698989.51
139908094.3
27287451.58
26207094.19
64195991.18
138392110.23
140235346.98
22305011.67
138431157.21
76454426.84
140570359.95
64174562.84
75282059.94
14846778.02
139322738.42
66621382.11
66881175.75
75681285.49
139370622.92
138595851.35
25613281.15
138420079.59
65471305.68
65355282.12
27688817.5
139813598.87
74451890.47
138884027.53
138579098.75
139919321.44
27427981.59
27476357.62
66090282.59
28373917.39
63549503.69
66028979.63
64272146.23
139990567.17
64276910.61
139783553.96
26167327.81
66156732.22
74827631.62
63229714.62
75788738.66
140253616.63
75528210.23
141669099.23
20847881.6
139136343.1
66276240.52
66766982.19
75111243.08
66498005.96
64942524.85
75020622.53
63354953.46
63343816.06
14901221.53
76440768.27
27666331.35
75573886.89
74443137.91
65180312.8
62937635.64
65320217.49
65610604.09
74241252.06
138918863.71
26175806.41
66524256.51
63870516.32
28048847.42
27319432.5
74625835.7
27453353.35
21882614.98
74852682.66
76464198.97
27381648.52
62789556.18
74654342.66
65500395.37
75658135.91
64162354.6
65197265.27
139618752.14
65218605.0
63950377.56
63553899.01
76190009.1
137742180.74
67011391.04
65969082.76
66322487.4
28018385.08
140004201.49
74468060.14
64779821.87
74816376.49
26451166.99
66211462.8
65051332.57
76310106.15
27510596.97
63577478.67
75208523.31
77090507.79
26779712.77
138776512.05
75830330.33
66227544.76
66445193.38
75295438.67
140393127.64
21465351.02
63808789.1
140607502.1
66572943.52
28149163.4
64822503.02
27583032.2
67139380.28
20983429.03
75196507.5
66335513.16
74904787.64
27585373.89
66354315.69
140545850.37
27409894.51
138481434.93
141070830.63
139584668.8
21300962.92
63788088.62
139697156.57
63040597.41
139947764.98
65888934.72
139208888.89
75438957.79
28176157.62
140467036.79
27658770.15
64100074.5
74156774.94
65750510.28
139823944.72
138919049.96
28162779.13
139046193.63
139541636.89
75758008.54
14905682.82
140192540.42
27863581.53
27030644.92
20947747.38
64820200.2
27771392.92
64171296.51
65607410.87
74812683.86
66852023.89
66619644.7
140114028.66
75175281.71
75884697.68
28218053.97
27841932.79
74874258.95
27384943.13
139575095.62
64408699.86
63848359.95
65738126.32
64334726.88
28033714.7
75705014.25
65962372.26
26633248.84
63311882.52
28373458.65
74682185.89
64447611.97
64127779.52
20310100.19
138329309.63
139500207.43
140247353.22
66319975.69
140009139.8
65021506.7
64205843.26
139357565.28
74731184.86
21625869.56
28640568.06
26702627.75
66709034.41
140045512.63
28148658.83
26166953.51
63859478.26
139110156.38
138642168.65
22301669.3
139035571.77
75975557.68
140260913.12
63598173.39
75229677.6
14906939.95
139474121.1
66652647.35
65924423.05
75278849.85
139332521.24
138855409.25
25666846.76
140523676.75
65943280.91
66694281.79
27180215.18
138512645.08
74256540.03
140507319.91
139512456.74
139889453.2
27527100.48
27147025.26
65938076.07
28230221.34
64005580.5
64208824.19
65777327.21
139081680.05
63801481.65
139322751.55
25872568.98
66358690.67
75153406.28
64116114.25
74004898.35
139590094.2
75474793.1
139202026.35
21204441.19
139879421.37
66770342.66
66072087.76
74143059.75
66294192.49
64765897.89
75485328.87
64304212.06
63201011.49
14864010.56
76258116.31
27866476.57
74841327.84
75533654.26
65212322.82
64017592.85
65174875.9
64823704.3
74337751.11
139568196.54
26311876.71
66230772.87
63545559.75
28341268.72
27245428.58
74606690.65
28178325.66
21480789.23
74820686.33
76232389.26
27197891.12
63247564.53
74506583.96
64815897.08
76662815.04
64426864.48
64945029.19
139768884.26
66519102.41
64268329.87
63371176.25
75224854.59
139749588.27
66290785.54
65932336.96
66642113.68
27954424.9
138684293.69
75506079.99
66330074.59
74453379.38
27191966.39
66593787.22
63558879.25
75561375.92
28230545.17
64100511.66
76089573.3
76319812.82
26449561.74
139619602.84
76866207.07
66069901.1
66847743.82
74484524.61
139025562.85
21582149.57
64300375.61
139856122.48
66063608.91
28217849.29
65542994.35
27604947.89
66605568.82
20401988.89
74609472.68
66131421.23
76018195.73
27778667.62
67188702.59
140534494.67
27296058.23
139530006.15
139965585.64
140429156.5
22045190.35
64188688.19
138984971.16
63859929.71
138983551.13
66150434.74
140267743.91
74909377.17
28199324.57
139551621.98
27909140.68
63929022.83
74631035.97
65002542.81
140147743.63
138853272.98
28367323.65
138467921.81
139900349.9
74355353.81
14920896.44
139139635.15
27688157.22
27741658.66
21676039.62
64341887.2
27776134.45
64113551.73
65969905.88
74580293.24
66547395.73
66857773.12
139449205.44
75091670.69
75617450.66
28232990.6
28283021.99
75346506.41
27151520.56
140042613.35
64097078.05
64199966.31
65664735.61
64181733.44
28884241.53
75200171.33
66403605.44
26365293.15
64133018.93
28327295.31
76785504.58
63868306.79
63663480.57
20544731.38
138721749.04
138790716.17
140316838.25
66273038.92
140137546.01
65708537.75
63210426.17
140445789.32
74738133.56
21677605.12
29297878.53
26567892.41
65883668.52
139655577.64
27144887.38
25818775.31
63529148.42
139079789.04
139743842.24
21990935.64
139764158.82
75577816.21
139980225.65
63054693.15
75541923.51
14919556.8
139524462.27
66819788.55
66155001.11
75636483.82
139910831.19
140127158.96
25601801.09
138239831.78
65141402.49
65187331.46
27147010.89
139392555.4
75619710.2
139228242.88
139867567.76
139672788.8
27620665.8
27859152.4
66795444.87
27903548.06
64334866.65
64367470.24
64572358.75
139480797.97
64430677.21
140064832.22
26809453.47
66868888.91
75039498.86
63263190.9
74711733.93
138815504.44
75184028.14
140466539.58
21722510.24
139838088.57
65820535.96
66238698.26
75085165.63
66481884.57
65401691.92
75380299.05
63943184.65
63942495.42
14827352.14
76493196.14
28096597.27
75906322.89
73985411.34
65661405.48
63705386.74
64836177.75
65433077.06
74403216.88
139965256.45
26294309.01
65582147.2
62902526.17
27668610.52
27222815.78
74724920.05
28041567.53
21674336.1
74327822.11
76320755.77
26840959.42
63875440.85
74929008.13
65062774.55
75623148.54
63221944.89
64335266.05
138857036.63
66505453.68
64385140.87
63631011.96
74547292.1
139682863.2
66356862.89
66600881.82
65780711.8
27650829.57
139025451.29
75176212.46
65947677.53
75145639.16
26834232.07
65869157.68
63438819.58
74882955.83
27573937.65
63355453.43
74776905.69
75622777.94
25576430.47
139199138.03
76095133.65
65991509.07
66453496.78
74260863.2
139399340.3
21292838.51
64126519.21
139053264.85
66860497.47
28087879.05
64903662.35
28532554.8
66322756.79
20689497.35
74124532.56
65537181.6
75222914.27
28636852.65
66277277.59
139262643.07
27519972.15
138143251.62
139855992.05
138451440.06
21186838.67
63954398.54
138955420.18
64634804.15
139227223.61
66098832.26
139829376.05
75327781.86
27542795.26
138083983.75
27529965.9
63594111.3
74717945.56
65927973.46
140387122.25
139899744.08
28451913.64
139264407.19
139050336.73
75908339.22
14921578.39
139485656.1
27751666.31
27273093.31
21304350.06
63205432.89
28167579.91
64156002.85
65185744.58
75104878.38
66244241.07
66830528.36
139038761.55
74950263.68
74406039.82
27710653.88
28032256.81
75273350.14
27436408.94
139673037.36
64847061.8
64425814.97
65190435.37
64633177.88
28499544.31
74794383.47
67063478.31
26511893.26
64702536.44
28511950.51
75671990.9
64224586.87
63205106.0
20103726.25
139567542.06
139289946.74
138793875.61
66220583.3
138725938.34
64566444.03
64258594.12
138571811.74
75125087.39
21419573.46
27911058.16
26645062.36
66012232.11
138627701.91
26899662.26
26680985.45
64578589.18
138111598.74
140286759.77
21797860.55
137808891.34
76138147.4
139702264.33
63656529.46
74716280.96
14908642.5
139741596.01
65779686.68
66523893.51
75506181.88
139307169.98
139190222.18
26459293.31
139096701.79
64981470.61
65494628.26
26858554.98
139793534.0
75902346.21
138780226.07
139867405.31
140528333.44
26818531.93
26943575.05
66806916.24
28669814.42
63783609.83
66083342.67
64970363.56
140262430.31
63594250.35
138865371.33
26174435.67
67398166.73
75369381.15
64008996.55
74890926.75
138830990.3
76124440.89
140144125.1
21398354.0
140108671.59
66750747.63
66482167.82
74553256.97
66419096.48
65239321.57
76068778.17
62890731.42
63692890.12
14879302.83
76733153.48
27500473.36
75107324.34
75186503.75
65158374.4
63963982.53
65387290.98
64506447.07
74691908.15
139846672.52
25873720.98
66281150.72
63498095.18
28525973.65
27683003.49
75149961.47
28257549.75
22016639.93
74801941.01
75418783.03
27018634.66
63313822.43
74364154.62
64919083.22
75985045.52
64425286.08
65473701.74
139895470.63
65390972.8
63715948.24
63867565.63
74614931.0
140309534.33
66165877.56
67601776.18
66268094.96
27645421.84
141112640.3
75215253.06
65986219.23
75535780.84
27203156.53
66042839.02
63486517.01
75101042.19
28259074.99
64711622.97
74298392.56
75887536.9
26304664.1
139375632.53
74741350.65
67491891.93
66366034.1
75667233.74
139546713.48
21841206.21
63796406.98
139592527.47
66103449.67
27562532.84
66409381.46
28663108.78
66401088.47
20610238.66
74078022.61
66168452.79
75289441.9
28505456.69
66316821.8
138937072.53
26608523.97
139264008.33
140447433.64
139759648.94
21793089.09
63992050.68
139790597.06
64123397.8
139593637.93
65445679.17
138740371.59
74747441.18
27712311.44
139043037.19
27713284.41
64340906.3
75719375.14
65299448.15
138912975.32
138458136.17
28783306.67
140024375.0
139876289.19
74931491.29
14869390.68
140504691.9
27841492.62
27581924.39
21769553.77
64475693.79
27660761.29
64758879.48
64882760.83
74294949.73
66993245.75
67052040.69
138935293.93
75609644.29
75126789.28
27987762.86
27622644.9
75081656.66
27882666.61
138840352.77
64383915.98
63813237.17
65349610.48
65796393.86
28490546.55
75430323.63
66535939.67
25962234.9
64875701.78
28169087.36
75825732.39
64189191.31
63846822.25
20509761.36
139438293.68
138556704.24
139307545.21
66552294.93
137970588.46
64352608.57
63399366.85
139782761.06
75047863.73
21636724.53
28716859.64
26069454.35
65697414.59
140288766.01
27146468.66
26176415.35
63515903.49
138629881.65
139493370.61
21237684.21
139019005.25
77110962.31
141702875.48
63130911.99
75925557.03
14866068.22
139597649.75
66690791.56
65967192.68
74453747.86
139826967.99
139904318.56
25469860.06
139232518.65
65373099.54
64320460.14
27448952.11
139567848.39
75344276.03
140170322.75
140491657.23
138090602.01
28068269.44
26671304.98
66875264.3
28175007.19
64401946.39
65341549.1
64552267.3
138769913.19
64156603.72
140426276.82
26161884.22
66146518.49
74753733.47
63399198.81
75433532.23
139818252.67
74485261.48
140568566.45
21914198.69
138993185.71
66714978.55
66589723.11
74578135.55
66162014.95
64963695.94
75533185.05
64332903.63
63213957.16
14864630.98
75715093.63
27852599.69
76155908.54
74839332.27
64889787.02
63571389.35
64553522.52
65272050.35
74664314.98
139149478.15
25852036.97
66673080.84
63479547.49
28518851.76
27647188.39
75412496.7
27668339.45
21250864.35
74770843.65
75770126.3
26872790.84
63293958.61
74433883.73
64972028.26
75586694.03
64178060.86
65353266.83
139137814.45
65980606.54
64239531.37
64511055.06
75028532.26
138661375.53
66294614.66
65889510.57
66835671.61
28113773.87
139677323.05
76193095.61
66053339.9
75241619.63
26855675.11
66454879.93
64414262.17
75716386.36
27966896.64
64335272.48
74219999.93
75729517.59
25819907.15
138552674.84
75905650.5
66276650.02
66615204.68
75741309.86
138817296.98
20975669.21
63634336.18
138571030.65
66882342.52
28101055.15
64794678.64
27894467.38
66532049.5
20659086.2
75814586.04
65739861.85
74617189.73
28077679.04
65561489.93
139514485.78
27208645.34
139209086.13
139783624.6
139541529.63
21701774.69
64807020.33
138999927.09
64748736.68
139092836.43
65893631.22
140454116.03
75010173.99
27045467.86
140818229.03
27840243.09
64092990.12
74565584.67
65755600.3
138802284.76
139979593.17
28633895.52
139866840.75
139079876.51
74455946.51
14917169.43
139707551.19
27748346.05
26861661.53
21561611.3
63709994.92
27389028.16
64398082.93
65086258.9
75054542.27
66614890.73
66210478.9
138758638.96
74866336.13
75135745.43
27688437.69
28205352.83
74989582.27
27937801.32
139730982.28
63517739.03
63743210.9
64822515.38
64364603.13
27361404.47
75111609.79
65985137.51
26289517.51
63279611.97
28596277.7
75607060.66
63867664.08
63561687.27
20834664.48
138851583.64
141430628.37
138764430.55
66213889.79
139774172.16
65153127.2
63899337.43
140121193.91
75142301.26
21582540.5
28399939.65
26432241.98
66154532.71
140547931.75
27238240.75
26227926.88
63915855.45
139060892.16
139370225.06
21438453.49
139997704.8
76279548.9
139903875.9
62905398.51
73845318.08
14859890.58
139776047.59
65670637.0
66662425.42
75514826.84
140749268.68
140449671.2
25599173.58
138993927.96
64361559.4
64615807.86
27275190.8
139184070.02
73779749.88
139689993.38
139917060.54
140701954.65
27566845.46
28141754.09
67104769.37
28598603.91
63975649.38
65147235.02
65083920.23
138404080.52
63449067.99
139280002.81
26781517.27
66133705.87
75165761.58
64886065.72
75489835.46
139078859.53
75960720.36
138964163.06
22078089.15
139927154.63
66331556.69
66253673.86
74295423.87
65941830.13
65062358.89
75620640.35
63052646.0
64143282.17
14870137.73
76381431.48
27976145.26
75294440.65
75000253.83
64830019.48
63237046.0
65055202.57
64488985.17
74467170.8
138798544.37
25916350.67
65728950.81
63633416.59
28688312.76
27441170.82
74475254.9
27603912.95
21112481.72
74662003.88
76647368.47
27239260.8
64244426.96
75041799.22
64545318.24
76705346.18
63540293.13
65303693.65
138679888.62
65617098.5
63237526.52
63255068.26
74638752.03
139256011.39
67077424.12
66286080.32
65804584.82
28337527.51
140544851.22
75464752.79
66319448.7
74171450.94
26693754.0
67143210.12
63974249.96
75190001.71
27547143.89
63774700.8
74729329.19
75983531.9
26191160.4
140682065.27
76300661.75
65968417.95
67349733.3
74690144.53
138894782.66
20725808.36
64277213.84
140386148.62
67342937.23
28124471.22
65128188.54
28080028.86
66199782.5
21166238.41
74441249.78
66707994.55
74170671.97
27405708.02
65430541.1
140026270.97
27375619.16
139483764.4
140670907.34
139449739.06
21460863.91
63624966.15
139770739.43
63687713.19
139663342.88
65932153.86
139545119.84
74912255.33
27523690.58
139262096.9
27989103.48
64375216.88
75300782.04
65236846.06
139439869.14
140726416.02
28413352.73
139718835.53
138615173.08
74470044.02
14876480.2
140569115.75
27810428.82
27119073.68
21355370.89
64518954.4
27768539.63
64836820.49
66163217.29
74584178.86
66831570.82
66878514.47
138301026.13
76209643.42
74731458.92
28112992.91
27726893.02
74834376.72
27885598.47
139617596.94
64910327.51
65414315.21
65109602.59
64682306.63
27786310.88
75186816.8
66609626.41
25954504.67
64601380.02
28357676.28
74940053.03
64295129.18
63101251.88
20742515.47
140143170.62
139652593.51
139305928.84
66115006.7
140352697.04
65385636.68
64814840.72
139625188.66
74252161.99
21807240.02
28543507.81
26496364.45
66506297.03
141114767.51
27092186.59
26284639.53
63461395.13
139203767.49
138919013.66
21628942.04
139222269.3
75917228.47
138704070.01
63549175.66
75206218.03
14889861.14
138185167.79
66488745.9
66387504.95
75645749.08
139261559.23
139686220.32
25986118.29
138851094.31
65374870.05
64665601.21
27306011.09
138896660.83
75309961.22
139497529.78
139125525.89
139560928.63
27903632.19
26728915.25
66396544.63
28099843.46
64680804.86
65289168.56
64060704.01
138670084.79
64075866.57
138607273.86
25731360.9
66327998.5
73795236.71
63741604.81
74990660.96
140471238.78
74314635.02
139747110.85
22393515.05
139432951.13
66662327.13
66304958.77
75206091.95
65926646.17
64356973.27
75307609.84
63670249.43
64295748.71
14846315.44
75861494.31
28121200.04
74817473.9
75624247.06
65488336.41
63717795.26
65508341.47
66386819.32
75301701.69
138957673.01
26589921.14
66953441.1
63669511.97
27933349.76
27428841.99
75494276.82
27680300.67
22243012.78
75057921.76
75103464.46
27899223.14
63192369.55
74529191.17
65421714.37
75682193.65
63663961.9
64704209.45
139546228.81
65383650.93
64506632.31
63738034.62
74841303.61
139801660.06
66449200.96
65886696.3
65503403.77
27907664.45
138370636.68
73882721.44
66399979.93
75148801.19
27441246.15
66565824.02
64946002.81
76158342.62
28594406.16
64468011.03
74649915.19
76216265.43
26028245.29
139998679.12
76553942.25
66566365.16
66621370.77
75741713.5
139121223.67
20972567.27
63551369.16
139721823.68
66604251.73
28439016.06
65634260.24
28234461.52
65936743.52
20670006.56
74829674.74
65314719.84
74558201.84
27833536.0
66830178.93
140277588.4
27082770.26
139577281.54
139999077.99
139744887.04
21769673.06
63928414.29
139551332.4
64308902.04
138977831.55
65312691.85
140171066.68
76134139.03
27670846.61
139039306.94
27747430.07
64289247.13
74934613.04
65385664.89
138815698.8
139422018.76
28141522.56
139907913.25
139040874.74
74664865.02
14877294.76
140874629.34
27899200.97
26764901.07
21358006.91
64230961.51
27415178.57
64309477.64
64956780.82
75379722.68
66641899.73
67128709.44
139395204.92
74929121.93
75088115.13
27770055.36
28607927.27
75097987.11
27383957.73
140125925.69
64457933.46
63528570.42
65148246.06
64200904.63
28106887.08
73515967.13
66498576.38
26011088.02
64355825.39
28750313.99
76025595.04
63902472.89
64168740.21
20195285.7
139458113.77
139309468.66
140276289.78
65245049.27
139844264.57
65168235.8
64397975.63
139071428.41
74899310.49
21717489.43
28714116.17
25840314.26
66692937.75
139651826.69
27568284.84
26782826.44
64541071.27
139730756.55
140096520.45
21409583.05
140332252.37
76088436.29
139828713.78
64193217.53
74850559.64
14819076.04
139432352.84
66048675.04
65929869.92
75538955.85
139658677.37
139022078.16
26652607.71
139703855.63
65453610.84
65539937.73
27393871.65
140042402.61
74709439.88
141385566.84
139875095.64
138394679.83
28428381.65
27466354.29
66560730.65
27978815.14
64286328.16
65131909.85
64370606.47
139397867.82
63204009.11
139268636.39
26250025.57
66057478.22
74013355.98
63442864.74
75458418.78
139810948.05
75791735.99
139167229.16
21778415.94
140170883.34
66817710.19
67362404.1
74264803.49
66153230.91
64625790.05
75093261.74
64028236.4
63424134.51
14902067.53
76107878.31
27737909.64
75321205.03
74696402.31
66149118.74
63663745.02
64763039.93
65014245.99
75132887.28
139363698.72
25067310.22
66786523.49
63000147.68
28021462.26
27602619.69
73595609.86
27768946.62
21597599.57
75495320.47
77028464.64
26883599.09
63431539.94
74390032.83
64597115.01
77034293.69
63481951.61
65233966.9
140120704.41
64991308.65
65006964.33
64289806.81
74345618.39
139115281.71
66698779.18
66332954.11
66980861.0
27971215.21
140189545.02
74836057.11
66197723.16
75125242.61
27091041.15
66912488.74
65297216.34
75166800.92
27536722.69
64036553.98
75479329.39
75557141.57
25706746.36
139295755.73
76420873.36
66671966.0
67417717.47
74309638.12
139146915.52
21447198.85
64188312.13
139323209.61
66040571.8
28153602.04
65072269.81
28445385.31
66759619.2
20632220.9
74910081.56
66042425.89
74679943.33
27782240.9
66553053.2
139399076.12
27089927.01
139948799.88
139610459.61
140197173.5
21051565.82
63084290.37
140041614.92
64067115.24
139243462.09
65712847.09
138303838.16
75764092.42
28174518.96
139613161.94
27768943.24
64142456.17
74439146.54
66235841.17
138929949.77
141096371.86
29235457.23
140347050.55
139458958.02
74997492.33
14886301.04
140456254.84
28514064.45
26389013.17
21855539.85
64238997.55
27496232.82
64502500.85
65428934.84
74946869.26
66345893.13
66371189.69
140233359.94
74900992.05
75463720.01
28342054.52
28226027.5
75214754.39
27081865.92
138670449.71
64472059.07
63925537.08
65078802.88
64623258.94
28106583.01
76022673.14
66487700.89
26510837.7
63564874.73
28524322.84
76016964.31
64703553.97
64161379.47
20353006.57
139058454.16
139916271.51
139066026.45
66887731.13
139740143.76
64704895.2
63517796.41
139139860.35
74950062.69
21366004.87
28157059.89
25427839.03
66311117.56
139206280.74
26946112.51
26131474.35
64079242.62
138953833.3
139442640.7
21788913.1
140529660.48
75728587.18
140548195.14
63656845.55
74788703.98
14893815.12
139462507.75
66525244.91
66664019.58
75869720.04
139261174.43
138344461.95
26363934.73
139457846.87
66118155.41
65277814.03
27824313.05
139632930.18
74179639.13
138340079.19
139226939.07
139934549.07
27904798.72
27076003.4
65972792.61
28339636.54
63668823.17
64387087.16
64369943.47
141507834.56
64084435.76
141020296.9
26165091.29
67002294.77
75373798.92
63967707.05
75377457.26
140555219.88
75247428.23
140153060.65
21806221.49
139007908.22
66498185.62
65815099.85
74521419.78
65882019.67
64428604.24
74507776.58
63372262.77
63453601.97
14877343.67
75348241.81
28036849.58
76016188.24
75034182.09
65509155.57
63493546.08
64649586.62
65889165.33
75078398.08
139305349.77
26262210.79
66040134.35
63192303.49
28000937.21
27174693.05
74248367.33
27744705.9
21633636.78
74854051.14
76203083.83
26754644.18
63012402.69
74316037.35
65016218.12
76151649.45
63577309.22
65294836.32
139199331.69
66857623.75
64011250.99
63781187.65
74694766.58
140427873.39
66692840.02
66362259.56
66603411.44
28145608.86
139025092.34
74747758.08
66538345.11
74463843.03
26875075.19
65610219.85
64360442.84
75799748.94
28331760.92
64181100.8
75373901.09
76311746.72
25882392.15
138659138.92
75249154.52
65956206.11
67418931.1
74738284.64
138957432.69
21049743.44
64062360.9
138614873.57
66614206.25
27970806.21
66334083.19
28322851.45
66158951.31
20534516.36
75096230.12
65855122.7
74649864.33
29193846.74
66825572.47
139669816.95
27660722.75
140469597.85
139080630.24
139279371.01
21850147.84
63826842.15
139940842.63
63583558.3
138401399.21
66082263.66
139859532.22
75126100.79
27687067.76
141397956.6
28031184.26
64597473.21
75419812.17
66265768.81
140563584.43
138963696.66
28904990.78
138699132.0
138917226.01
75163955.83
14824523.18
139273443.83
27627231.74
27141549.46
21845649.99
64092663.9
28039886.64
64195742.0
65297693.1
75075147.83
65980525.23
65331626.66
139721885.64
74120898.35
75431848.88
28139640.2
27837784.66
74936071.56
27542932.91
139634685.67
63955387.94
64760970.0
65144761.18
64802831.96
28013792.96
74886613.79
65710673.55
26169520.58
64578699.57
28081886.85
75505551.93
63894542.52
63770294.46
20808012.63
140307309.27
140963245.62
140539837.39
65851973.65
139194945.15
64260205.69
63950726.12
139244114.66
74549209.71
21392075.38
28101301.27
26614925.1
65802465.79
138170781.89
27361017.83
26192171.47
63376265.89
139958888.29
139924593.09
21219331.85
140406288.04
76424533.71
140185833.47
63521436.3
75558801.74
14865406.94
140069016.16
65995230.82
66485099.41
74634897.57
138516242.42
140089581.75
26290265.67
139679202.45
65098969.84
65873892.17
27904457.12
138691971.17
75192918.35
139295972.98
138509857.99
139597690.85
27866519.87
27533316.57
66850705.3
28023734.24
64093508.22
64859348.65
64508839.97
139751036.59
63610597.89
139404808.62
26243270.45
66480824.45
74944067.75
63165351.92
75190394.88
139665686.06
75512969.79
139026084.86
21732118.07
139925144.37
66042183.2
65902195.48
73971708.43
66917005.91
65082873.47
74915979.85
63721240.09
63656872.57
14896194.69
75268245.8
27653894.75
76235751.56
75626893.46
64419298.41
63283763.29
64776381.39
64739375.65
75095856.7
139109446.33
25959163.17
66963190.83
64050709.42
28437716.29
27424044.99
74613352.67
28342334.91
20972737.37
74267838.05
76570788.56
27168342.09
64016750.79
74435137.42
64922016.56
76380816.69
63353057.88
65097552.27
139658466.53
65994450.03
64165503.05
64009292.77
75189394.48
140227782.23
65947394.27
65231968.87
65972545.89
27773833.56
139983339.47
73980730.73
66666347.15
75106201.61
26505367.49
65833302.59
64059335.84
75719439.71
27168437.05
63718714.22
75050197.13
76260165.96
26022721.17
139855146.76
76392115.77
66409580.64
66382495.86
75548692.15
138911521.4
21852535.66
62874245.49
137683376.13
66388484.64
28368584.83
65262652.07
28386949.96
66664721.96
20985088.99
74842485.22
66536764.22
73937073.2
28421040.16
66272284.93
139917841.42
26865997.19
139297911.74
139133869.2
139828233.39
20919488.9
64279312.03
138705634.53
63303485.17
139597938.11
66087111.98
139607823.23
73935914.7
27494430.73
137368301.9
27564364.36
64783205.07
74989347.09
65662604.42
139421760.83
138346236.97
28437025.99
140546150.05
139161767.09
73799174.06
14904528.85
139777803.97
28689325.13
27005289.16
21662388.8
64468315.05
27484044.55
63827626.4
64814911.44
74462584.41
67467284.82
66972136.65
140229292.91
75199973.69
74386851.81
27866549.15
27975713.88
74706886.46
27197103.3
139256524.49
63178845.74
63701720.8
63941927.9
64607752.41
28567020.93
74175672.36
66859854.31
26060550.53
64019616.74
28254111.91
75829831.13
63359982.44
63826848.5
20511480.67
139549496.6
139001259.64
140601787.86
65944828.29
139484093.21
64766983.54
64142791.6
139581885.17
74351240.81
21620035.08
28875353.98
26629843.55
66688404.97
139935566.4
27521898.26
25554701.4
64336716.28
139514934.26
139458527.89
21763595.42
139596755.17
76147011.91
140770024.92
64067989.01
74872380.33
14892975.09
139384313.71
66804050.59
66600630.97
75323816.66
138110636.94
138820458.55
26108716.92
139522494.84
65403764.18
65550636.88
27487018.36
139419042.6
74625048.13
138955292.45
138681490.2
138930377.47
28268915.58
26984560.34
66309749.91
28281313.65
64492431.78
64108045.85
64657857.18
138914829.39
63827969.94
140485630.72
26100139.35
66930776.75
75544344.21
64223247.22
74658781.13
139144868.83
75837198.73
138656994.21
22045542.87
139742292.08
67257647.21
66965893.4
74537716.92
66117146.57
64715964.07
74430749.69
63368604.58
63204546.93
14907333.13
76436040.04
28050019.01
75655092.56
74433737.63
65147230.27
64235410.59
64951112.53
65207662.19
73659125.41
139564391.2
25816140.93
65909480.37
62931994.13
29010116.89
27085499.69
74664143.05
28096484.42
21449730.12
75645371.99
76678004.2
26888311.76
64574301.05
75495119.21
64471806.78
76484651.13
63640171.5
64965539.36
139544542.32
65382112.69
64251266.54
64263915.39
74273456.3
139140512.23
65330247.94
66105084.6
65830022.47
28134772.1
139706512.49
74885692.99
65853106.38
74862621.69
26850186.29
66891853.86
63529106.18
75573607.53
28454294.81
63611012.38
74375735.57
75267743.64
26408667.39
139999579.77
76545869.37
67127873.38
66576252.02
74815483.88
139475396.6
22161334.59
63705717.3
138525271.89
66620334.38
28026062.23
65614591.85
27853605.12
65674667.15
20612641.59
74426970.08
65710884.47
74642975.76
28021316.82
66530935.6
139273335.62
27077881.27
139031836.26
139809965.39
139104071.86
21949008.75
64021414.67
140004063.57
64844519.74
139347434.77
65826107.12
139292534.28
74604932.6
27939897.32
139596204.74
27500888.63
63338600.43
75034322.59
65659311.4
140031042.1
139797116.75
28538212.93
139411780.8
140224248.15
75169482.35
14860996.63
139874583.85
27709423.21
26757696.17
21089501.06
64329770.86
27850622.85
64122166.2
65310145.98
74883150.91
66392823.26
66397300.58
138527365.58
74909506.6
74513139.02
28039902.48
27480733.07
74688395.93
27799844.99
141416689.45
64337044.86
64308740.97
64048680.68
64961399.17
27331639.54
74805533.4
66378364.86
26156009.11
63369918.61
28432955.98
75523799.43
64260644.81
63688112.54
20311495.84
141228230.9
139187344.86
140646384.8
67086691.67
138977272.62
64564794.25
64583892.67
139139779.78
74222043.46
21084020.09
28886837.36
26520060.22
65753262.57
138670894.57
27037529.18
26334042.05
64061248.53
139986845.12
140415570.22
21995575.22
138438858.69
76253210.21
139994388.7
63414489.42
75346698.95
14857752.45
139988611.99
65926401.85
66279874.34
76117388.1
139828546.54
140322713.22
26513532.04
139042892.42
65383469.66
65293861.27
27360202.87
139787491.18
75072144.75
140638975.19
138804008.04
138410503.92
27709360.3
27194614.57
66575826.65
28279968.57
63870237.9
65057003.24
63907276.99
140564179.6
63436112.11
138444372.42
25938932.0
66859870.96
74918551.92
63419923.64
74554254.94
140533758.52
75055882.69
139523303.0
21643472.34
139419110.32
66639912.2
66392353.35
74840559.74
66897260.76
65065523.53
75430815.99
63311725.78
64463999.67
14896160.18
76080626.53
27938552.78
75966835.4
74087321.33
65321149.03
64171957.74
64713859.4
65101373.9
75028276.16
139860986.65
25933148.29
66618861.58
63831070.22
28376271.0
27411826.76
74761396.58
28340118.13
21280540.56
74902668.11
76757734.25
27045280.19
63663699.69
75128732.74
65297804.54
76336501.4
62868525.85
64760837.43
139238124.24
64999479.76
63968496.83
64058090.79
74270662.31
138321244.16
66064468.49
66842080.48
66964239.27
27609052.61
140018225.4
76136934.87
66978430.39
74800972.01
27226710.47
66054084.96
63950800.12
75700821.86
27439815.95
63283269.42
75554476.75
76981509.76
26397465.98
138905722.02
76736488.07
66036565.58
67055373.86
75406880.66
139524743.03
21377812.57
64851541.08
139481182.63
66190305.81
27496674.95
64533643.38
28489528.89
67204219.31
20630461.05
74202836.35
65754225.85
75634655.07
27584867.34
66820324.16
139485870.21
27237405.47
138830281.47
138980335.73
139665643.27
21523455.98
63927076.23
138462398.24
64014184.91
139892714.35
65471287.08
140418777.35
75067226.47
27662823.8
139350211.87
27696828.69
64359127.19
74507180.43
66246260.7
139616534.68
139152155.21
28908469.37
140227808.05
138234129.89
75853428.2
14848292.99
140271466.03
28096089.13
26948215.28
21364614.54
63744990.49
28641480.1
64453449.67
65640800.08
75070992.93
66509707.78
67456296.09
139374029.38
74519546.76
75496904.43
28232572.19
27521891.77
74775671.33
27277294.3
138540729.22
63569763.79
63559910.44
64815000.64
64880321.55
27950705.95
76446901.69
65958106.25
27299722.05
64432646.43
28664479.06
76151916.6
64030546.61
62769937.44
20446078.96
139571409.24
139450582.06
139759042.3
66020603.0
140605531.93
64448193.9
64158784.73
138846367.57
75986364.36
21672242.99
27958000.46
26481337.02
67716832.4
140627928.35
27331650.58
26380562.65
64090480.19
138854243.53
139439750.24
21673670.91
139526838.5
75918098.93
139865277.99
64356912.23
74612692.38
14849715.91
139390723.27
65615146.43
66691980.16
76861801.2
139199471.87
139739002.96
26527906.13
138923950.39
65269751.44
64866869.66
27977281.55
139981688.92
75130692.81
139508549.11
139542923.36
139293057.11
27544600.25
27541971.58
66707302.6
28065088.28
63874944.86
65386238.75
64301098.92
138479391.72
62988512.68
138996370.85
26404829.08
66246151.16
74813097.38
62988265.63
75448397.83
140463035.17
74797935.24
139795868.89
22323323.57
140220088.07
65904459.3
66146123.43
74877656.32
66889928.46
65426755.66
75098079.05
63078134.27
64171609.77
14893047.64
75787154.11
28025484.32
75512235.15
74642964.09
63905259.81
62569875.55
65718176.74
65126922.37
75290131.59
139442923.35
26158275.57
65848267.16
63833189.65
28204908.76
28162992.26
76196672.42
28216900.44
21499977.09
75050725.77
76311683.13
27280166.71
64180341.98
75684706.34
64872969.97
76216410.84
63981375.93
65129944.35
138906354.8
65648526.75
63628719.95
64794977.84
74963482.45
139537895.73
66810877.73
66411265.12
66272395.86
28439956.03
140046560.49
75890222.51
65565696.71
75033290.04
27226585.7
66981230.44
63949842.2
75954950.3
28074145.95
63728368.63
74480969.31
76801739.71
26695802.43
139304279.89
75909226.79
67101273.26
67513187.47
75474827.57
140322082.73
21566981.89
64085688.99
138989541.45
66035060.02
27645134.32
65195006.22
28039354.78
66535718.92
21047455.95
75084224.66
65075097.84
74088270.61
28235199.69
66912266.28
138612985.57
27174941.76
140279332.42
139383091.48
139546206.77
21270193.37
63828070.03
139333366.61
64483451.39
138977757.63
65786792.45
138896016.01
75277849.11
28479874.21
140956667.77
28538890.76
64721226.45
74004885.13
66086324.06
140852104.13
139548184.4
28330551.05
139294118.38
139680489.98
73861922.72
14890850.95
139985619.77
28203510.82
27171996.06
22126658.65
63234197.33
28301962.8
64602468.42
64792449.58
74906771.16
66975868.89
66950994.61
139158860.85
74633011.3
74536053.05
27491741.42
27979588.51
75795426.76
27574847.68
139640203.68
64124958.86
64636394.4
64609625.51
64641927.65
28100968.48
74175094.77
65733652.37
26410278.07
63861357.14
27808418.71
75749856.61
64571486.26
63908021.57
21041324.95
140591266.53
140070380.11
139031167.45
66867921.7
139498460.84
65732385.89
64102615.2
138364124.46
75104134.53
21856137.45
28593028.0
26465476.75
66241565.07
138783965.04
27300871.15
26552166.51
63629402.5
140821670.17
138954427.88
22023442.22
140203616.08
76452222.65
139458931.5
63553679.87
75041959.67
14877295.53
139149661.63
66457783.92
66466812.43
75106334.58
139410236.67
139845458.83
25843152.39
138956538.2
65236048.92
64817845.19
27409126.23
139699831.4
75535459.28
140533379.31
138692390.51
140849519.02
27650096.07
27163390.68
66819980.37
28532758.22
63921249.53
64861218.19
64555932.86
138850820.27
63875145.27
140311914.73
26461996.55
65891639.08
74963280.2
62762306.17
74662748.32
139866321.23
75055257.79
138926003.2
20449985.39
139596309.23
66621218.44
66081610.61
74772963.31
66951372.81
65112027.08
74816330.28
63582521.53
63784006.42
14852572.09
76031607.22
27874931.74
75891593.29
74442490.45
65635127.5
64002530.6
64656945.82
64716212.43
74422223.63
138772384.06
25726271.84
65997831.76
63280647.79
28420316.39
27586963.74
75562635.45
28117946.1
21892246.28
75472145.69
76522714.03
26878822.52
63421607.87
74105484.45
64215872.75
76290789.31
63167526.85
65670885.91
138929904.17
65810433.09
63162560.64
64341173.45
75983798.33
140245254.52
66060019.39
66041539.01
66451957.19
28065753.29
138554877.08
75447313.65
66171773.75
75639999.92
27177816.47
66583045.58
64427661.66
76559300.88
27697329.97
64200264.16
74836652.65
76330157.96
26053694.8
138654459.46
76696444.49
66731919.81
66635461.05
75588400.78
139415861.21
21345230.39
63947234.44
139032371.19
66584986.35
27787778.26
64504949.37
28411264.02
66473698.69
20693328.6
75453712.81
66234024.76
75035292.43
28016502.52
65904700.46
140881456.07
27079996.38
139894769.62
139966191.13
139771914.98
21801484.28
64413319.5
138716396.27
63753346.02
139589030.54
65575543.63
138366666.72
75296174.06
27489167.29
140006589.43
27161611.37
64628226.19
74438705.62
66119667.43
138886763.07
139034077.13
28267935.9
140064850.3
140311613.16
74808930.41
14867812.97
139159877.05
28410644.15
26867252.97
21412972.41
64227469.42
27725726.5
64739727.69
64536332.26
74380931.85
67338594.13
66874355.69
139521937.39
75204271.71
75445263.9
27894364.61
27677889.68
75235246.37
27308551.66
139792725.56
64054420.2
64278583.72
65849555.91
63385529.07
28493695.62
75493604.29
66862434.08
26739013.89
63754529.15
28633248.87
75646737.07
65104906.25
63318934.9
20810142.82
139726467.78
140216999.35
139401077.53
66782211.5
139975277.29
65548009.5
64150659.99
139722110.43
74948116.26
21468143.48
28618844.61
26918890.46
66080779.88
140478329.92
27156436.02
26761920.84
63796875.16
140288827.64
139346298.12
21530795.67
139811425.87
77072142.15
139235343.68
63915053.83
74531504.43
14872910.85
139694794.76
66172627.44
66664618.3
74757190.02
138907255.97
139203444.19
26264307.87
139277640.12
65825980.47
65292339.7
27562526.01
139271644.64
74651435.19
139189572.09
139571701.45
140568811.41
27977603.74
27154601.22
66423091.8
27851565.03
63738852.04
66006636.99
63697164.05
140222535.71
63645031.07
139486454.15
25832316.23
66799117.77
74750291.07
62730722.31
75338229.88
139039554.82
75088767.87
139698795.43
21675674.49
138347409.15
66698910.07
66493676.68
74517105.69
65720728.89
64865262.52
75654489.58
64082525.04
64131596.33
14874732.92
76724751.26
27595141.43
76043289.58
74988813.57
64780997.29
63901205.63
64646263.53
64450821.45
75013185.24
140421511.36
26309257.78
66213446.16
62784087.81
28067228.13
27526356.14
74753576.65
27903931.48
21529079.78
74913543.0
76686664.58
26936004.69
63594318.01
74058994.54
64905275.64
75662316.38
63523862.49
63968631.64
138930149.26
66137342.12
63810666.12
64104050.77
74819407.28
139858476.2
66442158.71
66132166.14
67329458.27
28022101.59
138632807.4
75584405.91
66665030.53
74637883.32
26799383.24
66923761.47
64952847.84
75854811.44
28282346.52
64837987.98
76329455.42
76898353.16
26153005.45
139366076.99
76145585.15
66284910.73
66990878.93
74453338.31
139060668.56
21908103.39
63651151.06
138556614.65
66374779.82
28454732.94
64453352.78
28647398.18
66112505.95
19551085.03
74771098.11
66092274.22
75672416.54
27753050.92
66809012.45
139575057.49
27714410.19
140038159.11
139402268.06
139366183.1
21375922.58
63756519.4
139192737.95
63971736.56
140101432.52
64253040.17
140602014.11
74398645.6
27986265.38
140198767.72
27697152.71
63782978.51
73982625.18
65977342.37
138585806.65
139974926.05
28276070.93
138477728.93
139606085.85
74866512.66
14890808.44
139888558.83
27759584.24
27438401.3
21819439.38
63916045.15
27528593.89
64290037.69
65105467.23
75226418.82
66604151.31
67084138.59
139773223.47
74838410.76
74259926.61
27890469.29
27872982.51
74432209.59
27793204.72
139517236.08
64130141.12
63127322.55
65443943.51
64617149.23
28127907.3
75389759.12
66891486.45
26263259.75
64032076.95
28603572.95
75309564.83
64851784.57
62961006.34
20931024.87
140032225.88
140463539.33
138861759.71
65912118.16
140405739.77
65029946.42
63678392.21
138916274.67
75196351.63
21683285.37
28332271.44
26552945.42
66610536.27
139891682.41
27175447.21
25962399.6
64486163.92
140180137.13
139500285.64
21225633.38
139868987.04
76314408.97
140203605.8
63894677.99
75249644.15
14926017.72
138981223.81
66543274.1
67032096.34
76594306.49
138683361.75
139769692.79
25960649.15
140810039.03
65253974.6
65257564.83
27018157.89
138985448.34
75340530.1
140479402.57
140401506.75
139515467.53
27741935.47
27105811.46
66768538.58
28251868.4
64105287.11
66088169.98
64591191.68
138298339.5
63844398.45
140238974.25
26027920.29
66892450.34
73532193.01
63499737.3
75621187.29
139759151.18
74062909.17
141212587.6
21735261.03
139765161.26
66024155.14
66810370.35
75711925.87
67252112.6
65154420.38
75607941.11
63427028.92
63967140.64
14915943.67
75500163.56
27447125.82
75404118.28
75023841.48
65585583.94
63062820.2
65366290.55
65749102.7
75055536.69
139119334.2
25568235.86
66950753.68
63301866.56
28987624.91
27348698.01
74367798.68
27876715.95
21975671.88
75291153.2
76008398.73
27516759.87
62949572.64
75620986.06
64505040.67
75586054.84
63889654.46
65871452.42
140024620.96
65469042.23
63938481.98
63587115.5
75041833.35
139786431.69
65719644.67
66325636.37
66002955.96
27282407.2
139944519.15
74666941.87
65489622.14
73587899.02
27401361.98
66729821.05
64392115.88
74894102.17
28029215.81
63569518.38
75582187.71
76731576.3
26516989.04
140674792.58
76115538.73
66846808.45
66562747.92
74802777.06
138897618.32
22322470.5
64043702.87
139945905.55
66387837.29
27854156.71
65918515.73
27831709.48
66870180.28
20574269.59
74286822.32
65940183.2
74522394.42
27812395.25
66831382.1
139905535.14
27544062.16
139147916.01
139311135.06
139620388.78
20819301.33
64225456.17
138272480.79
64158276.42
139437935.14
66011092.55
139017355.47
75388125.08
27231488.97
139136335.3
28181780.29
64016698.27
74939610.98
65614268.28
138813075.83
139653559.44
28392709.74
140297175.19
139526685.92
74730832.0
14869812.91
140490411.83
28091332.4
27062610.47
21562063.28
63981131.0
27650447.41
64666236.41
65426197.26
74069563.37
66029882.27
66823343.46
140211769.68
74299079.5
74918204.66
28362278.61
27446075.34
75483333.41
26575354.52
139495270.42
64679553.24
63832123.9
64693646.2
63681310.85
27903791.25
75273842.84
65766591.31
26282628.29
63898098.33
28397712.0
75333995.46
64702307.25
64297770.83
20610348.43
139606522.42
139362050.82
139267363.28
66378578.01
139943818.69
65340676.39
64169828.28
139107785.69
73632954.85
21516935.4
28665048.32
25935688.69
67081858.27
139946664.66
27226004.54
26312713.73
63795758.48
139768061.78
139479778.8
21790589.67
139970790.84
75019551.19
138920122.67
63064974.69
75315818.5
14853529.99
139340734.96
66543984.05
66102186.9
75785621.88
138696694.59
139612806.59
25509866.17
139624094.53
65014260.94
64772997.25
28214800.88
140165490.05
74711508.79
140120908.68
138897388.71
140501138.17
28196335.77
27402395.93
67174851.53
28149221.26
64113232.77
65083187.83
64498807.33
139188457.29
64045798.35
139732548.05
26287764.74
66499091.81
75375175.92
63243139.47
75079319.72
138606273.68
74827742.95
140418763.26
21322475.22
139106966.61
65646480.15
66932109.14
74875563.98
66134234.29
65321491.05
74722789.31
63675512.79
63150567.22
14906170.26
76148293.34
27585425.26
75345488.78
75255952.11
64150034.29
62863769.35
64667676.96
64712125.82
74738260.5
139330393.75
26312513.25
66761960.8
63482487.74
28392785.38
27576592.78
75087781.25
27534380.34
21505357.62
74282749.46
76464686.61
27541886.03
63514737.73
76148670.63
64620461.81
76052037.53
63086428.79
65783439.15
138881056.15
65317885.2
63668406.45
63491776.23
74437217.49
139359833.67
66816025.47
67029566.43
66209579.32
28826558.14
139983383.66
75488953.77
66754943.09
75474898.02
27011977.51
66294811.14
64070332.01
76796718.1
27389312.92
63855538.23
74582983.56
75383604.44
26451513.73
139519631.92
75857407.89
66074358.09
66413604.55
74620754.57
140606452.54
22056529.25
63980109.51
140411702.11
66346485.45
28212506.34
64530430.43
28449554.19
66924465.01
20497215.74
74688906.56
65462268.4
74896353.15
27751184.94
65842809.39
139948354.08
26814525.23
139188571.76
139608779.64
139622291.17
21407608.99
64714944.46
139801270.08
63770508.31
141051128.25
65988730.84
139251963.22
74883326.24
27496000.27
140605084.02
28027299.24
64225776.77
74917010.4
66107117.9
139238518.31
139840585.88
28621207.9
140291943.15
138410831.4
75060440.23
14898537.41
139041611.04
28484858.55
27249994.94
21937553.03
63501199.29
27696365.05
64299290.89
64896032.64
75000297.87
66736210.53
66594543.13
139006325.1
75110223.43
74856651.72
28077044.09
28328331.49
74872298.3
27159470.81
139163114.64
64460264.23
64172881.6
66236967.35
64316966.58
28296089.24
75162302.47
66836249.21
26223326.9
64036555.32
28365278.77
75353984.97
64542519.44
63884849.55
20460232.69
138995699.6
139160051.77
140463792.8
67136965.68
139084181.49
65008801.7
63449986.13
139575272.18
73998375.39
21476530.37
28530387.38
26323483.03
66304211.6
139471402.7
27269501.83
26045432.83
63454311.01
139554841.77
139254955.65
21128912.92
138690852.59
75897302.78
139567910.82
63757171.81
74603867.34
14862580.14
140530467.81
66846258.69
66813895.61
75040408.4
140798417.03
137546539.1
26273579.13
139594196.53
65409562.74
64272982.69
27307090.94
138964875.07
74401494.9
139426475.66
138583303.81
139195499.35
26570661.18
26914181.03
66408597.57
28467453.85
63674430.67
65016535.66
63543587.81
138346811.86
64419095.72
139062547.9
26540432.74
67092994.06
74574651.89
62835829.61
74863569.93
140236653.5
74390330.58
139481518.14
21609801.92
138949163.98
66109389.13
66858575.89
75042476.48
65880001.19
64977271.9
76155261.57
63986717.87
62910919.07
14874824.01
75489069.54
28324920.05
76191587.96
74180456.69
65545346.85
63564243.46
64908302.73
65393455.47
75119430.82
141213619.04
25917146.94
67739251.98
63632529.65
28527322.77
27375784.47
74610759.52
27826970.78
22121984.44
74748880.16
76331290.09
27046822.82
63728081.7
75854595.97
64673526.44
75663113.06
63468081.88
65419918.53
140146323.12
65840236.25
63799894.92
64018007.19
74188577.56
139802724.44
66570741.47
67456586.79
65718372.44
28369608.84
140096341.58
74625563.25
66173506.92
75302708.2
27596598.83
66588092.03
63442045.92
75971462.3
28034371.3
64276459.18
74553744.5
76273726.09
26015559.7
138246495.32
76245587.33
66962921.11
66827064.59
74931108.36
139946358.56
21715143.94
65023654.38
138516582.17
65949998.35
29210628.87
65458443.89
28166392.44
66983979.96
20682494.41
75431166.63
65513585.39
75728540.65
28169018.0
66076757.01
139952486.53
26651180.98
140819095.46
139388280.56
139764328.71
21622771.85
64356406.64
139143461.14
64687828.92
139285165.27
66181314.14
140099176.4
75572814.53
28021081.3
139561839.17
28140203.03
64536958.39
74737651.73
65549495.07
139412378.97
140381585.15
28404857.25
140137600.81
139110389.72
75283308.73
14893759.13
137579864.42
27606619.55
27761160.99
20901558.61
63872597.81
27436389.44
64087202.53
64172718.35
74460946.52
67128622.14
66610619.04
139172914.42
75087578.06
73970119.37
27514372.3
28030993.49
74961585.88
27753973.8
139311881.93
64728031.51
64314752.7
65717302.24
65031230.07
27606332.04
75126970.77
65092623.85
25796627.9
64969986.22
28167006.0
75126720.19
63990501.97
63263188.54
20565429.17
139038422.88
139923933.46
140811565.74
67362195.31
139924867.38
65545824.64
64404167.5
138868115.96
74735206.9
21484771.25
28203893.51
26090279.07
66777582.74
139484049.94
27070800.41
26574787.02
63566038.98
138542645.13
139398243.35
21723846.72
139437854.13
76765525.22
139953048.58
62861502.95
75342741.59
14834467.82
139494835.91
66538397.29
67111527.78
75773486.23
140096952.12
139666035.52
25971564.01
139855247.61
65927641.14
65443296.89
27114861.97
139532407.47
74986246.14
138896340.11
139054177.52
138450240.9
27406962.15
27314558.46
66017885.83
28485986.25
63880220.13
64590473.32
63557194.43
138160395.37
64226583.45
139123535.38
26413757.95
66302772.13
74988328.0
64284631.36
75801815.06
138902587.96
75166825.95
138970148.39
21467713.81
139270015.48
66064054.14
66897788.65
75016509.48
66324615.29
65055484.08
75558079.91
63976457.98
63375039.39
14897546.9
76512353.75
27689455.84
75545291.83
75403196.18
64789565.71
63308850.94
64844800.54
64834972.98
74771257.72
138580577.26
26444255.19
66292527.03
62719639.17
28907116.62
27573104.74
74709386.34
27592782.8
21276090.84
76422828.84
76582707.93
26953730.77
63620052.79
75148318.77
65146608.73
75612568.48
63595792.35
65890627.95
139158989.95
65221370.89
63638290.67
64743562.87
73895422.27
140192865.03
66791784.98
66888000.52
66702772.99
28501756.23
138116586.58
75176582.65
66490297.28
75133093.12
27100642.84
66396014.95
63739636.44
75387180.56
27758978.92
63797041.01
74847900.74
76063397.58
26605974.85
139568587.03
76148940.76
66238897.95
66685620.76
74383272.25
138923753.63
21621100.98
62649089.0
139648062.26
66751660.17
28468592.42
64657421.28
27993092.53
66075825.7
20830892.32
74936729.31
65636957.48
74114292.46
27869479.19
66506547.9
140254944.16
27002875.92
139612408.37
140292484.3
140731843.44
21643912.35
64087085.05
139469838.72
64558367.66
140838825.0
66106249.6
138757563.94
75168391.65
28117792.6
139568325.0
27969865.21
65182244.04
74503678.23
65563628.67
139435845.67
139500801.03
28487239.39
139154332.82
139966668.18
74958284.36
14878045.1
138990176.17
27788030.32
27174665.01
21270719.27
64197090.88
28050578.88
64004187.55
65339109.98
75117456.07
66289244.67
66193521.74
139750165.4
74949321.91
74324325.54
27774291.84
27126337.9
73992336.27
27227854.16
139872235.27
63716224.81
64574174.22
65556593.01
64391648.53
28395436.98
74886051.46
65043510.89
26248607.45
64410614.1
28402876.5
75300559.82
64590057.21
63636373.62
20003344.74
139947180.07
139169840.72
140207409.19
66428335.4
137721645.09
65168793.34
64200264.95
139526101.27
74207297.68
21947016.82
28600967.98
26342704.34
66879966.85
139899519.75
27520348.45
26017702.69
62812576.17
139416726.14
139787237.37
21381880.05
138937405.28
76081632.61
140359996.33
63200318.51
75462118.1
14843512.79
140530430.14
65641893.55
66680636.72
75686689.23
139146263.51
139460873.82
26131368.86
139028970.73
65811791.61
65949691.79
27439779.1
139553211.29
75064922.68
138909055.28
138738019.95
140831494.41
27879974.76
27705283.21
66471729.99
28239713.48
63296392.82
64706028.32
63932858.4
139613173.61
62943041.56
140174979.71
26006860.19
65911850.15
74757496.62
62411718.66
74926993.29
138676234.77
74393134.59
140025383.0
21435425.91
140293504.7
67203335.65
66072292.39
75201312.09
66756224.52
64821076.79
75073258.65
63863746.43
64262836.04
14900233.29
75741817.78
27870965.42
75259329.75
75210161.99
64756499.41
63015933.32
64442204.61
65112064.16
75211554.22
140752796.95
26270625.62
66006347.44
63049574.66
28308869.66
27174677.03
75063192.62
28128887.37
21601335.86
74448530.24
76154069.11
26619659.34
63140053.62
74156747.68
65014868.25
76285994.2
63111283.72
65162929.43
139930507.19
65629632.28
63629671.99
63764533.45
73956665.84
141065273.1
67369981.75
65796106.96
66474568.69
28507311.07
140183577.82
74649860.83
66339558.54
74620632.94
27363370.86
65919471.54
64667864.84
76413367.04
28437413.73
64027829.65
75588206.58
76455819.01
26134207.76
139998891.57
76276836.36
67226720.82
66609447.39
75828553.33
138776196.61
21754784.19
63782696.7
140188900.61
65874840.21
28140947.88
64559229.12
28313159.42
66264697.11
20130399.74
74405857.97
65738001.37
74137439.6
28149569.61
66581039.42
140548076.44
27219007.73
139779904.25
139361469.09
140119452.6
21232861.46
64491301.56
139426772.71
64066376.19
139189408.2
65505015.74
139856102.76
74709046.19
28072072.47
139092038.96
27762292.16
64994272.57
74661818.16
65698913.69
138957489.51
139716670.04
28258494.41
138431327.18
139104699.33
74564033.5
14874048.78
138913369.53
27586483.78
27382466.18
21712297.59
64901776.64
27771304.05
65026611.62
65759118.19
75019979.46
66796306.19
66884451.84
139749492.49
75610184.43
75254411.34
28167435.31
27363601.69
74031994.0
27325593.19
139484391.89
64284130.58
64296258.37
65662397.54
64315417.3
27325268.23
74864023.25
66763309.42
25874208.55
64100545.95
28258560.13
74738843.06
64363237.71
63001192.53
19770547.5
140603388.82
139532960.43
139260986.86
67312889.1
140114745.21
65891008.89
64035935.4
139485794.34
74882320.05
22020897.23
28028184.78
25957392.7
66259653.16
139747832.6
27340256.29
26412218.18
64477366.34
139302291.08
139570851.92
21834706.36
138766727.07
76922938.12
139910355.71
63969044.32
74482821.17
14883244.06
140033434.97
66790495.6
66826518.59
75833036.89
139465840.99
139937627.23
26243190.26
139311452.02
64929110.52
66089814.59
27365464.56
138897776.63
73643674.4
140356413.06
140471880.01
138882463.03
28272286.07
27502305.01
66645342.49
28432925.55
65328808.01
65491543.78
64280928.47
138604395.05
63882497.36
139219538.59
26626253.64
66742412.93
74931402.39
63347203.76
75155955.88
140168132.22
75450798.53
140058918.33
21745049.62
140034835.43
65807293.94
65190241.53
74212987.64
65760185.68
65655589.36
74624147.09
62798099.78
63902130.94
14898937.78
76017950.01
28418314.54
75527726.96
75224326.84
65024655.68
63901583.41
64295879.76
65484245.44
74451570.33
139610797.77
26044110.39
66821142.41
63413971.36
28524205.66
28014630.17
74836016.77
27792543.76
21157725.07
74911158.55
75771503.8
27562590.05
64432146.13
73819142.44
64478270.93
76612418.54
64000086.63
64805502.1
139960524.61
66149148.48
62796448.36
64108375.19
75176267.44
139693844.19
67134974.92
66083152.95
65735818.59
28278293.14
139541784.79
74262769.38
65806753.54
74376418.61
26857975.97
66812521.69
64071365.73
75566530.18
28002776.63
63611899.39
74866371.08
75333328.19
26274431.34
140846585.46
76651633.22
66235661.72
66306761.24
75921701.9
138949710.03
22444038.44
63067716.51
139328086.78
65483202.27
27944898.62
64798651.22
28571015.33
66586406.49
20828833.22
74233193.72
65792684.37
75308239.76
28053471.66
66883835.06
140267404.54
27089903.23
139216972.66
139123728.73
138985226.43
21449627.15
64546681.44
138985811.92
63826708.83
139207372.76
65863687.48
139372383.49
75506789.87
27852476.6
140034048.99
28320273.64
64889248.28
75182162.07
65537555.72
140607167.15
139101693.06
28501476.99
139914525.5
138696203.59
75368532.31
14851420.82
139643947.44
28290398.9
26997283.79
21856779.93
64312642.38
27491006.85
64558308.16
64585413.93
75325781.46
66381126.8
67215547.75
140314154.08
74794217.75
74953228.51
27945948.71
27838658.69
74733001.35
27407976.59
138806023.75
64366682.7
63670293.3
64893268.68
63827755.99
27731199.82
75061459.99
65439265.87
26117570.77
65060340.37
28306718.78
75815889.69
64400849.84
63341897.31
20147958.54
139644295.25
140494104.82
139985649.86
66123687.22
138962568.12
64265598.32
64037590.17
139905347.15
75243382.37
21180522.66
28142240.34
26481572.42
66953601.79
140348803.99
26920247.94
25901977.29
62957935.37
139311876.19
138951175.08
20962159.34
139311916.41
76188595.02
139605312.25
64555492.29
74828312.32
14867467.45
138712755.35
67565929.34
65792309.63
76656444.14
137699893.65
139369258.34
26099876.14
139925245.41
64754401.42
65171084.3
26847729.94
140051898.68
75717915.51
141068101.03
139254826.29
138790526.73
27360122.09
27423859.02
66423993.9
28779684.36
63777576.28
65116992.06
64244548.91
139571669.4
63629007.72
139712102.26
26397884.75
67167306.4
74277013.97
63597389.7
74440038.26
139195341.01
74150907.18
139915549.12
22206549.64
140555409.14
66656077.24
66790913.5
74693767.4
67024916.2
65035327.06
75389327.04
64230826.38
63618757.17
14870403.05
76176207.85
27586336.82
75380873.86
74251718.62
64908917.44
63702135.7
65397138.36
64954026.91
75164041.7
139346830.48
26494160.34
66568570.53
63621316.05
28581781.89
27379033.16
75027817.8
27959304.69
20910824.52
74363443.43
76732255.96
26911262.6
63976367.86
74707153.1
65154881.95
76595882.83
63321834.57
65854134.44
140393521.62
65500939.37
64206072.78
64109246.51
74562383.18
138692727.91
66237573.7
66302938.26
65785457.24
28047964.53
139862119.4
75397781.45
65896329.58
75407892.86
27163584.46
66277781.34
64237677.77
75559600.22
27721856.13
63614450.69
74768487.56
76358052.81
26310770.78
139569439.6
76699595.92
67034834.8
66028228.71
75161118.93
139534850.28
21641207.93
63554526.84
138041845.86
66748414.66
28485714.07
66130061.74
27980169.46
64827242.44
19967518.83
75435873.37
66228770.7
75102346.61
27747650.46
66686422.84
138236109.84
27212769.61
140175615.74
139176016.81
138543618.34
21658400.68
65141474.98
138931675.51
64000462.55
139016906.04
66110038.83
139334088.72
74411618.2
27716787.97
139524379.0
27208608.74
65613881.11
75173718.8
65006293.35
139392335.94
138794170.9
28624608.24
139289838.75
140351969.76
75371943.19
14868656.51
138994860.29
28521668.42
26827320.74
21525493.15
63776816.83
27898014.71
64858850.85
65424517.5
75836723.63
66661880.42
66599234.41
139144336.7
74615878.87
74441233.65
28401752.74
27748358.26
74734805.4
27885876.42
140298052.16
63636248.38
63218730.03
65116845.18
63988239.31
27997704.36
74761802.75
66280245.81
25814854.51
63331933.19
28106595.8
75409330.23
65013129.82
64614736.89
20345762.49
137928222.93
139627741.29
139483487.23
66177631.9
138912140.55
65542056.76
64500401.3
140897394.59
74926442.35
21599246.04
28550661.77
26329387.91
65600097.2
138646457.92
27282517.27
25590266.45
63128812.48
139325627.1
140343821.06
21500656.18
139872477.43
75934369.13
138498388.65
63744315.02
75595038.03
14909741.69
139337014.32
65942618.48
66673633.22
74625154.1
138163118.95
140119277.25
25581785.02
139921636.78
64384600.3
65059746.82
27332858.67
139970343.58
74782763.73
139088159.49
139135133.44
138823433.28
27861667.29
26379555.25
65807595.1
28709959.46
64558526.64
65623907.76
64522856.63
140103758.61
63745606.57
138941989.44
25953487.78
66842731.04
75535363.79
63642952.61
75213276.9
139225891.94
75302775.44
138357397.91
21504125.46
139254507.44
66810723.36
66284720.51
75342921.25
66918598.62
65141700.95
75390032.8
63798723.59
62630095.16
14894892.14
76656914.82
27626156.91
76404258.7
74900799.3
64741509.59
63690442.82
65347651.35
65055916.94
74710906.49
138556507.93
25927326.78
66067003.47
63364156.32
28043630.99
27156275.41
74307379.19
27726009.72
21369652.85
74968089.93
76679516.16
26759108.89
63419957.14
75295901.86
66560159.43
75824248.29
63878952.22
64994105.2
139558885.05
66166490.14
63451586.13
63958378.41
74102561.25
140637777.42
66421115.98
66836279.14
67008198.88
27929325.13
138519956.01
74333836.52
66788906.97
75120205.48
27367452.93
66417537.85
63561465.74
76050049.36
27968024.26
63824869.68
75161954.52
77015651.75
26269196.66
139870421.04
76377032.82
67055056.97
65864398.17
74813718.04
139402420.63
21621587.04
63759723.62
138531617.09
66654170.77
28159752.02
65317161.57
28687496.24
66247722.55
20413952.99
76339356.27
65742361.23
74582145.55
28470616.79
66152680.56
140097530.54
27387642.99
139725116.62
140350224.58
139836942.74
21323399.48
64684464.48
139195423.06
63666995.62
139397250.17
66508889.39
139365596.18
75402214.37
27875358.49
139026422.79
27638724.9
64481233.3
74402424.2
66363780.55
140436423.29
138569533.62
28388247.98
140644793.71
140350500.87
76103027.57
14865275.12
139626436.96
28200604.44
27714549.84
21430763.78
65040402.34
27319449.69
64848624.35
65503059.85
75422668.99
66645887.77
67011755.9
140212780.54
73609209.03
74412282.95
28050690.51
28080957.76
74671105.53
26898914.21
138786250.43
64585229.44
64999718.68
65920907.12
65381942.87
27534723.77
74862806.18
66135620.9
26017752.21
64195397.37
28184993.49
74870306.92
64107214.32
63591361.85
20764160.13
139113573.8
139860519.82
138381629.31
65935617.65
138331380.05
65214807.95
64319145.09
139210363.06
74969380.39
21402625.14
28630239.56
26198308.51
66555057.52
139926968.22
27185184.57
26637324.85
64004424.25
140808276.44
138785406.68
21527342.15
140263060.07
77658031.84
138915819.1
63818248.36
74430516.36
14878013.55
139454177.72
66659786.16
66618183.62
75234290.72
140683612.96
140095299.64
26039321.81
138652093.08
65494589.47
65100953.37
27285069.56
139597636.21
74976711.09
139855687.04
139558264.0
138180002.51
27868026.82
26802751.3
66208934.82
27821607.88
63278477.91
65597764.18
63863469.5
140302911.97
64236437.49
139819633.22
26051662.19
66800570.31
75558328.54
63379320.53
73988725.14
139737030.58
74874304.27
139821514.14
22012913.96
139583156.2
66339142.53
66420856.82
74849104.24
66408537.3
64852802.77
76036572.39
64226997.58
63645333.82
14876267.97
76519567.35
27528064.44
75424369.57
74590636.62
65369485.67
62765032.4
65416345.33
65338194.59
75180849.61
139121458.05
25998654.01
65761081.75
63920800.4
28484865.23
27050627.12
75671752.38
27688172.92
21357406.57
74347884.25
76239791.19
27246306.85
64042518.43
74710423.05
64217041.71
76634981.17
62854905.6
65159306.5
140621298.73
65793804.05
63304382.37
64395719.95
75682131.6
139418451.07
66132661.98
66433100.09
66971420.13
27637876.69
139813387.94
76237912.13
67427035.38
74908840.04
26880940.83
65134057.75
63655034.19
75786827.55
