26221685.29
20914760.41
30408107.63
138956981.65
13659037.12
139768991.97
139974286.95
64747118.73
140285356.74
74788682.69
64449396.51
20137197.71
19592434.36
64561800.6
74462128.71
26478337.09
139490163.81
74690641.14
140099776.89
26306505.46
75701247.2
139548883.78
31112927.75
74688424.05
65354371.52
138920494.64
75268332.75
74209501.66
139644370.28
64860884.1
20124130.99
63642172.24
139216289.29
62892944.07
138577889.69
70106218.08
140748730.4
73945476.76
73666587.84
64301503.76
74063444.53
64287595.17
74414695.48
71538444.09
139269020.16
65144668.42
64593436.48
139436233.5
140013067.75
74955867.48
25660660.84
139902134.18
74421428.24
73909610.65
64294109.92
62929086.84
30815733.58
64152773.11
139516289.87
31224907.77
64907686.23
64906831.27
64819956.51
27139474.39
73259953.94
75384675.21
30496580.98
75502902.67
63490126.95
70364044.73
23240591.98
76301673.43
70504507.99
64245968.62
26319098.17
74126116.55
65117264.74
26394544.91
19780081.61
75015837.6
75700284.18
63174985.86
26408423.03
63849646.41
65063089.23
140046833.96
70354922.68
63966801.02
70248447.1
70531038.95
64688358.37
64167127.48
26784098.98
64229163.33
31624418.23
26184331.55
139785582.28
139897756.31
74375721.25
25385099.08
63049216.53
70808389.51
65150545.1
20510680.26
139306297.19
63613949.07
70275264.3
63088541.6
74934532.14
26269278.53
64456436.67
64972418.45
139530030.83
75378379.48
139159626.07
137701196.57
26653905.03
69829626.45
139431789.55
74894806.56
19576462.53
74982940.79
63133181.12
74849052.12
70429386.3
139499287.87
73936500.48
30074314.55
138577523.72
63812118.91
23780334.0
70177027.98
62418963.92
75481646.81
31418882.86
70051706.1
63528230.49
64556569.85
74846111.95
26265518.85
74967820.11
70020326.8
74969310.2
139027112.47
64242503.57
65237344.79
70581669.34
138401604.95
75680680.42
64860709.09
139362116.62
63130005.75
75467538.08
75299730.21
26393838.69
138141041.41
25705188.61
31412301.32
63272283.82
70356074.89
63304855.49
70325568.23
140193941.45
26108835.03
139238846.17
26174404.09
64353307.58
22740131.01
73954311.4
64553349.52
74476132.74
74850621.16
26552217.22
75052542.27
75262733.12
30469869.4
26507319.05
74951085.37
138475540.64
64971252.83
75227833.83
69737460.23
64991932.7
138720524.29
26248555.81
62511443.74
30208315.67
139304939.36
139535495.75
64708922.17
65291523.32
26381126.88
139090802.19
76243130.23
139676289.34
73452345.36
31337156.03
138345358.6
63957467.14
64049871.49
26101977.38
19198260.72
29981123.9
138673447.07
13679574.81
139122512.73
138470674.89
64839833.04
139212979.03
75094938.64
65157447.93
19960986.39
20195214.19
65148838.25
75305176.48
26224858.44
139267214.64
75365276.73
139725469.02
25765187.6
75100086.76
139840220.78
30925873.18
74145286.45
65142042.31
139837699.0
74405794.31
74919042.65
140159811.66
65225204.81
20414046.47
64309364.53
138932022.52
62809327.05
138979254.74
70917972.17
138249518.0
74873422.05
74456386.79
65010181.41
74750921.92
64645104.18
75986747.49
71548797.09
138896761.0
63711445.48
64543773.6
140543731.78
139700211.42
74744324.11
25483246.33
139989559.34
74417003.24
74638424.04
63384894.0
64338868.17
30663842.63
64472130.83
140484374.06
30871587.59
64669702.41
65446885.35
65135031.81
26537236.33
74506512.11
75170402.15
30785641.43
74643312.85
64084068.24
70103015.07
23073279.95
75740735.8
70648881.59
63266907.59
26357594.68
75719246.2
64629432.55
25602785.16
20249344.6
76013705.51
75015908.53
63882111.24
26519938.61
63515540.9
64996908.75
139434904.53
70108095.12
64566338.79
70892680.99
70598464.61
64251175.64
65292774.62
26432294.13
63228628.32
32008033.36
26408245.5
138196364.47
139708094.3
74802593.44
25141631.37
64082861.28
70243578.26
65313969.8
20916925.07
138231157.21
65156443.73
71071570.7
63790445.97
75082059.94
25684412.78
64738553.94
65105381.29
139968756.63
74840066.26
139170622.92
138395851.35
25676796.62
69371752.49
139758254.57
74923592.61
20381909.11
75056667.98
62762774.07
74318290.64
69745338.01
139719321.44
74123964.14
30768838.06
138816827.42
63883576.52
23345414.17
71321779.36
63860724.89
75061178.79
31514160.59
70623015.65
63079258.01
64546313.0
74626192.31
25856228.92
75588738.66
70904654.16
75597512.15
141469099.23
62868322.09
64689234.17
70281586.09
139810382.38
74909826.95
65166277.93
139154841.14
63053403.59
74595647.81
74340612.02
26440970.07
139679546.39
26171853.57
31184523.67
62766266.89
70497176.91
62554907.53
70568435.28
140040032.29
25838607.95
138718863.71
26240259.72
65019763.91
23034000.39
74288600.59
63610496.74
74455411.72
74201602.61
26413407.34
74669957.29
75103900.65
30638276.63
25739719.72
74452854.97
139901922.6
64447936.11
75221735.67
70530964.03
64894711.47
138571200.08
26050662.7
63344152.87
31408795.08
137542180.72
140219879.98
64463382.3
64805079.3
26264526.08
139804201.49
74537447.33
137137009.45
74562447.27
29547766.95
139087099.37
64641116.61
64465320.45
25892685.06
19837213.07
30651675.53
140583761.89
13690788.27
138576512.05
138900731.1
64710827.29
138895694.69
74843448.22
65501010.56
20071084.5
20046708.71
65652461.54
74985615.04
26506850.47
138838947.18
73507764.27
140323942.68
26466637.53
75026223.42
140154724.2
31186104.37
73983397.13
64837975.29
140345850.37
75017502.42
73932564.21
140870830.63
64940448.58
19908599.53
63675335.27
139497156.57
62335457.95
139747764.98
70548362.82
139008888.89
75268517.17
75249360.39
65575974.3
74483065.23
63900074.5
73956774.94
71079226.08
139623944.72
64419625.73
63557751.31
138846193.63
139341636.89
75558008.54
26373420.16
139992540.42
74471886.89
74420866.25
63021945.41
64620200.2
30390668.51
63971296.51
139939698.48
31112573.16
65054227.61
65006898.5
65474594.66
26571878.61
75630395.38
74964910.4
30499327.56
74672794.5
63691876.72
70432115.97
23738319.5
75308131.88
71109114.19
63346005.66
26276461.42
75533087.44
64457635.88
26433248.84
19606124.64
75451151.35
74482185.89
63459158.45
26458292.33
62799405.45
64005553.55
139300207.43
70893739.64
64730606.53
70819172.94
70242048.12
64083128.53
64779287.62
26303188.2
63963001.42
31574865.78
26502627.75
139860568.84
139845512.63
75981339.43
25100253.44
63746475.86
70743415.86
64269231.75
20915952.58
138835571.77
64727352.64
70848555.22
63213968.9
75029677.6
26529586.99
64868208.62
65135526.12
138706068.15
74437677.98
139132521.24
138655409.25
25730856.65
71100757.34
140480176.86
76364491.81
19868209.04
73961758.93
62578971.95
75528103.58
70492834.79
139689453.2
74329254.84
30355798.18
138603782.29
63669011.5
23660126.95
69358749.54
65366620.67
74405928.26
31108354.31
70368427.5
62641304.24
64747906.19
74951933.61
26454989.26
73804898.35
70516018.32
75543807.25
139002026.35
63308868.09
65093726.53
70814395.19
138877211.62
73941686.36
64965627.5
138954939.08
63479099.83
75633372.8
74169278.04
25921917.49
139466597.39
26370445.97
30631837.25
63777668.96
70552120.96
63633772.16
70423973.73
138997487.01
25885606.3
139368196.54
26377162.04
64727354.64
22790849.88
74744494.79
63512702.37
74436438.36
75306398.08
26004216.12
74637803.99
74870856.91
30418623.19
26072840.11
74305140.41
138939211.65
65357639.02
75516596.12
70254182.3
64952646.48
140321133.93
26284398.99
63161516.36
30644535.34
139549588.25
139101582.13
64428271.65
65124333.08
26198666.24
138484293.69
75575556.11
139247533.77
74199023.1
30430980.59
139582996.08
63148622.92
63782904.61
26614630.95
20224280.37
31353876.08
139560256.54
13675647.76
139419602.84
140121510.66
64551011.41
139575960.79
74032579.74
64527658.32
20194046.86
20397727.0
65169392.38
74424282.46
26575417.88
139860516.24
73602644.98
139684240.13
25883801.57
74439416.14
139775053.17
32028539.58
74320108.65
65669231.21
140334494.67
74805363.41
74786661.36
139765585.64
65515929.09
20659087.84
64075836.06
138784971.16
63154205.05
138783551.13
70807270.26
140067743.91
74739034.64
75332558.22
64855157.09
74920891.1
63729022.83
74431035.97
70260250.39
139947743.63
64425518.06
63852410.72
138267921.81
139700349.9
74155353.81
26598479.97
138939635.15
74220907.59
75457097.83
64002344.55
64141887.2
30451530.83
63913551.73
140452194.37
30929590.97
64749482.43
65246802.22
65050438.21
26478796.23
75363362.11
75087542.18
30994342.16
75145051.85
63416144.58
70812493.24
23502625.07
75674284.65
71036472.9
63193177.04
27131010.73
75028557.32
64897456.21
26165293.15
20205866.53
75354756.94
76585504.58
62879762.54
26159310.38
63094784.68
64309235.4
138590716.17
70892874.91
64682302.36
70822761.73
70980049.62
63087714.29
65536521.95
26281479.72
63980232.86
32237791.87
26367892.41
138628150.52
139455577.64
74611590.69
24753050.54
63416239.87
70817913.54
64999828.17
20607708.94
139564158.82
64366936.92
70652706.83
62670687.26
75341923.51
26699037.8
64826333.81
65302128.09
139000197.53
74794640.25
139710831.19
139927158.96
25664780.14
69279588.66
139336736.86
74738309.61
19837089.65
74660280.75
63846795.8
74549096.05
70729042.17
139472788.8
74467371.45
31156559.41
139993285.18
63164484.91
23875641.08
69536973.58
64161082.46
74711560.92
31642453.78
70871738.75
63959632.61
65256698.39
74838016.93
25853912.19
74511733.93
69829477.22
75253398.03
140266539.56
64103229.34
65173233.13
69792535.58
139150631.17
74883750.56
65150625.02
139824604.39
63399608.53
75238597.36
75003850.02
25412930.1
139784722.23
26600107.6
31458863.95
62349297.69
71022025.46
63321439.61
70049709.98
139745240.72
25945498.81
139765256.45
26358402.57
64078392.47
22302522.32
73677683.96
63490493.14
74554429.17
75098776.32
26197856.21
74145064.77
74959239.2
30018922.45
26552856.62
74727542.92
139346995.16
64414536.14
74215078.75
69585857.98
64508952.43
140342885.37
26357743.45
63421411.92
30140488.29
139482863.18
139211776.42
65096588.26
64263619.21
25891557.59
138825451.29
75245400.93
138690735.01
74892054.69
29996967.01
138680516.92
63027877.73
63161125.71
25958135.61
19670206.54
30327385.85
138593333.98
13626233.43
138999138.05
139317103.81
64476298.11
138950268.88
73809616.59
64803479.06
19899519.59
20258989.36
64654408.55
75294495.32
26444285.3
138925692.05
75021134.47
139318293.94
26173512.54
73954351.3
138982019.4
31454305.17
75564202.91
64759089.6
139062643.07
75202424.23
73686242.19
139655992.05
64142176.81
19790517.49
63841611.18
138755420.18
63927434.55
139027223.61
70790087.0
139629376.05
75157385.08
74323063.81
63922996.88
74257478.0
63394111.3
74517945.56
71286604.66
140187122.25
65126406.9
63944330.2
139064407.19
138850336.73
75708339.22
26605772.27
139285656.1
74367281.05
74771918.67
63509277.21
63005432.89
30876893.92
63956002.85
139362994.53
31332673.12
64446950.15
65219677.05
64716206.19
26431097.95
74151900.66
74260551.33
30711900.4
75071893.63
63798272.83
70403320.87
24060201.4
75933088.53
70515137.49
63644656.85
26745637.7
74623292.17
65557871.53
26311893.26
20650335.42
75610572.0
75471990.9
63236099.11
25831009.87
62468251.64
64798188.29
139089946.74
69791885.62
64630856.95
69769459.16
69752988.4
64136099.68
64338890.11
26571841.39
63632720.7
30734455.05
26445062.36
138675398.01
138427701.91
74269780.29
25617681.33
64465178.16
70043624.25
65421885.56
20407475.19
137608891.34
64878745.56
70451910.14
63271899.03
74516280.96
26540345.89
65046043.42
64265070.67
139518309.36
74665096.75
139107169.98
138990222.18
26524111.49
69918350.52
139065036.82
75069082.73
19544641.87
75051411.01
64102409.06
74190713.04
70704184.03
140328333.44
73245360.5
30104091.38
139866680.01
64257399.36
23516363.74
71383005.56
64559331.66
75244109.39
30930824.66
69944001.89
63048239.95
65786382.58
75167945.57
26391407.58
74690926.75
69797364.72
76193619.21
139944125.1
63613628.5
65310421.03
70795390.12
139524070.12
74351807.55
65089668.96
139491515.52
64016663.51
74086707.92
74730267.99
26134282.72
140027771.35
26003225.36
30848761.12
63462699.0
70487288.49
63580291.44
70647877.64
138463799.37
26163722.88
139646672.52
25937300.72
64776044.5
22709085.62
75016536.38
64106168.92
74978969.63
75382104.32
26544738.94
74620159.58
74057057.42
30236120.32
26072949.65
74162707.43
139045425.54
64742696.67
75519032.91
70821707.6
65197102.71
138821874.15
25917078.99
63657856.92
30193203.93
140109534.31
138950568.98
66095744.91
64751052.17
25887230.43
140912640.3
75284266.87
138772820.39
75280618.19
30442021.81
138757335.8
63075993.77
63349480.77
26647378.25
20637020.41
29942146.41
139001333.83
13666857.94
139175632.53
137490446.92
65971337.37
138900212.95
75216241.91
64890569.62
20452304.41
20045358.11
64845453.98
74460235.26
25916098.33
140994012.95
75273193.6
139354746.04
26093528.1
73907855.9
139807890.04
31468360.7
75397762.28
64799086.76
138737072.53
73770303.33
74492354.02
140247433.64
65081306.77
20405573.45
63878700.43
139590597.06
63416542.92
139393637.93
70061037.47
138540371.59
74577120.05
74636315.49
64561301.46
74559943.55
64140906.3
75519375.14
70604576.67
138712975.32
64169993.21
64399807.13
139824375.0
139676289.19
74731491.29
25873638.96
140304691.9
74446207.41
75233423.8
64139361.51
64275693.79
30270448.38
64558879.48
138906807.35
30699227.76
65194466.76
65439321.67
64688177.69
26911963.9
74871961.24
74736881.0
30269233.36
74880239.35
64429731.19
69761572.96
23721007.29
75252433.87
70685220.49
64806879.36
26736351.23
75258369.99
65029003.0
25762234.9
20758475.85
75120545.55
75625732.39
63200477.66
26273508.2
63070168.76
64820121.63
138356704.24
70157445.78
64961857.17
69121643.84
69523508.94
63277253.13
65130198.2
26523924.47
63984782.97
31651894.24
25869454.35
138377371.9
140088766.01
74617059.25
25108772.12
63402837.89
70475059.94
64844804.36
19846874.86
138819005.25
65756890.49
72018701.49
62746156.03
75725557.03
25951301.23
64971394.36
65171861.95
138711906.28
73612739.97
139626967.99
139704318.56
25532955.4
70047906.09
139674994.48
73801193.17
20139012.4
74850076.23
63587792.57
75276208.89
71212662.17
137890602.01
75137685.76
29794425.85
140020025.16
63571559.66
23948724.57
70601577.67
64141737.32
74085538.44
31406184.82
71137596.35
63048910.96
64536404.4
74552235.73
25965625.79
75233532.23
70678387.74
74554848.11
140368566.43
64326295.05
64612043.2
70757742.45
139570334.89
74376748.18
64832597.41
139264914.42
63527986.13
75656514.77
74204590.67
25930573.98
138771742.75
26356547.86
31671793.96
63134556.89
70193972.53
63187874.0
69746218.78
139609308.08
26164705.36
138949478.15
25915222.62
65167234.46
22724672.23
75028722.65
64092368.77
75241889.87
74494295.57
25770959.79
74588843.15
74410333.87
30032192.14
26134787.56
74232474.52
139176267.46
64381555.93
75250743.7
70691906.76
64580038.43
139545675.55
26265673.34
64301318.37
30526828.65
138461375.51
139059908.07
64383612.73
65317634.32
26359085.14
139477323.05
76262080.35
138857188.46
74986890.01
30017878.47
139323990.62
64004338.46
63915890.23
26351444.3
20368423.98
29875805.06
138766136.69
13642399.66
138352674.86
139020748.38
64758027.53
139154384.08
75289658.03
64332613.54
19578426.84
19958012.63
64282807.95
75318654.15
26456033.7
138779421.49
74025119.2
139515380.13
26141867.15
75644042.56
139246597.98
30948648.97
74742175.52
64047451.77
139314485.78
74702720.93
74506503.31
139583624.6
64931806.5
20315440.24
64693983.75
138799927.09
64041797.77
138892836.43
70550954.24
140254116.03
74839616.76
73589071.34
65818310.82
74823726.02
63892990.12
74365584.67
71083909.81
138602284.76
65167615.07
64182491.1
139666840.75
138879876.51
74255946.51
26536254.4
139507551.21
74307108.01
74178411.99
63828769.66
63509994.92
29940893.36
64198082.93
139232457.59
31288310.71
64817011.21
64596504.27
64490959.1
26349694.48
74880543.13
74229749.15
30915493.44
74788101.67
64487894.9
70566327.62
23129259.69
75199351.27
70118418.11
63377268.32
25601540.95
74939869.44
64482122.82
26089517.51
19605643.01
75681141.27
75407060.66
62879339.58
26102929.22
63528103.1
64266568.43
141230628.37
69684263.88
64623828.83
70606418.19
70400374.29
63776902.07
65232249.64
26597136.82
63895310.04
31276185.69
26232241.98
139000980.01
140347931.75
74796704.1
25163925.54
63802899.07
70782485.06
64762190.08
20044851.6
139797704.8
65026960.08
70546755.96
62521247.34
73645318.08
25872699.53
65047913.12
64155288.61
139814005.9
74673927.55
140549268.68
140249671.2
25661650.77
69898639.62
138061882.19
74127093.71
19965639.28
74529284.44
62181521.46
74928223.76
70797764.79
140501954.65
74419850.78
31441808.23
140274236.76
64143970.1
23638759.08
70384189.46
64673227.78
73786764.43
30809589.62
70202046.66
63920816.74
64524965.0
74964305.1
26972436.34
75289835.46
69979516.24
76029840.91
138764163.06
64560329.35
65154154.59
70345786.46
139018615.03
74093996.48
64611353.25
139232098.21
63603485.65
74278354.74
75209681.69
26012741.13
139540307.22
26481278.69
30975543.26
63279285.22
70119132.19
62853016.65
70283877.85
138547857.04
26020596.1
138598544.37
25979923.37
64226352.14
22866816.82
75235852.17
63841244.98
74304934.86
74341750.71
25628234.96
74479397.93
75287174.79
30494390.34
26824536.31
74840360.25
138520413.28
65393888.75
74562069.27
70636841.28
64307417.91
138958089.2
25545694.95
63045377.29
30240520.3
139056011.37
140226952.65
64781465.36
64288809.31
26583352.14
140344851.22
75534075.72
139126785.17
73918257.34
29834176.85
140349819.07
63563961.49
63438487.44
25926634.07
19958298.21
30288245.82
139090013.41
13659403.26
140482065.29
139471950.89
64452700.36
140265412.99
74237882.62
64474114.61
19326070.0
20347881.31
65490256.12
75809905.88
26480670.61
139208907.91
74379306.16
139024611.43
26651252.48
74270826.7
140478758.28
30600694.27
73696372.33
63916356.23
139826270.97
74968203.99
74670921.28
140470907.34
64802033.78
20062605.61
63512150.22
139570739.43
62981523.11
139463342.88
70586462.49
139345119.84
74742141.59
74283099.64
64648185.64
75027514.63
64175216.88
75100782.04
70526104.94
139239869.14
65788439.84
63903745.94
139518835.53
138415173.08
74270044.02
25973919.09
140369115.75
74375043.42
74584217.22
63623553.03
64318954.4
30409067.85
64636820.49
140724866.94
30922364.39
65033565.11
65268158.94
64181267.8
27347875.89
74477408.76
74884483.32
30363934.77
74632897.12
64417406.4
70499144.71
24114042.48
77015182.63
70436918.37
63693411.94
26027383.96
75014710.49
65102987.68
25754504.67
20553449.99
75415254.15
74740053.03
63307035.46
25763379.83
63408468.13
65348412.78
139452593.51
70120605.63
64525979.71
71018204.82
70635427.32
64691597.4
64914556.04
25997639.69
64192869.93
31460387.1
26296364.45
139520712.94
140914767.51
74539264.99
25217803.12
63348422.95
70897444.15
64455783.58
20235324.14
139022269.3
64695528.99
69663327.7
63164605.7
75006218.03
26276601.89
63964921.37
64973182.52
139363293.88
74803844.1
139061559.23
139486220.32
26049465.22
69852366.33
139524134.35
74171600.36
19995815.59
74310320.9
63575212.43
74717521.24
70147692.27
139360928.63
74872741.01
29897161.3
139252365.72
63454947.76
24127277.85
70546061.34
63650557.43
74090449.88
31342819.57
69848380.16
62434163.39
64717791.74
73593815.29
26239281.61
74790660.96
71071204.15
74384056.87
139547110.83
64997793.05
64864785.23
70695155.56
139166764.97
75004602.64
64599293.27
138297597.57
63308140.72
74945105.72
75369911.0
25685236.08
139023623.71
26626398.08
30617838.47
63853008.17
70843224.6
63333756.23
70754200.05
141066936.81
26569216.81
138757673.01
26655262.49
65446351.72
22859829.67
74063149.58
63778023.06
75323450.28
74509700.53
26776556.22
74874845.1
73741952.77
31196701.98
26048487.23
74327751.98
139825850.25
64457299.98
74684952.43
69985358.74
64923716.06
138806319.13
26446234.36
63528266.77
30398857.37
139601660.04
139401558.46
64382372.82
63985259.48
26150768.95
138170636.68
73952108.66
139296766.4
74894561.47
30727764.86
139609213.8
64535543.64
64335257.44
26981476.12
20471688.34
30222278.93
139497978.98
13651088.0
139798679.12
139893870.39
65049261.84
139173057.93
75289831.27
64628745.66
19574973.61
19859124.27
65091736.18
75017373.35
26797831.15
139975925.91
74587854.35
138658987.52
26152703.73
74659445.78
138670100.55
30930090.63
74419419.26
65312101.74
140077588.4
74481860.18
74730733.9
139799077.99
65023467.61
20382772.07
63815525.36
139351332.4
63601550.33
138777831.55
69888963.49
139971066.68
75963685.45
74608837.54
64547089.59
74683120.38
64089247.13
74734613.04
70687056.98
138615698.8
64792794.81
63522041.74
139707913.25
138840874.74
74464865.02
25982003.26
140674629.34
74513114.88
73945069.12
63593727.98
64030961.51
29986756.39
64109477.64
139021126.3
31538603.47
64842880.64
65515969.03
64910892.01
26389691.83
74835471.62
74384118.92
31318209.79
74896555.08
63665889.81
70821941.43
23764310.67
74954154.27
70470800.0
63211572.13
26349358.23
73344678.67
64993539.73
25811088.02
20392410.51
75972497.8
75825595.04
62914864.09
26519630.94
62616974.41
64828139.09
139109468.66
70896419.87
63656754.53
70669205.95
70394116.98
64275162.58
64587526.42
26435869.15
64053933.14
31646774.88
25640314.26
139725917.66
139451826.69
75257077.32
25719667.27
64427891.36
71351747.62
65227862.39
20020795.28
140132252.37
64840840.72
70576870.2
63808436.74
74650559.64
25308995.48
64878291.15
64533956.83
138746583.25
74697348.1
139458677.37
138822078.16
26718002.77
70425375.11
139637431.75
75110222.61
20086968.5
75218567.34
63007680.1
76310306.63
70713193.66
138194679.83
75584079.43
30726461.54
139622612.17
63324256.03
23867965.26
70367845.65
63959598.96
74718380.56
30616282.57
70226376.9
63194998.69
64446872.99
73811919.15
25992427.69
75258418.78
70610069.58
75860717.4
138967229.14
64130505.46
65381391.53
70865205.77
140699579.12
74063353.21
64825681.19
138620549.59
63105325.77
75349638.1
74417285.95
26456157.35
139261341.0
26242269.69
31004682.6
62994502.93
71561202.83
63278905.13
69962813.1
139150057.25
26402011.17
139163698.72
25129317.02
65285048.85
22390873.7
74283189.34
63997539.63
73425632.46
74677039.13
26122912.57
75312815.76
75669342.26
30064556.02
26257518.14
74188601.15
138691390.63
65719426.25
74475896.59
70574512.86
65209049.82
138267804.1
26823781.64
64080172.05
29999952.12
138915281.69
139763804.43
64829647.37
65462665.21
26214128.16
139989545.02
74905485.17
139104058.05
74871426.33
30321426.98
139939663.21
64886048.86
63425036.79
25916677.4
20150975.96
30874945.43
138496486.38
13633463.57
139095755.75
139748810.99
65153365.76
140328214.37
73858376.06
64591905.47
20053569.29
20323156.74
64756791.68
74409877.56
26509375.02
139233121.63
74859038.31
139850391.11
26115752.77
74739557.98
139654802.84
31003432.7
74276147.45
65035284.39
139199076.12
74506527.02
75068864.39
139410459.61
65369584.47
19657224.33
62971566.39
139841614.92
63360757.75
139043462.09
70350896.73
138103838.16
75593703.98
75280833.38
64955670.94
74726002.79
63942456.17
74239146.54
71613582.4
138729949.77
66019855.41
64929157.22
140147050.55
139258958.02
74797492.33
26107234.56
140256254.84
75440928.05
73461621.18
64255618.48
64038997.55
30058587.67
64302500.85
139679144.58
31178679.27
64550107.86
64759808.46
65622532.97
26387644.57
75210216.94
75227828.15
30926261.18
75013326.18
63315769.81
69769927.18
23809300.0
75382743.9
70401847.37
63635149.81
26350891.8
75850295.4
64983216.68
26310837.7
19824910.02
75653325.21
75816964.31
63714719.39
26473551.78
62868526.49
64516621.25
139716271.51
69931379.7
65295959.02
70501360.38
69888966.95
63394938.71
64597522.5
26420558.39
63578852.36
30993938.6
25227839.03
139215337.79
139006280.74
74239130.97
25064991.28
63966307.65
70760548.59
64874887.09
20405233.88
140329660.48
64509854.65
71113313.88
63272731.1
74588703.98
26349176.73
64791253.92
65009414.67
139603397.54
75027590.06
139061174.43
138144461.95
26429240.17
70276307.6
140662334.69
74839622.82
20515778.7
74887704.76
62521530.38
73919111.61
70283640.29
139734549.07
74918613.06
30276344.87
138615646.23
63796468.06
23419740.73
69562002.19
63960850.32
76164265.16
31342258.55
71600893.6
63033986.36
65391204.56
75172365.92
26334296.92
75177457.26
71149912.9
75316915.79
139953060.65
64201483.62
64492358.65
70539748.2
138465828.43
74319997.17
64552023.52
138423940.9
62582953.64
74631263.22
74446403.26
26120868.14
138245027.25
26543695.73
31565076.11
63295112.51
70873501.76
63110218.4
69852878.57
140553651.08
26401191.41
139105349.77
26326959.51
64535392.26
22512666.54
74200949.12
63432384.25
74078091.54
74625793.69
26163777.31
74671789.17
74841360.55
29897369.58
25908129.78
74114631.0
139242918.66
64891222.11
74610085.35
70627471.91
64611137.82
140886437.29
26103099.31
63571341.56
30267034.3
140227873.37
139740244.42
64859235.26
65085494.25
26390384.85
138825092.34
74816897.56
139516910.46
74211297.79
30046574.04
138297293.68
63950420.67
64007959.35
26721122.77
20230191.97
30799713.19
139498338.99
13644034.58
138459138.92
138215641.14
64440994.26
140243416.1
74286788.15
64591955.23
19652093.51
20225315.74
64169205.25
75040077.53
26327478.15
141020083.92
74715414.89
138931932.01
26018628.22
74926191.38
139323463.58
30945586.27
76268126.01
65309280.0
139469816.95
75355963.69
75477581.12
138880630.24
64686211.11
20460488.71
63713767.29
139740842.63
62877873.46
138201399.21
70751038.69
139659532.22
74956115.7
74530299.89
66124653.95
75076802.78
64397473.21
75219812.17
71638652.88
140363584.43
64460668.97
64554173.71
138499132.0
138717226.01
74963955.83
25248552.78
139073443.83
74105943.93
74610767.3
64281631.98
63892663.9
30737251.64
63995742.0
139441359.64
31322047.68
64182684.68
63722671.3
65250088.38
25866897.11
75176183.8
74928707.31
30486491.13
74734612.37
63946917.39
70462200.47
23437406.42
76289949.92
70454690.86
63814639.88
26255309.75
74714689.32
64205712.35
25969520.58
20520252.79
75006803.66
75305551.93
62906991.69
26224918.46
63527679.7
65518952.24
140763245.62
71016962.02
64262454.74
70112110.74
69416760.77
63828071.02
64668968.97
26206642.63
63603406.3
30938193.92
26414925.1
138562005.6
137970781.89
74948976.32
25124702.3
63263644.92
71455519.22
65158138.26
19824635.25
140206288.04
65144514.07
70812986.65
63137873.42
75358801.74
25945755.88
65342912.29
64480487.36
139381072.0
73792688.22
138316242.42
139889581.75
26354637.4
70479988.44
139231529.29
75491524.53
20599159.21
74134377.6
63457047.03
74594902.9
69663737.64
139397690.85
74849192.5
30829842.53
139960998.1
63352130.88
23723831.42
70060209.16
64098888.81
74908972.74
30939378.03
70311197.31
63150076.87
64869706.14
74742599.47
25792993.83
74990394.88
70538631.67
75582044.83
138826084.83
64095046.78
65200464.94
70047974.27
138617073.56
73770272.88
65586559.55
139224860.74
62956820.85
74998143.04
74677681.48
26370465.1
138245821.48
26157679.79
31710707.7
63837517.96
69677572.09
62899546.54
69963390.55
138844751.39
26402591.83
138909446.33
26023091.86
65459677.89
23115834.0
74908187.61
63786359.07
74442624.86
75509867.39
25487273.96
74085687.1
75211825.69
30404983.45
26622920.0
74233685.46
139280399.68
65120742.77
74346955.09
70402179.97
64911267.71
139678496.52
26241376.66
63799379.75
30638237.53
140027782.21
138622307.48
63729354.34
64456765.73
26019337.49
139783339.47
74050003.05
139684357.39
74850869.91
29605938.72
138402721.13
63648623.9
63921352.48
25546244.07
19950270.01
30544106.84
139492494.1
13649490.56
139655146.78
139629527.69
64891995.74
138846266.57
75098477.37
64417587.8
20465286.27
19386133.26
63617351.4
74782058.95
26725034.66
139472869.48
74818507.05
139699730.28
26468978.85
74672489.84
140380502.69
30435807.3
75269300.81
64755722.69
139717841.42
74207906.49
74538132.62
138933869.2
65090247.43
19520372.71
64166371.91
138505634.53
62597844.54
139397938.11
70752437.76
139407823.23
73766035.59
74262359.63
63393818.88
74327400.23
64583205.07
74789347.09
70983572.39
139221760.83
64042935.88
64022429.21
140346150.05
138961767.09
73599174.06
26358033.73
139577803.97
75683217.62
74381475.07
64038198.54
64268315.05
30052226.39
63627626.4
138747443.51
30825361.92
65668037.28
65361362.96
65570999.72
26598739.25
74131651.71
74536211.66
30685910.53
74505404.48
63444495.0
70134969.33
22876161.61
75163608.48
69161141.01
63619635.11
26813754.69
74004317.61
65353287.28
25860550.53
20143903.48
75218705.34
75629831.13
62372341.43
26271247.02
63055948.11
64820370.06
138801259.64
71071450.28
64354671.48
70420486.59
69966503.27
64020084.43
64924229.01
26026586.22
63935345.82
31806237.6
26429843.55
139675597.52
139735566.4
75164509.63
24484195.75
64223887.38
71186758.29
64931385.03
20376504.52
139396755.17
64904346.4
71311686.35
63684429.97
74672380.33
26318057.73
64833619.23
65287523.04
139625834.8
74481738.02
137910636.94
138620458.55
26172664.61
70331629.58
139632354.66
75126556.17
20177898.54
74696810.18
62932000.37
74282922.45
69872970.31
138730377.47
75391914.35
30186973.34
139089697.63
63692521.15
24004661.58
69251692.59
64247234.5
74292145.8
31146684.35
71160662.07
62970547.96
65318007.64
75342911.8
26550368.54
74458781.13
70088490.63
75906143.94
138456994.19
64526443.25
65030122.63
71364063.18
140129217.09
74336237.72
64786201.88
138867820.29
62507415.54
74614816.5
74188867.89
26520050.96
139745560.6
26555335.92
31259889.93
62748444.69
70471559.49
63850199.87
70164291.2
139509806.67
25481480.51
139364391.2
25878917.02
64406038.2
22315409.46
75678077.49
63309063.6
74493825.64
75154725.77
25974423.42
75462337.95
75316269.99
30059932.84
27078629.69
75293620.62
138456159.64
65205906.57
74682135.09
70264850.1
64973619.99
138727230.92
26270951.52
64054085.53
29956844.09
138940512.21
137835005.0
64600864.64
64316096.08
26380309.23
139506512.49
74955101.11
138497212.93
74607594.42
29993863.35
139943398.95
63118266.89
63808380.77
26841495.76
19811367.94
30027171.32
138141298.08
13673088.93
139799579.77
139765823.08
65608936.45
138992970.67
74363655.18
64846115.83
20776836.65
19939558.82
64162544.18
75044093.63
26380183.88
139955450.69
73955385.82
138393912.56
26094618.47
74256722.46
139273856.62
30978150.08
74676772.2
65013861.68
139073335.62
74527494.77
74364742.69
139609965.39
64515719.66
20563021.7
63908661.5
139804063.57
64137883.54
139147434.77
70479877.24
139092534.28
74434871.04
74945862.42
64865824.67
74289305.3
63138600.43
74834322.59
70978156.29
139831042.1
65067909.0
64075009.52
139211780.8
140024248.15
74969482.35
25762997.15
139674583.85
74261735.22
74018823.6
63200675.83
64129770.86
30494206.83
63922166.2
139544571.8
31155904.97
64596939.34
64786865.87
64377987.23
26407010.46
74260567.23
74746689.69
30058932.72
74486947.4
64274175.53
71864775.77
23677177.03
75811175.24
69280024.41
63973002.53
25571745.73
74633785.67
64872583.15
25956009.11
19660504.45
75479654.51
75323799.43
63272219.38
26173475.82
62795559.09
66097163.02
138987344.86
71190872.67
65492929.0
70004218.34
69746711.69
64460861.68
64604467.26
25968519.94
63150019.4
31824295.84
26320060.22
138388848.52
138470894.57
74481009.25
25266920.27
63948115.99
71510306.27
65403052.32
20614102.08
138238858.69
64988285.62
70572016.23
63030869.42
75146698.95
25835090.45
65154811.95
64409765.66
139048584.05
75274964.64
139628546.54
140122713.22
26579125.67
69966998.66
139703612.76
74875772.76
20051943.69
74991787.94
63318691.48
75640965.64
69884828.44
138210503.92
74580495.49
30431338.7
139547349.8
63735935.77
23559274.68
70290820.11
63496901.82
75579507.02
30798851.99
69671483.9
62749080.48
65252196.42
74717144.18
25944437.19
74354254.94
71146418.91
75124910.33
139323302.98
63941509.86
64793257.27
70681665.46
139238292.08
74639135.75
65566943.72
139261714.23
63416129.0
74558079.86
75550496.4
26374607.51
139239428.94
26442522.1
31502960.52
62439183.7
70653457.35
63787614.57
69901017.29
139312316.19
26367971.97
139660986.65
25996756.9
65113935.49
22986457.83
74780085.69
63816867.47
74591227.31
75511604.68
25802072.13
74720487.61
75397784.38
30243858.91
26392580.1
74927295.5
139590062.83
65058906.6
73828050.04
70046916.25
64686784.08
138171129.84
26101515.56
63848340.55
29929690.99
138121244.14
138719525.05
65337085.68
65446578.95
25849760.1
139818225.4
76205855.96
140094817.47
74546525.67
30434278.96
138932643.82
63540670.95
63913618.61
25820439.15
19621853.6
30930009.93
140399697.95
13671215.57
138705722.02
140136956.18
64520326.13
139869576.15
74955421.8
64950583.43
19986260.64
20814699.26
64927325.47
74566003.78
25847097.65
138524018.08
74984510.18
140387096.25
26114103.44
74032496.48
139200213.3
31750157.36
73953065.97
65302179.78
139285870.21
74763998.44
74203201.65
138780335.73
64963393.33
20132173.96
63814019.14
138262398.24
63308050.36
139692714.35
70089780.1
140218777.35
74896714.95
74599464.45
64748924.06
74559937.58
64159127.19
74307180.43
71626696.3
139416534.68
64605135.84
64567106.21
140027808.05
138034129.89
75653428.2
25567097.22
140071466.05
74816579.92
74272872.45
63630176.1
63544990.49
31353939.91
64253449.67
140034833.23
31307395.09
64710449.94
65842176.53
65035331.23
26143008.11
75243795.19
75069522.37
30135997.67
74574251.21
63569228.22
69617594.02
23160949.63
74992661.13
70106764.32
63892370.44
26194805.62
76274616.72
64455015.42
27099722.05
20471673.21
75868492.56
75951916.6
63042221.22
25484516.55
62942853.65
64930129.87
139250582.06
70481393.61
64429662.92
71220489.82
69629309.19
64035616.13
64347569.32
27232103.35
63994505.16
30776049.3
26281337.02
141144588.92
140427928.35
74908774.14
25313160.7
63977537.74
70645950.72
64843111.57
20287113.09
139326838.5
64685754.23
70594299.07
63972560.47
74412692.38
25722570.93
64754663.67
64099645.72
139794983.24
76018873.08
138999471.87
139539002.96
26592897.25
69894267.17
139429993.73
74403889.99
20672102.38
75052569.35
63411763.1
74781367.19
70505669.04
139093057.11
74392135.78
30830245.6
139768977.11
63411937.52
23562826.11
70629780.93
63890614.11
73934363.05
30420424.01
70062349.43
63391330.22
64637273.65
74611613.87
25666203.49
75248397.83
71064793.71
74867584.51
139595868.87
64872823.93
65400875.18
69886213.91
138940516.15
74676232.98
65561206.85
139712140.87
63117342.45
74321859.29
75244444.32
26321744.49
138879264.28
26531828.43
31127374.98
62954455.82
69123832.83
62186715.49
70990735.65
139460965.28
26577196.32
139242923.35
26222198.32
64345306.04
22967199.54
74520270.79
64794730.39
76025882.0
75351097.23
26022540.75
74867230.47
74948888.1
30501377.4
26762847.42
75483234.39
139160086.73
64965304.08
75032029.27
70459572.74
64491701.33
139292088.66
25825738.36
64585210.65
30472066.51
139337895.7
139902014.94
64904120.98
64755877.26
26683627.07
139846560.49
75959481.62
138154306.44
74779435.59
30482813.71
140041789.45
63538579.27
64161693.09
26458807.76
19938775.91
30106207.53
140250261.06
13686538.21
139104279.89
138983814.29
65583745.23
140571767.27
75022846.89
65525215.39
20177881.99
20249255.3
64557306.24
74390119.99
25999616.7
139251380.45
74258067.0
139633733.88
26533078.91
74913813.06
138280437.02
30525655.15
74982934.03
65395327.15
138412985.57
74676845.85
75333119.43
139183091.48
64822494.32
19874724.86
63714666.65
139133366.61
63776403.16
138777757.63
70432180.15
138696016.01
75107376.72
75668740.06
65935521.93
75755649.21
64521226.45
73804885.13
71459310.35
140652104.13
64927653.26
63826689.17
139094118.38
139480489.98
73661922.72
26174559.23
139785619.77
75011110.98
74661186.12
64643034.44
63034197.33
31013086.0
64402468.42
138834166.67
31156831.65
65176210.36
65336634.03
64798541.8
26227896.58
74283237.18
73887293.15
30658529.8
75593987.21
64030455.79
70484662.94
23494271.55
76168635.06
69890747.38
63653524.74
26345467.52
74003479.76
64231000.41
26210278.07
20016573.49
74548114.4
75549856.61
63582962.97
26329963.29
63808555.33
65584862.86
139870380.11
69880083.93
65276506.89
70399045.87
71019460.24
63979743.8
64085277.76
26561904.38
64300444.51
31502768.6
26265476.75
138954516.82
138583965.04
74906138.94
25487198.46
63516390.0
72096977.12
64496949.27
20635589.85
140003616.08
65158645.19
70241803.87
63169723.93
74841959.67
26120098.01
64653433.8
64942546.65
139482047.76
74264602.58
139210236.67
139645458.83
25906855.33
69838649.22
139417432.84
74340624.99
20101973.88
74858736.33
63762900.19
75478590.86
69780635.54
140649519.02
74482556.13
30372085.45
139873587.19
64035710.92
23581044.76
70067261.83
64144723.16
74182146.9
31178963.08
70993975.14
63490345.11
64281879.18
74761817.89
25518984.46
74462748.32
70647846.76
75124597.22
138726003.18
62319161.15
64947441.95
70670624.42
138753671.67
74571497.66
65620278.25
139346748.62
62860941.77
74829959.66
74834406.12
25773168.58
139185210.62
26381173.09
31449967.29
62781136.52
71008735.42
63618445.33
69829425.62
138891633.5
26020512.06
138572384.06
25789453.53
64492750.91
22564682.13
74837804.52
64022624.52
75391997.38
75200785.03
26422295.49
75289535.43
75162125.14
30036695.63
26200382.08
73903999.87
138201562.61
65023765.23
74145043.96
71010128.64
64429320.76
139352320.72
25525823.66
64131403.93
31238052.44
140045254.5
138829119.27
64536888.27
64934284.57
26308729.02
138354877.08
75516575.69
139017002.95
75386407.34
30378829.08
139549424.71
64017216.29
64696666.09
26079219.79
20289905.81
30371505.72
139615297.86
13652193.07
138454459.46
140032410.6
65213666.1
139207257.98
75136162.23
64826172.01
19952713.0
20156045.12
64631922.53
74994945.43
26141187.78
138379084.6
74811090.88
139562428.57
26175378.18
75283441.96
139970621.78
31285095.69
74618016.63
64387611.86
140681456.07
74568710.99
74941336.15
139766191.13
65118381.74
20414824.38
64300058.09
138516396.27
63047622.61
139389030.54
70182674.77
138166666.72
75126038.35
74261801.37
65177789.51
73750548.51
64428226.19
74238705.62
71472382.91
138686763.07
64562396.08
63710958.36
139864850.3
140111613.16
74608930.41
25861150.12
138959877.05
75319298.12
74143907.19
63636057.88
64027469.42
30353490.25
64539727.69
138492269.16
30749758.35
65537686.38
65263953.92
64965952.61
26569918.54
75189436.28
74515703.79
30311428.24
75033770.78
63604133.19
70664442.74
23474900.85
75768213.15
71235404.46
62397727.08
26741110.65
75321671.67
65355172.92
26539013.89
19976477.32
75833987.32
75446737.07
64116434.0
25893201.46
63494349.26
65002202.06
140016999.35
70251563.31
65190108.56
70771512.32
70804890.31
64027664.32
64997563.01
26448239.45
63697216.55
31522575.61
26718890.46
138944002.2
140278329.92
74674061.09
25696862.17
63684056.54
71645673.27
64771000.44
20140789.32
139611425.87
65742574.04
70114021.23
63530507.09
74331504.43
26057528.17
65031586.33
64655965.37
139721319.46
73914965.28
138707255.97
139003444.19
26329079.54
70134878.68
140269889.22
74842978.4
20254465.54
74647615.4
62950016.42
74576520.89
70480788.9
140368811.41
75026960.07
30402956.19
139412464.3
63069662.4
23471027.48
71294697.33
63286942.69
75214568.16
30976389.83
70444176.94
62603497.44
65188291.78
74548822.07
25481915.38
75138229.88
69994322.42
75158021.86
139498795.41
64010888.87
64056536.65
70754663.98
139401017.55
74315641.12
64390581.72
138981755.65
63643650.16
75387407.75
75199775.76
26079392.98
140159367.96
26099097.64
31594697.33
63262380.86
70070261.54
63517328.44
69829449.1
138556231.02
26382389.38
140221511.36
26374127.46
64711280.17
22239230.99
74359329.92
63970491.66
74583052.62
74894055.61
26053247.58
74730759.95
75326445.1
30099245.65
26357457.01
73857502.9
139140226.54
64434545.41
74544945.41
69182618.6
64397738.6
139779407.09
25986695.87
63894089.37
30364437.03
139658476.18
139384420.86
64628985.28
65811519.3
26267815.1
138432807.4
75653498.79
139670608.38
74384658.53
29952028.66
140039233.42
64542561.79
64060427.36
26666495.03
20710433.28
31544233.33
140291699.3
13658862.11
139166076.99
139295793.16
64768501.42
139743929.88
74002320.17
64596175.22
20523649.53
19932503.01
64178568.51
74744717.12
26811912.27
138260910.11
75193914.03
138957761.9
25031589.72
74600792.93
139777327.3
31761489.44
74239903.65
65290545.06
139375057.49
75465676.48
75040731.53
139202268.06
64843914.05
19981278.83
63643357.7
138992737.95
63264770.78
139901432.52
68789896.24
140402014.11
74228542.82
75006226.94
65435152.71
74557862.11
63582978.51
73782625.18
71315061.37
138385806.65
65239604.35
63712288.78
138277728.93
139406085.85
74666512.66
26181026.99
139688558.83
74332985.25
74986887.05
64223645.07
63716045.15
30126603.09
64090037.69
139311733.56
31428956.27
64803779.59
65475083.32
65249753.02
26361532.48
74008885.34
74491892.69
30574437.51
74230765.93
64316378.62
70428188.64
23556051.0
74524185.81
70798213.54
63628950.39
26373580.16
75217642.2
65386944.51
26063259.75
20166861.48
75732060.46
75109564.83
63863648.05
25636268.78
63699974.0
65167426.83
140263539.33
69753180.01
64322902.68
71054026.73
70244094.83
63555714.9
64477349.12
26602940.24
63990897.74
31201637.68
26352945.42
139545855.93
139691682.41
74646201.14
24894174.66
64373161.48
71610342.4
64890981.7
19832842.12
139668987.04
65040856.18
70842931.33
63510912.95
75049644.15
26796490.49
64557696.4
65026051.78
140239842.76
75752200.43
138483361.75
139569692.79
26024097.19
71250935.12
139429667.32
74821285.4
19705954.21
74334771.18
63580509.44
75519861.9
71108259.91
139315467.53
74632784.03
30357147.47
139783641.59
63690055.82
23713008.92
71396305.6
64180590.15
73795607.13
31144238.89
70929224.14
62897497.98
65280698.61
73330757.18
26052058.83
75421187.29
70515611.79
74132756.38
141012587.6
64058480.26
64987387.18
70007535.09
139757018.95
75510464.27
65921370.71
139504375.09
63590066.2
74682669.82
75018279.51
26649866.01
138490677.16
25951491.05
31072309.41
63295423.7
70946887.72
62678639.53
70609870.22
140225643.02
26425166.26
138919334.2
25631404.68
65444806.01
22598819.62
75667211.01
63640607.78
74197520.41
74801736.53
26502301.06
75107477.31
74646716.08
30799600.07
25897458.24
75419544.04
138571632.88
64385047.0
74961656.51
71271626.17
65252108.8
138929417.05
26036698.16
63377048.14
30528850.63
139586431.67
138280007.67
64823300.11
64487049.77
25522847.78
139744519.15
74736236.31
138056879.91
73334470.1
30673201.0
139712689.96
63981299.09
63177306.11
26417910.18
19825932.71
30942974.09
140080233.59
13678236.43
140474792.6
139296038.96
65328050.67
139167488.94
74350855.33
64485747.62
20941190.81
20225779.18
65156912.25
74781865.64
26208418.35
140269384.0
73913325.96
140069760.65
26057304.44
74116661.35
139467069.04
30889580.15
74404117.98
65314849.7
139705535.14
75222188.23
74486659.18
139111135.06
64979657.32
19420943.91
64112559.64
138072480.79
63452283.57
139237935.14
70674384.76
138817355.47
75217733.58
73882327.83
64632825.43
75295081.31
63816698.27
74739610.98
70933866.74
138613075.83
64946710.72
63862724.93
140097175.19
139326685.92
74530832.0
25877945.88
140290411.83
74848321.1
74476976.27
63882545.05
63781131.0
30283221.52
64466236.41
139696348.3
30519923.46
64231982.25
65210551.28
65571916.36
25965460.12
74664867.08
75254190.92
30033977.22
75281840.58
62567239.53
70401521.58
23938209.04
75292548.79
69985117.07
62693668.53
26146789.81
75101729.92
64260216.61
26082628.29
20043303.53
75473984.53
75133995.46
63714365.12
26538708.26
63158510.21
64922155.22
139162050.82
70120565.64
64790849.66
70754635.09
70586169.93
64047027.77
64615537.73
25595502.63
63736987.99
31590745.94
25735688.69
140248607.36
139746664.66
74770046.47
25246530.85
63682758.29
71360389.32
64824871.49
20403645.69
139770790.84
63852414.89
69853326.12
62681632.33
75115818.5
25779145.61
64786115.71
65029034.1
138943972.54
74943649.55
138496694.59
139412806.59
25573199.2
70356664.09
139030283.69
74290528.28
20908609.34
75203900.21
63028405.91
75226027.55
69962316.39
140301138.17
75333333.48
30700143.67
140401147.42
63550135.26
23756189.8
70315421.95
64087961.34
74484628.1
31313480.31
70512958.68
63250529.62
64887176.93
75173726.29
25857109.43
74879319.72
69625337.97
74897129.76
140218763.24
63510532.59
64609201.51
69613739.07
140127364.2
74674107.43
64804539.75
139788178.47
62782704.79
74946983.74
74144160.64
26514573.51
139348594.05
26087654.6
31040100.04
63510664.31
69381943.52
62480244.82
69876070.61
138804716.18
26184803.96
139130393.75
26377135.41
65256815.33
22715236.28
74788693.63
63999000.64
74917749.46
74304000.79
26025689.55
74101175.08
75104219.72
30834229.79
26263778.84
75947211.78
138685172.27
64800947.34
74067984.02
71154561.91
64441054.24
138688319.17
25855670.79
63282251.07
30037586.32
139159833.65
139915337.51
65524191.68
64693859.17
27073739.13
139783383.66
75558128.07
139770772.2
75221396.52
30231382.61
139212907.05
63660857.95
64927337.73
25770117.51
20027358.45
30167264.74
138316062.05
13675583.54
139319631.92
138928937.45
64558012.2
138929568.9
74168890.16
65663202.79
20674635.41
20161118.36
65509309.09
74740061.77
26573533.14
138406387.23
74901765.13
140119754.76
25982407.81
74518653.58
138873145.29
31197179.38
74287417.08
64326664.17
139748354.08
74112632.32
74420220.46
139408779.64
64960985.95
20011644.99
64601919.14
139601270.08
63064439.35
140851128.25
70652071.07
139051963.22
74713136.86
74250088.83
65636153.73
75078257.92
64025776.77
74717010.4
71504471.55
139038518.31
65081053.19
64181721.22
140091943.15
138210831.4
74860440.23
26277964.21
138841611.04
75411400.1
74776525.47
64421533.94
63301199.29
30343480.23
64099290.89
139016685.9
31268552.32
64938773.66
64983432.26
64747152.75
26541385.18
74603265.67
74889381.26
31039171.76
74670828.83
63369654.99
70095860.18
23810705.07
75652084.56
71651644.86
63328735.57
26539630.06
74990451.6
65330422.44
26023326.9
20153964.35
75412662.13
75153984.97
63553468.95
26281264.58
62951103.3
64446787.96
138960051.77
71007065.96
65544492.53
70056297.02
70237060.66
63327342.08
64863255.21
25820681.97
63736079.63
31447137.88
26123483.03
139122288.07
139271402.7
74812948.89
24977576.96
63341318.04
71211173.75
64707070.1
19735523.81
138490852.59
64677298.52
70305994.59
63372271.23
74403867.34
25905296.8
65572037.8
65329475.45
139953615.96
74198675.03
140598417.03
137346539.1
26338056.25
70416855.47
139637749.12
73758449.12
19999053.27
74398611.13
62717619.64
74670902.79
69662999.6
138995499.35
72888683.93
30087690.87
139338245.37
63979113.91
23435335.72
70235305.0
63133921.12
73761152.07
31638062.73
70032741.76
63588032.74
65482422.38
74373196.99
25562594.45
74663569.93
70990799.1
74459801.51
139281518.12
63866942.58
64531022.23
70107831.8
139924400.91
74841017.41
64551147.43
139190748.73
64107852.91
75298961.67
73879080.85
26067399.78
138424371.84
26831661.4
31687007.72
62498457.61
70900022.31
63181029.67
70097642.54
139810100.13
26442708.45
141013619.04
25980441.54
66232172.39
22830162.35
74994476.65
63725522.4
74440259.59
74763110.21
26653198.51
74566960.77
74972171.15
30263252.44
26400899.31
75653127.64
138800956.23
64452814.01
74492109.94
70760731.4
65337227.13
139525746.26
25949855.58
63808265.93
29866920.9
139602724.42
139459092.9
65949117.55
64203977.7
26616190.69
139896341.58
74695079.52
139020997.86
75048162.62
30892825.28
139566003.47
63031420.7
64145539.9
26419448.59
20328538.55
30169536.86
139536490.44
13650896.39
138046495.34
139445505.4
65444949.08
139592402.27
74479723.31
65216986.8
20321672.37
20870358.95
64216261.46
74290489.6
27573514.65
139681565.9
74479032.14
140167868.22
26167867.49
75260783.59
138857091.45
31782036.73
74882691.75
64561299.1
139752486.53
73864890.1
75796784.92
139188280.56
65127577.79
20232700.11
64243670.99
138943461.14
63981312.42
139085165.27
70840940.56
139899176.4
75402606.44
75074540.23
64919442.82
75239654.12
64336958.39
74537651.73
70861160.22
139212378.97
65471687.34
63914023.9
139937600.81
138910389.72
75083308.73
26215522.34
137379864.4
74109990.54
75477398.27
63008397.1
63672597.81
30029591.59
63887202.53
137817011.69
30826544.72
65330023.38
64999901.29
64869104.43
26507177.14
73717371.79
73946253.24
30724463.68
74760145.21
64190160.48
70244627.58
23971536.97
75828472.11
71068505.42
64042429.96
25849123.31
74955178.78
63590624.67
25596627.9
20844373.5
75105163.33
74926720.19
63001420.15
25912763.08
63185344.64
64558563.45
139723933.46
71327545.24
65770581.56
70728840.05
70810125.09
64281730.27
64430360.23
26321274.83
63750235.19
31076560.65
25890279.07
139838429.04
139284049.94
74594109.51
25509098.0
63452921.3
70373115.59
64776692.3
20337249.8
139237854.13
65460911.65
70613875.8
62478057.41
75142741.59
25516708.85
64944024.87
65023243.12
140255974.2
74932283.37
139896952.12
139466035.52
26035330.51
70536371.25
140424403.1
75002035.06
19804484.99
74804669.35
63259970.69
74288798.79
70058441.43
138250240.9
74133412.07
30575324.47
138739631.71
64014346.78
23557660.03
69777067.96
63147433.55
73702597.2
31473322.12
70113355.28
63451235.24
64693738.72
74786868.88
26589356.93
75601815.06
69996471.58
75236112.17
138770148.37
63726312.52
64738616.0
70063294.39
140037821.39
74815054.5
64994988.37
139238703.98
63528375.96
75289729.27
74385310.64
26389653.23
139833757.13
26193536.23
31172766.3
63668521.48
70083193.74
62924654.45
70053243.37
138873236.79
26176484.2
138380577.26
26508965.8
64789655.24
22191842.22
75563936.47
63991899.57
74538714.89
74390716.18
25800049.88
76239518.8
75221959.94
30165578.71
26349428.9
74946837.65
139438796.44
64385677.11
74604638.8
71276610.79
64587136.54
138492407.84
25853128.4
64533945.03
29613328.46
139992865.01
139861092.34
65382552.51
65183954.39
26748697.64
137916586.58
75245850.87
139347061.11
74878594.13
30326146.37
139299418.97
63328823.69
63630047.44
26147434.3
20000843.14
30393848.5
139151255.82
13681023.95
139368587.03
139325522.42
64721323.73
139369290.07
73932188.48
64485633.74
20228181.12
19222647.8
65011466.31
75166313.88
26827790.25
138627797.63
74241444.93
138906527.28
26316659.5
74766438.57
139154660.03
30578706.91
74372060.77
64988627.91
140054944.16
74442019.7
74721468.02
140092484.3
65703707.65
20254459.14
63973907.1
139269838.72
63851104.77
140638825.0
70773280.19
138557563.94
74998168.27
75226838.07
64881476.33
75046682.42
64982244.04
74303678.23
70889849.81
139235845.67
64879665.62
64031432.07
138954332.82
139766668.18
74758284.36
25987276.36
138790176.17
74382387.04
74602415.43
63407848.29
63997090.88
30754174.96
63804187.55
139547668.03
31351637.57
64490914.31
64582866.04
65223187.13
26404209.67
74071682.75
74319115.54
29671254.58
73790935.82
63493241.16
70656494.74
23267112.98
76104164.88
70914454.32
63404677.78
26643690.77
74714067.44
63541476.51
26048607.45
20414292.02
75440221.56
75100559.82
63601957.59
26162316.06
62338644.71
65177958.36
138969840.72
70836649.01
64838020.42
69033130.85
70408153.93
64077401.66
64913203.58
25929580.61
64426349.76
31506913.55
26142704.34
139999456.64
139699519.75
75199286.17
24948535.98
62699994.29
71018038.44
65076466.98
19986893.27
138737405.28
64831528.31
70953439.53
62815861.23
75262118.1
25640288.27
65551880.23
64127992.16
139598894.79
74843530.52
138946263.51
139260873.82
26195917.33
69963937.5
140175905.99
75576056.16
20129784.07
74839021.48
63339291.9
74261834.9
69863356.93
140631494.41
74820843.92
31003909.74
139365557.02
63601449.94
23155979.74
69908728.09
63522620.58
74771489.68
30371545.89
70881747.4
62869596.39
64302143.95
74556036.51
25233836.62
74726993.29
69715877.34
74462590.47
139825382.98
63656457.56
65340513.64
71298215.74
138896264.15
74999851.84
65427010.25
138891235.58
63095276.8
75159702.27
75358569.96
26433391.08
138923285.45
26375559.15
30966603.01
63459880.29
70055801.64
62632449.4
69641041.81
139416942.91
26512141.77
140552796.95
26334262.53
64503076.89
22419834.74
74671549.05
63430371.1
74892799.99
75202725.3
26124934.87
74266603.44
74792012.98
29768699.47
26039883.06
73955359.97
139237734.54
65018278.74
74082629.67
70501254.08
65216191.8
139029931.68
25850579.89
63554872.54
29669288.09
140865273.08
140680427.36
64289968.62
64956296.41
26753589.27
139983577.82
74718932.85
139223677.95
74366842.1
30632884.39
138616071.89
64257767.16
64584854.57
26825041.0
20140809.36
30992734.41
139695347.18
13657786.68
139798891.57
139478592.12
65706794.17
139196322.92
75377126.61
64338251.46
20365453.1
20043931.08
65345021.67
74225428.52
26495837.23
138503562.03
74687021.85
139040677.65
25613180.58
74235602.31
139205796.19
30560440.7
74875114.24
65065891.38
140348076.44
74741390.74
74955010.99
139161469.09
65282917.33
19841849.86
64378076.42
139226772.71
63359509.87
138989408.2
70114488.92
139656102.76
74538668.69
75163387.87
64605208.44
74684827.05
64794272.57
74461818.16
71038418.02
138757489.51
65073235.76
63706978.47
138231327.18
138904699.33
74364033.5
25932463.59
138713369.53
74068704.51
74919369.88
64067479.73
64701776.64
30430052.17
64826611.62
140052160.99
31269235.09
64999608.47
65272656.24
65240861.49
26884585.6
75000072.24
74912559.43
29919475.51
73830556.41
63659131.87
70379601.82
23615165.26
75783109.17
71028655.26
63327910.72
25567813.15
74692250.52
65256696.4
25674208.55
20200062.23
75292205.33
74538843.06
63375193.48
25682680.98
61994480.03
65622625.26
139332960.43
70134922.46
65721935.0
70766707.29
71181998.51
63913508.64
64939324.87
26393456.04
64532988.86
30820242.2
25757392.7
139199596.2
139547832.6
74916969.55
25347062.26
64364316.58
71018093.14
64940874.57
20444860.05
138566727.07
65610134.35
70558955.68
63584939.92
74282821.17
26204769.77
65215716.03
65272959.63
140006550.24
74990598.33
139265840.99
139737627.23
26307859.14
70080764.35
138934513.6
75729477.58
20057576.76
74274510.47
62031541.47
75392417.54
71169598.5
138682463.03
75402489.71
30793979.46
139620724.55
63921662.59
24592758.83
70748653.0
63870492.06
74082359.35
31175140.03
70273052.53
63733239.16
65130397.96
74730001.84
25919152.82
74955955.88
70927896.89
75519933.7
139858918.31
64120405.58
65276766.02
69773251.32
137671053.85
74011514.88
64430926.7
140253606.24
62695912.33
74006541.48
74951343.54
26419728.34
139072241.74
26925455.1
31152837.45
63481773.53
70327856.26
63518081.3
69466969.64
139959923.41
26025482.4
139410797.77
26107643.12
65317286.68
22650754.41
75068912.51
64609572.1
74665896.36
74670266.01
25678508.79
74728825.54
74408859.52
30859249.27
26960327.02
73617716.02
138493975.8
65320944.87
75047198.97
70096108.15
65220355.25
139850687.31
25235671.93
63898552.88
30627469.63
139493844.16
140360978.02
64578538.26
64221194.31
26524529.04
139341784.79
74332344.9
138387286.82
74121831.86
30042677.07
139922259.53
63661645.0
63784886.64
26388763.19
19849038.84
30363024.56
138263578.67
13665992.57
140646585.46
139939081.36
64719447.7
138765530.08
75469991.42
64507684.07
21064904.81
19542542.47
64764363.46
73788281.17
26301372.37
138867888.03
75071544.06
139647471.36
26312481.61
74063165.78
139242609.6
31485469.42
74743186.97
65363127.32
140067404.54
74582994.87
74493176.12
138923728.73
64458092.5
20060758.72
64433537.75
138785811.92
63120309.42
139007372.76
70504966.45
139172383.49
75336203.4
74859738.76
65235459.75
75480217.59
64689248.28
74982162.07
70873561.54
140407167.15
64582102.98
64025238.15
139714525.5
138496203.59
75168532.31
25615415.05
139443947.44
75133300.33
74301343.39
64248222.54
64112642.38
30065355.46
64358308.16
138392673.14
31511592.35
64582600.28
65603984.36
65665057.47
26353500.65
74699878.84
74658154.32
30505329.43
74531528.52
63767729.37
69833225.77
23724969.49
75120337.06
70188743.64
62839438.82
25974704.58
74889472.52
63935839.55
25917570.77
20883155.1
75342206.47
75615889.69
63412868.66
25920937.85
62530456.26
64961202.28
140294104.82
70692578.42
64532717.23
69957052.45
69421869.93
63914677.38
65157352.28
26628039.44
63284768.76
30968165.98
26281572.42
140033428.5
140148803.99
74331497.84
24833102.28
62845165.34
70939930.28
64496250.55
19564332.46
139111916.41
64935484.44
70352764.26
64171658.15
74628312.32
25972946.79
64348206.79
66052021.98
138413722.8
75814285.75
137499893.65
139169258.34
26163066.16
70642005.95
138660332.17
74728081.62
19534525.75
75168054.91
63924109.9
75958848.51
70177443.02
138590526.73
74003458.11
30700725.96
139234482.3
64395357.95
23483215.71
70343294.61
63833964.76
74750871.89
30963928.49
70626462.63
63430701.7
65554467.8
74075533.85
26057811.55
74240038.26
70156010.93
74220209.82
139715549.1
64790170.32
65602598.36
70695499.77
139773978.49
74492315.58
65694427.45
139281116.38
63390839.24
75559800.1
74643931.24
26001838.64
139494339.13
26089283.9
31062278.25
62582388.92
70203498.01
63317890.86
70640386.56
139174131.57
26462764.15
139146830.48
26558845.99
65064443.56
22841832.13
75109512.6
63702748.48
74857663.78
75037976.72
25427525.7
74180717.69
75371147.08
30103662.14
26611879.05
74505692.7
139405442.86
65311996.47
74309930.55
71258408.67
65473408.82
138876557.99
26257255.24
63899461.14
30180884.25
138492727.89
139088836.27
64799617.21
64270845.52
26294316.98
139662119.4
75466977.11
138641016.25
75154752.67
30411475.89
139141932.9
63826283.64
63775743.92
26105051.28
19839435.97
30318626.98
139580067.36
13666588.18
139369439.6
140048275.76
65517917.52
138467573.46
74709057.91
64895302.55
20251181.18
19871102.98
63853552.25
75159552.49
26843792.12
140586807.21
74172441.08
137117740.14
25448875.17
75265112.92
139885050.4
31305839.63
74229232.89
65169776.05
138036109.84
74753483.63
75243814.88
138976016.81
64108060.42
20265894.71
65027989.11
138731675.51
63294475.32
138816906.04
70769709.33
139134088.72
74241723.58
74627222.0
64960748.46
73824220.75
65413881.11
74973718.8
70276381.35
139192335.94
64387257.33
64182192.61
139089838.75
140151969.76
75171943.19
25860721.06
138794860.29
75441336.52
74033912.87
63827253.89
63576816.83
30597327.11
64658850.85
139715188.67
31906073.27
64864968.56
64989544.84
64867929.09
26190403.64
74187687.66
75288627.66
30401496.43
74533360.85
64435367.88
70930243.03
23193821.91
74630554.11
70441663.54
62999925.54
26241940.25
74590418.37
64775129.81
25614854.51
19652351.74
75070125.21
75209330.23
64024419.52
26799451.99
62839969.81
63680620.67
139427741.29
70283467.41
64588064.31
69841410.76
70816050.3
64377374.33
65875548.1
26418072.93
63896524.96
31442658.81
26129387.91
138149287.17
138446457.92
74795099.75
24519847.76
63016415.19
71014778.22
65441962.27
20108118.84
139672477.43
64688371.68
69518344.46
63360142.32
75395038.03
26563757.42
64767421.96
64428647.76
139610482.81
73784275.29
137963118.95
139919277.25
25644497.93
70602008.98
138206121.62
74594435.53
20024197.84
75131338.74
63092216.57
74400998.49
70089780.52
138623433.28
74869518.74
29473946.43
138423646.58
64278213.38
24037888.52
70909671.95
64112547.59
75197979.88
31076744.53
69966623.29
62716924.11
65234280.65
75333900.11
26131912.66
75013276.9
70062827.93
75372214.36
138157397.89
63756335.89
64711317.76
70860018.85
139135683.89
75141476.06
65587493.54
139373207.15
63393876.37
75082542.4
73539482.24
26344376.96
139976256.64
26130603.08
31869109.24
63177768.39
70025178.95
63306888.37
70605287.47
139319648.75
26163538.54
138356507.93
25990446.93
64563487.61
22642951.47
74319406.59
63386494.98
74137248.42
74645188.99
25889199.63
74785814.08
75318736.4
29906381.86
26225504.49
75094471.31
141351186.7
64600066.04
74933841.32
70308881.79
64940166.37
139882986.58
25729300.62
63748464.72
29792654.87
140437777.4
139404831.85
65329812.76
65488950.66
26173999.61
138319956.01
74403571.04
139869324.33
74864947.84
30632809.43
139284376.94
63152165.87
64249327.41
26353579.81
19984610.79
30614633.99
140440021.43
13667082.73
139670421.06
139568524.78
65536652.86
138195791.96
74361942.48
64736244.71
20233277.24
20044944.6
64142608.0
75058120.8
26514661.41
139458978.65
75260941.69
139110731.1
25897375.61
76168680.83
139270662.99
30922016.26
75347943.24
64635925.64
139897530.54
75045374.13
74863802.22
140150224.58
65043742.18
19927590.6
64571436.07
138995423.06
62960045.67
139197250.17
71211203.27
139165596.18
75231628.25
74836354.06
64567357.31
74528945.95
64281233.3
74202424.2
71739772.88
140236423.29
64182181.82
63869205.51
140444793.71
140150500.87
75903027.57
25809533.27
139426436.96
75018244.48
75392793.78
63650568.29
64840402.34
29890971.16
64648624.35
139780295.98
31563848.2
64846517.84
65402250.65
65606702.58
25538121.55
74158207.6
74817079.4
30755784.82
74469654.92
63051815.22
69839102.8
23867566.11
76558804.75
71317938.31
64393186.81
25776978.33
74690966.98
64632235.83
25817752.21
20244689.37
75188963.55
74670306.92
63119539.11
26059221.5
63412777.46
64594265.73
139660519.82
69448748.69
64345211.84
69435211.31
70477481.46
64196164.94
64720425.01
26475078.91
63619278.33
31556703.71
25998308.51
139486702.32
139726968.22
74692476.63
25573984.42
63891396.37
72085707.29
64340685.8
20136692.47
140063060.07
66276133.91
69801624.62
63433741.05
74230516.36
26125620.3
64882043.97
65144141.58
139707323.96
74392752.39
140483612.96
139895299.64
26104092.55
69680661.58
139665732.75
74659035.23
19972537.2
74802048.5
63244727.04
75144543.41
70516994.5
137980002.51
74869159.91
29961346.84
139116111.56
63091215.39
23140071.14
70864822.05
63453185.76
75234765.36
31485855.05
70681371.76
62919738.7
65189720.36
75356884.07
25924051.46
73788725.14
70578975.99
74943515.51
139621514.12
64545041.28
64976965.74
70359466.96
139373708.03
74647645.35
65080262.46
139035180.2
63991796.98
75558762.61
74648006.05
26082362.22
139890011.73
26030167.05
31091472.46
62891326.03
70714349.95
62382341.96
70669844.96
139610869.21
26474678.52
138921458.05
26062670.86
64258593.02
23013776.08
74984152.86
63296555.82
75501127.57
74634858.72
25877527.0
74165532.86
74877892.84
30520724.42
26622485.46
74509026.64
138080295.82
65349869.14
73809133.14
70476554.55
65662288.15
139270857.15
25608040.1
64185795.7
31049602.56
139218451.05
139012253.32
64928813.55
65452397.51
25880356.3
139613387.94
76306566.4
140685426.33
74654347.52
30044245.89
137524479.15
63244729.05
64001971.85
