27351534.79
64861925.51
31081092.37
65910316.91
30939860.11
139698991.97
76342430.31
65971761.63
140215356.74
74719394.12
138516870.85
21243129.44
62884375.73
138812560.91
65832747.2
74733487.4
65019251.14
28017784.38
66554692.82
24761189.84
75602071.73
65682730.38
31042927.75
31599641.05
66579866.47
138850494.64
27293205.12
74139501.66
139574370.28
139250077.22
21227833.04
63484506.78
139146289.29
65141339.85
138507889.69
25516253.02
140678730.4
73845303.02
26824672.18
138478253.99
27075133.46
139528349.28
74344695.48
64061465.29
139199020.16
139633249.32
21804164.32
139366233.5
139943067.75
74885867.48
14539667.46
139832134.18
27325687.79
26445102.27
28421062.61
74358443.21
27834015.26
139256671.35
65081619.13
31154907.77
71651414.25
139058411.06
138753074.34
75628150.82
73242701.01
27947111.38
27548654.22
75432902.67
31964799.57
70294044.73
70431039.43
64488420.58
25842668.19
140694022.15
31665378.2
74026574.94
66349461.07
75168195.72
63270814.62
27805572.73
75630284.18
139196341.64
70768029.21
65459287.57
139482314.96
139976833.96
74710654.7
74886461.2
70178447.1
25920280.81
64540169.67
138187606.69
75187592.84
21525678.57
21596230.86
74807750.47
66391578.23
139827756.31
26705759.59
74908480.73
62892186.02
70738389.51
139571172.18
21617019.53
71662139.47
64928218.3
70294044.15
139116041.22
74864532.14
27112128.83
138746647.97
66215307.21
66299005.92
75950620.29
139089626.07
137631196.57
27549161.76
69845986.33
64999769.98
27621198.1
31561261.04
139614874.08
74586625.74
139317412.35
71053425.95
139429287.87
27007526.73
25407812.06
65561809.67
21234763.9
63890760.43
24488145.45
69487829.2
75411646.81
63907980.28
70675653.57
65137411.23
138529198.71
31726806.34
70623757.1
139191332.22
69950326.8
74630238.14
138957112.49
21542084.95
139707875.2
66255947.8
65530420.09
75610680.42
65920611.44
64849507.09
139192899.69
139915164.84
70934370.11
27237885.0
65402634.01
26932411.78
63970088.61
74729645.66
24544293.31
139466902.95
24537778.13
65421239.35
74341041.46
139168846.17
27017635.48
65585620.5
70296009.54
27529083.3
76131824.92
74376351.23
27599877.03
28587475.2
74939017.78
76352353.47
25804718.0
70462241.91
31833163.07
64204971.18
66287416.65
70862603.98
25330870.42
139377292.16
65036782.46
63944390.01
62450578.19
31410448.54
139234939.38
66253041.27
65941898.33
66517799.39
31751755.3
139020802.19
75904187.58
66335154.6
73434461.5
14610965.02
65433563.25
71163274.52
63979871.49
27233616.41
62449291.87
30657753.43
65762284.37
31435961.95
139052512.73
75239168.74
66065206.73
139142979.03
75025663.18
139503493.03
21067846.83
63703283.13
139634626.15
66604235.73
74303943.12
64855830.9
28492835.73
66390220.18
24220655.04
75000715.1
65903650.26
30855873.18
31203634.68
66367433.27
139767699.0
26742772.78
74849042.65
140089811.66
139880459.68
21518631.91
64152336.17
138862022.52
65058285.31
138909254.74
26034669.55
138179518.0
74773756.21
27376058.58
139379066.27
27587046.85
140028821.07
75916747.49
64057451.16
138826761.0
137552632.97
21766348.29
140473731.78
139630211.42
74674324.11
14527578.65
139919559.34
27323527.31
26891185.0
27752154.55
75891166.99
27707704.06
139941443.2
65783751.51
30801587.59
71390959.53
139861377.48
139297492.59
74823528.81
74491178.78
27838699.49
27828251.38
74573312.85
32462395.78
70033015.07
70264994.12
63989867.26
25946891.86
139147100.69
31720124.54
75620063.37
65861690.05
73911993.3
63898284.84
28528256.35
74945908.53
140171089.61
71001373.53
65124335.61
139442122.6
139364904.53
74464579.66
75530891.72
70822680.99
26001438.18
64103071.14
139786814.94
74643415.3
20838233.1
21898026.75
75131012.06
65406570.15
139638094.3
27017451.58
74552575.93
63925991.18
70173578.26
139965346.98
22018692.22
70780176.78
66473584.4
71090103.58
140137223.85
75012059.94
26527694.81
139052738.42
66350125.13
66609948.5
75411285.49
139100622.92
138325851.35
26519240.57
69386998.23
65201305.68
27646938.16
32511858.63
139543598.87
74181890.47
138614027.53
70370334.07
139649321.44
27157981.59
26024491.31
65797529.02
21264864.24
63252103.6
25204179.06
71061610.68
74991178.79
64005692.41
71247448.8
64688067.87
138434416.84
31580219.88
69945447.03
140049109.97
70834654.16
75258210.23
141399099.23
20561362.91
138866343.1
65983616.01
66496982.19
74839826.95
66228005.96
64672524.85
139025396.78
138748498.31
69976258.49
27284092.01
66491281.59
27394636.42
63710699.68
74173137.91
24633435.59
138401758.57
24718821.5
65340604.09
73969848.27
138648863.71
27082877.35
66252988.92
70631815.52
27778847.42
75096403.02
74355835.7
27181626.15
28463217.05
74556711.19
76194198.97
25930147.13
69396470.44
31439894.81
65230395.37
65761807.51
70856578.55
25841822.3
139348752.14
64948605.0
63680377.56
63283351.48
32602968.93
137472180.74
66718561.15
65697828.45
66029878.04
31620656.2
139734201.49
74198060.14
64487501.98
74546376.49
14509560.79
65941462.8
71917171.63
64395320.45
27024820.48
63307087.91
31322710.25
67076995.87
31692832.37
138506512.05
75560330.33
65934931.22
138825694.69
74774164.07
140123127.64
21178808.58
63537500.18
140337502.1
66302943.52
74802494.63
64552503.02
27313032.2
66869380.28
24920455.96
74926507.5
66065513.16
31116104.37
31080261.19
66062255.7
140275850.37
27139894.51
73862564.21
140800830.63
139314668.83
21014989.63
63518088.62
139427156.57
64581339.16
139677764.98
25803620.22
138938888.89
75168957.79
27904418.87
140197036.79
27388770.15
138994865.59
73886774.94
63640602.16
139553944.72
138649049.94
21054821.59
138776193.63
139271636.89
75488008.54
14588080.26
139922540.42
27376675.36
26760644.92
27498608.38
76199091.7
27499620.51
139169933.99
65337410.87
31042573.16
71785778.61
139032787.68
139844028.66
74905431.6
75614697.68
27730445.65
27570185.53
74602794.5
32130242.48
70362115.97
71224316.46
63578359.95
26287131.43
139254053.74
31599507.46
75433562.64
65691095.31
75175239.52
63041157.4
28103458.65
74412185.89
139522818.64
70909583.88
64407864.42
138059309.63
139230207.43
75251890.19
75714535.9
70749172.94
25732262.58
63934612.21
139087565.28
74461184.86
21339486.63
21529428.48
75301368.02
66416735.39
139775512.63
27878658.83
74461663.17
63589478.26
70673415.86
138372168.65
22015370.17
71239089.29
66044726.31
70866162.47
139275545.89
74959677.6
27399426.01
139204121.1
66381383.24
65653157.26
75008849.85
139062521.24
138585409.25
26572956.19
71120589.9
65673280.91
28763700.05
31898646.13
138242645.08
73986540.03
140237319.91
71118732.73
139619453.2
27257100.48
25696167.95
65645053.54
21122010.55
63708453.32
23960368.77
72708034.56
74335928.26
63530223.3
70994149.55
64250274.1
138756190.1
31822136.81
70909289.55
137637014.23
70446018.32
75204793.1
138932026.33
20918223.03
139609421.37
66477385.3
65802087.76
73871686.36
66024192.49
64495897.89
139603903.39
140161288.18
69805363.22
26765117.68
66303730.78
27594733.38
63049116.12
75263654.26
24672019.74
139925903.02
24585551.9
64553704.3
74066300.05
139298196.54
27235168.27
65959467.3
70296481.08
28071268.72
75013479.48
74336690.65
27906592.4
28033052.19
74524370.87
75962389.26
25746848.87
69852485.59
31322191.0
64545897.08
66674487.55
71151058.71
25701963.85
139498884.26
66249102.41
63998329.87
63100619.07
31843047.96
139479588.27
65998562.88
65661037.75
66349470.83
31532192.16
138414293.69
75236079.99
66037153.42
74183379.38
14558845.39
66323787.22
70290881.48
63712904.61
27742255.42
63829596.84
32022531.88
66371475.96
31316251.1
139349602.84
76596207.07
65776970.46
139505960.79
73963272.75
138755562.85
21295804.84
64029137.71
139586122.48
65793608.91
74948447.95
65272994.35
27334947.89
66335568.82
24338863.53
74339472.68
65861421.23
31958539.58
31325673.14
66895800.37
140264494.67
27026058.23
74716661.36
139695585.64
140159156.5
21759074.82
63918688.19
138714971.16
65402383.14
138713551.13
26009210.89
139997743.91
74639377.17
27927518.62
139281621.98
27639140.68
138702618.14
74361035.97
62892636.46
139877743.63
138583272.98
21258644.32
138197921.81
139630349.9
74085353.81
14602553.01
138869635.15
27201377.13
27471658.66
28228444.15
75666102.24
27504296.39
139037453.79
65699905.88
30859590.97
71470213.13
139475116.95
139179205.44
74821817.17
75347450.66
27745859.87
28011253.52
75075051.85
31882556.44
70742493.24
70886695.49
63929966.31
26200645.7
139123750.87
32530038.42
74928751.73
66132331.04
74792629.44
63862142.54
28057295.31
76515504.58
138681602.24
70423488.46
64703679.91
138451749.04
138520716.17
75249696.9
75658718.47
70752761.73
26208868.56
62939182.6
140175789.32
74468133.56
21391207.1
22088664.68
75110274.24
65591167.9
139385577.64
26874887.38
74032274.07
63259148.42
70747913.54
139473842.22
21704989.03
71795617.08
65682779.63
70671001.02
138473093.58
75271923.51
27606320.99
139254462.27
66548519.02
65883727.03
75366483.82
139640831.19
139857158.96
26507591.51
69295371.4
64871402.49
27536990.69
31874034.16
139122555.4
75349710.2
138958242.88
71354189.45
139402788.8
27350665.8
26366074.0
66502991.03
20796444.06
64037481.56
24029899.35
71396132.4
74641560.92
64159469.93
71496804.46
65569358.29
139524084.51
31722973.36
69989150.85
138675282.89
69759477.22
74914028.14
140196539.58
21435966.37
139568088.57
65527512.08
65968698.26
74813750.56
66211884.57
65131691.92
139474156.6
139528732.39
70638703.14
26255936.58
66520933.89
27824819.94
64034221.95
73715411.34
24958624.82
139461392.41
24360457.6
65163077.06
74131779.8
139695256.45
27201554.68
65310936.27
69575882.55
27398610.52
74976392.71
74454920.05
27769844.39
28226892.61
74031741.31
76050755.77
25390502.65
70523786.18
31663512.59
64792774.55
65728115.05
69850732.12
25265590.85
138587036.63
66235453.68
64115140.87
63360690.63
31340117.46
139412863.2
66064726.51
66329630.39
65487870.22
31153067.93
138755451.27
74906212.46
65654883.36
74875639.16
14535478.31
65599157.68
70164119.6
63091125.71
27089127.9
63084429.23
31000589.44
65728457.13
30242266.06
138929138.05
75825133.65
65699015.17
138880268.88
73740344.72
139129340.3
21006594.18
63855288.69
138783264.85
66590497.47
74709226.86
64633662.35
28262554.8
66052756.79
24628212.34
73854532.56
65267181.6
31384305.17
32282970.88
65985181.87
138992643.07
27249972.15
73616242.19
139585992.05
138181440.06
20900367.32
63684398.54
138685420.18
66177303.38
138957223.61
25952452.85
139559376.05
75057781.86
27271063.4
137813983.75
27259965.9
138332844.15
74447945.56
63818299.52
140117122.25
139629744.08
21343188.48
138994407.19
138780336.73
75638339.22
14603007.67
139215656.09
27263241.8
27003093.31
27856139.24
74450891.03
27895778.66
139014736.97
64915744.58
31262673.12
71142000.15
139474311.71
138768761.55
74680416.7
74136039.82
27223352.67
27760483.18
75001893.63
32209105.87
70333320.87
71687189.29
64155814.97
25861400.44
139760698.66
32146044.89
74522931.01
66792211.63
74910293.94
64432025.17
28241950.51
75401990.9
139163815.35
69928945.47
64077576.65
139297542.06
139019946.74
74147275.87
75602590.7
69699459.16
25406080.85
63987394.07
138301811.74
74855087.39
21133171.82
20803435.09
75170878.76
65719813.59
138357701.91
26629662.26
75290527.93
64308589.18
69973624.25
140016759.77
21511493.45
70306093.89
66194780.7
70470020.67
139291482.11
74446280.96
27411229.11
139471596.01
65508436.47
66252599.01
75236181.88
139037169.98
138920222.18
27370368.85
69934905.17
64711470.61
27757196.6
31524328.06
139523534.0
75632346.21
138510226.07
71328755.04
140258333.44
26548531.93
25493231.43
66514361.95
21560099.5
63487183.44
25276605.64
71812880.15
75174109.39
63323009.13
70568569.29
64657851.38
140307608.48
31996290.21
70806689.02
138893788.82
69727364.72
75854440.89
139874125.1
21112079.62
139838671.59
66458462.57
66212167.82
74281807.55
66149096.48
64969321.57
140431787.19
138059262.83
70365446.15
26976501.74
66757879.42
27228609.88
63301611.18
74916503.75
24617623.59
139821941.05
24766289.36
64236447.07
74420435.48
139576672.52
26780029.81
66009904.49
70255251.34
28255973.65
75644723.94
74879961.47
27985790.16
28585670.85
74506541.42
75148783.03
25567669.81
69954987.17
31200459.32
64649083.22
66059861.86
71153417.8
26058165.73
139625470.63
65120972.8
63445948.24
63597068.61
31395144.89
140039534.33
65873053.23
67330462.62
65975272.02
31154064.82
140842640.3
74945253.06
65693589.06
75265780.84
14559961.25
65772839.02
70199510.39
63279480.77
27772016.82
64440807.76
30618451.99
65956667.4
31129589.54
139105632.53
74471350.65
67199122.66
138830212.95
75146963.77
139276713.48
21554975.76
63525140.35
139322527.47
65833449.67
73943390.77
66139381.46
28393108.78
66131088.47
24548333.8
73808022.61
65898452.79
31398360.7
32151195.33
66024493.27
138667072.53
26338523.97
74422354.02
140177433.64
139489648.94
21507050.24
63722050.68
139520597.06
65665858.96
139323637.93
25473289.74
138470371.59
74477441.18
27440537.64
138773037.19
27443284.41
139259614.25
75449375.14
63190187.68
138642975.32
138188136.15
21657209.21
139754375.0
139606289.19
74661491.29
14553860.05
140234691.92
27353335.69
27311924.39
28322778.08
75833431.9
27389006.6
139879217.12
64612760.83
30629227.76
71945636.42
139821753.37
138665293.93
75339792.09
74856789.28
27501435.77
27350916.5
74810239.35
32741106.51
69691572.96
71190236.54
63543237.17
25941670.15
141321362.61
32135556.67
75158878.0
66264671.9
74139695.85
64605413.65
27899087.36
75555732.39
139104814.7
70597379.27
64678832.66
139168293.68
138286704.24
74513067.59
75959305.71
69051643.84
25235554.15
63128127.3
139512761.06
74777863.73
21350517.91
21593592.86
74315337.85
65404990.64
140018766.01
26876468.66
74470931.04
63245903.49
70405059.94
139223370.61
20951482.24
71205116.52
67075580.29
72039090.89
138573743.29
75655557.03
26793428.38
139327649.75
66419544.71
65695920.26
74183747.86
139556967.99
139634318.56
26375438.67
70064730.07
65103099.54
26926975.3
32222038.63
139297848.39
75074276.03
139900322.75
71838194.63
137820602.01
27798269.44
25221457.38
66582591.76
21067058.81
64104353.15
24711355.73
71367627.42
74015538.44
63885403.0
71762187.76
64658008.67
138509878.49
31499302.85
70120541.19
139679729.23
70608387.74
74215261.48
140298566.45
21628217.74
138723185.71
66422518.58
66319723.11
74306748.18
65892014.95
64693695.94
139664491.7
140096094.63
69840293.13
26773004.77
65808988.03
27580851.43
64271077.86
74569332.27
24409005.14
139198914.43
24178991.91
65002050.35
74392890.83
138879478.15
26758136.84
66401794.61
70211358.54
28248851.76
75616934.41
75142496.7
27396586.27
27802243.39
74475399.88
75500126.3
25422385.67
69914209.72
31260957.88
64702028.26
65694723.65
70885360.69
25980327.03
138867814.45
65710606.54
63969531.37
64240354.06
31726191.92
138391375.53
66002205.65
65618251.79
66543224.06
31714216.76
139407323.05
75923095.61
65760902.67
74971619.63
14536150.81
66184879.93
71227291.34
63845890.23
27479700.23
64064672.48
30551006.88
65820618.04
30566068.61
138282674.86
75635650.5
65984172.42
139084384.08
75220374.98
138547296.98
20689387.17
63363122.56
138301030.65
66612342.52
74682018.9
64524678.64
27624467.38
66262049.5
24596011.38
75544586.04
65469861.85
30878648.97
31664329.91
65269223.68
139244485.78
26938645.34
74436503.31
139513624.6
139271529.63
21415456.84
64537020.33
138729927.09
66291202.56
138822836.43
25791316.97
140184116.03
74740173.99
26773702.42
140548229.03
27570243.09
139039380.62
74295584.67
63646227.59
138532284.76
139709593.17
21524548.07
139596840.75
138809876.51
74185946.51
14598504.93
139437551.19
27261961.73
26591661.53
28113865.22
74991587.29
27117342.27
139407731.76
64816258.9
31218310.71
71535566.44
138502137.04
138488638.96
74596484.14
74865745.43
27201745.69
27933575.14
74718101.67
32800061.22
70496327.62
70251283.04
63473210.9
25628931.74
139563309.96
30809173.39
74840145.0
65713911.23
74661792.42
63008982.81
28326277.7
75337060.66
138590509.49
70292756.41
65136962.08
138581583.64
141160628.37
74038384.23
75585637.38
70536418.19
25798708.49
63628150.44
139851193.91
74872301.26
21296275.04
21291062.21
74870545.1
65862141.14
140277931.75
26968240.75
74603714.99
63645855.45
70712485.06
139100225.06
21152068.92
72039350.04
66342004.74
70563630.08
138241543.01
73575318.08
26715063.68
139506047.57
65399417.14
66391174.4
75244826.84
140479268.68
140179671.2
26504979.29
69916388.73
64091559.4
27150575.52
32025496.05
138914070.02
73509749.88
139419993.38
71423579.67
140431954.65
27296845.46
26591581.69
66812510.0
21489173.28
63678197.1
24595467.71
71938191.98
73716764.43
63177860.14
70826111.26
65530114.82
138509179.88
31807909.81
71740497.83
139643509.48
69909516.24
75690720.36
138694163.06
21791705.33
139657154.63
66039223.34
65983673.86
74023996.48
65671830.13
64792358.89
139900672.29
138421858.67
70844406.87
26854931.82
66436800.07
27704421.28
63455849.25
74730253.83
24377596.33
138728308.92
24537701.34
64218985.17
74195685.51
138528544.37
26822475.91
65457703.02
70397615.35
28418312.76
75357431.54
74205254.9
27332246.9
27663320.74
74366016.78
76377368.47
25787797.93
70927559.64
31736323.38
64275318.24
66711493.2
70197329.0
25905820.06
138409888.62
65347098.5
62967526.52
62984659.21
31442432.0
138986011.39
66784243.0
66014856.97
65511950.44
31983273.76
140274851.22
75194752.79
66026757.53
73901450.94
14525193.9
66873210.12
70743183.68
63368487.44
27059334.63
63504114.34
30961591.13
66063086.1
30991085.87
140412065.29
76030661.75
65676312.19
140195412.99
74168585.11
138624782.66
20439419.63
64005996.38
140116148.62
67072937.23
74721854.38
64858188.54
27810028.86
65929782.5
25104583.69
74171249.78
66437994.55
30530694.27
30847406.44
65138049.93
139756270.97
27105619.16
74600921.28
140400907.34
139179739.06
21174727.87
63354966.15
139500739.43
65230174.62
139393342.88
25810352.4
139275119.84
74642255.33
27251934.7
138992096.9
27719103.48
139393399.45
75030782.04
63126818.01
139169869.14
140456416.02
21304553.75
139448835.53
138345173.08
74200044.02
14561013.19
140299115.75
27324554.41
26849073.68
27907474.44
75867750.83
27496810.29
140065848.59
65893217.29
30852364.39
71781050.6
139409926.04
138031026.13
75939793.16
74461458.92
27626411.49
27455097.02
74562897.12
32744225.47
70429144.71
71782918.2
65144315.21
25761891.4
139812795.64
31311613.13
74915325.6
66338361.94
74146133.12
64330896.67
28087676.28
74670053.03
139272050.06
69806238.33
65017206.79
139873170.62
139382593.51
74475758.94
75478805.71
70948204.82
26001557.46
64543547.06
139355188.66
73982161.99
21521164.35
21434098.47
74994773.0
66213364.44
140844767.51
26822186.59
74623065.34
63191395.13
70827444.15
138649013.66
21342452.93
71517410.95
66009828.58
69680461.76
139155683.94
74936218.03
27119366.3
137915167.79
66217494.42
66116273.82
75375749.08
138991559.23
139416220.32
26892673.48
69871122.45
65104870.05
27189722.31
32046406.26
138626660.83
75039961.22
139227529.78
70772733.51
139290928.63
27633632.19
25278528.62
66104080.79
20992171.86
64383299.86
24659707.59
70840870.56
74020449.88
63804626.22
70474119.07
64043269.77
138626264.1
30765494.06
70502777.21
138995505.06
71001204.15
74044635.02
139477110.83
22107161.26
139162951.13
66370498.96
66034958.77
74934602.64
65656646.17
64086973.27
139506638.47
139234942.04
71004494.17
26528426.73
65932763.31
27849449.78
63038093.91
75354247.06
24863798.52
139432497.69
24851025.67
66116819.32
75030264.95
138687673.01
27548622.54
66682190.52
70413473.76
27663349.76
75272850.59
75224276.82
27408606.69
28872454.14
74761582.5
74833464.46
26394692.06
69816536.63
31332406.66
65151714.37
65773306.68
70320279.17
25507912.37
139276228.81
65113650.93
64236632.31
63467438.22
31597841.57
139531660.06
66156907.16
65615463.44
65210625.89
31472217.86
138100636.68
73612721.44
66107319.71
74878801.19
14575745.29
66295824.02
71791798.82
64265257.44
28107205.87
64197540.21
30896544.45
66267557.49
30798425.5
139728679.12
76283942.25
66273581.93
139103057.93
75220532.43
138851223.67
20686467.45
63280105.97
139451823.68
66334251.73
75224033.38
65364260.24
27964461.52
65666743.52
24607000.76
74559674.74
65044719.84
30860090.63
31387040.03
66537024.85
140007588.4
26812770.26
74660733.9
139729077.99
139474887.06
21483280.38
63658414.29
139281332.4
65851369.53
138707831.55
25394709.58
139901066.68
75864139.03
27399081.37
138769306.94
27477430.07
139289390.83
74664613.04
63275920.62
138545698.8
139152018.76
21033608.64
139637913.25
138770874.74
74394865.02
14560734.71
140604629.34
27411246.36
26494901.07
27909746.0
75552729.92
27143335.96
139203410.53
64686780.82
31468603.47
71575395.25
139920824.26
139125204.92
74659272.59
74818115.13
27283019.65
28336063.55
74826555.08
32123689.37
70751941.43
71265832.77
63258570.42
25825516.88
139093355.09
31702849.79
73244527.36
66227341.47
74245652.98
64084979.4
28480313.99
75755595.04
138869889.12
70965990.0
64225790.22
139188113.77
139039468.66
75254002.2
74542949.67
70599205.95
25785890.53
64126751.04
138801428.41
74629310.49
21431240.22
21603879.85
73960802.41
66400336.01
139381826.69
27298284.84
75426360.14
64271071.27
71281747.62
139826520.45
21123344.61
72176446.99
66155435.93
70596178.12
140048637.42
74580559.64
26151621.0
139162352.81
65777423.94
65658608.68
75268955.85
139388677.37
138752078.16
27633970.08
70443266.74
65183610.84
27801988.9
32190486.45
139772402.61
74439439.88
141115566.84
71338395.28
138124679.83
28158381.65
26014822.43
66267960.95
20871172.89
63988977.22
24586238.94
71171638.11
74648380.56
62932769.88
70850396.9
64803614.46
138316730.58
30937085.8
70143456.66
139598074.23
70540069.58
75521735.99
138897229.14
21492245.61
139900883.34
66525135.14
67092404.1
73993353.21
65883230.91
64355790.05
139172663.53
139781215.59
70052924.7
27310599.01
66186706.72
27466120.5
63494682.37
74426402.31
25301153.65
139318653.41
24309269.32
64744245.99
74861448.32
139093698.72
25972486.02
66515250.94
69693604.18
27751462.26
75530647.27
73325609.86
27497175.67
28150160.21
75199714.33
76758464.64
25433040.66
70063093.97
31235519.09
64327115.01
67035337.59
70111544.29
25875671.71
139850704.41
64721308.65
64736964.33
64019404.25
31201844.84
138845281.71
66406122.93
66061675.64
66688284.23
31553698.44
139919545.02
74566057.11
65905002.61
74855242.61
14552233.1
66642488.74
72189682.83
63355036.79
27050367.79
63766273.54
31546084.75
65679333.25
30411534.13
139025755.75
76150873.36
66379163.73
140258214.37
73789082.74
138876915.52
21161183.68
63917072.55
139053209.61
65770571.8
74773356.87
64802269.81
28175385.31
66489619.2
24570613.53
74640081.56
65772425.89
30933432.7
31306257.01
66260722.16
139129076.12
26819927.01
74998864.39
139340459.61
139927173.53
20765184.95
62814290.37
139771614.92
65609599.62
138973462.09
25665762.41
138033838.16
75494092.42
27902732.0
139343161.94
27498943.24
139078185.72
74169146.54
64125739.46
138659949.77
140826371.84
22047678.8
140077050.55
139188958.02
74727492.33
14569526.03
140186254.86
28025729.95
26119013.17
28408717.48
75567289.07
27224583.63
139645023.68
65158934.84
31108679.27
71241719.29
138754181.76
139963359.94
74631134.3
75193720.01
27854918.37
27954296.98
74943326.18
31803610.33
69699927.18
71283693.24
63655537.08
25775678.68
139828050.4
31710358.78
75751224.55
66216455.76
75032166.77
63294292.62
28254322.84
75746964.31
139913558.77
70946810.52
64476369.93
138788454.16
139646271.51
74287072.15
76325560.81
70431360.38
25496314.17
63246548.35
138869860.35
74680062.69
21079647.92
21049118.74
73290816.16
66017958.24
138936280.74
26676112.51
74436256.98
63809242.62
70690548.59
139172640.7
21502564.01
72430018.21
65824348.34
71132591.41
139361932.13
74518703.98
27191940.7
139192507.75
66253987.85
66392773.54
75599720.04
138991174.43
138074461.95
27298322.54
70295885.71
65848155.41
27614379.94
32653583.05
139362930.18
73909639.13
138070079.19
70909148.83
139664549.07
27634798.72
25625172.84
65679570.66
21231103.55
63371652.67
24080386.49
71175753.79
76094265.16
63813218.28
72226316.4
64643574.61
139626266.0
31998893.81
70749977.11
139556227.07
71079912.9
74977428.23
139883060.65
21520456.98
138737908.22
66206144.12
65545099.85
74249997.17
65612019.67
64158604.24
138364975.76
138767568.53
70082053.24
26964428.84
65470285.15
27765119.43
64142610.62
74764182.09
24818540.78
139139944.81
24224659.26
65619165.33
74806953.72
139035349.77
27172514.33
65768915.27
69897648.03
27730937.21
74894747.18
73978367.33
27472981.81
28186692.59
74558484.49
75933083.83
25304392.2
69619618.99
31192040.45
64746218.12
66205848.66
70245293.79
25918439.76
138929331.69
66587623.75
63741250.99
63510417.85
31467600.84
140157873.39
66400365.99
66091036.02
66310897.55
31757357.36
138755092.34
74477758.08
66245483.73
74193843.03
14537785.36
65340219.85
71149768.06
63937959.35
27846443.38
63910687.34
31470628.35
66358096.02
30637457.57
138389138.92
74979154.52
65664157.78
140173416.1
74217496.66
138687432.69
20763578.98
63791109.21
138344873.57
66344206.25
74551932.63
66064083.19
28052851.45
65888951.31
24473992.35
74826230.12
65585122.7
30875586.27
32840952.26
66532567.05
139399816.95
27390722.75
75407581.12
138810630.24
139009371.03
21564127.64
63556842.15
139670842.63
65126012.22
138131399.21
25962180.48
139589532.22
74856100.79
27415339.89
141127956.6
27761184.26
139638182.64
75149812.17
64156130.42
140293584.43
138693696.64
21741317.27
138429132.0
138647226.01
74893955.83
14511682.73
139003443.83
27142413.47
26871549.46
28407045.54
75412569.38
27768165.46
139239118.91
65027693.1
31252047.68
70858580.67
137385443.58
139451885.64
73851043.75
75161848.88
27651328.18
27565993.45
74664612.37
32339263.1
70392200.47
70718256.17
64490970.0
25834951.02
140080612.07
31573804.3
74615163.78
65439440.36
74512957.3
64308214.06
27811886.85
75235551.93
138772426.06
70514065.6
65135752.62
140037309.27
140693245.62
75372397.17
75213192.54
70042110.74
25190268.96
63679492.25
138974114.66
74279209.71
21105691.91
20993230.35
75149979.1
65510236.37
137900781.89
27091017.83
74479662.31
63106265.89
71385519.22
139654593.07
20932954.63
72319999.7
66461023.29
70829342.44
139219108.3
75288801.74
26788693.73
139799016.16
65723991.69
66213880.2
74364897.57
138246242.42
139819581.75
27197555.86
70500062.82
64828969.84
28058224.26
32761437.36
138421971.17
74922918.35
139025972.98
70288251.11
139327690.85
27596519.87
26069822.14
66558015.4
20916103.89
63796551.88
24373634.75
71341977.16
74838972.74
63339359.44
70935007.81
64759392.58
138879290.46
31656314.85
69865456.9
139286392.32
70468631.67
75242969.79
138756084.86
21445631.19
139655144.37
65749785.06
65632195.48
73700272.88
66647005.91
64812873.47
138912000.94
139308116.61
70312983.39
27214387.97
65401528.33
27382096.77
64331971.64
75356893.46
24072383.64
138808361.18
24351731.45
64469375.65
74824404.69
138839446.33
26865316.6
66691988.84
70830170.83
28167716.29
75287500.55
74343352.67
28070537.84
27523321.55
73972116.8
76300788.56
25717058.02
70699476.88
31283159.41
64652016.56
66436492.06
69982632.33
25805865.27
139388466.53
65724450.03
63895503.05
63738527.44
31835471.74
139957782.23
65654681.62
64960747.93
65680409.21
31330820.55
139713339.47
73710730.73
66373749.46
74836201.61
14512923.2
65563302.59
70838916.26
63851352.48
26682841.06
63448143.59
31216280.39
66310651.92
30776364.25
139585146.78
76122115.77
66116993.38
138776266.57
75029197.74
138641521.4
21566466.57
62603002.2
137413376.13
66118484.64
75119082.57
64992652.07
28116949.96
66394721.96
24923100.6
74572485.22
66266764.22
30365807.3
32066908.58
65979728.57
139647841.42
26595997.19
74468132.62
138863869.2
139558233.41
20633116.92
64009312.03
138435634.53
64845936.69
139327938.11
25932123.38
139337823.23
73665914.7
27222703.42
137098301.9
27294364.36
140075115.9
74719347.09
63553233.49
139151760.83
138076236.97
21323495.98
140276150.05
138891767.09
73529174.06
14586761.28
139507803.99
28200657.21
26735289.16
28215427.48
75826160.59
27212261.72
138676473.85
64544911.44
30755361.92
72468008.52
139704455.02
139959292.91
74930121.9
74116851.81
27379378.32
27703919.99
74435404.48
31916134.49
70064969.33
69892928.75
63431720.8
24948002.83
139794646.47
32212492.57
73904196.76
66588589.7
74281520.92
63749141.76
27984111.91
75559831.13
137909248.03
70582244.9
64665126.92
139279496.6
138731259.64
75427070.32
75308928.7
70350486.59
25533555.67
63871535.52
139311885.17
74081240.81
21333551.17
21763710.09
75128228.0
66395889.37
139665566.4
27251898.26
73532086.56
64066716.28
71116758.29
139188527.87
21477614.12
71639016.96
66218649.36
71331445.4
139977730.6
74602380.33
27160542.0
139114313.71
66532764.87
66329363.19
75053816.66
137840636.94
138550458.55
27015447.78
70349891.77
65133764.18
27797208.66
32267178.64
139149042.6
74355048.13
138685292.45
70498462.34
138660377.47
27998915.58
25533814.08
66017071.67
21173271.63
64195173.86
23841624.75
71494833.3
74222145.8
63556770.32
71785470.6
64579475.62
139643662.51
32126984.89
71011004.41
138482935.54
70018490.63
75567198.73
138386994.19
21759482.1
139472292.08
66965175.88
66695893.4
74266237.72
65847146.57
64445964.07
138339340.88
138773704.26
69824593.4
27393051.86
66469287.13
27778216.75
63788662.0
74163737.63
24608748.35
140028508.86
24448829.29
64937662.19
73387680.91
139294391.2
26721917.93
65638240.9
69613790.39
28740116.89
74776895.67
74394143.05
27824738.67
28001972.73
75349388.75
76408004.2
25437797.83
71315483.59
32077327.77
64201806.78
66521414.57
70317287.06
25704663.14
139274542.32
65112112.69
63981266.54
63993240.86
31159484.92
138870512.23
65037359.03
65833819.64
65537819.72
31748643.25
139436512.49
74615692.99
65560909.66
74592621.69
14536031.49
66621853.86
70259996.44
63738380.77
27967356.67
63340354.12
30703337.54
65393721.72
31260578.12
139729579.77
76275869.37
66835465.47
138922970.67
74294367.92
139205396.6
21875124.41
63434472.78
138255271.89
66350334.38
74599729.26
65344591.85
27583605.12
65404667.15
24549010.78
74156970.08
65440884.47
30908150.08
31604828.55
66238947.94
139003335.62
26807881.27
74294742.69
139539965.39
138834071.88
21662750.57
63751414.67
139734063.57
66386998.92
139077434.77
25771095.4
139022534.28
74334932.6
27668111.71
139326204.74
27230888.63
137787404.41
74764322.59
63549764.09
139761042.1
139527116.75
21428705.97
139141780.8
139954248.15
74899482.35
14545918.45
139604583.87
27222304.35
26487696.17
27640439.18
75662188.23
27578932.85
138995567.86
65040145.98
31085904.97
71300987.55
138857313.09
138257365.58
74639655.36
74243139.02
27551922.76
27208935.69
74416947.4
32623015.51
71794775.77
71154443.65
64038740.97
25014822.33
140215764.16
30792227.22
74534093.15
66107137.88
74435112.82
63099548.83
28162955.98
75253799.43
139242902.78
70437824.12
64404110.2
140958230.9
138917344.86
75548546.13
76558387.48
69934218.34
25404214.52
64312645.64
138869779.78
73952043.46
20797941.14
21732061.47
74983318.01
65460702.79
138400894.57
26767529.18
74682577.26
63791248.53
71440306.27
140145570.22
21709068.38
70758793.27
66303107.28
70587995.1
139054939.8
75076698.95
26677526.85
139718611.99
65655166.3
66008649.39
75847388.1
139558546.54
140052713.22
27457759.02
69985372.72
65113469.66
27593267.83
32136976.35
139517491.18
74802144.75
140368975.19
70509874.46
138140503.92
27439360.3
25743409.71
66283044.94
21171492.28
63573138.53
24526045.76
70664646.56
75509507.02
63164866.51
70296739.13
64357377.29
139517307.37
31673604.85
70157585.78
138442304.13
71076418.91
74785882.69
139253303.0
21356948.67
139149110.32
66347343.87
66122353.35
74569135.75
66627260.76
64795523.53
139558749.65
138687862.56
71184904.63
27217679.96
66139747.7
27666716.83
64080578.01
73817321.33
24745870.24
140038209.47
24278874.49
64831373.9
74756843.69
139590986.65
26839564.77
66347568.57
70594320.07
28106271.0
75332810.71
74491396.58
28068438.21
27832305.36
74607148.74
76487734.25
25594609.63
70331980.06
31786908.71
65027804.54
66374865.23
69464158.61
25551447.69
138968124.24
64729479.76
63698496.83
63787436.25
31133950.39
138051244.16
65772181.34
66570811.83
66671548.53
31130313.6
139748225.4
75866934.87
66685728.28
74530972.01
14560879.94
65784084.96
70692437.63
63843618.61
26955007.7
63012306.76
31599748.49
66989691.81
31245478.06
138635722.02
76466488.07
65743959.2
139799576.15
74886122.23
139254743.03
21091558.52
64580289.56
139211182.63
65920305.81
73809196.32
64263643.38
28219528.89
66934219.31
24568846.06
73932836.35
65484225.85
31680157.36
31067045.82
66527705.08
139215870.21
26967405.47
74133201.65
138710335.73
139395643.27
21237286.81
63657076.23
138192398.24
65556655.51
139622714.35
25485227.07
140148777.35
74797226.47
27391050.96
139080211.87
27426828.69
139271237.47
74237180.43
64135970.78
139346534.68
138882155.21
21749505.11
139957808.05
137964129.89
75583428.2
14533305.51
140001466.05
27609756.4
26678215.28
27916709.31
75036722.87
28369749.0
139413084.31
65370800.08
31237395.09
71442832.69
140281348.09
139104029.38
74249692.32
75226904.43
27746454.08
27250090.59
74504251.21
32018636.68
69547594.02
70315714.56
63289910.44
25595202.97
140061583.82
31523432.42
76175428.48
65686828.01
76208075.57
64161768.88
28394479.06
75881916.6
138930823.67
69461195.96
64552493.81
139301409.24
139180582.06
74838753.39
75390860.92
71150489.82
25327550.0
63887541.91
138576367.57
75716364.36
21386061.78
20850133.16
74956675.45
67423731.26
140357928.35
27061650.58
74732421.68
63820480.19
70575950.72
139169750.24
21387485.04
71661361.61
66000223.37
70612896.22
140352985.91
74342692.38
26565511.35
139120723.27
65343911.73
66420719.17
76591801.2
138929471.87
139469002.96
27471642.32
69913263.8
64999751.44
27321235.55
32850584.17
139711688.92
74860692.81
139238549.11
71130596.61
139023057.11
27274600.25
26090092.24
66414402.61
20957363.59
63577739.57
24742853.42
71111978.05
73864363.05
62717295.46
70687097.68
65000519.32
138701410.42
31576970.64
69696317.77
139527350.36
70994793.71
74527935.24
139525868.89
22037120.0
139950088.07
65611980.18
65876123.43
74606232.98
66619928.46
65156755.66
139122671.13
138371643.39
70879117.98
27164126.52
65877797.02
27753685.47
63659421.98
74372964.09
23701719.22
137853014.78
24994835.6
64856922.37
75018709.0
139172923.35
27065091.19
65576998.37
70585107.23
27934908.76
76374486.67
75926672.42
27945135.8
28052237.38
74754256.66
76041683.13
25829046.86
70890627.89
32227325.96
64602969.97
66280977.86
70666939.75
25820517.88
138636354.8
65378526.75
63358719.95
64524349.99
31671789.96
139267895.73
66518464.33
66140000.88
65979722.2
32065858.99
139776560.49
75620222.51
65273201.27
74763290.04
14561571.45
66711230.44
70716287.59
64091693.09
27586873.31
63457692.95
30782682.86
66794915.77
31593582.35
139034279.89
75639226.79
66808772.63
140501767.27
74953561.56
140052082.73
21280682.38
63814483.98
138719541.45
65765060.02
74060457.53
64925006.22
27769354.78
66265718.92
24986512.83
74814224.66
64805097.84
30455655.15
31850165.25
66619945.74
138342985.57
26904941.76
75263119.43
139113091.48
139276206.79
20983953.08
63558070.03
139063366.61
66025931.3
138707757.63
25738691.47
138626016.01
75007849.11
28208089.44
140686667.77
28268890.76
139965023.77
73734885.13
63976578.02
140582104.13
139278184.4
21221616.98
139024118.38
139410489.98
73591922.72
14573836.32
139715619.77
27715579.45
26901996.06
28718412.92
74471455.26
28030184.24
139641813.1
64522449.58
31086831.65
71927904.85
139527452.56
138888860.85
74363158.87
74266053.05
27006086.68
27707762.84
75523987.21
32394303.18
70414662.94
70905776.52
64366394.4
25449529.52
139780268.74
31682931.18
73903652.3
65462392.9
74849383.74
63590597.49
27538418.71
75479856.61
139613741.93
70681003.16
65417523.02
140321266.53
139800380.11
74234833.58
76303474.85
70329045.87
26246363.98
63831371.08
138094124.46
74834134.53
21569788.23
21483505.74
74916509.28
65948725.11
138513965.04
27030871.15
75034166.15
63359402.5
72026977.12
138684427.88
21737194.1
72190548.17
66475452.47
70259034.51
139282531.37
74771959.67
26963236.26
138879661.63
66186559.62
66195555.05
74836334.58
139140236.67
139575458.83
26749250.6
69856449.32
64966048.92
27297557.62
32197903.61
139429831.4
75265459.28
140263379.31
70405018.55
140579519.02
27380096.07
25712543.83
66527192.95
21423508.08
63623386.21
24381478.7
71375374.42
74112146.9
63603914.33
71618759.44
65099412.19
138134270.92
31664156.66
69428131.69
138598923.04
70577846.76
74785257.79
138656003.2
20163649.83
139326309.23
66328647.08
65811610.61
74501497.66
66681372.81
64842027.08
138758641.43
138995449.27
70469377.87
26616324.99
66102201.18
27603120.26
64015571.71
74172490.45
24936712.8
139859963.13
24269396.53
64446212.43
74150744.52
138502384.06
26632163.16
65726568.14
69991624.84
28150316.39
75545373.09
75292635.45
27846132.21
28465310.7
75176592.46
76252714.03
25428486.53
70060245.64
31009436.41
63945872.75
66339350.83
69780949.17
26177703.72
138659904.17
65540433.09
62892560.64
64070665.17
32430326.88
139975254.52
65767582.77
65770279.71
66159265.49
31646161.99
138284877.08
75177313.65
65878870.92
75369999.92
14558022.96
66313045.58
71241009.34
64626666.09
27210776.66
63929161.29
31044960.2
66375632.17
30823012.19
138384459.46
76426444.49
66438984.03
139137257.98
75066882.06
139145861.21
21058778.64
63676004.86
138762371.19
66314986.35
74227887.05
64234949.37
28141264.02
66203698.69
24630200.09
75183712.81
65964024.76
31215095.69
31575684.64
65611884.17
140611456.07
26809996.38
74871336.15
139696191.13
139501915.01
21515141.23
64143319.5
138446396.27
65295814.24
139319030.54
25592976.25
138096666.72
75026174.06
27217435.67
139736589.43
26891611.37
139782508.99
74168705.62
64009904.23
138616763.07
138764077.13
21159626.85
139794850.3
140041613.16
74538930.41
14552152.57
138889877.05
27922919.59
26597252.97
27964588.6
75552549.57
27453933.81
140037779.7
64266332.26
30679758.35
72321249.16
139458100.92
139251937.39
74934413.0
75175263.9
27407051.73
27406076.81
74963770.78
32055029.26
70594442.74
70844625.86
64008583.72
26295495.62
138019294.59
32140244.21
75222155.52
66591164.0
75342864.88
63484159.93
28363248.87
75376737.07
140422444.74
70053322.64
65103179.07
139456467.78
139946999.35
74607893.44
76213353.76
70701512.32
26115822.07
63879372.88
139452110.43
74678116.26
21181811.5
21509465.45
75590320.11
65787992.67
140208329.92
26886436.02
75354497.65
63526875.16
71575673.27
139076298.09
21244394.85
71856313.67
67059620.96
70132760.8
139768978.76
74261504.43
26900117.24
139424794.76
65901355.66
66393342.14
74487190.02
138637255.97
138933444.19
27171582.95
70152806.91
65555980.47
27620372.89
32360826.18
139001644.64
74381435.19
138919572.09
71106260.92
140298811.41
27707603.74
25703300.73
66129924.76
20744899.85
63441422.25
25194986.38
70445044.67
75144568.16
63373808.68
71069228.55
64212170.9
139431637.15
31537005.0
69405469.93
139524124.1
69924322.42
74818767.87
139428795.43
21389317.94
138077409.15
66406498.05
66223676.68
74245641.12
65450728.89
64595262.52
139833197.56
139775773.98
70834489.58
26922059.67
66734314.55
27323363.25
64173974.02
74718813.57
24358574.1
139649724.15
24214958.17
64180821.45
74741721.39
140151511.36
27219681.25
65942234.32
69473120.08
27797228.13
75493918.8
74483576.65
27632126.35
28081544.53
74617825.46
76416664.58
25485540.77
70244276.87
30957106.38
64635275.64
65750671.47
70180302.66
24985478.51
138660149.26
65867342.12
63540666.12
63833151.76
31565202.32
139588476.2
66149554.56
65860916.04
67036390.77
31616799.33
138362807.4
75314405.91
66372181.55
74367883.32
14532703.64
66653761.47
71812684.98
63990427.36
27795230.24
64567300.5
32211777.72
66905402.92
30959488.05
139096076.99
75875585.15
65992077.86
139673929.88
73933058.76
138790668.56
21621794.86
63379917.36
138286614.65
66104779.82
75226091.37
64183352.78
28377398.18
65842505.95
23488186.63
74501098.11
65822274.22
31691489.44
31275270.82
66516525.41
139305057.49
27444410.19
74970731.53
139132268.06
139096183.12
21089503.66
63486519.4
138922737.95
65514194.95
139831432.52
24633182.27
140332014.11
74128645.6
27714552.73
139928767.72
27427152.71
138539428.41
73712625.18
63867361.4
138315806.65
139704926.05
21167669.53
138207728.93
139336085.85
74596512.66
14573775.3
139618558.83
27272444.81
27168401.3
28372970.05
75217748.06
27256785.28
139107102.74
64835467.23
31358956.27
71533319.41
139954921.65
139503223.47
74568557.57
73989926.61
27404060.11
27601168.17
74160765.93
32644509.24
70358188.64
70909895.43
62857322.55
26026461.14
139722869.81
31734342.52
75118301.45
66620242.61
74630011.41
63761344.42
28333572.95
75039564.83
140182201.02
69649930.74
65308404.63
139762225.88
140193539.33
74106602.2
75258413.74
70984026.73
25739244.74
63407170.75
138646274.67
74926351.63
21397099.18
21223645.63
75061576.88
66318067.95
139621682.41
26905447.21
74159715.73
64216163.92
71540342.4
139230285.64
20939390.31
71904796.29
66357239.26
70861411.77
139744861.03
74979644.15
27713402.71
138711223.81
66272025.04
66760871.29
76324306.49
138413361.75
139499692.79
26867023.16
71269934.74
64983974.6
27567640.78
31712181.3
138715448.34
75070530.1
140209402.57
71732835.84
139245467.53
27471935.47
25654472.0
66476430.35
21143706.91
63807710.37
25274625.06
71427115.01
73725607.13
63573112.03
71553354.09
64505584.92
139580343.83
30540177.47
70235392.31
139833329.67
70445611.79
73792909.17
140942587.6
21449026.45
139495161.26
65730766.61
66540370.35
75440464.27
66982112.6
64884420.38
139736304.05
138807401.76
70653128.25
27543068.61
65605365.21
27175494.6
63573344.14
74753841.48
24910507.21
138463379.28
24726288.07
65479102.7
74784037.87
138849334.2
26473957.06
66679509.53
70016655.62
28717624.91
75146398.2
74097798.68
27604955.13
28529046.31
74994667.78
75738398.73
26065016.59
69535626.94
32178987.35
64235040.67
65697950.14
70596382.55
26352444.72
139754620.96
65199042.23
63668481.98
63315981.31
31726855.32
139516431.69
65426942.27
66054384.55
65710931.76
30737085.76
139674519.15
74396941.87
65197295.0
73317899.02
14572961.09
66459821.05
71169658.1
63107306.11
27541630.81
63298770.62
31612982.43
66752902.52
31384485.58
140404792.6
75845538.73
66554499.71
139097488.94
74281551.8
138627618.32
22036212.48
63772507.81
139675905.55
66117837.29
74361492.3
65648515.73
27561709.48
66600180.28
24511597.77
74016822.32
65670183.2
30819580.15
31388702.51
66538995.47
139635535.14
27274062.16
74416659.18
139041135.06
139350388.78
20532774.47
63955456.17
138002480.79
65700735.57
139167935.14
25919671.94
138747355.47
75118125.08
26959712.77
138866335.3
27911780.29
138898638.81
74669610.98
63504751.58
138543075.83
139383559.44
21283867.01
140027175.19
139256685.92
74460832.0
14554103.66
140220411.83
27603411.28
26792610.47
28114480.96
75286549.9
27378658.46
139857111.27
65156197.26
30449923.46
70917528.07
139349454.36
139941769.68
74029225.9
74648204.66
27875194.95
27174293.79
75211840.58
31169621.08
70331521.58
71515421.61
63562123.9
25508199.8
138492999.92
31466663.42
75002334.15
65495314.36
74679865.74
63627623.21
28127712.0
75063995.46
139856190.88
71095945.65
64768531.62
139336522.42
139092050.82
74475446.18
75751442.09
70684635.09
25959432.24
63898607.06
138837785.69
73362954.85
21230489.16
21555356.22
74125566.45
66788555.06
139676664.66
26956004.54
74702968.22
63525758.48
71290389.32
139209778.8
21504407.96
71940242.73
65165325.88
69870869.61
138578025.67
75045818.5
26621632.77
139070734.96
66272781.65
65830914.45
75515621.88
138426694.59
139342806.59
26415380.73
70374480.4
64744260.94
27247338.85
33115644.69
139895490.05
74441508.79
139850908.68
70587299.59
140231138.17
27926335.77
25946785.0
66881857.59
21041135.25
63816032.25
24528515.27
71318838.06
74414628.1
63774619.67
71136812.15
64859054.27
138956108.62
32014880.62
69970617.42
139098871.54
69555337.97
74557742.95
140148763.26
21036080.92
138836966.61
65353757.24
66662109.14
74604107.43
65864234.29
65051491.05
138666223.42
139118160.04
69779862.76
27383427.62
66196170.31
27313629.0
63518887.92
74985952.11
23911726.39
138216228.04
24246903.75
64442125.82
74466807.81
139060393.75
27222893.92
66490673.55
70208998.51
28122785.38
75544178.72
74817781.25
27262571.54
28057320.39
73987733.13
76194686.61
26089988.33
70150434.96
32575039.86
64350461.81
66116476.94
69703805.08
26232520.65
138611056.15
65047885.2
63398406.45
63221562.59
31239590.51
139089833.67
66523674.94
66758305.07
65916891.78
32472489.26
139713383.66
75218953.77
66462546.11
75204898.02
14546607.85
66024811.14
70852577.16
64857337.73
26903074.22
63584956.29
30841992.51
65501076.69
31316744.75
139249631.92
75587407.89
65782056.49
138859568.9
74099596.57
140336452.54
21770188.73
63708833.26
140141702.11
66076485.45
74962153.6
64260430.43
28179554.19
66654465.01
24437950.03
74418906.56
65192268.4
31127179.38
31305019.49
65550025.46
139678354.08
26544525.23
74350220.46
139338779.64
139352291.19
21121051.09
64444944.46
139531270.08
65312978.83
140781128.25
25868090.42
138981963.22
74613326.24
27224261.32
140335084.02
27757299.24
139259972.25
74647010.4
63997173.52
138968518.31
139570585.86
21511782.83
140021943.15
138140831.4
74790440.23
14581215.57
138771611.04
27997076.29
26979994.94
28522405.67
74750175.24
27424544.66
139317284.81
64626032.64
31198552.32
71670378.33
138992457.76
138736325.1
74840368.3
74586651.72
27589901.0
28056535.37
74600828.83
31862287.55
70025860.18
71284768.13
63902881.6
26592589.98
139336316.15
31897322.11
74890852.09
66565003.15
74525529.38
63766067.01
28095278.77
75083984.97
139503177.98
70651440.18
64560540.42
138725699.6
138890051.77
75364253.5
76600044.11
69986297.02
25729089.7
63178766.36
139305272.18
73728375.39
21190177.57
21420997.32
74635748.45
66011936.22
139201402.7
26999501.83
74255874.88
63184311.01
71141173.75
138984955.65
20842553.23
70975239.9
65990633.18
70323130.06
139480033.31
74333867.34
26747339.19
140260467.81
66575002.32
66542599.62
74770408.4
140528417.03
137276539.1
27186296.23
70435236.05
65139562.74
26878555.99
32073435.03
138694875.07
74131494.9
139156475.66
70287189.0
138925499.35
26300661.18
25463712.4
66116065.98
21358764.0
63377309.06
24509585.4
70281061.3
73691152.07
64147873.58
70656930.82
65197405.7
139663300.23
31390424.69
69506392.7
138844848.92
70920799.1
74120330.58
139211518.14
21323663.02
138679163.98
65816774.69
66588575.89
74771017.41
65610001.19
64707271.9
140445302.13
139664010.51
69515181.22
26910025.5
65609058.84
28053121.58
64290680.67
73910456.69
24888790.62
139297752.88
24433349.19
65123455.47
74847948.57
140943619.04
26823366.66
67467959.9
70381881.94
28257322.77
75223572.53
74340759.52
27555189.62
28723898.82
74453444.08
76061290.09
25595835.85
70386886.91
32348524.38
64403526.44
65767185.93
70127374.64
26006398.96
139876323.12
65570236.25
63529894.92
63747505.68
31068738.31
139532724.44
66278542.73
67185297.71
65425898.55
32016387.69
139826341.58
74355563.25
65881458.89
75032708.2
14585370.47
66318092.03
70172563.83
64075539.9
27546743.4
64005176.97
30843761.2
66327127.49
30781738.47
137976495.34
75975587.33
66670014.9
139522402.27
74410441.37
139676358.56
21428873.61
64752424.13
138246582.17
65679998.35
76184109.01
65188443.89
27896392.44
66713979.96
24622471.84
75161166.63
65243585.39
31712036.73
31777822.95
65784569.48
139682486.53
26381180.98
75726784.92
139118280.56
139494328.71
21336393.24
64086406.64
138873461.14
66230330.55
139015165.27
26030229.95
139829176.4
75302814.53
27749317.47
139291839.17
27870203.03
139624680.65
74467651.73
63439742.11
139142378.97
140111585.15
21295812.79
139867600.81
138840389.72
75013308.73
14576682.54
137309864.42
27118763.6
27491160.99
27452176.23
75167426.6
27164593.1
138953160.63
63902718.35
30756544.72
72103600.62
139146151.83
138902914.42
74817726.86
73700119.37
27027850.41
27759215.05
74690145.21
32556343.65
70174627.58
71560202.84
64044752.7
26224901.62
140287060.6
31107969.77
74855511.83
64821363.82
73920243.69
64699761.32
27897006.0
74856720.19
138836604.7
69991752.1
64793465.99
138768422.88
139653933.46
75686890.56
76839926.09
70658840.05
26071847.23
64132962.22
138598115.96
74465206.9
21198569.54
21095232.27
74323127.31
66485324.19
139214049.94
26800800.41
75089683.02
63296038.98
70303115.59
139128243.35
21437847.79
71549545.17
66777184.74
70631035.41
138247178.1
75072741.59
26359549.56
139224835.91
66267160.68
66840303.15
75503486.23
139826952.12
139396035.52
26878304.64
70555748.59
65657641.14
27732859.06
31838954.38
139262407.47
74716246.14
138626340.11
70682580.15
138180240.9
27136962.15
25863028.41
65725641.3
21376847.06
63582635.47
24190374.71
70294181.05
73632597.2
63955291.36
70737879.91
65059709.58
138822342.74
31666437.76
71101389.99
140039904.29
69926471.58
74896825.95
138700148.39
21181530.05
139000015.48
65771193.87
66627788.65
74745054.5
66054615.29
64785484.08
139798456.51
139687409.24
70020801.43
27232663.4
66541807.67
27417688.31
63694689.59
75133196.18
24326739.43
138833292.31
24378162.79
64564972.98
74499816.68
138310577.26
27370517.12
66021273.48
69387640.31
28637116.62
75523986.19
74439386.34
27321060.11
27827754.92
76126812.41
76312707.93
25502906.19
70289304.21
31817250.03
64876608.73
65702543.34
70240020.2
26359012.08
138888989.95
64951370.89
63368290.67
64473144.48
30816184.18
139922865.03
66499012.35
66616768.81
66409856.31
32148376.27
137846586.58
74906582.65
66197829.05
74863093.12
14552733.25
66126014.95
70497567.09
63560047.44
27274522.69
63526379.64
31065965.3
66145200.3
31480764.15
139298587.03
75878940.76
65946131.06
139299290.07
73862908.63
138653753.63
21334941.45
62377865.6
139378062.26
66481660.17
75254339.99
64387421.28
27723092.53
65805825.7
24770572.16
74666729.31
65366957.48
30508706.91
31395159.86
66214021.3
139984944.16
26732875.92
74651468.02
140022484.3
140461843.47
21357272.24
63817085.05
139199838.72
66100861.13
140568825.0
25961599.75
138487563.94
74898391.65
27846078.81
139298325.0
27699865.21
140515562.25
74233678.23
63453715.11
139165845.67
139230801.03
21378017.53
138884332.82
139696668.18
74688284.36
14561698.22
138720176.17
27303013.42
26904665.01
27821760.71
75517147.83
27778810.05
138946377.17
65069109.98
31281637.57
71202798.77
138491960.35
139480165.4
74679467.29
74054325.54
27286119.72
26854603.17
73720935.82
31960191.3
70586494.74
70462225.21
64304174.22
26104690.75
139539772.13
32042913.73
74614617.04
64772283.51
74618699.77
64140088.39
28132876.5
75030559.82
139757240.08
70374623.21
63947236.23
139677180.07
138899840.72
75194180.71
75833900.45
68963130.85
25828612.87
63929048.37
139256101.27
73937297.68
21660815.85
21491680.16
74722750.14
66587022.75
139629519.75
27250348.45
74206425.43
62542576.17
70948038.44
139517237.37
21095698.96
71194012.94
66147384.85
70972442.32
138673175.79
75192118.1
26483241.95
140260430.14
65370630.78
66409336.58
75416689.23
138876263.51
139190873.82
27038413.7
69982310.76
65541791.61
28107291.7
32208976.92
139283211.29
74794922.68
138639055.28
70487556.63
140561494.41
27609974.76
26202330.86
66179522.82
21131788.8
62999034.93
24286030.35
70695425.86
74701489.68
62671830.66
71506537.97
64477754.87
138231772.07
31524741.92
69043897.41
138916606.83
69645877.34
74123134.59
139755383.0
21149676.81
140023504.7
66910688.37
65802292.39
74929851.84
66486224.52
64551076.79
139158635.73
139494415.6
70992976.53
27275981.54
65825130.68
27599227.07
63437660.25
74940161.99
24322481.22
138511431.4
24074277.25
64842064.16
74940116.26
140482796.95
27177514.73
65735097.51
69725692.58
28038869.66
74916998.59
74793192.62
27857105.97
28153593.19
74153196.75
75884069.11
25169500.7
69757571.02
31038295.07
64744868.25
66334917.21
69718577.12
25856478.38
139660507.19
65359632.28
63359671.99
63494138.58
30872495.78
140795273.1
67077349.38
65524802.92
66181920.39
32153946.83
139913577.82
74379860.83
66047089.77
74350632.94
14569819.21
65649471.54
71503926.86
64514854.57
27949518.91
63757385.56
31662743.44
66493046.34
30935086.71
139728891.57
76006836.36
66933416.13
139126322.92
75307851.51
138506196.61
21468653.33
63511469.0
139918900.61
65604840.21
74762761.28
64289229.12
28043159.42
65994697.11
24068950.6
74135857.97
65468001.37
30490440.7
31755360.34
66288910.02
140278076.44
26949007.73
74885010.99
139091469.09
139849452.62
20946640.54
64221301.56
139156772.71
65608848.96
138919408.2
25544766.04
139586102.76
74439046.19
27800332.75
138822038.96
27492292.16
140324762.6
74391818.16
63588585.84
138687489.51
139446670.04
21150080.58
138161327.18
138834699.33
74294033.5
14557274.1
138643369.53
27099775.21
27112466.18
28265150.8
76301227.09
27499538.5
140379484.29
65489118.19
31199235.09
71736944.09
139405110.39
139479492.49
75340332.55
74984411.34
27679660.18
27091773.7
73760556.41
32095303.75
70309601.82
71087316.22
64026258.37
26190322.71
139355174.41
30801884.99
74592560.87
66492030.95
74019957.55
63829904.96
27988560.13
74468843.06
139452751.05
69687528.26
63594636.84
140333388.82
139262960.43
74492077.6
76780259.9
70696707.29
26347975.16
63764699.29
139215794.34
74612320.05
21734654.27
20920742.55
74143374.16
65966963.21
139477832.6
27070256.29
74822840.92
64207366.34
70948093.14
139300851.92
21548190.88
71105044.57
66927102.69
70576222.16
139832154.79
74212821.17
27048677.86
139763434.97
66519283.71
66555262.79
75563036.89
139195840.99
139667627.23
27156273.13
70097297.85
64659110.52
28224960.7
32140379.69
138627776.63
73373674.4
140086413.06
71794455.24
138612463.03
28002286.07
26050356.03
66352129.03
21324014.03
65030910.54
24836058.8
71071173.06
74012359.35
63611260.59
70898558.23
65342073.69
139242191.67
31661237.86
70079417.77
139336522.33
70857896.89
75180798.53
139788918.33
21458922.3
139764835.43
65515091.67
64920241.53
73941514.88
65490185.68
65385589.36
138518570.44
137935593.89
70586308.76
27262702.35
66099317.19
28146546.16
63679597.22
74954326.84
24482775.48
139806180.67
23983687.96
65214245.44
74180125.23
139340797.77
26950620.85
66549903.68
70159821.15
28254205.66
76186521.63
74566016.77
27520808.74
27709363.36
74615604.58
75501503.8
26106061.56
71156774.09
30807253.23
64208270.93
66637439.23
70682253.14
25562679.26
139690524.61
65879148.48
62526448.36
63837766.86
31825302.11
139423844.19
66842145.84
65811923.91
65443764.53
31919760.53
139271784.79
73992769.38
65514452.76
74106418.61
14536880.34
66542521.69
70852798.4
63714886.64
27514797.65
63340809.93
31035914.51
65453331.63
31106764.73
140576585.46
76381633.22
65943236.8
138695530.08
75400700.14
138679710.03
22157651.85
62796462.36
139058086.78
65213202.27
74484464.9
64528651.22
28301015.33
66316406.49
24766840.81
73963193.72
65522684.37
31415469.42
31643381.47
66590590.15
139997404.54
26819903.23
74423176.12
138853728.73
138715226.43
21163397.37
64276681.44
138715811.92
65369181.68
138937372.76
25746083.71
139102383.49
75236789.87
27580601.65
139764048.99
28050273.64
140134681.6
74912162.07
63427827.64
140337167.15
138831693.06
21392425.4
139644525.5
138426203.59
75098532.31
14536541.56
139373947.46
27803226.88
26727283.79
28409939.52
75634010.86
27219196.94
139597959.44
64315413.93
31441592.35
71289028.65
139938642.05
140044154.08
74524365.3
74683228.51
27458476.15
27566886.68
74461528.52
32174313.77
69763225.77
71154466.88
63400293.3
25636523.01
138628200.28
31271427.06
74789921.78
65168033.5
74343461.53
64790025.25
28036718.78
75545889.69
139509276.84
70055577.37
64139768.44
139374295.25
140224104.82
75049444.4
75498553.44
69887052.45
25194787.96
63766363.57
139635347.15
74973382.37
20894422.3
21034485.23
74975629.59
66660801.07
140078803.99
26650247.94
74060129.19
62687935.37
70869930.28
138681175.08
20675734.76
71432994.53
66250912.41
70370952.89
140636767.32
74558312.32
26815984.89
138442755.35
67294653.98
65521049.46
76386444.14
137429893.65
139099258.34
27006585.97
70660825.34
64484401.42
27507461.87
31519160.64
139781898.68
75447915.51
140798101.03
70801840.32
138520526.73
27090122.09
25972116.94
66131491.12
21659298.58
63480591.19
24584319.79
71036560.29
74680871.89
63357780.19
71252178.62
65039422.53
139906512.17
31148965.47
70356175.78
138289116.35
70086010.93
73880907.18
139645549.12
21920566.94
140285409.14
66363544.2
66520913.5
74422315.58
66754916.2
64765327.06
139483699.79
139961571.25
70279146.37
26843837.42
66221007.53
27314550.58
63552068.44
73981718.62
24431289.54
139357302.5
24776903.15
64684026.91
74892624.81
139076830.48
27421985.06
66297306.75
70380099.93
28311781.89
75206933.18
74757817.8
27687489.55
27461341.07
74067501.86
76462255.96
25460558.65
70652780.33
31467104.65
64884881.95
66628107.78
69945531.8
26342387.62
140123521.62
65230939.37
63936072.78
63838583.19
31381357.7
138422727.91
65945634.45
66031711.34
65493343.42
31667148.41
139592119.4
75127781.45
65603453.68
75137892.86
14556829.73
66007781.34
71032617.3
63705743.92
27234752.71
63343743.39
30990977.51
66401700.22
31140771.22
139299439.6
76429595.92
66742495.65
138397573.46
74639768.38
139264850.28
21355110.4
63283257.13
137771845.86
66478414.66
75306487.31
65860061.74
27710169.46
64557242.44
23904707.46
75165873.37
65958770.7
31235839.63
31270154.66
66394260.07
137966109.84
26942769.61
75173814.88
138906016.81
138273618.37
21372179.54
64871474.98
138661675.51
65542934.89
138746906.04
25926382.88
139064088.72
74141618.2
27445005.05
139254379.0
26938608.74
141147886.01
74903718.8
62896661.71
139122335.94
138524170.9
21515266.45
139019838.75
140081969.76
75101943.19
14553208.7
138724860.29
28033657.33
26557320.74
28077785.78
75081207.86
27626259.9
140099111.56
65154517.5
31836073.27
71590776.74
139198647.45
138874336.7
74346025.99
74171233.65
27915242.47
27476581.13
74463360.85
32750411.4
70860243.03
70381561.83
62948730.03
25775463.12
138794501.97
31569268.32
74490359.87
66008992.01
73856972.03
63061628.73
27836595.8
75139330.23
140224687.53
71445935.06
64448920.41
137658222.93
139357741.29
74639027.98
75547925.82
69771410.76
26076109.48
64229155.01
140627394.59
74656442.35
21312710.09
21441424.83
74743360.7
65307322.73
138376457.92
27012517.27
73582511.58
62858812.48
70944778.22
140073821.06
21214288.14
71910219.52
66004047.81
69536017.19
139452831.6
75325038.03
27424980.08
139067014.32
65671397.14
66402360.64
74355154.1
137893118.95
139849277.25
26487466.25
70620336.14
64114600.3
27470757.54
32091316.01
139700343.58
74512763.73
138818159.49
70713732.54
138553433.28
27591667.29
24929700.66
65515081.87
21600336.36
64261421.09
24941271.28
71320389.1
75127979.88
63474339.01
70591000.89
64326211.31
139522581.14
32122705.12
70382902.7
139221138.64
69992827.93
75032775.44
138087397.91
21217869.52
138984507.44
66518099.06
66014720.51
75071476.06
66648598.62
64871700.95
139525894.53
139285221.06
69176059.65
27187826.62
66675704.07
27354365.99
64505062.32
74630799.3
24279259.84
139398527.18
24705575.71
64785916.94
74439440.13
138286507.93
26833826.14
65795743.2
70094191.51
27773630.99
74853175.7
74037379.19
27454257.45
27921263.03
74672505.66
76409516.16
25308766.25
70059386.92
31951523.1
66290159.43
65914525.37
70568733.75
25661326.12
139288885.05
65896490.14
63181586.13
63687574.56
30993568.71
140367777.42
66128985.02
66565054.8
66715382.35
31498378.43
138249956.01
74063836.52
66496157.48
74850205.48
14571327.86
66147537.85
70281699.37
64179327.41
27480890.95
63554147.46
31286259.67
67012858.57
31122868.07
139600421.06
76107032.82
66762331.69
138125791.96
74292661.94
139132420.63
21335446.02
63488486.34
138261617.09
66384170.77
74782851.75
65047161.57
28417496.24
65977722.55
24352931.12
76069356.27
65472361.23
30852016.26
32116228.67
65859590.48
139827530.54
27117642.99
74793802.22
140080224.58
139566942.74
21037155.87
64414464.48
138925423.06
65209462.17
139127250.17
26260664.51
139095596.18
75132214.37
27603619.05
138756422.79
27368724.9
139545886.49
74132424.2
64253524.72
140166423.29
138299533.62
21279438.93
140374793.71
140080500.87
75833027.57
14549334.68
139356436.96
27714274.22
27444549.84
27982456.01
76436936.07
27047737.21
140066537.32
65233059.85
31493848.2
71577208.22
139656290.03
139942780.54
73339350.64
74142282.95
27563737.17
27809192.23
74399654.92
31574366.18
69769102.8
71416229.09
64729718.68
26353572.16
140788028.59
31035082.26
74591356.34
65864411.46
74230466.07
63924643.28
27914993.49
74600306.92
139055387.23
70330465.12
65021950.6
138843573.8
139590519.82
73804036.94
75286210.09
69365211.31
25855967.9
64047864.33
138940363.06
74699380.39
21116240.41
21520633.1
74535412.52
66262462.1
139656968.22
26915184.57
75183651.46
63734424.25
72015707.29
138515406.68
21241031.82
72187837.77
67593846.71
69817920.04
139605507.01
74160516.36
26968398.55
139184177.72
66388530.96
66346916.98
74964290.72
140413612.96
139825299.64
26946195.42
69699336.38
65224589.47
27486182.08
32009800.55
139327636.21
74706711.09
139585687.04
71142657.55
137910002.51
27598026.82
25352326.54
65916402.64
20714491.53
62981366.8
24904324.87
70627571.71
75164765.36
63965168.6
71306123.92
64528182.2
139355164.63
32127962.36
70119747.8
137741280.19
70508975.99
74604304.27
139551514.14
21726710.51
139313156.2
66046947.26
66150856.82
74577645.35
66138537.3
64582802.77
140397987.72
139950549.35
70283496.98
26925242.22
66543234.99
27256381.49
63585864.69
74320636.62
24737279.83
138192007.71
24750648.99
65068194.59
74909396.3
138851458.05
26905218.06
65489867.85
70690525.55
28214865.23
74783451.63
75401752.38
27416423.14
27908746.09
74052203.97
75969791.19
25794782.51
70738391.41
31488058.89
63947041.71
66665371.03
69445322.74
25801000.36
140351298.73
65523804.05
63034382.37
64124749.69
32246208.88
139148451.07
65839397.23
66161810.06
66678926.84
31154410.46
139543387.94
75967912.13
67134237.93
74638840.04
14537885.63
64864057.75
70403202.59
63931971.85
