26329163.36
24750572.76
70590829.84
139300981.63
22978585.42
140112991.97
140318286.94
64993118.95
140629356.74
75132682.69
64793396.51
20355133.82
19810455.49
64905800.6
64878795.9
63608096.02
75185227.89
65067012.58
140443776.89
26399991.62
76044731.04
65322121.68
70665093.17
75050128.8
65600460.12
139264494.64
65725015.57
74553501.66
139988370.28
65228715.81
20342886.52
63927565.75
139560289.29
20278678.43
138921889.69
24715087.03
141092730.4
74288012.41
73984354.44
64587921.97
74406091.3
64631595.17
139299298.92
64475465.29
139613020.16
65403016.27
64853378.79
139780233.5
140357067.75
139926195.72
25882293.5
140246134.16
74722173.03
64372009.81
64580567.84
63496926.54
26834804.7
64496773.11
65238080.23
70769129.11
65251686.23
65250831.27
65163956.51
64453731.87
137810956.36
75685477.78
26548187.89
75865198.63
63857846.07
70708044.73
23584591.98
66745011.63
26256668.19
64589968.62
26777252.77
74444666.52
65375776.44
64186828.38
23615919.18
65566470.31
139990626.08
63518985.86
26752423.03
20219416.88
65332498.95
140390833.96
70698922.68
64517405.53
70592447.1
24226342.06
64957599.95
64453426.74
27101196.37
64497720.35
25276663.87
63879365.61
140129582.28
140241756.31
64902533.3
63769062.29
63335343.33
71152389.51
65420272.25
20728501.9
139650297.19
69407856.48
70619264.3
63432541.6
139916907.79
26586265.54
64714876.16
65242415.5
139874030.83
140447146.12
139503626.07
138045196.57
26971394.89
70173626.45
65156840.28
75194931.19
23412588.17
140028874.08
26653069.46
65239112.98
70773386.3
139843287.87
74278932.45
23733082.99
138921523.72
64071390.75
20506158.33
24016588.05
62762963.92
75825646.81
25068098.22
70395706.1
19982278.69
64900569.85
75208369.44
26609518.85
75311820.11
70364326.8
75044238.14
139371112.47
64511366.58
65482839.27
65277230.96
138745604.95
76042975.25
64940052.77
65107793.57
63474005.75
75811538.08
75643730.21
26711732.99
138485041.39
25927337.91
71000227.31
26802097.27
26182934.4
63648855.49
24068866.63
65679727.47
26330883.53
65094299.64
26491735.25
64611383.85
23084131.01
64393865.31
65122596.52
74818842.44
75169302.39
21051290.15
75353017.78
140333785.27
24127140.07
26851319.05
75313359.2
64463984.82
70877498.2
75571833.83
25744870.42
65542382.87
65450782.46
20748513.71
62879176.97
70322825.38
139648939.36
139879495.75
64967507.56
65537182.94
26838991.12
139434802.19
76318187.58
140020289.34
138120559.77
24839816.81
138689358.6
64301467.14
71705650.69
26209935.77
23033247.94
70066702.79
139017447.07
23421445.08
139466512.71
138814674.89
65085988.99
139556979.03
75438938.64
65501447.93
20178846.1
20413422.3
65492838.25
65648158.09
63238725.27
75006713.63
65708793.75
140069469.02
25859154.47
75443133.88
65542598.95
70407289.22
74507042.3
65387892.33
140181699.0
64951589.23
75263042.65
140503811.66
65593039.37
20631545.41
64596168.7
139276022.52
20249973.27
139323254.74
25239628.8
138593518.0
75216898.82
74774516.34
65297534.22
75093733.5
64989104.18
141278286.72
64471451.16
139240761.0
63969752.88
64803420.97
140887731.78
140044211.42
139749793.31
25704536.21
140333559.34
74717391.92
65036954.84
63671077.73
64906648.47
26706432.53
64816130.83
65940382.41
70321226.11
65013702.41
65790885.35
65479031.81
63705611.3
139459046.71
75471579.95
26826146.84
75005598.35
64451801.92
70447015.07
23417279.95
66245396.64
26360891.86
63610907.59
26815857.38
76038255.42
64887911.33
63054477.8
24084894.14
66497088.68
139084372.77
64226111.24
26863938.61
19966126.65
65266800.76
139778904.53
70452095.12
65117481.48
71236680.99
24305542.49
64520482.25
65579333.58
26748994.97
63497873.44
25583570.61
64175464.74
138540364.47
140052094.3
65302287.41
63459597.86
64368986.74
70587578.26
65583656.4
21135589.61
138575157.21
71094511.25
71415570.7
64134445.97
140055925.63
26002360.21
64996976.57
65375059.67
140312756.61
139807446.29
139514622.92
138739851.35
25995030.06
69715752.49
65358243.87
75223514.3
24217977.58
139957598.87
26414896.78
64751515.9
70089338.01
140063321.44
74466181.06
24350461.69
139160827.42
64142621.47
20071882.16
24739073.59
64204724.89
75405178.79
25168188.08
70967015.65
19650492.1
64890313.0
74988509.76
26200228.92
75932738.66
71248654.16
75672210.23
141813099.2
63137203.86
64935306.82
65006513.57
140154382.38
75272150.76
65246030.12
64931361.34
63397403.59
74939647.81
74684612.02
26758795.36
140023546.39
26393407.52
70732985.31
26387998.41
26272169.73
62898907.53
24249575.47
65598812.58
26060331.85
64709040.2
26557645.12
65278063.43
23378000.39
64714012.81
64177994.24
74798919.2
74519807.5
20913380.06
74970711.19
140116051.27
24254443.25
26083719.72
74815131.08
65488478.29
70299145.81
75565735.67
26255822.3
65444803.75
65362605.0
20552678.77
63711889.19
71922671.87
137886180.72
140563879.98
64721507.84
65050770.53
26722633.63
140148201.49
74612060.14
137481009.45
139471364.73
23321642.69
139431099.37
64985116.61
72163479.96
26000800.32
23674277.22
70943298.65
140927761.89
23632208.82
138920512.05
139244731.1
64956836.19
139239694.69
75187448.22
65845010.56
20289410.44
20264829.72
65996461.54
65345820.33
63700932.99
74677275.29
64003562.44
140667942.68
26559348.1
75369856.09
65705010.19
70727407.09
74345145.2
65083411.78
140689850.37
65484764.52
74276564.21
141214830.63
65308334.84
20125941.88
63961056.4
139841156.57
19874427.59
140091764.98
25004060.46
139352888.89
75611588.66
75568301.4
65862314.02
74825598.14
64244074.5
138751972.86
64054602.16
139967944.72
64678343.55
63817643.76
139190193.63
139685636.89
140737623.4
26595233.99
140336540.42
74772530.87
64844630.25
63307763.01
65188801.65
26494950.73
64315296.51
65494172.82
70635431.58
65398227.61
65350898.5
65818594.66
63784467.86
140884298.32
75265882.43
26567896.11
75035084.9
64059629.94
70776115.97
24082319.5
65834264.11
26701131.43
63690005.66
26734428.06
75851746.04
64715936.79
64202604.67
23442075.35
65964571.07
138447148.19
63803158.45
26802292.33
19448051.07
64275544.85
139644207.43
71237739.64
65281394.5
71163172.94
24037167.99
64351953.46
65065486.17
26620117.74
64231909.81
25212161.02
64315165.02
140204568.84
140189512.63
66389779.62
63376322.71
64032764.66
71087415.86
64538725.97
21133482.71
139179571.77
70614036.66
71192555.22
63557968.9
140062126.5
26847024.39
65127157.98
65405194.3
139050068.15
139287769.3
139476521.24
138999409.25
26049578.34
71444757.34
65830589.5
76665210.36
23703226.3
138656645.08
26284075.55
65860771.02
70836834.79
140033453.2
74671653.01
24018989.46
138947782.29
63928682.27
20386673.44
23485423.66
65710620.67
74749928.26
24823261.39
70712427.5
19353749.26
65091906.19
75314218.8
26798989.26
74148898.35
70860018.32
75618793.1
139346026.33
63577579.37
65339592.71
65497605.52
139221211.62
74304059.4
65045242.64
64755107.46
63823099.83
75977372.8
74513278.04
26240204.43
139810597.39
26592242.58
70001623.85
27150257.47
26310717.21
63977772.16
24116803.05
64813249.95
26107241.84
65181557.56
26694644.92
64985355.78
23134849.88
65129799.03
64079703.77
74778807.31
75624850.62
20505756.5
74938370.87
139827916.11
24070087.61
26416840.11
74667448.9
64804632.49
71303547.83
75860596.12
26115963.85
65502824.13
66663102.41
20784758.18
63529235.97
70958846.35
139893588.25
139445582.13
64686787.84
65370107.77
26657036.45
138828293.69
75650079.99
139591533.77
139010815.78
24065006.75
139926996.08
63492622.92
71415937.84
26721781.83
24060134.82
71821682.45
139904256.54
23301996.9
139763602.84
140465510.66
64796830.2
139919960.79
74376579.74
64871658.32
20411855.38
20615831.56
65513392.38
64839744.46
63807723.18
75445095.8
64083305.98
140028240.13
25977409.77
74781618.67
65500154.28
71839571.19
74681835.3
65915030.34
140678494.67
65314423.34
75130661.36
140109585.64
65883771.23
20877708.65
64361816.0
139128971.16
20466620.66
139127551.13
25212401.62
140411743.91
75081584.64
75651182.76
65141855.88
75263897.38
64073022.83
139308962.66
63306636.46
140291743.63
64683704.95
64112114.85
138611921.81
140044349.9
138963790.94
26819297.25
139283635.15
74521603.98
65785675.59
64289375.56
64709479.94
26503128.94
64257551.73
65856741.79
70403345.37
65093482.43
65590802.22
65394438.21
63702869.44
140616291.63
75388147.17
27012686.38
75507343.67
63783894.28
71156493.24
23846625.07
66185915.0
26614645.7
63537177.04
27591469.07
75346862.1
65155676.2
63859822.75
24042354.52
65868562.27
141261890.86
63223762.54
26503310.38
19683503.98
64578771.39
138934716.17
71236874.91
65233386.38
71166761.73
24517066.25
63356524.77
65821757.38
26598147.31
64249097.84
25775695.65
64155046.05
138972150.52
139799577.64
65139114.96
62974814.08
63702486.56
71161913.54
65269094.81
20824982.65
139908158.82
70216728.89
70996706.83
63014687.26
140509949.35
27017135.7
65084346.83
65571712.72
139344197.53
139695515.67
140054831.19
140271158.96
25982286.87
69623588.66
65029391.22
75038230.59
23673139.42
139536555.4
27215357.8
64951444.66
71073042.17
139816788.8
74810292.91
24692590.18
140337285.18
63423580.2
20601880.65
23557483.13
64505082.46
75055560.92
25284097.51
71215738.75
20293407.84
65600698.39
75200288.66
26197912.19
74855733.93
70173477.22
75328028.14
140610539.56
64372210.9
65419470.21
64550019.36
139494631.17
75246072.21
65230620.53
65391066.21
63743608.53
75582597.36
75347850.02
25729815.46
140128722.23
26821941.47
71066145.97
26144720.3
26597517.51
63665439.61
23889846.17
65420903.5
26167635.73
65536446.65
26674791.76
64336230.71
22646522.32
64156182.83
64058847.44
74897406.27
75417454.3
20699419.06
74445741.31
139899784.23
23713493.61
26896856.62
75089814.63
65052440.4
70264312.93
74559078.75
25679590.85
65059714.3
66649453.68
20858673.52
63789103.8
70284168.98
139826863.18
139555776.42
65354710.97
64509479.59
26349769.66
139169451.27
75320212.46
139034735.01
140016293.73
23705772.49
139024516.92
63371877.73
70738121.75
26066329.87
23505729.6
70511913.93
138937333.98
22422793.73
139343138.03
139661103.81
64722199.41
139294268.88
74153616.59
65147479.06
20117247.87
20476711.0
64998408.55
65634752.39
63603380.43
74760979.45
65388077.31
139662293.94
26266926.91
74296547.15
64906301.71
71045455.55
75925889.54
65004645.02
139406643.07
65670719.83
74030242.19
139999992.05
64510024.77
20009038.26
64127705.34
139099420.18
21059193.04
139371223.61
25152719.94
139973376.05
75500854.89
74641524.32
64208865.36
74600174.52
63738111.3
139535039.54
64232299.52
140531122.25
65384694.18
64203740.89
139408407.19
139194336.73
140878866.56
26826294.56
139629656.09
74667955.59
65173552.88
63795697.86
63572919.88
26896074.41
64300002.85
65072853.94
70927387.5
64790950.15
65563677.05
65060206.19
63570570.46
138967327.18
74561095.53
26758374.0
75434177.75
64165919.69
70747320.87
24404201.4
66411764.72
26275400.44
63988656.85
27204240.45
74941006.99
65816233.18
63971371.01
24486019.81
66124167.33
139745617.89
63580099.11
26175009.87
19238857.96
65067658.26
139433946.74
70135885.62
65181459.88
70113459.16
23709490.9
64404809.93
64625062.28
26890366.93
63901912.88
24481903.78
64225464.39
139019398.01
138771701.91
64795573.82
64126357.46
64751969.93
70387624.25
65691788.51
20626673.39
137952891.34
70778252.04
70795910.14
63615899.03
139452825.76
26857354.36
65304116.46
64534905.71
139862309.36
139570242.76
139451169.98
139334222.18
26841654.75
70262350.52
64868873.42
75369342.31
23381036.28
139937534.0
27432703.47
64615294.08
71048184.03
140672333.44
73587663.25
23814275.57
140210680.01
64517222.85
20242757.59
24810110.56
64903331.66
75588109.39
24673937.07
70288001.89
19656365.24
66130382.58
75530234.26
26735407.58
75034926.75
70141364.72
76268440.89
140288125.08
63882399.89
65556030.94
65480334.74
139868070.12
74714111.24
65169402.62
65228108.58
64360663.51
74430707.92
75074267.99
26451574.65
140371771.35
26225087.38
70267469.62
26913903.69
26256297.38
63924291.44
24297129.75
64495200.14
26385909.83
65372634.94
26255750.85
65034110.38
23053085.62
65379137.85
64674769.69
75322774.81
75700870.84
21045663.79
74920541.42
138797866.9
23891925.25
26416949.65
74525020.9
64907675.19
70623411.08
75863032.91
26472165.73
65748226.29
65534972.8
20418443.63
64025583.7
70348864.4
140453534.31
139294568.98
66354363.51
64997161.95
26344487.23
141256640.3
75359253.06
139116820.39
140412192.38
24076213.45
139101335.8
63419993.77
70955886.4
26754300.74
24472217.71
70032703.05
139345333.83
23155410.28
139519632.53
137834446.92
66217288.71
139244212.95
75560241.91
65234569.62
20670345.26
20264015.6
65189453.98
64880368.23
62892271.45
76399235.38
65605929.43
139698746.04
26187018.43
74249657.94
65537442.18
71111754.53
75759492.59
65044690.09
139081072.53
64351191.77
74836354.02
140591433.64
65449147.02
20623384.73
64166102.43
139934597.06
20695141.23
139737637.93
24672559.46
138884371.59
74919463.52
74954688.31
64847034.83
74902401.06
64484906.3
140695211.27
63604187.68
139056975.32
64428158.91
64659492.84
140168375.0
140020289.19
139643427.46
26095206.16
140648691.9
74746828.69
65591684.76
64425466.06
64845126.69
26384838.4
64902879.48
64770574.09
70118203.75
65538466.76
65783321.67
65032177.69
64196891.29
139933666.92
75037627.13
26349558.99
75242558.83
64797481.19
70105572.96
24065007.29
65798618.33
26355670.15
65150879.36
27196353.94
75577066.41
65287792.24
63260647.84
24593632.14
65657387.53
139897627.16
63544477.66
26617508.2
19649053.95
65089555.42
138700704.24
70501445.78
65513053.15
69465643.84
23538857.51
63545456.64
65416824.93
26841023.11
64253680.52
25277638.24
63406237.3
138721371.9
140432766.01
65134069.56
63373045.23
63689791.88
70819059.94
65114624.06
20064456.71
139163005.25
71751013.55
72362701.49
63090156.03
140947526.59
26270680.66
65229975.64
65441405.59
139055906.28
138186415.66
139970967.99
140048318.56
25850310.71
70391906.09
65260739.4
74100809.58
23974895.5
139711848.39
26987573.74
65616389.57
71556662.17
138234602.01
75480809.11
23542078.71
140364025.16
63831041.5
20675164.83
24243090.14
64485737.32
74429538.44
25064854.49
71481596.35
19644482.74
64880404.4
74914493.26
26309625.79
75577532.23
71022387.74
74629261.48
140712566.43
64595268.99
64858124.36
65444133.54
139914334.89
74739099.91
64912340.95
64952684.54
63871986.13
76000514.77
74548590.67
26247949.62
139115742.73
26579318.62
71314913.11
26656470.64
26047619.6
63531874.0
23706315.62
65260718.85
26387410.2
64877299.98
26234361.92
65425925.53
23068672.23
65406479.41
64660450.28
75584680.4
74812660.81
20273347.38
74889399.88
139225197.29
23743908.38
26478787.56
74594818.97
64960717.89
70228139.46
75594743.7
26394327.03
65131334.33
66124606.54
20766121.01
64669043.83
70762894.69
138805375.51
139403908.07
64642199.5
65563382.29
26816909.66
139821323.05
76337095.61
139201188.46
140050918.53
23727068.6
139667990.62
64348338.46
71570551.16
26459089.67
24204727.42
69956238.02
139110136.69
22669511.69
138696674.84
139364748.38
65003819.91
139498384.08
75633658.03
64676613.54
19796641.18
20177086.75
64626807.95
65655356.05
63579728.78
74633667.67
64472885.1
139859380.13
26234743.57
75987352.44
65108949.4
70440128.1
75103909.76
64292725.99
139658485.78
65214256.12
74850503.31
139927624.6
65299654.95
20533235.57
64980785.07
139143927.09
21123922.23
139236836.43
24993236.45
140598116.03
75182373.08
73906987.09
66104487.17
75166563.55
64236990.12
139189000.12
64060227.59
138946284.76
65426229.99
64442727.36
140010840.75
139223876.51
139007001.48
26758264.58
139851551.19
74607837.91
64613709.65
64115014.93
64078085.32
26110923.78
64542082.93
64973657.7
70877062.83
65161011.21
64940504.27
64834959.1
63498328.0
139971082.68
74530380.65
26934149.61
75150381.83
64855669.83
70910327.62
23473259.69
65729157.4
26042931.74
63721268.32
26058284.2
75258249.19
64740666.49
63753237.88
23440091.16
66193006.96
139559710.6
63223339.58
26446929.22
19975099.15
64536100.81
141574628.37
70028263.88
65174895.51
70950418.19
24104875.39
64045508.23
65518476.54
26915237.9
64163925.86
24970334.42
63938101.89
139344980.01
140691931.75
65291284.07
63518603.77
64089223.86
71126485.06
65031584.29
20263605.48
140141704.8
70920463.55
70890755.96
62865247.34
138347034.54
26191152.28
65305920.21
64424773.42
140158005.88
139615233.34
140893268.68
140593671.2
25979885.53
70242639.62
64248260.9
74426870.71
23801600.37
139328070.02
25980770.07
65310550.03
71141764.79
140845954.65
74763034.27
24920188.81
140618236.76
64404077.89
20364634.48
24125501.62
65017227.78
74130764.43
24559453.16
70546046.66
20265635.55
64868965.0
75326601.98
27316436.34
75633835.46
70323516.24
76104720.36
139108163.04
64829488.97
65399721.18
65061916.4
139362615.03
74456312.7
64691304.32
65050548.34
63947485.65
74622354.74
75553681.69
26330285.0
139884307.22
26703226.13
70453427.78
26827724.47
26016159.91
63197016.65
24066970.97
64477513.5
26242154.56
64604273.45
26298305.55
64484533.96
23210816.82
65591291.67
64408989.26
74647540.22
74660269.86
20130423.36
74780016.78
140306727.29
24112862.78
27168536.31
75202665.39
64533529.4
71345208.17
74906069.27
26319820.06
64859138.25
65761098.5
20047651.17
63413046.89
70372582.77
139400011.37
140570952.65
65039397.1
64534657.96
27042585.89
140688851.22
75608752.79
139470785.17
138685226.02
23565043.65
140693819.07
63907961.49
71044739.05
26033829.62
23792046.31
70464343.35
139434013.41
23041186.31
140826065.27
139815950.87
64698547.29
140609412.99
74581882.62
64818114.61
19544634.03
20565094.84
65834256.12
66116747.38
63630253.69
74996156.92
64790189.92
139368611.43
26743519.64
74613925.22
66074970.16
69994229.45
74058124.44
64162106.57
140170270.97
65457773.86
75014921.28
140814907.34
65169891.97
20280600.02
63798476.53
139914739.43
20363118.01
139807342.88
25014033.22
139689119.84
75084379.95
74601488.74
64934402.28
75370991.98
64519216.88
140095393.97
63540818.01
139583869.14
66047218.31
64163544.23
139862835.53
138759173.08
139197910.54
26194964.37
140713115.75
74675575.08
64979680.92
63908896.52
64888415.77
26494045.94
64980820.49
66050175.29
70407132.89
65377565.11
65612158.94
64525267.8
64732518.37
139452693.57
75185133.31
26452092.92
74995181.96
64785153.21
70843144.71
24458042.48
67400274.54
26175891.4
64037411.94
26485962.04
75333456.87
65361107.57
63267652.54
24388403.47
65933652.43
138754742.47
63651035.46
26107379.83
19882828.24
65618340.96
139796593.51
70464605.63
65076842.59
71362204.82
24307342.93
64960919.0
65201219.92
26314036.67
64461873.05
25115447.6
64047383.71
139864712.94
141258767.51
65053672.92
63522360.08
63634733.44
71241444.15
64725533.26
20453337.44
139366269.3
70557875.13
70007327.7
63508605.7
139981929.14
26593365.16
64223382.8
65243315.86
139707293.88
139670817.22
139405559.23
139830220.32
26367731.77
70196366.33
65261332.13
74471457.14
23830964.42
139040660.83
26985017.88
65105462.77
70491692.27
139704928.63
75215785.58
23601608.67
139596365.72
63714731.68
20852511.89
24191871.4
63994557.43
74434449.88
25013786.49
70192380.16
19212205.87
65061791.74
73956152.05
26583281.61
75134660.96
71415204.15
74458635.02
139891110.83
65267158.79
65110936.17
65393627.2
139510764.97
75366854.64
64679037.36
64346008.87
63652140.72
75289105.72
75713911.0
26003991.12
139367623.71
26848711.87
69978924.79
27217670.98
26502597.53
63677756.23
24383107.14
66374393.42
26790157.83
64798397.58
26973890.7
65704458.4
23203829.67
64504576.84
64346215.34
75666973.24
74828231.97
21276802.76
75175582.5
138403947.9
24721757.31
26392487.23
74690076.64
65411144.18
70321370.31
75028952.43
25921912.37
65473963.36
65527650.93
20946299.3
63895987.87
70577104.97
139945660.04
139745558.46
64640715.98
64231312.21
26609226.65
138514636.68
74026721.44
139640766.4
139923766.18
24315238.68
139953213.8
64879543.64
72012308.55
27088761.18
24308817.33
70384596.37
139841978.96
22877617.0
140142679.12
140237870.39
65295444.06
139517057.93
75633831.27
64972745.66
19794174.09
20077523.24
65435736.18
65380371.89
64074275.48
75566982.61
64994085.58
139002987.52
26245743.67
75001748.54
64684236.89
70381271.75
74781141.64
65558210.25
140421588.4
65008550.13
75074733.9
140143077.99
65391254.07
20600655.01
64101938.0
139695332.4
20829948.71
139121831.55
24594552.64
140315066.68
76307245.72
74926755.22
64833938.88
75024910.14
64433247.13
139697806.63
63689920.62
138959698.8
65050617.9
63781932.08
140051913.25
139184874.74
139355109.28
26203563.74
141018629.33
74813888.86
64425898.28
63879598.24
64599895.79
26137726.36
64453477.64
64843916.01
71201810.76
65186880.64
65859969.03
65254892.01
63549397.14
139921503.42
74684505.98
27337216.39
75258860.85
64033672.65
71165941.43
24108310.67
65514221.33
26239516.88
63555572.13
26808834.35
73662634.14
65251873.45
63351495.97
24227392.06
66455714.01
140183238.56
63258864.09
26863630.94
19331539.75
65097891.95
139453468.66
71240419.87
64207937.14
71013205.95
24094003.61
64544121.88
64873684.96
26752716.04
64322822.1
25285807.59
63067490.19
140069917.66
139795826.69
65735847.23
64255508.55
64714383.51
71695747.62
65497809.14
20238650.52
140476252.37
70729661.07
70920870.2
64152436.74
139501990.67
25626070.75
65136836.33
64803435.77
139090583.25
139594257.74
139802677.37
139166078.16
27035366.35
70769375.11
65340007.26
75410412.42
23923587.16
140186402.61
26561698.48
66586556.52
71057193.66
138538679.83
75927094.75
24338830.45
139966612.17
63583623.67
20593555.41
24116078.0
64303598.96
75062380.56
24425172.47
70570376.9
19733796.33
64790872.99
74174250.99
26336427.69
75602418.78
70954069.58
75935735.99
139311229.14
64399299.5
65627464.57
65547733.51
141043579.12
74425664.57
64905365.35
64614720.7
63449325.77
75693638.1
74761285.95
26774356.44
139605341.0
26464285.88
70481306.9
26583219.73
26940373.82
63622905.13
23838539.46
65001911.93
26624196.65
65095516.88
25447681.9
65543343.5
22734873.7
64704067.56
64565356.13
73767556.93
74995840.27
20624053.75
75613714.33
140802374.95
23755799.56
26601518.14
74550921.11
64586328.74
71676109.59
74819896.59
26289671.71
65760621.84
65135308.65
21323641.57
64447884.68
70081403.42
139259281.69
140107804.43
65088125.59
65708670.47
26673631.6
140333545.02
74980057.11
139448058.05
139927732.22
23964549.07
140283663.21
65230048.86
71021714.72
26024533.92
23985916.58
71212332.2
138840486.36
22554199.76
139439755.73
140092810.99
65399750.03
140672214.37
74202376.06
64935905.47
20271641.18
20540765.93
65100791.68
64815032.32
63662147.48
74947776.41
65244374.62
140194391.11
26209240.51
75082976.47
65410803.36
70502976.81
74637874.58
65280888.85
139543076.12
65032398.21
75412864.39
139754459.61
65737441.75
19875494.13
63257448.0
140185614.92
20624260.33
139387462.09
24866618.3
138447838.16
75936414.73
75599584.27
65242005.69
75069007.44
64286456.17
139094789.84
64539739.46
139073949.77
66278404.53
65189243.72
140491050.55
139602958.02
139816909.61
26329369.66
140600254.84
75742019.47
63946957.4
64541948.26
64606983.74
26218074.56
64646500.85
65315562.76
70769529.43
64894107.86
65103808.46
65966532.97
63532184.49
140435505.78
75528806.61
26952552.23
75375633.5
63683517.03
70113927.18
24153300.0
65911620.37
26189678.68
63979149.81
26809561.12
76169476.85
65241720.38
64078121.25
23661275.51
66147862.58
140283549.68
64058719.39
26817551.78
19491897.61
64786736.95
140060271.51
70275379.7
65846784.15
70845360.38
23800978.51
63663887.12
64883537.09
26737684.43
63847813.61
24725823.41
62505863.71
139559337.79
139350280.74
64775792.22
63346782.51
64252738.69
71104548.59
65145024.86
20622963.41
140673660.48
70369124.24
71457313.88
63616731.1
139537980.32
26667979.42
65049936.15
65279282.31
139947397.54
139956167.34
139405174.43
138488461.95
26746176.86
70620307.6
66005143.32
75139331.56
24352083.62
139776930.18
26264020.25
64374936.31
70627640.29
140078549.07
75261387.5
23947873.64
138959646.23
64056191.37
20146282.36
23606189.16
64304850.32
76508265.16
25010962.85
71944893.6
19646965.57
65735204.56
75534672.5
26678296.92
75521457.26
71493912.9
75391428.23
140297060.63
64469718.36
64738011.61
65226086.16
138809828.43
74682324.96
64632042.0
64417584.9
62926953.64
74975263.22
74790403.26
26438483.95
138589027.25
26764396.19
71175288.51
26806885.39
26457401.96
63454218.4
23753381.65
65878317.52
26622595.72
65029851.87
26644956.73
64793789.45
22856666.54
64630557.48
64000351.6
74420695.64
74944313.46
20663474.16
74972484.49
139780828.18
23625585.0
26252129.78
74476979.22
65005284.29
70793226.36
74954085.35
26332439.76
65162024.12
67001623.75
20605595.2
63939089.81
70429735.8
140571873.37
140084244.42
65117532.01
65331217.11
26848501.97
139169092.33
74891758.08
139860910.46
139051040.49
23746775.15
138641293.68
64294420.67
71654119.61
26828430.86
24066226.4
71107864.8
139842338.98
22731624.7
138803138.92
138559641.14
64686402.5
140587416.1
74630788.15
64935955.23
19870476.24
20443605.38
64513205.25
65387401.95
63455680.89
76309031.41
65111172.73
139275932.01
26112618.03
75268651.83
65223402.72
70472656.5
76629802.81
65555353.73
139813816.95
65825048.26
75821581.12
139224630.24
65054089.77
20678401.56
64000066.47
140084842.63
20272250.54
138545399.21
25163046.79
140003532.22
75298218.64
74848709.03
66410909.02
75419572.79
64741473.21
140305175.36
64570130.42
140707584.43
64719447.24
64813905.78
138843132.0
139061226.01
140066248.74
25469563.45
139417443.83
74406588.0
65011898.16
64567578.61
64461109.59
26767638.25
64339742.0
65184412.47
70897802.92
64526684.68
64066671.3
65594088.38
62812545.79
140286890.0
75229975.78
26563097.37
75096896.43
64314611.57
70806200.47
23781406.42
66746696.76
26248951.02
64158639.88
26714055.48
75033260.99
64463972.59
63594751.75
24356606.85
65559542.58
139503382.48
63250991.69
26568918.46
19949903.62
65788990.04
141107245.62
71360962.02
64813137.4
70456110.74
23492531.03
64096846.09
64955549.39
26524683.52
63872186.22
24670990.51
64190902.75
138906005.6
138314781.89
65442611.74
63392495.33
63549004.54
71799519.22
65428355.95
20042656.6
140550288.04
71064724.49
71156986.65
63481873.42
140494401.4
26263547.72
65602255.83
64750523.46
139725072.0
138338110.78
138660242.42
140233581.75
26672858.33
70823988.44
64985840.36
75791729.78
24435246.13
138835971.17
26915169.56
64997630.32
70007737.64
139741690.85
75191549.2
24396449.44
140304998.1
63611668.42
20450308.92
23903780.51
64442888.81
75252972.74
24665913.99
70655197.31
19725943.76
65213706.14
75104888.67
26136993.83
75334394.88
70882631.67
75656969.79
139170084.83
64364211.9
65446777.44
64770008.59
138961073.56
74132604.99
65666352.44
65071108.03
63300820.85
75342143.04
75021681.48
26688870.66
138589821.46
26380280.27
71394793.58
27192793.81
25710829.81
63243546.54
23879891.01
64728187.7
26624661.62
64940063.21
26342395.89
65717781.38
23459834.0
65297100.74
64354647.8
74785210.04
75828776.12
19989820.53
74386116.8
140300649.94
24041496.89
26966920.0
74595996.24
64912274.02
71021099.96
74690955.09
26219865.27
65461407.68
66138450.03
20742529.84
64167102.68
70925058.61
140371782.21
138966307.48
63987736.34
64702516.94
26476803.98
140127339.47
74124730.73
140028357.39
139851533.4
23375844.18
138746721.13
63992623.9
71573644.74
25655248.97
23786306.7
70784713.5
139836494.1
22870937.86
139999146.76
139973527.69
65138092.98
139190266.57
75442477.37
64761587.8
20682667.92
19604266.3
63961351.4
65164030.63
63970164.29
75155049.85
65186564.17
140043730.28
26561977.74
75014538.58
65906222.38
69760767.71
75631017.17
65001666.22
140061841.42
64748809.74
74882132.62
139277869.2
65458118.62
19738927.0
64452525.71
138849634.53
20069971.02
139741938.11
25136196.5
139751823.23
74108316.81
74580720.85
63680461.38
74669414.05
64927205.07
139769836.95
63967233.49
139565760.83
64301522.91
64282202.69
140690150.05
139305767.09
138207690.83
26579079.76
139921803.97
75984426.15
64807961.45
64324428.33
64836657.46
26206260.19
63971626.4
64702279.3
70285638.89
66012037.28
65705362.96
65914999.72
63812340.75
138866831.79
74836737.82
26704604.89
74867680.72
63812192.25
70478969.33
23220161.61
65687145.63
25362002.83
63963635.11
27273982.2
74322243.63
65611493.95
63401946.92
23978610.74
65759703.96
140004529.62
62716341.43
26615247.02
19649424.25
65089919.07
139145259.64
71415450.28
64905319.13
70764486.59
23838451.35
64288884.87
65210178.94
26344554.71
64204205.85
25443168.04
64177844.26
140019597.52
140079566.4
65645081.16
62512892.05
64510074.82
71530758.29
65201835.12
20593908.1
139740755.17
70788368.11
71655686.35
64028429.97
139608812.76
26635257.37
65091794.07
65557218.05
139969834.8
139290366.56
138254636.94
138964458.55
26490331.87
70675629.58
65290667.5
75426681.57
24013197.84
139563042.6
26526867.98
64700763.27
70216970.31
139074377.47
75735349.43
23857304.1
139433697.63
63952117.2
20730359.85
23368504.23
64591234.5
74636145.8
24871278.62
71504662.07
19582680.55
65662007.64
75705213.23
26894368.54
74802781.13
70432490.63
75981198.73
138800994.19
64795681.34
65275746.99
65983982.57
140473217.09
74698515.54
64866122.48
64705851.24
62851415.54
74958816.5
74532867.89
26837795.65
140089560.57
26776631.33
70813444.44
26405468.26
26247430.67
64194199.87
23978678.83
65195727.23
25703084.99
65223290.94
26195851.85
64664773.19
22659409.46
65997696.77
63875691.24
74836595.81
75473366.43
20476249.5
75763388.75
140310609.78
23759908.87
27422629.69
75655870.99
64460843.12
71125875.91
75026135.09
26118663.14
65524383.42
65526112.69
20771569.19
64421818.02
70008739.3
139284512.21
138179005.0
64859389.67
64562025.07
26838354.58
139850512.49
75029692.99
138841212.93
139561158.07
23720534.77
140287398.95
63462266.89
71428270.79
26948349.89
23648279.24
70109855.64
138485298.06
23260385.21
140143579.77
140109823.08
65854515.1
139336970.67
74707655.18
65190115.83
20995069.04
20158275.13
64506544.18
65393344.47
63491492.84
75537935.19
64407696.11
138737912.56
26187767.17
74599398.23
65080664.03
70465817.15
75038515.99
65259578.14
139417335.62
65057411.11
74708742.69
139953965.39
64883574.85
20781575.01
64194370.09
140148063.57
21180910.06
139491434.77
24970106.23
139436534.28
74777018.45
75264521.19
65151962.39
74631096.11
63482600.43
139787274.4
63963764.09
140175042.1
65326582.2
64335092.39
139555780.8
140368248.15
139983817.74
25984372.38
140018583.85
74562413.7
64461251.78
63486197.73
64697979.86
26575427.75
64266166.2
65197699.51
70705766.08
64940939.34
65130865.87
64721987.23
63539828.31
139156781.95
75047331.9
26203684.98
74849245.82
64641862.97
72208775.77
24021177.03
66294992.91
25428822.33
64317002.53
26029540.87
74952178.62
65130861.07
63520022.09
23496046.16
65999100.08
139553997.33
63616219.38
26517475.82
19448954.02
66367179.01
139331344.86
71534872.67
66044265.01
70348218.34
23707792.6
64730040.36
64890785.57
26285899.85
63418498.13
25417791.96
64040306.96
138732848.52
138814894.57
65000779.15
63576873.3
64234944.78
71854306.27
65672736.04
20832242.25
138582858.69
70894802.76
70916016.23
63374869.42
140250948.62
26153024.24
65413426.69
64679924.47
139392584.05
140311278.09
139972546.54
140466713.22
26896052.08
70310998.66
65270710.68
75175724.66
23887970.58
139931491.18
26804067.16
65972989.51
70228828.44
138554503.92
74922770.83
24067650.92
139891349.8
63995571.69
20286200.91
24055781.47
63840901.82
75923507.02
24563673.31
70015483.9
19421653.73
65596196.42
75079474.59
26288437.19
74698254.94
71490418.91
75199882.69
139667302.98
64210608.22
65039444.2
65369451.9
139582292.08
75001454.55
65646784.16
65054156.1
63760129.0
74902079.86
75894496.4
26692549.02
139583428.92
26664278.73
71125552.9
26169049.1
26384628.34
64131614.57
23807941.02
65090622.82
26589963.85
65380611.44
26314119.45
65372319.18
23330457.83
65166784.01
64385076.01
74934221.5
75830313.85
20302896.91
75021148.74
140481909.41
23917475.75
26736580.1
75289609.84
65286296.55
70977033.41
74172050.04
25965447.69
65237073.38
65143479.76
20603256.15
64216090.61
70004198.8
138465244.14
139063525.05
65595663.18
65692835.85
26308506.35
140162225.4
76280934.87
140438817.47
139502055.65
24098033.57
139276643.82
63884670.95
71555292.94
25928817.83
23457993.54
71288722.23
140743697.93
23248897.92
139049722.02
140480956.18
64766402.43
140213576.15
75299421.8
65294583.43
20204248.98
21031678.46
65271325.47
64965363.9
62759962.72
74374023.62
65347041.65
140731096.25
26207489.97
74375368.53
65122500.33
71456706.69
74314806.17
65548377.94
139629870.21
65259593.7
74547201.65
139124335.73
65331250.22
20350069.77
64100331.51
138606398.24
20592451.34
140036714.35
24685046.27
140562777.35
75239535.45
74917748.5
65035521.53
74902007.85
64503127.19
139068462.3
64549970.78
139760534.68
64863533.48
64826535.55
140371808.05
138378129.89
140903574.72
25789012.86
140415466.03
75117364.49
64703522.19
63916770.83
64113106.49
27372767.45
64597449.67
65527772.76
70893427.43
65054449.94
66186176.53
65379331.23
63165563.06
140447813.49
75370583.65
26247112.91
74936593.33
63937006.8
69961594.02
23504949.63
65545617.55
26009202.97
64236370.44
26652991.92
76593638.38
64713287.81
65163578.25
24306625.07
66337884.43
140411959.15
63386221.22
25828516.55
19583277.6
65199935.34
139594582.06
70825393.61
64980211.36
71564489.82
23630064.14
64304940.88
64634218.67
27549224.0
64263421.74
24526591.2
64012779.0
141488588.92
140771928.35
65400000.41
63624734.42
64263935.6
70989950.72
65112990.94
20504927.56
139670838.5
70558935.5
70938299.07
64316560.47
139339196.13
26039662.5
65012722.34
64369448.17
140138983.24
141254077.4
139343471.87
139883002.96
26910164.09
70238267.17
65156361.15
74704143.76
24508299.64
140125688.92
26932827.04
65160224.66
70849669.04
139437057.11
74734340.74
24415330.7
140112977.11
63671110.14
20288365.46
24275314.16
64234614.11
74278363.05
24234739.36
70406349.43
19888263.05
64981273.65
74973893.22
26010203.49
75592397.83
71408793.71
74941935.24
139939868.87
65142234.83
65646544.12
64634920.91
139284516.15
75038551.58
65640870.39
65414761.63
63461342.45
74665859.29
75588444.32
26638783.16
139223264.26
26753243.52
70672595.13
26556142.02
25340098.43
62530715.49
24527842.05
65115847.53
26798566.21
65109684.48
26541054.7
64604064.29
23311199.54
64933013.23
65363814.31
76369452.19
75669589.01
20524691.73
75168256.66
139757778.65
24151697.81
27106847.42
75845502.85
64862772.99
70856603.97
75376029.27
26234517.88
65043011.14
65792526.75
20327340.04
64952927.74
70697794.75
139681895.7
140246014.94
65162239.93
65001923.31
27142019.77
140190560.49
76034222.51
138498306.44
139844877.72
24100568.58
140385789.45
63882579.27
71809030.14
26566316.66
23774270.14
70213733.97
140594261.04
23547931.33
139448279.89
139327814.29
65829632.52
140915767.27
75366846.89
65869215.39
20395542.9
20467638.28
64901306.24
64811890.01
63002717.46
75057751.01
64684404.1
139977733.88
26625450.48
75257073.81
64444314.24
69911726.46
75344604.51
65641125.09
138756985.57
65183325.98
75677119.43
139527091.48
65190368.5
20093505.35
64001321.93
139477366.61
20950724.73
139121757.63
24938349.63
139040016.01
75450875.12
75987840.91
66222155.26
76098014.46
64865226.45
138504380.92
64390578.02
140996104.13
65186218.13
64086325.03
139438118.38
139824489.98
138359578.11
26396307.91
140129619.77
75311875.83
65068013.96
64931171.36
63601801.9
27031896.55
64746468.42
64679994.81
70729322.55
65520210.36
65680634.03
65142541.8
63264370.64
139195797.54
74187755.05
26705898.07
75956283.43
64398170.4
70828662.94
23838271.55
66622687.44
25863529.52
63997524.74
26802788.29
74321818.34
64489458.04
63912985.89
23853037.75
65127351.87
139831061.39
63926962.97
26673963.29
20183528.6
65854484.37
140214380.11
70224083.93
65827295.36
70743045.87
24553261.49
64248724.9
64371159.57
26878480.35
64569088.65
25164264.56
63979759.29
139298516.82
138927965.04
65392640.28
63905238.46
63802860.71
72440977.12
64766765.07
20853536.29
140347616.08
71092448.38
70585803.87
63513723.93
139847359.99
26438258.69
64911787.37
65212383.29
139826047.76
139046076.24
139554236.67
139989458.83
26225416.45
70182649.22
65123362.43
74640501.93
23937838.2
139843831.4
27134221.79
65786224.44
70124635.54
140993519.02
74825309.77
24035206.87
140217587.19
64296066.98
20306864.29
23911254.34
64488723.16
74526146.9
24891407.56
71337975.14
19945675.56
64625879.18
75124117.18
25862984.46
74806748.32
70991846.76
75199257.79
139070003.18
62587687.72
65193490.93
65348639.81
139097671.67
74933788.08
65700152.38
65100619.66
63204941.77
75173959.66
75178406.12
26091754.11
139529210.59
26602934.08
71050553.37
26428378.45
26575575.53
63962445.33
23797132.01
64705662.97
26242773.15
64577286.22
26107881.69
64750634.27
22908682.13
65210660.98
64590292.94
75734963.67
75519256.78
20922830.15
75590592.46
140181734.37
23749831.3
26544382.08
74266286.37
64205128.22
70931630.27
74489043.96
26591703.72
64979766.93
65954433.09
20028448.88
64499084.86
71720116.44
140389254.5
139173119.27
64795003.71
65180060.4
26767150.12
138698877.08
75591313.65
139361002.95
140676660.04
24049046.62
139893424.71
64361216.29
72412621.95
26186996.86
24125571.39
70570993.77
139959297.86
22902770.38
138798459.45
140376410.6
65459810.93
139551257.98
75480162.23
65170172.01
20170717.29
20372911.19
64975922.53
65359322.97
63163768.96
74336467.33
65196070.38
139906428.57
26268915.54
75625974.0
65603260.37
70857867.62
74979755.33
64633664.23
141025456.07
65072669.97
75285336.15
140110191.13
65486236.28
20632855.27
64587084.77
138860396.27
20381745.34
139733030.54
24792892.26
138510666.72
75468355.53
74580395.51
65463728.31
74093017.14
64772226.19
139065790.79
64423904.23
139030763.07
64821344.56
63970944.9
140208850.3
140455613.16
139463601.13
26082858.5
139303877.05
75620234.84
64586561.83
63922703.09
64595525.81
26450558.82
64883727.69
64423943.65
70204062.68
65881686.38
65607953.92
65309952.61
63816141.12
140286515.24
74816674.43
26403311.34
75396033.38
63971845.08
71008442.74
23818900.85
66263963.27
26709495.62
62741727.08
27200067.17
75640309.76
65613717.56
64360954.06
23811495.16
66327023.01
139712104.37
64460434.0
26237201.46
19950631.66
65271636.47
140360999.35
70595563.31
65739881.93
71115512.32
24422425.53
64296783.36
65284089.82
26765761.41
63966360.64
25188783.57
64590652.44
139288002.2
140622329.92
65166626.04
64181472.2
63970115.64
71989673.27
65040672.16
20358474.12
139955425.87
71713160.14
70458021.23
63874507.09
139105073.28
26375462.44
65289744.34
64925730.63
140065319.46
138522411.47
139051255.97
139347444.19
26647527.24
70478878.68
65713664.76
75143181.77
24089589.47
139415644.64
26548042.08
64990976.02
70824788.9
140712811.41
75369574.46
24028626.52
139756464.3
63329102.72
20196869.7
24729602.74
63630942.69
75558568.16
24707464.13
70788176.94
19314073.0
65532291.78
74911108.6
25825915.38
75482229.88
70338322.42
75232767.87
139842795.41
64279967.54
64302462.88
65427038.0
139745017.55
74677936.36
64470596.52
64853882.03
63987650.16
75731407.75
75543775.76
26395991.29
140503367.93
26320514.94
71202363.27
26775128.58
25997145.73
63861328.44
23744516.65
64440917.21
26604282.47
65832195.96
26691891.04
64969367.24
22583230.99
64760835.82
64538150.51
74926102.23
75212497.32
20554183.7
75031825.46
140291482.25
23806815.12
26701457.01
74219799.39
64894739.53
70301482.51
74888945.41
25399478.51
64947948.16
66281342.12
20489223.69
64261857.24
70553471.42
140002476.18
139728420.86
64887108.06
66057346.16
26725415.04
138776807.4
75728405.91
140014608.38
139281941.61
23670796.96
140383233.42
64886561.79
71709011.83
26774230.14
24545647.07
72061439.35
140635699.3
23003696.71
139510076.99
139639793.16
65014746.75
140087929.88
74346320.17
64940175.22
20741967.48
20151345.23
64522568.51
65152171.35
64076669.28
74283598.21
65552104.28
139301761.9
25126514.96
74943327.33
65461430.62
71494138.18
74601631.29
65536475.71
139719057.49
65904326.55
75384731.53
139546268.06
65211759.4
20199787.73
63930561.27
139336737.95
20584132.31
140245432.52
23820783.72
140746014.11
74570773.95
75324859.57
65721721.14
74901037.87
63926978.51
138383174.61
64281361.4
138729806.65
65498206.02
63971780.56
138621728.93
139750085.85
139557238.23
26402085.23
140032558.83
74633871.01
65365864.69
64510601.19
64284338.48
26252760.97
64434037.69
64992432.88
71048821.54
65147779.59
65819083.32
65593753.02
63485450.79
138911154.1
74792763.41
26602152.47
74593082.07
64684059.03
70772188.64
23900051.0
65112883.33
26440461.14
63972950.39
26831547.07
75536458.71
65645291.6
63706105.42
24003461.36
66227531.33
139419106.57
64207648.05
25980268.78
20073375.87
65437323.9
140607539.33
70097180.01
64872704.06
71398026.73
24044433.59
63824542.69
64762936.55
26920106.86
64260189.87
24902306.26
64108551.93
139889855.93
140035682.41
65160191.81
63088311.83
64659805.06
71954342.4
65160661.88
20051268.79
140012987.04
70954645.1
71186931.33
63854912.95
140108191.58
27114441.32
64816380.61
65295600.09
140583842.76
140986737.86
138827361.75
139913692.79
26341667.88
71594935.12
65140393.99
75121575.38
23541354.49
139129448.34
26993349.6
65848196.57
71452259.91
139659467.53
74974999.74
23980271.91
140127641.59
63949600.23
20439315.57
24808152.71
64524590.15
74139607.13
24852463.76
71273224.14
19511405.2
65624698.61
73693095.46
26396058.83
75765187.29
70859611.79
74206909.17
141356587.58
64327469.19
65233000.84
64753873.85
140101018.95
75872746.46
66000914.55
65143304.17
63934066.2
75026669.82
75362279.51
26969207.02
138834677.14
26173200.35
70564354.57
26794868.61
26549357.76
63022639.53
24258754.46
65737053.1
26647364.27
64857344.56
25949643.46
65703080.65
22942819.62
65979109.21
64208920.91
74539965.56
75120368.27
21002910.71
75408667.78
139529240.88
24390128.44
26241458.24
75781843.4
64494778.62
70227729.78
75305656.51
26766444.72
65803008.01
65613042.23
20537061.61
63744820.02
70777509.5
139930431.67
138624007.67
65081280.56
64732720.18
25980155.54
140088519.15
74810941.87
138400879.91
137892352.46
24274822.87
140056689.96
64325299.09
70749345.07
26524815.32
23661716.27
71315978.3
140424233.59
23368821.84
140818792.58
139640038.96
65573483.28
139511488.94
74694855.33
64829747.62
21159048.28
20443816.18
65500912.25
65163837.27
63277430.61
75845067.19
64373068.32
140413760.65
26150297.22
74459161.07
65308777.48
70345671.02
74765877.08
65560184.41
140049535.14
65680299.43
74830659.18
139455135.06
65347498.8
19639538.55
64398782.23
138416480.79
20692568.17
139581935.14
25119233.0
139161355.47
75560115.7
74200513.57
64919006.35
75637917.25
64160698.27
139713302.87
63918751.58
138957075.83
65204669.12
64122713.55
140441175.19
139670685.92
139493777.13
26099210.15
140634411.83
75149291.48
64884273.61
64169373.73
64349289.22
26376265.27
64810236.41
65313506.72
69893053.53
64575982.25
65554551.28
65915916.36
62958574.23
139703046.74
75555155.25
26169808.74
75644087.34
62934993.5
70745521.58
24282209.04
65817973.74
25922199.8
63037668.53
26605658.15
75420462.41
64518621.56
63756712.88
23878538.36
65994681.38
139328299.05
64058365.12
26882708.26
19747747.69
65191684.94
139506050.82
70464565.64
65341215.28
71098635.09
24265640.61
64315973.13
64902329.78
25912595.25
64006147.92
25237157.03
63247278.72
140592607.36
140090664.66
65269364.25
63585891.1
63969131.03
71704389.32
65094501.84
20620901.87
140114790.84
69660255.32
70197326.12
63025632.33
140125131.52
26097753.48
65044776.78
65298667.11
139287972.54
139948333.98
138840694.59
139756806.59
25892576.37
70700664.09
64900759.18
74590143.36
24745601.79
140309490.05
26577663.38
65570907.13
70306316.39
140645138.17
75676017.67
24273862.72
140745147.42
63809568.12
20482580.68
24059346.28
64431961.34
74828628.1
24992062.02
70856958.68
19771397.23
65231176.93
75536010.44
26201109.43
75223319.72
69969337.97
74971742.95
140562763.24
63779314.4
64855253.55
64375577.3
140471364.2
75036399.44
64884289.37
65311092.48
63126704.79
75290983.74
74488160.64
26832690.3
139692594.05
26309642.09
70504624.98
26967470.53
25550129.88
62824244.82
23774992.28
64700316.01
26406227.55
65093204.72
26695279.69
65515771.08
23059236.28
65183265.31
64567034.02
75260069.47
74622303.47
20526905.79
74401733.13
140091939.13
24415438.26
26607778.84
76309491.16
64609874.23
70692315.3
74411984.02
26646520.65
64991126.07
65461885.2
20356732.78
63649898.2
70172231.35
139503833.65
140259337.51
65782669.01
64939824.26
27533797.03
140127383.66
75632953.77
140114772.2
140412717.24
23885364.76
139556907.05
64004857.95
72650016.33
25878447.57
23862752.42
70317434.49
138660062.05
23303770.44
139663631.92
139272937.45
64803592.31
139273568.9
74512890.16
66007202.79
20891851.65
20379006.3
65853309.09
65119919.37
63838356.51
74363086.79
65281314.86
140463754.76
26076556.42
74860868.58
64830948.71
70719241.5
74649173.23
64572211.73
140092354.08
64654599.65
74764220.46
139752779.64
65328839.37
20230245.17
64888412.92
139945270.08
20410807.21
141195128.25
25070109.46
139395963.22
75055804.82
74568720.97
65922546.55
75421382.67
64369776.77
139604151.52
64411173.52
139382518.31
65339462.12
64441103.93
140435943.15
138554831.4
139893843.12
26500069.5
139185611.04
75712675.36
65156292.3
64708053.89
63868348.81
26422280.75
64443290.89
64783255.83
70822891.73
65282773.66
65327432.26
65091152.75
63738749.55
139616560.23
75190102.8
27058745.36
75033115.23
63737453.58
70439860.18
24154705.07
66159047.18
27006589.98
63672735.57
26997833.75
75308988.45
65588620.02
63620130.52
23989718.33
65932064.67
139393493.44
63897468.95
26625264.58
19597349.15
64716399.58
139304051.77
71351065.96
66094162.64
70400297.02
24033506.2
63596153.54
65149978.7
26139816.21
64004691.89
25102186.05
63719576.62
139466288.07
139615402.7
65311783.99
63187645.04
63628077.45
71555173.75
64976490.74
19953899.16
138834852.59
70539063.61
70649994.59
63716271.23
139287007.85
26223904.11
65830236.28
65599174.49
140297615.96
138895060.04
140942417.03
137690539.1
26655389.18
70760855.47
65296008.43
74058174.19
23834404.3
139108875.07
26397721.05
65056379.55
70006999.6
139339499.35
73230447.75
23785806.28
139682245.37
64238366.27
20161869.88
24039146.59
63477921.12
74105152.07
25296229.23
70376741.76
20023749.58
65826422.38
74735499.99
25906594.45
75007569.93
71334799.1
74534330.58
139625518.12
64135344.83
64776862.95
64839604.78
140268400.91
75203306.85
64630824.96
64966190.62
64451852.91
75642961.67
74223080.85
26385405.62
138768371.81
27053178.28
71349726.56
26217081.84
26527621.13
63525029.67
23962916.53
65382192.97
26664332.29
66327546.55
26296809.7
66490732.85
23174162.35
65359906.85
64294214.95
74783575.87
75081881.61
21152005.81
74867444.08
139986318.32
23919805.08
26744899.31
76015397.78
64663151.26
70303477.66
74836109.94
26420398.96
65888093.64
65984236.25
20451337.95
64175966.5
69925390.41
139946724.42
139803092.9
66207300.26
64449938.01
27074231.26
140240341.58
74769563.25
139364997.86
140141816.44
24458597.53
139910003.47
63375420.7
71825286.05
26526817.75
24164575.62
70289027.87
139880490.42
22864732.45
138390495.32
139789505.4
65691034.52
139936402.27
74823723.31
65560986.8
20539290.7
21087991.03
64560261.46
64727101.98
64975524.55
75365148.28
64893201.15
140511868.22
26261171.29
75603632.34
64882114.03
71550149.4
75244390.48
64807112.63
140096486.53
64448006.04
76140784.92
139532280.56
65495442.49
20450952.36
64529715.46
139287461.14
21064181.43
139429165.27
25233583.87
140243176.4
75745747.51
75392945.26
65205368.68
75582325.39
64680958.39
139382640.93
63853742.11
139556378.97
65730514.21
64173590.8
140281600.81
139254389.72
140190871.08
26437218.61
137723864.4
74410425.35
65813704.95
63294468.58
64240846.77
26160504.36
64231202.53
64060212.68
70284020.65
65674023.38
65343901.29
65213104.43
63693624.7
138475642.33
74246791.69
26758050.51
75122450.31
64557859.85
70588627.58
24315536.97
66301007.04
26638901.62
64386429.96
26306082.96
75273629.76
63848766.99
63053379.53
24680325.25
65654389.42
139061094.81
63345420.15
26256763.08
19705508.56
64828390.93
140067933.46
71671545.24
66321855.57
71072840.05
24380246.11
64550356.46
64716030.47
26638138.03
64018883.73
24775388.52
63434781.99
140182429.04
139628049.94
65106925.01
63933781.13
63739930.37
70717115.59
65046294.28
20555373.05
139581854.13
71406753.98
70957875.8
62822057.41
140110534.44
25833890.6
65202747.74
65292816.62
140599974.2
139918297.6
140240952.12
139810035.52
26352621.53
70880371.25
65814229.47
75302486.63
23639755.7
139676407.47
26750491.89
64714407.76
70402441.43
138594240.9
74475977.66
24188060.54
139083631.71
64274322.49
20283563.68
23718723.37
63491433.55
74046597.2
25135830.8
70457355.28
19898101.94
65037738.72
75149162.15
26933356.93
75945815.06
70340471.58
75310825.95
139114148.37
63994948.27
64984325.7
64791764.9
140381821.39
75177351.34
65074632.38
65043590.91
63872375.96
75633729.27
74729310.64
26706111.34
140177757.11
26415036.7
70704963.58
27089213.05
25965308.51
63268654.45
23907111.84
64822734.68
26398279.01
64539866.94
26826123.56
65047977.05
22535842.22
65893870.74
64560197.47
74881668.79
74709081.7
20302301.42
76540812.41
140170857.97
23827187.8
26693428.9
75309099.9
65135669.03
70250961.44
74948638.8
26773012.08
65137935.01
65365370.89
20355512.29
64901633.02
69632901.81
140336865.01
140205092.34
65640471.4
65430057.48
27207414.11
138260586.58
75320582.65
139691061.11
139891310.83
23973764.46
139643418.97
63672823.69
71241803.11
26254899.65
23836935.44
70583754.37
139495255.82
23457489.63
139712587.03
139669522.42
64967485.25
139713290.07
74276188.48
64829633.74
20446294.22
19441063.31
65355466.31
65527252.2
64109963.71
74493476.02
64665973.47
139250527.28
26409366.35
75109241.84
65006070.97
69937915.55
74733850.96
65234755.06
140398944.16
64969403.61
75065468.02
140436484.3
66071581.21
20472590.2
64260507.6
139613838.72
21007579.76
140982825.0
25164458.24
138901563.94
75340605.05
75545367.54
65167344.47
75389532.51
65326244.04
139153127.67
63867715.11
139579845.67
65137891.13
64290935.91
139298332.82
140110668.18
139732078.82
26208884.77
139134176.17
74682535.57
65000881.72
63693666.06
64566682.4
26777956.26
64148187.55
65226194.58
70939890.01
64834914.31
64926866.04
65567187.13
63575190.4
138926386.2
74619824.93
25849909.49
74153299.31
63860982.85
71000494.74
23611112.98
66560486.71
26518690.75
63748677.78
27101893.23
75032737.81
63799428.36
63691129.46
24249853.55
65953137.35
139181717.68
63945957.59
26506316.06
19138538.87
65447655.04
139313840.72
71180649.01
65389094.47
69377130.85
24134313.23
64346503.07
65200677.47
26246678.42
64695257.36
25171654.83
63794683.41
140343456.64
140043519.75
65665514.69
63132837.14
62985431.71
71362038.44
65346315.5
20205122.6
139081405.28
70721693.7
71297439.53
63159861.23
140373252.57
25958783.63
65810337.11
64398204.42
139942894.77
139606405.08
139290263.51
139604873.82
26512852.7
70307937.5
65698401.1
75876490.61
23965997.24
139697211.29
26823152.88
64689634.56
70207356.93
140975494.41
75163103.06
24530700.92
139709557.02
63861025.62
19882622.11
23814117.71
63866620.58
75115489.68
24184019.35
71225747.4
19490134.71
64646143.95
74918337.91
25577836.62
75070993.29
70059877.34
74537134.59
140169382.98
63924823.43
65586261.58
65930687.78
139240264.15
75362137.51
65506723.37
64809561.47
63439276.8
75503702.27
75702569.96
26751517.28
139267285.43
26597439.54
70418857.22
26901111.19
25961035.55
62976449.4
23601845.75
65101192.22
26734317.24
66091375.73
26650379.01
64761935.99
22763834.74
65077580.72
63998797.42
75235857.52
75521755.77
20625986.71
74567196.75
139707435.18
23492083.68
26383883.06
74317732.87
65003361.22
70925679.23
74426629.67
26270478.38
65766841.19
65773632.28
20351302.48
63922527.6
69693306.19
141209273.08
141024427.36
64548087.38
65202269.35
27212405.71
140327577.82
74793860.83
139567677.95
139296986.02
24237081.08
138960071.89
64601767.16
72267114.87
26932012.7
23976292.21
71321726.95
140039347.16
22984637.12
140142891.57
139822592.12
65953290.45
139540322.92
75721126.61
64682251.46
20583407.61
20261349.39
65689021.67
64651011.94
63649210.97
74397815.06
65080126.46
139384677.65
25707403.1
74577992.43
65106933.9
69960587.43
75236812.29
65311387.63
140692076.44
65248549.23
75299010.99
139505469.09
65650776.05
20060249.35
64664760.53
139570772.71
20648582.7
139333408.2
24742992.67
140000102.76
74881514.58
75481835.77
64891768.01
75026822.35
65138272.57
139332141.08
64002585.84
139101489.51
65331872.22
63966595.99
138575327.18
139248699.33
139184768.9
26155005.64
139057369.53
74369036.44
65318228.7
64353296.31
65270473.91
26498104.42
65170611.62
65645697.44
70842418.34
65343608.47
65616656.24
65584861.49
64174938.36
140083836.58
75213460.88
26085501.64
74192875.22
64026841.18
70723601.82
23959165.26
66282163.47
26604322.71
63671910.72
26024714.13
75010645.62
65515579.41
63166217.5
24036103.19
65818010.15
138592405.52
63719193.48
26026680.98
18903351.54
65892509.53
139676960.43
70478922.46
66273792.21
71110707.29
24656270.86
64182041.66
65225699.12
26710404.18
64801874.61
24594913.38
63262095.17
139543596.2
139891832.6
65406335.21
63718257.11
64651158.68
71362093.14
65210642.59
20663933.32
138910727.07
71563609.03
70902955.68
63928939.92
139026517.41
26522293.54
65473698.76
65542644.26
140350550.24
139944053.79
139609840.99
140081627.23
26625039.61
70424764.35
64816194.24
76029407.35
23891765.93
139041776.63
25878235.92
65725259.6
71513598.5
139026463.03
75745583.83
24376092.14
139964724.55
64181767.7
21317698.57
24367977.74
64214492.06
74426359.35
24886549.41
70617052.53
20110899.63
65474397.96
75092344.98
26263152.82
75299955.88
71271896.89
75594798.53
140202918.31
64389116.53
65522866.27
64537518.81
138015053.85
74373812.62
64510672.33
65645481.99
63039912.33
74350541.48
75295343.54
26737693.21
139416241.74
27147607.05
70687910.08
26938776.51
26121491.14
63862081.3
23510541.85
65473140.84
26247446.3
65156066.0
26425276.59
65575589.73
22994754.41
65425963.73
65178009.71
75008549.77
74988659.23
20177538.23
75029604.58
139190527.5
24432106.01
27304327.02
73980053.7
64467775.67
71252883.85
75391198.97
25976679.26
65771385.69
66293148.48
19738987.26
64266219.84
70911320.33
139837844.16
140704978.02
64836760.35
64466664.89
26983524.66
139685784.79
74406769.38
138731286.82
138922192.58
23730581.15
140266259.53
64005645.0
71420891.17
26495930.99
23685375.47
70601089.59
138607578.67
23125806.53
140990585.46
140283081.36
64965457.48
139109530.08
75813991.42
64851684.07
21283331.25
19760822.89
65108363.46
64259906.38
63408262.85
74650062.92
65428082.28
139991471.36
26405602.78
74405245.65
65160939.44
71130488.8
75104902.19
65609232.55
140411404.54
65095512.68
74837176.12
139267728.73
64825971.77
20278027.91
64720627.19
139129811.92
20457498.23
139351372.76
24951321.39
139516383.49
75679408.41
75178252.4
65522102.98
75823161.27
65033248.28
140020904.0
63841827.64
140751167.15
64840046.77
64285090.89
140058525.5
138840203.59
140326556.83
25837189.61
139787947.44
75434021.91
64741252.91
64534504.05
64681215.16
26213274.95
64702308.16
64472750.95
71148065.37
64926600.28
65947984.36
66009057.47
63435321.95
139788725.32
74958611.98
26565462.42
74893811.11
64135388.66
70177225.77
24068969.49
65655754.63
26050523.01
63183438.82
26432643.47
75207983.71
64194015.31
63445103.71
24719076.88
65867812.24
139939547.24
63756868.66
26264937.85
19283494.04
65231308.24
140638104.82
71036578.42
65083922.28
70301052.45
23497041.75
64183770.68
65443787.72
26944454.22
63553578.72
24709383.88
64029028.22
140377428.5
140492803.99
64865515.45
62995138.7
63131250.43
71283930.28
64766138.19
19782609.53
139455916.41
70829209.13
70696764.26
64515658.15
139551889.12
26290106.58
64606358.16
66321571.39
138757722.8
141007604.08
137843893.65
139513258.34
26478732.31
70986005.95
64641489.25
75027922.11
23369445.98
140195898.68
27245894.68
66255369.46
70521443.02
138934526.73
74345715.16
24297366.29
139578482.3
64655369.47
20210281.08
24113949.09
64177964.76
75094871.89
24695971.49
70970462.63
19882281.41
65898467.8
74437821.51
26401811.55
74584038.26
70500010.93
74294907.18
140059549.1
65059041.29
65848627.34
65385721.79
140117978.49
74854614.7
65774031.98
65024201.36
63734839.24
75903800.1
74987931.24
26320379.22
139838339.11
26310860.02
70540353.97
26283194.02
26069887.98
63661890.86
24308165.71
64943089.42
26684261.95
65037602.39
26877853.74
65322600.9
23185832.13
65481715.32
64271159.2
75200261.64
75356512.18
19930519.05
74481501.86
140369983.17
23783850.7
26955879.05
74867981.94
65143907.65
71236670.33
74653930.55
26756387.62
66024314.32
65644939.37
20759274.22
64267199.96
70298347.31
138836727.89
139432836.27
65058198.97
64516285.09
26752967.27
140006119.4
75541781.45
138985016.25
140447995.91
24037571.1
139485932.9
64170283.64
71414099.81
26212999.21
23673964.69
70504462.5
139924067.36
23161827.85
139713439.6
140392275.76
65763722.52
138811573.46
75053057.91
65239302.55
20468954.32
20089071.64
64197552.25
65523925.86
64138259.85
76091585.89
64604811.15
137461740.13
25543115.81
75608406.06
65597502.37
70924587.73
74590995.44
65415823.29
138380109.84
65246886.33
75587814.88
139320016.81
64475934.59
20483864.95
65315141.99
139075675.51
20570665.56
139160906.04
25133118.5
139478088.72
74583982.07
74945545.68
65246829.96
74165480.16
65757881.11
139917838.85
63310661.71
139536335.94
64645452.41
64441937.88
139433838.75
140495969.76
140333774.69
26082603.64
139138860.29
75742434.15
64499692.4
64114283.95
64144592.16
26626446.91
65002850.85
65312153.62
71658522.49
65208968.56
65333544.84
65211929.09
63261707.74
139011229.25
75589538.07
26474755.8
74895661.81
64803030.39
71274243.03
23537821.91
65204121.57
26189463.12
63343925.54
26699341.73
74908467.37
65033678.07
63004687.1
23488128.22
65612309.17
139330185.4
64368419.52
27143451.99
19483271.69
63949915.44
139771741.29
70627467.41
65138355.86
70185410.76
24383856.86
64646516.04
66161564.02
26734182.83
64166162.74
25120028.07
63813206.72
138493287.17
138790457.92
65292519.62
62561241.53
63301551.65
71358778.22
65711934.05
20326584.76
140016477.43
70574551.84
69862344.46
63704142.32
140487551.34
26882143.34
65025399.64
64698059.6
139954482.79
138488093.78
138307118.95
140263277.25
25962900.65
70946008.98
64271697.66
74894348.74
23858348.38
140114343.58
26661746.73
64817443.22
70433780.52
138967433.28
75212549.79
23250239.66
138767646.58
64538133.4
20763193.73
24472623.8
64456547.59
75541979.88
24813422.81
70310623.29
19434405.75
65578280.65
75696172.26
26475912.66
75357276.9
70406827.93
75446775.44
138501397.89
64025471.47
64957465.3
65540823.22
139479683.89
75503769.1
65667051.91
65129831.14
63737876.37
75426542.4
73883482.24
26661433.23
140320256.62
26352675.95
71563306.79
26714940.19
25917856.32
63650888.37
24237834.98
65044398.54
26384950.46
64501529.19
26307481.35
64821794.24
22986951.47
64738897.63
63954459.05
74479541.57
74963434.94
20390313.28
75086505.66
140274279.25
23630118.95
26569504.49
75456774.21
66548248.68
70465042.87
75277841.32
26075326.12
65490426.44
66310490.14
20231809.04
64116200.89
69840887.0
140781777.4
139748831.85
65587840.59
65734895.31
26632068.86
138663956.01
74477836.52
140213324.33
139833507.38
24240929.73
139628376.94
63496165.87
71904163.75
26460759.76
23819943.71
70896226.58
140784021.43
23122021.94
140014421.04
139912524.78
65782868.02
138539791.96
74705942.48
65080244.71
20450401.51
20262861.88
64486608.0
65430649.56
63669562.48
75206566.36
65608192.16
139454731.1
25991487.69
76511973.02
65111066.08
70404950.84
75709647.71
64882354.66
140241530.54
65511108.03
75207802.22
140494224.58
65411572.89
20145692.7
64857670.81
139339423.06
20368416.1
139541250.17
25465298.81
139509596.18
75574700.28
75154763.48
64853452.22
74871005.26
64625233.3
138929356.29
64667524.72
140580423.29
64440478.88
64128775.9
140788793.71
140494500.87
141183379.5
26031565.49
139770436.96
75319090.51
65732450.39
63937516.8
65408721.2
26042987.64
64992624.35
65390524.91
71244654.6
65190517.84
65746250.65
65950702.58
62351870.14
138957885.98
75117669.86
26806742.36
74831950.66
63419518.53
70183102.8
24211566.11
66985744.51
26767572.16
64737186.81
26233951.87
75009497.37
64890595.63
63333407.74
24080574.47
65731704.22
138663019.42
63463539.11
26403221.5
19903670.04
64863620.34
140004519.82
69792748.69
64895719.83
69779211.31
24161555.97
64465203.67
65007119.17
26791345.69
63888441.33
25202371.62
63624348.26
139830702.32
140070968.22
65193290.93
64048957.29
64178055.33
72429707.29
64610210.55
20355299.9
140407060.07
72299927.89
70145624.62
63777741.05
139066796.06
26444362.06
65140551.66
65413951.96
140051323.96
139165148.12
140827612.96
140239299.64
26421016.37
70024661.58
65380499.98
74958888.43
23807454.91
139741636.21
26782903.48
65510815.25
70860994.5
138324002.51
75212173.57
23674161.31
139460111.56
63350256.05
19866997.63
24436933.49
63797185.76
75578765.36
25149870.19
71025371.76
19534732.02
65533720.36
75719187.24
26268051.46
74132725.14
70922975.99
75018304.27
139965514.12
64814012.91
65223024.1
65069112.8
139717708.03
75009927.08
65159931.95
64841541.69
64335796.98
75902762.61
74992006.05
26399515.05
140234011.71
26251894.98
70583433.97
26490565.31
26376083.25
62726341.96
24283665.53
65326802.62
26695908.07
64894039.12
26381473.59
64517070.75
23357776.08
65357503.93
63865003.78
75844478.23
74953210.04
20378802.14
74466203.97
139827025.6
24121215.07
26966485.46
74871367.67
64206112.83
71276389.38
74153133.14
26215000.36
66212714.9
65937804.05
20110225.97
64553578.0
71415260.84
139562451.05
139356253.32
65187483.63
65698396.9
26337744.47
139957387.94
76381912.13
141029426.33
139620146.94
23752078.65
137868479.15
63588729.05
71641169.84
