33527706.84
34596807.98
32659733.11
44056782.22
37260643.05
58715376.71
55715674.49
72302577.93
40243945.29
85105866.68
38938090.18
53004137.73
12247642.53
84063956.54
56339408.44
15878739.02
46485297.5
54359529.59
75883955.49
58089834.74
49316165.47
74907216.15
50417059.18
77837434.15
26023312.74
18936063.0
14085636.66
12030239.84
23670591.54
12495636.14
20343332.73
44586935.51
46268083.43
49966331.72
35577820.72
83022046.41
37543432.14
39752323.87
16437792.05
30703084.61
66767721.72
72953737.49
37581232.35
65139822.83
47681262.35
80938226.15
44087788.95
26260254.14
31660078.03
51060092.9
33761242.05
47079578.77
23288364.89
17361444.59
81632832.9
59739643.67
74581636.38
84411259.92
23529212.78
21762396.61
78165757.48
36987668.98
34236879.66
76209535.26
57750712.55
58768079.11
78854405.88
30839778.75
81632832.9
69697939.71
48478728.24
41109509.15
25785242.37
49034775.48
80938226.15
42177949.8
55321627.87
47308960.48
24710597.49
73930476.82
51359256.01
90315417.34
83022046.41
58036838.61
78507102.5
27557777.67
50561885.19
68721200.38
72953737.49
57072501.3
16084582.33
85453170.05
18925454.01
92399237.6
79549012.64
72302577.93
19870492.29
89620810.58
49034775.48
83022046.41
26507676.87
80590922.77
87189686.94
29462372.31
28641093.1
43999800.11
72302577.93
90662720.71
18930802.5
24032656.9
24743741.11
74581636.38
30144014.01
49161333.65
34005483.2
43229835.59
90315417.34
12003102.94
67418881.27
34121234.04
31001004.2
12064204.04
47357235.62
30696444.53
12826488.18
70674679.05
52342212.26
12238357.42
56489622.16
35121011.77
91704630.85
47960781.75
65139822.83
36649957.19
35935950.59
68070040.83
33512470.28
46214448.56
33027341.92
59733222.88
12038753.41
13054062.01
74581636.38
44087788.95
12178668.09
69697939.71
53582832.11
12018535.19
32593668.19
64163083.5
33733084.4
60581705.95
32970181.04
55801384.7
32106927.38
21997932.55
40295781.79
36006683.85
35306334.4
56034662.39
15131888.8
81285529.52
32057943.4
59604966.61
44988247.0
84411259.92
28879449.39
40023752.71
65790982.39
32649335.3
13215057.67
73930476.82
29461159.5
54116347.22
36357446.88
59053603.27
64163083.5
39652033.0
43281216.44
79896316.01
60581705.95
72302577.93
78165757.48
46520703.5
60124794.6
85105866.68
58721765.04
33014962.05
20689088.24
59445891.48
76209535.26
14088208.89
35113019.2
36718060.14
23558689.37
68721200.38
63186344.17
50430603.65
88578900.45
72628157.71
63837503.72
13867869.08
24365221.42
14999210.94
45525151.84
84063956.54
43538828.76
25549442.88
80938226.15
72953737.49
65465402.61
43242509.59
40567219.48
18561240.73
29062955.46
45997159.52
87189686.94
60256126.17
34721649.59
83022046.41
65139822.83
31386632.67
92746540.98
70023519.49
32743135.64
36006683.85
33684157.85
17895951.78
14140283.87
26517491.13
54455320.57
39443009.49
80938226.15
57357208.04
12038753.41
16873226.16
17824554.22
89968113.96
77837434.15
62535184.61
20351889.43
34374546.19
52342212.26
39431102.14
85800473.43
51599436.91
32742302.59
74581636.38
20452493.93
88578900.45
46215710.55
41125405.26
49966331.72
53784087.37
59604966.61
32686397.81
32677404.73
75558375.71
23180918.25
15728676.14
35411163.27
49314281.96
37849357.55
34612578.04
18053794.43
35121011.77
14140283.87
13650159.12
16520714.14
34236879.66
39429983.63
63837503.72
17390664.56
32376497.01
49553250.64
55660628.42
78854405.88
26517491.13
42144388.15
48429859.34
54644231.56
44585710.64
38886774.72
56339408.44
37028408.27
68070040.83
55801384.7
22374120.12
77186274.6
80938226.15
32157063.41
84063956.54
52268125.69
61558445.28
12443970.94
49820174.03
84063956.54
37802122.66
12093782.01
87536990.32
79549012.64
74581636.38
60256126.17
81285529.52
35697710.7
53287251.57
74581636.38
12306708.95
88926203.83
44315492.82
72302577.93
60256126.17
56393818.18
23192607.62
63511923.94
63837503.72
42195316.17
67744461.05
50989470.08
12011393.49
26371405.88
33527706.84
12435385.13
30151916.39
48423577.25
78854405.88
38628885.46
52421502.05
31723891.14
62535184.61
59604966.61
71325838.6
28349150.1
44367851.68
42144388.15
55382757.39
32388374.31
37478823.55
59392886.59
44407620.55
67418881.27
14563276.66
51657922.58
44443713.31
45129827.07
57696486.11
47727172.5
65139822.83
91704630.85
43513933.56
12418215.56
13391413.52
20351889.43
31531527.93
35697710.7
62860764.39
85453170.05
20815208.17
52383587.2
75883955.49
38887353.04
56732900.8
63837503.72
32427542.97
53625103.79
87536990.32
47867871.5
60410736.84
92399237.6
52242670.74
48773953.34
41614111.49
21536527.33
12486912.17
36479095.82
74907216.15
70674679.05
79549012.64
48240313.03
48144714.15
58089834.74
58444855.57
45942266.54
79896316.01
15829821.11
71651418.38
21189997.08
39431102.14
14479101.14
12522020.26
52760465.11
40516400.32
50715687.72
46284080.39
57072501.3
88231597.07
89273507.21
34374546.19
84063956.54
58428430.38
51600406.52
15936702.09
34034724.69
21393262.0
37565741.85
50553908.64
15432534.99
25423805.39
62209604.83
30470488.91
56347006.59
86842383.56
60907285.72
64814243.05
71651418.38
75558375.71
39480907.87
57427501.22
55811474.14
88578900.45
43010362.54
46827269.0
14914279.26
26608088.91
41396856.29
16371884.52
65790982.39
50461766.68
59462307.43
46284080.39
63511923.94
38821907.82
47871594.1
18261107.63
16704992.69
26259110.48
70023519.49
37260643.05
37038524.95
12495636.14
32602613.11
17906273.49
45454024.96
74256056.6
83716653.17
34931456.64
32327378.19
47642430.69
77837434.15
33147317.4
12174985.21
84758563.3
75558375.71
56140341.45
18228489.53
24713211.38
60757545.5
33286831.3
25311390.4
12289592.52
22956006.03
70023519.49
89620810.58
35812143.85
23180918.25
57506880.8
86842383.56
79201709.26
39907965.84
46520703.5
20826975.93
55187251.5
91357327.47
33471514.27
62860764.39
90315417.34
37552320.78
50106792.98
28066937.34
36392415.61
43728023.86
87884293.7
75232795.93
30282557.55
59930546.39
72628157.71
78854405.88
25217952.6
31233145.44
78854405.88
54983487.79
37531937.26
30735746.42
32105314.28
22814491.97
38900253.95
90662720.71
49638144.43
85105866.68
75558375.71
16002435.98
34918564.04
75558375.71
83022046.41
38380763.91
71000258.82
34110978.55
30907011.31
28404518.83
16599438.08
48423577.25
29462372.31
36175509.91
27818873.09
85453170.05
88231597.07
46534623.68
48146684.5
92051934.22
49316165.47
83369349.79
37543432.14
26845459.61
57750712.55
38682547.33
13478164.32
21299984.74
59604966.61
48424269.93
81980136.28
55662000.25
50561885.19
62209604.83
36630113.58
52325724.07
24032656.9
88231597.07
41361496.92
47447551.92
40838665.72
80590922.77
78507102.5
28349150.1
34287489.09
48754121.3
17799147.67
73930476.82
37581794.33
36630113.58
41377073.4
40311066.25
88231597.07
28304755.95
54361796.23
15216538.46
61558445.28
66116562.16
80243619.39
44715980.16
78854405.88
88231597.07
41668314.15
65790982.39
12154178.14
71325838.6
29917599.06
24838822.55
31615124.42
60124794.6
32743135.64
48519872.8
75232795.93
51359256.01
46827269.0
38667272.66
29871787.86
72302577.93
44686998.29
29055236.13
15075737.38
79549012.64
32206978.39
81980136.28
31233145.44
71976998.16
13476895.37
17308731.88
20209226.13
71976998.16
42971100.09
54699055.86
72302577.93
54982372.71
50001643.04
92746540.98
26496049.83
63186344.17
24743741.11
14522338.87
68070040.83
12418215.56
28914420.2
81632832.9
36718060.14
27942856.91
86147776.81
63186344.17
72302577.93
61232865.5
17824554.22
12486912.17
29917599.06
39431102.14
81285529.52
17744352.57
29496826.96
14564585.52
14574842.11
88231597.07
44631468.99
44096324.85
38999729.83
20342322.06
20006217.45
62535184.61
38928386.74
47358772.52
74581636.38
66442141.94
48702440.35
23999287.55
71651418.38
23321738.58
36174357.83
89968113.96
92399237.6
86495080.19
38887353.04
70674679.05
20578749.26
17677947.27
63511923.94
69372359.94
23558689.37
16738123.41
34018660.53
24002772.19
37852587.65
59392620.07
65139822.83
15226753.51
19742827.07
70674679.05
82674743.03
30151916.39
75232795.93
45454024.96
73604897.04
71000258.82
58089834.74
52681169.01
26033805.92
30736889.99
32195384.05
58376107.66
19059690.37
56373619.14
45399378.31
89968113.96
57427501.22
86147776.81
57696225.0
19634105.72
45963032.27
53698059.02
32541179.74
33745087.2
32388374.31
23907752.51
72302577.93
21189997.08
79549012.64
66767721.72
18561240.73
74256056.6
77837434.15
25184922.85
34596807.98
36192297.42
40817227.09
22103826.98
14999210.94
28349150.1
16154290.01
93093844.36
66442141.94
74256056.6
32388374.31
58444855.57
87189686.94
44899796.44
33684157.85
82327439.66
20445981.85
69372359.94
50664352.91
75558375.71
27218732.06
71325838.6
91357327.47
54303864.52
32686397.81
18455761.88
72628157.71
67744461.05
47122223.55
34868602.93
36445644.99
38628885.46
73279317.27
40243350.63
17136563.85
76860694.82
44042197.23
17090957.3
34384469.94
41633632.25
12195709.64
38293700.84
57411590.37
39752912.0
58374778.97
53342616.03
61232865.5
12358159.88
44328210.63
86842383.56
29472794.26
61884025.06
65465402.61
60757545.5
13117573.91
23762305.67
42737535.87
70674679.05
64814243.05
19059690.37
81285529.52
28167321.22
64163083.5
21063457.38
86842383.56
89620810.58
53285849.71
12418215.56
39443009.49
61558445.28
45142523.3
47867871.5
48424269.93
53777373.86
72628157.71
50417059.18
85800473.43
84758563.3
30470488.91
28642289.95
26270739.76
81980136.28
29599574.82
80243619.39
43811017.92
30416287.91
78507102.5
66442141.94
45672729.88
75558375.71
49875669.79
78165757.48
61232865.5
35190584.09
24375783.96
60078938.87
64814243.05
35681918.8
15829821.11
12539624.96
66767721.72
91704630.85
22707707.21
92399237.6
23084808.3
34994258.81
31834132.3
35203631.91
12102244.35
50710036.87
73930476.82
39225351.13
37581232.35
32376497.01
34832798.53
46213782.02
55716183.7
13923020.27
20919601.62
87189686.94
24710597.49
61558445.28
43848872.19
69372359.94
13271264.22
48144714.15
36278729.77
26166442.88
60581705.95
65139822.83
89273507.21
44966376.03
82327439.66
33511957.31
33190127.79
36664012.53
82327439.66
29968028.18
81285529.52
43242509.59
51402272.38
49820174.03
35564129.62
65139822.83
74907216.15
18236877.35
31562952.66
34289215.44
50404794.66
64163083.5
18124327.33
91010024.09
47587083.56
38924181.97
31574695.79
53438400.51
37207215.89
54037026.17
40451010.78
43272371.57
53626493.96
86842383.56
75883955.49
35386631.03
49819218.06
80590922.77
88231597.07
35376528.38
80938226.15
63837503.72
92746540.98
30019564.83
68070040.83
37531937.26
44715980.16
34304691.57
12315283.33
43272371.57
46499940.47
65465402.61
77186274.6
35902542.51
75883955.49
42428302.6
71976998.16
34830116.69
83022046.41
34918564.04
92746540.98
39184643.9
71325838.6
12569151.4
60751076.39
19161456.12
17825760.66
25423805.39
89273507.21
34492017.62
89273507.21
25929314.68
31101588.6
63837503.72
60581705.95
50943979.61
82674743.03
38455458.12
38953944.54
67418881.27
45175174.55
51939976.82
12035118.32
30424176.29
36240324.23
86147776.81
12030239.84
20588857.51
89273507.21
90315417.34
25074549.22
25692189.56
61558445.28
39225351.13
65465402.61
84758563.3
12332432.16
60907285.72
56678672.91
16817187.0
63837503.72
65139822.83
86495080.19
32195384.05
50461766.68
67093301.49
63186344.17
88578900.45
78854405.88
49312935.78
21635585.75
38682547.33
37039080.4
20445981.85
57071983.43
71000258.82
49686190.43
27919694.4
33734244.94
23181992.75
46012486.55
87884293.7
58089310.36
12390883.42
26608396.76
33836191.31
87536990.32
64488663.28
86495080.19
89273507.21
20925699.28
12021800.7
68395620.6
21900446.46
42971100.09
70349099.27
59446424.52
58428956.92
45182457.69
84411259.92
26734205.8
67744461.05
12461142.66
64814243.05
56749337.94
35648427.61
45445353.61
47378900.0
21299984.74
12409634.65
24947758.3
85453170.05
36107032.36
53359091.87
67418881.27
34110978.55
79201709.26
77837434.15
33936464.06
24947758.3
83716653.17
43281847.04
40467088.84
62535184.61
16084582.33
44443713.31
85105866.68
54021056.78
25086193.14
68721200.38
85453170.05
54990131.62
87536990.32
47480906.46
64814243.05
31921929.31
72302577.93
18930802.5
25455068.79
41993677.2
63511923.94
30171664.27
32388416.4
16965850.47
91704630.85
61884025.06
20343332.73
26981694.96
18477975.25
58035501.98
87884293.7
73604897.04
77837434.15
34016182.62
46012486.55
47936677.15
35266881.36
28168303.93
41396856.29
90662720.71
12792779.35
64814243.05
38938668.5
15661406.03
15878739.02
53020125.75
40451010.78
55487972.02
32117015.51
54360030.13
31010151.77
78165757.48
41125405.26
90662720.71
30205288.81
80243619.39
27319749.3
69372359.94
35104629.14
83369349.79
58714055.95
17688362.55
67744461.05
53626493.96
16486189.59
73279317.27
91010024.09
29461159.5
89273507.21
45181804.22
12569151.4
12435385.13
39739365.05
86842383.56
17400908.0
27692978.86
61884025.06
33419685.25
55660883.04
69697939.71
36175509.91
53682083.42
21189997.08
23891871.65
16589497.26
43290132.41
45142523.3
75883955.49
25086193.14
44585063.7
71325838.6
19167474.48
38096392.5
68721200.38
14739071.14
50178068.22
81632832.9
12521472.15
53020125.75
27082744.96
51122141.9
59604966.61
61558445.28
12409634.65
16486189.59
77511854.37
76209535.26
69046780.16
80938226.15
70674679.05
63511923.94
44056782.22
26259110.48
44111634.17
47871594.1
25659270.74
52082538.98
62209604.83
57364686.7
78507102.5
89273507.21
68721200.38
41177095.06
32428042.88
92051934.22
25311390.4
14414108.69
34220673.08
87189686.94
36446785.02
68070040.83
42754186.2
69372359.94
26971227.69
33202280.89
58185125.18
36479095.82
54715012.77
40000929.89
12102244.35
52383587.2
37575696.25
59785074.35
12521472.15
31649731.18
31376275.27
65139822.83
77511854.37
52107218.39
65139822.83
28699700.24
72302577.93
80938226.15
52983016.77
36751999.49
90662720.71
12055718.44
51003568.69
74256056.6
39093416.16
34292237.14
63511923.94
13656223.55
39907965.84
35089294.27
85105866.68
73930476.82
20242911.4
86495080.19
19172298.29
48146684.5
41380953.77
49260234.04
28915622.37
36782995.41
28434000.5
32985415.37
12358159.88
77511854.37
52083949.01
30171664.27
43553337.77
31513296.52
81980136.28
59785609.56
61558445.28
31113203.55
13478164.32
54361796.23
50461069.29
28034054.38
48754121.3
77511854.37
44627598.96
76860694.82
39702416.57
60803207.48
59400348.47
85453170.05
12609297.62
13650159.12
84411259.92
43770795.62
56055246.93
37852587.65
41653017.7
32134747.11
32920557.13
12255421.58
83369349.79
39195900.12
12426799.32
33763210.47
23670591.54
35360016.58
84758563.3
33744877.07
69697939.71
69046780.16
82674743.03
67418881.27
35155131.92
91010024.09
34449051.39
76209535.26
34341306.35
44847696.4
71000258.82
84063956.54
87189686.94
17606991.41
33191783.34
26744678.36
49596268.51
48150712.48
45447055.02
46268749.97
35904242.91
15649869.64
46215710.55
31796808.92
47447551.92
44367208.01
12826488.18
51600406.52
67093301.49
28463151.55
24127408.76
77511854.37
52608826.4
86842383.56
22847896.99
17677947.27
80243619.39
31179270.2
34289215.44
73930476.82
36446785.02
60256126.17
40295781.79
32743579.23
67093301.49
15651218.4
54304978.74
23181992.75
83369349.79
54021056.78
38565347.61
77837434.15
47921311.25
78854405.88
15349508.06
60463979.65
46540340.86
70674679.05
16220104.21
43785357.53
86147776.81
60463979.65
92051934.22
60410736.84
12030239.84
25568281.86
41871278.36
92399237.6
82674743.03
44011226.91
58382495.45
70349099.27
56489622.16
40785990.96
39972030.93
91010024.09
78507102.5
44095684.45
81285529.52
53625103.79
26754927.98
87536990.32
16873226.16
83022046.41
81980136.28
66116562.16
78507102.5
71325838.6
44171446.47
46012486.55
35392605.26
48981303.44
57729468.53
69697939.71
50151170.43
87536990.32
22340697.06
64163083.5
77511854.37
52665174.67
12495636.14
85800473.43
49595566.44
47308280.87
34577836.44
75558375.71
78165757.48
85453170.05
57072501.3
74581636.38
49358560.13
43501237.33
37258960.97
58783973.69
69046780.16
15392316.36
55038098.47
16303325.92
25186931.63
78165757.48
48846249.3
57411070.32
18009624.08
25093781.97
54661070.05
20209226.13
12792779.35
92051934.22
58428956.92
54794346.3
38912570.18
53383272.78
42414562.76
87884293.7
59930546.39
76209535.26
28641093.1
32930987.39
68070040.83
47310247.21
63511923.94
35360016.58
59930546.39
74581636.38
22582303.09
85105866.68
40738775.0
76209535.26
35920356.72
72953737.49
32659733.11
81632832.9
28926059.28
79549012.64
76209535.26
51599436.91
39700712.69
60410736.84
59739643.67
52955699.5
30499999.27
43544175.49
58714055.95
21872240.27
48757851.49
33692072.13
60072505.27
31835734.79
42971100.09
76209535.26
48215671.09
60750021.76
27829134.19
31563442.76
48159176.16
49721539.91
49825650.74
68070040.83
19404261.34
85453170.05
72953737.49
37325702.64
73279317.27
71976998.16
40994069.95
51358709.26
50664352.91
48494812.21
12495636.14
19161456.12
62860764.39
80590922.77
34848234.12
49917728.73
74581636.38
69372359.94
89620810.58
40179488.31
37801557.4
69372359.94
12591047.43
52683225.38
85800473.43
39271874.8
17171906.75
13224386.76
78854405.88
69372359.94
75883955.49
17526519.12
52268125.69
36935609.44
80938226.15
36987668.98
31563442.76
76209535.26
26992375.16
74581636.38
58714320.3
33665300.1
56001258.47
36736271.04
57017678.45
52955699.5
16520714.14
25422096.2
85453170.05
13327628.5
16918542.89
68070040.83
17389445.08
59604966.61
29607429.73
34341306.35
78507102.5
54375993.33
38345847.32
37853152.9
70674679.05
43456247.61
85453170.05
13761982.47
34394717.47
59462307.43
14564585.52
18616697.63
12026818.22
47357235.62
92051934.22
79201709.26
44585710.64
14640493.63
62535184.61
47642430.69
16164029.5
36550802.26
47358772.52
28783115.33
32051776.4
36754769.06
65465402.61
79549012.64
26981694.96
12068426.06
81632832.9
71651418.38
41381561.5
60581705.95
27320124.87
51014316.26
38682547.33
62535184.61
76860694.82
13608927.77
18332456.65
50384726.2
93093844.36
78854405.88
38455458.12
12465095.66
57017678.45
43281216.44
26608396.76
61884025.06
36718060.14
39481492.73
85800473.43
73930476.82
60410736.84
20105902.63
14739522.84
31091400.38
67418881.27
65790982.39
68721200.38
32376497.01
72953737.49
35682457.92
70674679.05
14347278.89
74907216.15
34054848.65
44847696.4
53343110.07
34560972.89
73930476.82
34289215.44
46268749.97
34207640.46
42144388.15
49078992.33
32134747.11
32172290.38
19532883.27
30292957.8
36729405.98
62535184.61
50461069.29
90662720.71
13826450.9
48703136.29
76860694.82
56000143.97
21536527.33
23795655.82
31102833.33
19633111.01
37735896.33
33744877.07
54021056.78
15651218.4
35361719.05
59604966.61
12521472.15
15444078.8
39636448.52
65790982.39
71976998.16
12623909.1
31660078.03
26845375.66
13608927.77
63186344.17
17836078.14
51658419.12
69046780.16
43082524.1
89620810.58
67093301.49
87884293.7
77511854.37
90662720.71
43999800.11
54982372.71
15173963.25
32743135.64
20826975.93
77186274.6
48758547.43
55038098.47
30688568.87
43500037.21
37814792.78
81632832.9
33949364.25
88926203.83
61232865.5
16700535.31
56339151.67
75232795.93
33289236.08
76860694.82
68721200.38
28542576.56
58105737.46
29472794.26
50417059.18
34017493.7
12521472.15
28283619.6
28032400.4
53682083.42
37530253.81
67744461.05
93093844.36
14088208.89
56150537.37
13476895.37
26970068.08
58714320.3
90315417.34
34121234.04
69372359.94
69372359.94
31649731.18
58428430.38
56071179.08
76209535.26
45724823.56
35101435.27
42415738.14
59400348.47
31510282.5
19769541.27
35088761.69
75883955.49
12164581.9
30091231.0
64163083.5
40566621.56
43772639.06
82674743.03
39816193.37
43297152.09
46228434.83
17688362.55
12035118.32
65139822.83
66442141.94
35969016.86
66442141.94
52802986.6
15661406.03
35190584.09
52383587.2
71976998.16
77186274.6
24849361.46
59604966.61
35361719.05
25568281.86
91010024.09
56732900.8
57157213.28
32649335.3
36464261.22
25805536.46
17799147.67
38124511.54
44638731.58
56679778.36
36822874.75
16303325.92
40904907.16
17526519.12
70023519.49
83369349.79
37824348.21
49611711.71
42185205.47
40467088.84
12623909.1
46077461.24
91357327.47
79549012.64
75558375.71
41601723.1
60898497.92
37581794.33
87189686.94
23417537.5
88926203.83
49917728.73
78507102.5
81632832.9
77186274.6
12792779.35
42685914.76
25692189.56
90662720.71
51358863.08
12003102.94
40243945.29
44083207.07
13008546.24
78507102.5
63186344.17
48995597.98
27207107.39
47865886.26
48150712.48
32650799.24
41057916.28
37054344.35
68395620.6
42722286.6
12956405.43
68721200.38
17252726.32
77511854.37
35902542.51
49406049.14
67418881.27
80590922.77
91357327.47
52522816.1
12068426.06
72302577.93
24612534.35
56479298.19
93093844.36
13923020.27
21998980.46
88231597.07
67093301.49
39210073.46
27455817.28
61232865.5
77511854.37
83022046.41
12247642.53
43456247.61
82327439.66
41924475.7
69046780.16
37039080.4
22814491.97
39271874.8
38395876.82
83716653.17
37824348.21
80590922.77
40245071.17
12602001.26
41098132.61
29062955.46
35215175.69
15867216.06
12185422.18
86842383.56
53777373.86
45469347.01
92399237.6
33220246.75
33473576.86
46842736.78
67418881.27
82674743.03
72953737.49
71651418.38
54715012.77
61232865.5
24849361.46
73279317.27
15131888.8
47030154.52
14521223.68
34478842.06
40179488.31
70023519.49
77837434.15
18697464.48
33847753.99
26022174.41
53643500.51
29144603.73
20445981.85
59930546.39
76860694.82
29055236.13
68721200.38
67093301.49
20953208.7
56394331.72
48196456.38
36240324.23
23525333.79
71651418.38
62535184.61
87536990.32
33411783.82
61558445.28
45996496.25
62209604.83
48429859.34
84063956.54
32592674.18
32156566.77
89620810.58
42450109.56
68395620.6
51268905.43
87189686.94
83369349.79
81980136.28
79201709.26
93093844.36
31375025.22
85453170.05
84411259.92
89620810.58
35089294.27
59604966.61
34102589.71
38727593.97
60256126.17
26734205.8
81632832.9
60581705.95
15661406.03
32427542.97
33419685.25
59392886.59
16589497.26
12153089.29
50001643.04
30960853.91
92399237.6
43626979.36
41125405.26
92746540.98
43184472.44
31240985.11
87884293.7
54359529.59
55322744.02
67093301.49
76535115.04
31835734.79
18043362.19
68395620.6
66116562.16
53625389.39
46622122.61
29276875.34
32659698.26
26640840.61
71000258.82
14205321.24
39752912.0
84063956.54
12255421.58
14521223.68
38900253.95
31240985.11
91357327.47
14914279.26
85800473.43
11994815.06
33218647.68
16589497.26
51928889.52
36664012.53
32813713.81
69372359.94
21299834.02
20816229.48
62860764.39
54794346.3
34576447.74
54360030.13
64814243.05
83369349.79
69697939.71
14205321.24
42369180.03
79896316.01
67093301.49
68070040.83
17390664.56
40722536.63
19396782.27
91704630.85
13694156.36
35392000.24
49638144.43
54361796.23
92746540.98
17361444.59
71651418.38
46363320.41
72302577.93
31101588.6
61232865.5
58035764.17
63186344.17
58783973.69
48981303.44
55376634.04
65139822.83
53099428.17
27794947.0
74256056.6
71325838.6
49161333.65
44543366.19
52607361.86
77186274.6
32813713.81
34818038.06
25455068.79
67093301.49
86842383.56
85105866.68
56394331.72
89620810.58
30281328.79
64814243.05
13259651.14
89620810.58
62860764.39
52948020.13
15433875.77
60078938.87
13979318.27
92051934.22
20716424.41
18561331.72
79549012.64
74907216.15
81285529.52
56339408.44
65139822.83
77511854.37
38345847.32
88926203.83
21051700.99
37575696.25
59053337.83
77511854.37
53225094.69
39985769.9
84411259.92
40514670.32
27082532.78
42738884.1
31564544.54
61232865.5
59604966.61
35426414.36
12212766.08
21536845.22
93093844.36
46806527.76
47401742.95
12229825.39
68070040.83
35835572.02
15284026.95
32659698.26
60581705.95
33745779.22
12409634.65
64163083.5
45996496.25
32057943.4
84411259.92
42193341.72
54020558.4
45245762.85
60581705.95
60581705.95
37530815.79
64488663.28
34207640.46
68721200.38
30294021.25
93093844.36
81285529.52
81980136.28
20925699.28
14422902.13
67093301.49
28915622.37
41885508.06
38395305.03
31556871.08
63186344.17
18009624.08
31785613.86
13327628.5
56055246.93
32322347.92
34449051.39
78507102.5
26845459.61
12153089.29
86842383.56
52326211.61
27636925.44
12238357.42
73279317.27
34004315.31
18043362.19
41071319.76
33745779.22
15946342.63
16738123.41
32659733.11
42080207.86
71000258.82
80243619.39
64163083.5
33684157.85
31283491.55
53682083.42
36496401.06
72953737.49
44586935.51
19404261.34
52268533.58
68721200.38
18797468.58
27557777.67
46811931.75
64163083.5
48494812.21
41104985.5
87189686.94
22345601.9
33512470.28
32050027.93
31303565.09
77186274.6
24601981.06
19877996.33
27444192.91
45725592.24
27445363.16
86842383.56
33461345.86
87536990.32
26608088.91
93093844.36
70674679.05
35697710.7
47029478.17
71325838.6
32742302.59
23429213.2
39714389.23
17791234.87
39972030.93
35644079.89
32376996.92
71000258.82
34930137.44
64814243.05
75558375.71
89620810.58
47636499.09
28614295.27
65139822.83
57088417.37
31239564.69
33463012.02
68070040.83
31032559.65
92399237.6
81980136.28
18332456.65
17572855.51
80243619.39
43544175.49
13694156.36
77511854.37
50715687.72
51223606.31
66116562.16
35139350.39
76860694.82
19396782.27
69697939.71
12004864.09
54116347.22
38616044.94
20825841.76
61884025.06
17606991.41
16002435.98
48215671.09
28734325.28
25549442.88
24365221.42
12011393.49
60907285.72
42156904.63
45725592.24
49873710.9
85800473.43
54982372.71
81632832.9
38938090.18
23665830.28
63511923.94
90662720.71
26754927.98
81632832.9
57157213.28
60463440.1
83022046.41
34292237.14
19881292.77
85453170.05
12144627.44
48799432.56
64488663.28
89968113.96
67093301.49
34384469.94
22819012.36
61558445.28
53343110.07
51038766.46
70674679.05
60411788.84
24713211.38
88578900.45
52665174.67
31649731.18
83716653.17
86147776.81
16704992.69
32051776.4
57051534.22
69697939.71
12144627.44
92051934.22
43272371.57
42738884.1
61558445.28
32050027.93
52617125.27
33286831.3
51402272.38
21762396.61
31845851.46
31845895.88
92399237.6
75883955.49
85105866.68
36767733.53
33202280.89
28790747.08
14956742.72
23417537.5
33798885.48
34449051.39
66116562.16
28826801.21
26370829.96
69697939.71
63837503.72
17308731.88
18479185.57
41633632.25
48703136.29
71000258.82
58714055.95
37207215.89
43082524.1
82674743.03
59604966.61
85453170.05
31615124.42
84758563.3
56055246.93
63511923.94
76535115.04
56828706.95
76860694.82
51268905.43
47308960.48
83369349.79
71000258.82
76860694.82
31574638.33
38565347.61
53504572.48
32156566.77
15868572.8
85105866.68
56054735.56
43500037.21
38938668.5
32594695.57
32931097.68
27320124.87
59061053.27
41599955.29
73604897.04
29231117.86
35372754.94
73604897.04
40273028.96
67093301.49
56828706.95
70023519.49
40516400.32
79896316.01
45126528.64
82674743.03
50118458.39
57364686.7
41600566.28
83369349.79
42754186.2
81285529.52
33964467.69
51059386.78
90315417.34
23902450.46
88231597.07
34325542.34
22577585.9
89968113.96
49686190.43
31505437.93
35088761.69
12341007.49
91010024.09
79549012.64
54063602.26
50842013.54
76535115.04
76209535.26
43010772.56
53682083.42
40838064.53
25323028.62
28084008.11
48988153.06
48773953.34
81980136.28
57703956.29
30019564.83
34565821.74
16954370.19
48474715.48
34275025.04
56150537.37
59732169.91
31785613.86
32471343.85
40000929.89
12390883.42
59061053.27
91704630.85
22708771.08
39985769.9
58783973.69
47401742.95
70674679.05
48474715.48
12401053.78
75883955.49
40786592.15
11993688.74
70349099.27
58767550.4
37296061.43
59604966.61
67744461.05
60256126.17
67744461.05
36120864.73
42738884.1
21062837.71
50989470.08
67418881.27
22959225.67
24476380.01
30907011.31
35969016.86
32199624.37
54960348.07
16046579.41
69697939.71
91010024.09
91010024.09
40451010.78
42142601.43
33289236.08
41071319.76
38395876.82
30416287.91
32677404.73
76860694.82
44083207.07
91010024.09
13335104.86
68070040.83
78165757.48
36550802.26
48429859.34
86495080.19
89968113.96
57356948.02
25311390.4
12281046.87
85800473.43
68721200.38
46228434.83
78507102.5
19979347.04
53965736.35
80243619.39
86495080.19
32470111.33
38628885.46
47921311.25
87884293.7
56410258.51
70349099.27
28826801.21
36107032.36
71976998.16
22345601.9
19269947.37
54063602.26
86495080.19
88231597.07
61558445.28
34287489.09
30735746.42
37802122.66
66442141.94
56479298.19
41329240.41
50105894.47
17618448.38
38380763.91
86147776.81
34054329.14
35101435.27
27942856.91
12263956.59
26733051.5
78165757.48
93093844.36
52683225.38
36495852.15
38073429.52
19742827.07
55732121.7
40195402.68
49891122.32
87884293.7
79549012.64
60411788.84
86147776.81
49314281.96
73604897.04
37192909.97
36767181.35
78507102.5
77837434.15
32388416.4
12452556.8
26733051.5
56347006.59
67093301.49
92051934.22
50758444.57
15173963.25
26370829.96
25331029.73
58715376.71
46894453.52
13826450.9
39456737.05
21761354.02
32813713.81
45944185.61
53282924.44
66116562.16
74907216.15
56034662.39
12623909.1
17400908.0
52003255.52
52003255.52
52782183.34
73604897.04
48799432.56
68395620.6
40838064.53
58715376.71
12323857.71
52003255.52
85105866.68
39702416.57
32541179.74
83716653.17
29940092.54
59930546.39
26970068.08
27467432.51
51682405.17
50460434.17
38344165.05
59930546.39
33783647.62
50853811.77
73604897.04
37325702.64
32468840.0
16381727.88
52664684.97
31010151.77
71976998.16
12443970.94
72953737.49
89273507.21
51987248.54
86147776.81
31885594.23
81285529.52
84063956.54
45917996.21
30437237.6
44599639.03
17580287.13
89273507.21
35835572.02
30839778.75
34994258.81
34750073.86
21051700.99
51682405.17
13552639.32
42185205.47
12682563.85
14128697.06
18936063.0
44815150.75
14140283.87
60124794.6
38357516.97
44638731.58
67418881.27
76860694.82
27794947.0
69697939.71
25184922.85
51881183.24
68395620.6
30028270.4
32062090.19
51059386.78
56007783.11
60072505.27
33631320.51
56071179.08
43824828.51
53882739.79
43899210.11
39456737.05
37801557.4
47029478.17
86495080.19
24506667.94
55715674.49
82327439.66
55329347.11
63186344.17
87884293.7
26733051.5
29371773.71
17242404.24
12349583.48
51002003.62
39973742.03
39739365.05
35120046.88
16873226.16
76535115.04
51682405.17
71325838.6
90662720.71
42211232.84
59604966.61
77511854.37
49034775.48
86147776.81
24600874.64
65139822.83
38007395.1
73279317.27
81285529.52
54699055.86
31091400.38
17354639.78
45804540.84
41377073.4
27353651.17
44313630.47
32659698.26
45672729.88
44568873.24
75558375.71
34546792.94
12085324.75
91704630.85
78854405.88
79201709.26
61232865.5
37543432.14
69697939.71
73930476.82
54182656.05
20590527.95
91704630.85
52782183.34
84758563.3
70023519.49
59785609.56
51059386.78
47362870.52
60559270.09
44271581.62
14739522.84
15009436.68
81632832.9
53633691.89
65465402.61
67418881.27
38938668.5
12221295.05
14345978.01
12619705.51
33256545.73
55187251.5
13335104.86
41377073.4
27218732.06
47637966.27
33394169.37
72628157.71
24239568.32
56678672.91
31592181.74
32406039.77
45413989.41
45805153.95
27591366.08
32592674.18
91357327.47
49358560.13
89620810.58
65465402.61
86842383.56
59801486.21
67093301.49
17171906.75
68395620.6
12204237.83
14574842.11
73604897.04
28879449.39
39701300.81
19532883.27
61232865.5
12539624.96
50162606.34
15511023.25
43025666.16
60907285.72
88578900.45
71325838.6
20114938.07
14997886.12
50853811.77
69372359.94
39752323.87
46806527.76
12836878.57
86842383.56
60751076.39
45532846.66
40273028.96
79896316.01
49539374.87
87884293.7
67093301.49
51657922.58
69372359.94
62860764.39
73930476.82
60581705.95
48286516.25
31179270.2
60256126.17
60559270.09
35631277.59
16437792.05
56489622.16
20682781.64
85800473.43
79201709.26
35139882.97
39972622.32
43569502.3
13335104.86
85105866.68
47681262.35
81980136.28
88578900.45
35104629.14
88578900.45
90315417.34
46758760.42
72628157.71
53294672.14
12469728.52
37175467.78
92746540.98
18616697.63
64814243.05
35113019.2
31723891.14
71651418.38
28270208.16
79896316.01
72302577.93
29674923.72
13987746.79
34176460.85
77186274.6
64488663.28
72628157.71
34292237.14
72302577.93
12164581.9
57411590.37
28155677.27
35104629.14
43824191.37
51881183.24
73930476.82
34763430.36
13911421.11
55038098.47
85453170.05
35697710.7
29674923.72
14261533.65
83369349.79
40023752.71
89273507.21
19408606.98
84411259.92
66116562.16
56339408.44
20953208.7
41905790.36
57157213.28
35477129.99
80243619.39
55377141.08
66442141.94
51928889.52
31781025.25
18053794.43
22944307.03
20452493.93
21052727.62
16519377.33
83369349.79
89968113.96
78507102.5
73604897.04
15501565.83
39652033.0
33837489.23
88578900.45
62535184.61
15284026.95
73604897.04
49262006.7
59053603.27
50760929.79
13432560.91
14858112.07
74581636.38
89273507.21
12306708.95
90662720.71
80938226.15
31834625.67
14043984.34
28404518.83
21393262.0
82327439.66
30907011.31
15868572.8
30696444.53
18489626.85
70349099.27
34832798.53
12030277.06
25423805.39
35915410.41
76209535.26
60418237.21
35681918.8
80938226.15
23292467.89
55321627.87
22247979.14
36107032.36
42456990.61
47122223.55
32648204.14
38007395.1
40994069.95
89273507.21
13259651.14
88578900.45
27229830.29
15216538.46
16519377.33
64488663.28
76535115.04
51153714.89
40582505.16
81285529.52
52181516.61
87189686.94
77837434.15
12247642.53
12136139.89
18694248.79
59930546.39
34289215.44
47044092.32
48494812.21
89273507.21
38368436.79
54983487.79
39972622.32
49819218.06
12060029.8
41885508.06
28642289.95
17354639.78
68070040.83
91357327.47
26754927.98
68395620.6
41449282.97
79549012.64
62535184.61
51548343.08
87189686.94
31510282.5
93093844.36
91357327.47
40904907.16
52665174.67
60256126.17
12825243.17
27919694.4
73604897.04
28555201.33
70349099.27
42912708.3
45171998.44
47313381.11
12144065.44
21299984.74
32867050.81
73930476.82
39209491.87
70023519.49
27902614.33
92399237.6
43499403.34
86147776.81
32106927.38
52666143.97
49332301.09
32050027.93
45445353.61
35734639.07
24473441.27
60256126.17
51003568.69
45445353.61
41282219.01
37038524.95
59400348.47
38278893.87
57390501.37
71651418.38
92051934.22
90662720.71
17526519.12
65790982.39
82327439.66
46922100.79
76209535.26
22010915.82
14521223.68
87884293.7
42467405.65
12539624.96
27682527.28
76860694.82
57750712.55
21299834.02
37258960.97
32593668.19
16918542.89
71976998.16
27930147.22
76209535.26
44171446.47
51059495.93
44686998.29
13259651.14
53287251.57
88231597.07
47601624.17
19397771.66
64488663.28
81980136.28
84063956.54
70674679.05
58174114.73
63837503.72
31451568.84
81980136.28
31556871.08
55668562.6
88231597.07
23051418.79
15611065.0
60581705.95
84411259.92
23418617.33
68070040.83
42738884.1
16954370.19
78507102.5
51060092.9
12298138.18
43453595.55
73279317.27
91357327.47
57696225.0
12349583.48
91704630.85
83022046.41
45684197.47
46197062.39
69372359.94
79549012.64
38395305.03
83022046.41
24236347.18
92399237.6
53003645.86
17171906.75
16264547.4
45128589.83
48519872.8
30828156.95
45260539.36
51929340.88
44599639.03
17572855.51
86147776.81
75883955.49
72953737.49
12001969.11
75558375.71
76860694.82
89273507.21
58068435.68
71976998.16
14205321.24
40024344.1
12612955.18
70349099.27
41599955.29
87536990.32
12619705.51
43025666.16
60581705.95
44314274.14
41652406.7
43266640.68
32874960.93
68721200.38
12153115.37
47760829.27
60907285.72
57019038.31
80243619.39
51359256.01
26371405.88
16313457.03
38072861.0
77511854.37
58428956.92
29276875.34
50760282.61
89273507.21
34883849.73
34003795.81
89968113.96
41913434.27
77186274.6
72953737.49
70674679.05
54982120.19
34032960.59
81980136.28
77511854.37
62860764.39
31623033.26
67418881.27
59930546.39
47044092.32
15610672.54
45670820.26
67093301.49
53294672.14
84063956.54
13488502.98
43501237.33
45956929.18
82327439.66
46476131.57
47078385.53
87189686.94
71000258.82
13544757.95
18797468.58
85800473.43
47880390.09
52983016.77
33190127.79
58105737.46
28394066.45
49593996.43
22708771.08
47920625.11
22137277.53
74581636.38
66442141.94
67744461.05
41330391.04
45128589.83
45724932.24
31845851.46
76860694.82
76860694.82
38411150.12
75883955.49
26270739.76
15611065.0
27682527.28
64814243.05
35488668.43
25455068.79
81285529.52
36392415.61
73604897.04
31283491.55
13552639.32
44359628.97
90315417.34
12608060.59
35426414.36
34668201.91
86495080.19
35376528.38
86147776.81
18789545.24
46756812.99
91357327.47
33678062.67
28641093.1
72628157.71
11994815.06
79896316.01
83369349.79
34383161.38
70349099.27
81632832.9
68070040.83
67418881.27
21635585.75
78165757.48
37801557.4
50001643.04
75558375.71
40243945.29
81980136.28
84063956.54
29409758.26
73279317.27
30766259.2
74907216.15
32480430.61
45942266.54
72302577.93
47601624.17
92051934.22
18789545.24
56347006.59
84411259.92
75232795.93
33218647.68
12306708.95
77837434.15
23907752.51
54642866.07
26845459.61
22945376.21
57072501.3
74907216.15
27208272.33
80243619.39
37849357.59
38395305.03
39728833.47
83369349.79
92399237.6
29906092.32
29762547.0
64814243.05
60463979.65
27636925.44
32117155.76
67744461.05
54303611.96
26133632.33
32103742.9
42097433.18
51075824.79
43770795.62
33197942.57
34276722.38
36481134.16
35120046.88
23051418.79
86842383.56
39752912.0
41649161.98
61884025.06
37022401.54
73930476.82
39752912.0
71976998.16
25897564.1
57750712.55
46555674.69
67418881.27
37803239.04
75883955.49
89968113.96
19172298.29
66767721.72
22719409.35
75558375.71
19506360.87
87884293.7
37175467.78
81980136.28
76535115.04
51038766.46
35411163.27
60907285.72
63511923.94
91010024.09
48475896.08
33665300.1
33358783.88
32420547.25
59400348.47
14739071.14
90662720.71
59604966.61
50460434.17
19644923.7
39972030.93
67744461.05
86147776.81
16301963.37
12173764.14
35933873.83
27082532.78
84758563.3
28826801.21
83716653.17
25312512.78
56733416.51
77186274.6
66116562.16
34547968.88
31032559.65
68395620.6
53343110.07
77837434.15
62860764.39
91010024.09
60819065.34
33763210.47
53643500.51
72302577.93
45453368.23
49033527.79
15173963.25
26981694.96
81285529.52
64163083.5
50105894.47
24382108.33
66767721.72
43815979.42
36822874.75
58035501.98
42957266.75
55695705.65
84411259.92
30205288.81
32952522.74
31623033.26
37024017.51
46811931.75
52082538.98
69697939.71
57051534.22
43538828.76
39380349.49
92051934.22
29188988.12
20716424.41
49596268.51
38550399.47
32322722.29
71976998.16
27467432.51
70349099.27
31863458.11
23655242.94
41342715.19
71325838.6
52666143.97
32428042.88
70023519.49
12281046.87
26403635.38
79201709.26
61558445.28
93093844.36
38139782.71
90315417.34
25186931.63
72628157.71
64488663.28
70349099.27
49593996.43
74907216.15
81285529.52
12119178.39
22582303.09
41601723.1
60071453.22
88231597.07
63186344.17
28642289.95
82327439.66
34558802.89
77186274.6
36716932.15
32858244.53
65790982.39
57411070.32
48601131.07
28156863.48
42722286.6
29005531.43
88578900.45
59053603.27
91704630.85
14956937.33
34005483.2
47378900.0
66116562.16
23180918.25
39739365.05
12602001.26
43229835.59
12452556.8
48240313.03
44568873.24
69697939.71
39472520.01
79896316.01
59930546.39
52607361.86
49818515.69
19033648.81
31510282.5
72628157.71
28394066.45
41871892.62
81980136.28
40088365.49
23765985.24
91010024.09
42623292.85
58105737.46
62860764.39
74581636.38
33015767.19
18113966.2
36716379.97
35155131.92
89968113.96
68395620.6
12246889.5
49314281.96
52268125.69
68721200.38
24139074.82
71976998.16
27082744.96
81980136.28
12366736.43
12195709.64
17142615.34
33256545.73
18113966.2
57835147.58
83022046.41
74907216.15
42956639.42
76535115.04
86495080.19
79896316.01
16381727.88
13224386.76
84411259.92
19881292.77
23665830.28
43552703.91
67418881.27
26878370.88
87884293.7
37280300.21
81632832.9
78165757.48
27557521.59
24710597.49
39210073.46
79896316.01
73279317.27
39728833.47
73604897.04
45963032.27
84063956.54
21773084.98
59604966.61
43010772.56
52664684.97
42467405.65
49721539.91
70349099.27
34576447.74
45532846.66
59930546.39
45405363.05
34848234.12
32677404.73
48758547.43
67093301.49
74907216.15
78854405.88
86147776.81
79549012.64
83022046.41
32156566.77
68395620.6
35935950.59
56712575.88
35372754.94
68395620.6
66116562.16
37448145.52
38368436.79
86842383.56
12738911.39
50160960.64
64814243.05
14196711.74
32686397.81
29968028.18
47310247.21
52082538.98
33202280.89
54182656.05
43824191.37
57364686.7
89620810.58
12900056.03
12263956.59
67744461.05
55801384.7
83022046.41
48199605.0
69372359.94
37802122.66
41553941.44
52617125.27
50704608.44
39159787.71
14043984.34
32952522.74
12323857.71
55054049.08
56054735.56
87189686.94
70674679.05
69046780.16
45724932.24
74907216.15
68395620.6
77511854.37
53625389.39
34034724.69
57427501.22
36988224.43
74256056.6
58105737.46
32743579.23
77837434.15
66442141.94
11994815.06
78507102.5
15511023.25
91010024.09
46268749.97
13705760.81
56686230.07
51002600.59
66767721.72
85800473.43
37750438.08
35933873.83
63186344.17
28555201.33
39816193.37
47480906.46
15392316.36
34236879.66
18261107.63
55660883.04
28156863.48
21866966.28
42728782.25
76535115.04
77511854.37
38999729.83
67093301.49
93093844.36
78507102.5
59930546.39
43228641.66
21536845.22
21426799.93
34596807.98
80243619.39
24600874.64
88926203.83
51122141.9
20117694.31
67418881.27
78165757.48
85105866.68
76535115.04
19059690.37
33936464.06
69697939.71
91357327.47
81632832.9
70349099.27
33419685.25
77511854.37
57697569.56
81632832.9
25786375.39
39467632.58
91010024.09
18455761.88
52326211.61
70023519.49
31303565.09
83716653.17
75558375.71
59392620.07
86147776.81
89273507.21
39480907.87
21063457.38
90315417.34
84063956.54
82674743.03
24506667.94
38384263.64
58035764.17
59107239.48
56394331.72
45197777.24
37280300.21
63186344.17
78165757.48
19881292.77
22582303.09
33761242.05
79201709.26
63511923.94
12558204.52
87884293.7
35664213.1
44314274.14
72953737.49
41649161.98
52664684.97
40245071.17
37294071.7
46363320.41
54285089.94
66767721.72
49592343.77
60463440.1
19869492.26
41381561.5
45963032.27
44639378.51
83716653.17
17799147.67
43453595.55
39271874.8
33474076.84
81632832.9
80938226.15
85800473.43
18835228.9
83716653.17
31266264.61
34546792.94
38938090.18
20816229.48
50703697.63
12289592.52
30294021.25
33139414.26
18489626.85
41668314.15
13552639.32
64163083.5
12187186.37
32172290.38
90315417.34
22610995.58
40039627.33
26608396.76
53285849.71
43824828.51
84758563.3
58768079.11
70674679.05
33574278.53
71000258.82
36729405.98
42699701.34
44083207.07
40722536.63
18457738.59
24947758.3
41342715.19
47078385.53
76860694.82
33202462.92
50281756.84
59785609.56
32117015.51
12174985.21
25549442.88
53784087.37
50664352.91
60907285.72
60256126.17
19870492.29
16096087.34
50404794.66
58863369.55
90315417.34
64814243.05
36084789.06
74256056.6
68395620.6
82674743.03
31996278.89
31845895.88
83716653.17
54360030.13
31933526.75
86147776.81
38928386.74
77186274.6
52607726.29
77186274.6
42195316.17
88578900.45
89620810.58
20215915.52
13478164.32
71325838.6
56000143.97
71651418.38
53643500.51
75232795.93
48846249.3
79201709.26
13008546.24
34449051.39
85800473.43
51658339.38
12548427.53
39195900.12
20006217.45
64163083.5
15075737.38
45453368.23
48040929.17
43732410.86
50710036.87
27444192.91
16704992.69
15392734.46
66116562.16
87189686.94
47313381.11
88578900.45
35953220.31
31574695.79
37294071.7
53923710.54
38617160.53
12133828.52
70023519.49
81980136.28
73930476.82
32969674.6
72302577.93
62535184.61
34868073.62
20588857.51
45990815.96
51503259.69
84411259.92
31923189.99
35410627.42
85105866.68
14422902.13
86495080.19
79896316.01
15444078.8
47865886.26
41599955.29
84411259.92
79896316.01
63837503.72
19506360.87
12401053.78
43568644.18
32948804.32
43501237.33
37192909.97
47589059.36
11993688.74
60581705.95
79896316.01
12093782.01
18113966.2
91010024.09
23999287.55
27681351.71
46539671.05
59930546.39
60411788.84
14849024.41
62860764.39
12530822.39
55187251.5
71000258.82
79201709.26
58721765.04
38293700.84
77511854.37
15828617.96
39972622.32
86147776.81
54990131.62
14564585.52
31830274.27
33734244.94
88926203.83
53082669.92
41330391.04
16482534.42
50405648.18
70674679.05
27557521.59
83369349.79
59733222.88
86842383.56
36107032.36
60410467.07
48982002.65
84063956.54
44871067.44
40295187.14
37280300.21
17024756.66
46842736.78
42080207.86
33017049.15
25186931.63
13923020.27
57356948.02
40787730.41
14792138.01
57072501.3
19634105.72
65465402.61
37639155.59
66116562.16
86147776.81
16482534.42
15651218.4
47362870.52
80243619.39
35969016.86
12013326.96
12195709.64
17173127.32
54650916.13
48709006.2
68395620.6
36782995.41
68721200.38
42413941.96
32377230.22
84411259.92
40195402.68
62860764.39
22234519.32
34818038.06
90662720.71
70023519.49
34868602.93
19059690.37
45181804.22
80243619.39
22847896.99
19869492.26
57696486.11
39744591.18
43772639.06
32931097.68
48479420.92
64163083.5
44044050.13
84411259.92
48755335.78
58036838.61
75883955.49
15719130.24
24476380.01
17183376.76
12086653.38
92746540.98
31901311.12
85453170.05
25559951.17
83716653.17
39544034.09
64814243.05
33139414.26
44042837.63
51002600.59
82674743.03
44042837.63
59604966.61
43228011.06
12161632.66
57167791.74
34546792.94
23055734.42
38345847.32
86842383.56
54960348.07
12072690.06
26022174.41
41057311.82
76535115.04
76535115.04
88578900.45
12375312.99
82674743.03
43228011.06
20117694.31
58767550.4
23417537.5
87536990.32
47447551.92
32322722.29
64488663.28
34781722.48
51611573.34
53923710.54
61884025.06
82327439.66
12026818.22
24236347.18
35648427.61
30688568.87
60750021.76
54960348.07
13705760.81
34287489.09
60256126.17
63511923.94
17034941.04
65465402.61
79896316.01
32699094.65
80938226.15
12127657.14
45245762.85
48981303.44
30292957.8
46241867.88
45685455.53
46827269.0
80938226.15
64488663.28
54886530.98
81980136.28
19269947.37
12478318.9
27795845.84
62209604.83
21630109.43
25692189.56
53225094.69
39816193.37
46771446.12
76860694.82
28270208.16
60256126.17
48474715.48
16267392.22
77837434.15
58524247.36
85105866.68
26166442.88
77837434.15
55695705.65
19972491.47
19735794.78
62535184.61
65139822.83
12038753.41
37581794.33
33798885.48
52326211.61
33358783.88
60581705.95
70023519.49
91704630.85
33903877.83
54698553.15
51827780.73
66442141.94
35920356.72
16482534.42
31648475.81
33949364.25
13761982.47
13544757.95
53972711.64
41369893.69
63837503.72
84411259.92
64163083.5
36649957.19
47308960.48
34109675.31
81285529.52
37911254.18
40554612.1
35104629.14
41330391.04
30234013.04
57496180.43
22010915.82
22374120.12
84758563.3
79549012.64
35090466.67
53363327.59
69372359.94
85105866.68
77511854.37
44355401.49
12478318.9
17526519.12
40011110.34
56373619.14
35392605.26
19408606.98
26970068.08
79201709.26
37464401.9
44858378.2
55660883.04
80243619.39
18797468.58
62860764.39
88578900.45
57411590.37
22719409.35
44171446.47
12132631.39
68395620.6
24980839.19
44271581.62
46771446.12
53504572.48
13650159.12
38999729.83
34276722.38
27207107.39
84758563.3
42414562.76
74256056.6
78507102.5
16519377.33
44585063.7
48566382.78
56733416.51
86495080.19
44056782.22
41010496.58
37309878.65
50151170.43
60463979.65
71651418.38
86495080.19
59930546.39
58376107.66
85453170.05
14521223.68
30499999.27
71976998.16
22956006.03
34819215.39
68721200.38
69046780.16
17962291.49
12836878.57
63186344.17
54285089.94
60479843.76
58428956.92
82674743.03
31091400.38
92746540.98
29462372.31
54782706.72
90662720.71
54182656.05
47587083.56
37575696.25
80243619.39
26497198.81
78854405.88
35376528.38
82327439.66
35935831.06
92051934.22
54990131.62
35849336.93
20106907.99
52325724.07
36174357.83
44011226.91
53625389.39
49917728.73
26971227.69
70023519.49
63511923.94
32858244.53
90315417.34
25896445.29
73930476.82
44639378.51
84758563.3
44383163.57
71000258.82
31564544.54
35663953.61
30559775.92
26878370.88
59930546.39
18457738.59
14357556.63
41071319.76
51453618.02
40799924.34
63186344.17
38109085.44
34868073.62
65790982.39
65790982.39
40039627.33
39209491.87
38112210.29
57729468.53
47592487.61
53882739.79
23051418.79
73604897.04
12580098.29
80590922.77
64814243.05
42195933.7
70349099.27
48702440.35
24144922.64
76535115.04
78507102.5
76209535.26
35632977.68
47657788.58
23433446.71
34839408.35
32117015.51
79549012.64
12051724.41
53004137.73
39431102.14
48981303.44
49034775.48
51939976.82
61884025.06
36718060.14
88926203.83
83369349.79
29231117.86
62209604.83
24364120.31
30554735.95
77186274.6
48040929.17
12272501.65
63186344.17
42265875.21
35953220.31
77511854.37
44910905.34
43732410.86
38096392.5
81980136.28
66116562.16
60256126.17
25929314.68
92399237.6
46213782.02
40838064.53
71976998.16
31562952.66
53633691.89
49037673.94
48437983.43
39768193.76
36511659.82
36207450.15
16748356.51
71976998.16
18489626.85
14522338.87
73279317.27
86495080.19
49274414.4
21063457.38
86842383.56
45917996.21
43281847.04
60418237.21
71000258.82
28066937.34
12068426.06
62860764.39
35034848.07
84063956.54
34054848.65
79201709.26
92051934.22
37581232.35
43500037.21
59731902.3
29599574.82
12825243.17
73604897.04
35215175.69
17400908.0
54311731.4
79201709.26
80590922.77
76209535.26
49332301.09
61558445.28
40560817.17
52946598.04
41871278.36
83369349.79
39496772.44
72302577.93
46539671.05
89273507.21
60907285.72
45129827.07
64163083.5
80590922.77
51503259.69
14305191.65
28434000.5
37054344.35
39472520.01
76535115.04
65139822.83
37803239.04
67744461.05
16085943.98
31835734.79
15661406.03
49126115.83
49539374.87
74907216.15
32594695.57
81285529.52
74907216.15
31888868.83
55038098.47
81285529.52
74256056.6
71325838.6
36174357.83
74581636.38
60256126.17
34817508.74
15215205.66
29940092.54
51599436.91
40515268.25
41010496.58
33847753.99
47030154.52
61884025.06
34668201.91
33836191.31
23529212.78
53965736.35
34102589.71
48199605.0
12530822.39
19160472.05
25805536.46
66767721.72
66116562.16
35935831.06
35849336.93
88578900.45
63186344.17
57766619.34
87884293.7
73279317.27
38887353.04
29819713.11
18696247.51
70349099.27
78854405.88
59393940.49
51658419.12
50943979.61
31830274.27
66116562.16
34918564.04
27082532.78
30205288.81
43456247.61
20209226.13
48437983.43
63186344.17
88578900.45
33562709.1
24269660.41
84063956.54
86147776.81
14414108.69
40257150.84
18561331.72
64488663.28
12047232.84
32376497.01
12026818.22
47866572.4
44926222.37
78854405.88
53099428.17
33411783.82
33290523.36
43229835.59
32970181.04
75558375.71
70349099.27
55382757.39
68721200.38
59462307.43
84411259.92
14631551.35
48286516.25
39209491.87
40257150.84
45413989.41
91357327.47
32602613.11
60898497.92
40295781.79
75232795.93
34102589.71
78854405.88
22482824.84
88578900.45
47100011.42
74907216.15
31901311.12
46487235.48
32470111.33
50254008.29
30028270.4
29762547.0
12469728.52
74581636.38
61232865.5
34941686.64
55487972.02
33678062.67
56394331.72
79896316.01
60124794.6
47936677.15
37639155.59
44271581.62
64163083.5
71000258.82
71000258.82
38380763.91
47378900.0
30007936.21
74907216.15
34994258.81
31777731.52
41089361.58
39907965.84
87189686.94
67418881.27
12154302.38
25548315.18
29098936.0
69046780.16
40799924.34
21426799.93
59604966.61
76860694.82
84758563.3
29327382.74
76535115.04
51359256.01
79201709.26
42971100.09
87536990.32
58035501.98
38139782.71
35644079.89
53683875.63
33286831.3
90315417.34
34994258.81
12956405.43
20342322.06
43824191.37
15867216.06
12461142.66
55668562.6
89620810.58
13043689.25
51962537.96
24837710.81
31863458.11
78854405.88
91010024.09
78165757.48
76535115.04
40016663.07
47031435.06
18696247.51
92746540.98
17962291.49
33830648.67
38999729.83
23433446.71
89620810.58
42687096.32
50405648.18
13650159.12
82327439.66
59541714.96
21663618.47
30463671.47
31505437.93
79896316.01
35204956.43
85800473.43
54361796.23
73279317.27
16530867.4
60907285.72
28304755.95
19769541.27
66116562.16
34646555.11
32117155.76
12187186.37
47866572.4
34657961.62
71325838.6
32650799.24
71325838.6
51075824.79
55329347.11
34016182.62
32376996.92
89620810.58
19167474.48
24600874.64
56678672.91
36445096.08
40011110.34
46811258.68
90315417.34
31266264.61
44367208.01
34306254.34
31091400.38
67744461.05
41328632.68
32874960.93
48240313.03
83716653.17
62860764.39
27795845.84
60803207.48
44011226.91
77186274.6
12153115.37
71325838.6
61558445.28
54482681.38
12170149.96
54661070.05
87536990.32
45127936.36
43569502.3
29819713.11
16700535.31
75232795.93
17962291.49
64488663.28
50404097.27
22247979.14
41361496.92
60907285.72
28965408.94
66116562.16
21773872.23
72302577.93
84411259.92
54037026.17
55321374.31
61884025.06
19972491.47
44715980.16
50161903.67
88231597.07
18259903.96
41059060.73
71000258.82
82674743.03
34509297.17
60256126.17
21773084.98
31357215.36
32134747.11
50715687.72
67744461.05
31375025.22
25786375.39
90662720.71
55715674.49
39816193.37
54886530.98
42466784.86
33558731.31
77837434.15
46755200.75
77837434.15
38278893.87
60071453.22
45454024.96
21635585.75
86147776.81
44857147.14
18236877.35
34577836.44
14739522.84
12047232.84
50710036.87
44044050.13
74581636.38
12142860.34
27082532.78
53784087.37
62535184.61
41913434.27
80243619.39
63511923.94
59445891.48
48423577.25
32105314.28
32196650.05
33732568.16
88578900.45
35203631.91
39973742.03
66442141.94
44042837.63
32593668.19
17791234.87
59054658.1
33358783.88
15173963.25
13271264.22
90662720.71
36754769.06
42143218.96
91704630.85
58068435.68
50776537.58
20479652.18
34657961.62
29409758.26
14303407.31
50001643.04
29335187.78
15215205.66
65465402.61
33461858.83
73279317.27
45685455.53
70349099.27
67418881.27
26259110.48
48159176.16
69697939.71
19262477.85
33783131.38
54502809.68
47084669.57
20689088.24
22814491.97
65139822.83
24236347.18
37853152.9
44407620.55
19161456.12
44087788.95
27557521.59
30091231.0
21156425.06
49819218.06
46213782.02
32753883.77
56340518.42
12043421.37
41614111.49
33564001.7
92399237.6
21663618.47
78507102.5
45359882.12
60581705.95
66442141.94
34546266.89
63186344.17
59930546.39
35478459.82
72302577.93
66767721.72
74256056.6
38652472.94
81285529.52
18398394.28
71651418.38
12281046.87
37296061.43
42728782.25
35372754.94
31563442.76
78165757.48
42428302.6
48425498.67
75558375.71
12612955.18
39923716.52
48716790.71
60802665.77
64488663.28
12133828.52
46539671.05
53882739.79
12298138.18
53965736.35
47960781.75
33411783.82
61232865.5
64163083.5
63186344.17
43272371.57
60749750.91
81632832.9
43552703.91
40311066.25
81632832.9
37840156.94
67418881.27
35915410.41
13215057.67
19404261.34
61232865.5
31266264.61
53342616.03
47034274.62
60078938.87
29879672.56
35021332.04
78165757.48
49595566.44
34275547.82
61232865.5
88578900.45
67093301.49
45638939.16
61884025.06
76209535.26
79896316.01
12119178.39
81980136.28
85453170.05
59604966.61
25331029.73
46894453.52
46213782.02
52278551.05
75232795.93
34109675.31
45399378.31
14858112.07
41010496.58
16655501.74
77186274.6
18332456.65
80243619.39
34657961.62
25184922.85
28926059.28
25312512.78
49721539.91
92051934.22
77837434.15
71976998.16
59393940.49
59930546.39
30736889.99
49312935.78
53625103.79
36987668.98
65790982.39
43281216.44
18616697.63
12504430.85
39544034.09
12142860.34
13173907.58
20117694.31
90315417.34
50703697.63
30234013.04
91357327.47
12392112.47
83022046.41
30828156.95
54455320.57
41059060.73
28034054.38
36224522.94
16486189.59
71651418.38
45671480.26
34849418.54
41377073.4
63837503.72
74256056.6
64488663.28
48995597.98
80590922.77
64163083.5
21900446.46
20351889.43
30470488.91
62209604.83
77186274.6
14780581.2
73279317.27
45128589.83
14522338.87
29735765.36
79896316.01
59930546.39
12132631.39
34306254.34
80243619.39
18043362.19
79549012.64
42351747.83
55133388.91
45956929.18
16482534.42
75232795.93
73279317.27
21289269.46
39093416.16
48755335.78
38368436.79
17744352.57
61884025.06
15433875.77
48704312.85
28283619.6
33564001.7
30007936.21
28191995.98
13440271.64
87536990.32
63511923.94
49611711.71
56678415.06
27445363.16
51014316.26
28641093.1
31113203.55
89968113.96
14739071.14
59106708.61
21052727.62
71651418.38
60581705.95
84411259.92
77511854.37
35121011.77
44903309.01
38073429.52
37024017.51
59930546.39
19769541.27
17390664.56
63837503.72
29734547.23
12085324.75
64814243.05
17836078.14
42685914.76
76209535.26
38667272.66
92399237.6
29968028.18
18696247.51
40245071.17
33964467.69
24856537.63
24980839.19
48200294.41
66116562.16
35915410.41
49260234.04
29644658.06
57696486.11
67418881.27
53363327.59
19160472.05
69046780.16
28542576.56
21866966.28
35682457.92
64163083.5
43815979.42
92399237.6
17799147.67
83369349.79
27116008.56
93093844.36
50760929.79
18342654.75
34819215.39
34032960.59
26517491.13
60256126.17
65465402.61
48321030.12
73279317.27
34596807.98
44128242.81
24002772.19
47915903.85
26497198.81
44313630.47
33903877.83
87884293.7
85105866.68
81632832.9
24364120.31
85453170.05
31777731.52
88926203.83
34763430.36
77511854.37
85105866.68
18053794.43
54802778.63
91010024.09
41057311.82
72302577.93
12682563.85
41600566.28
33220246.75
47917160.02
47122223.55
48423577.25
40838665.72
41601723.1
71000258.82
36084789.06
56347006.59
56678415.06
47322858.25
67744461.05
34176460.85
51601489.21
53681587.22
61558445.28
80938226.15
46487235.48
31796808.92
90662720.71
35266881.36
54644231.56
68721200.38
22719409.35
88926203.83
55037593.6
34325542.34
63511923.94
19641102.01
80243619.39
32858244.53
72953737.49
87884293.7
88926203.83
70349099.27
37824348.21
38345847.32
12051724.41
82674743.03
28926059.28
76535115.04
92051934.22
13656223.55
34220673.08
33732568.16
34819215.39
18789545.24
92399237.6
35426414.36
44271581.62
24239568.32
65465402.61
75883955.49
12619705.51
42177949.8
78854405.88
28283619.6
38278893.87
62860764.39
36736271.04
29098936.0
63186344.17
32714327.86
29062955.46
17024756.66
22472169.59
43553337.77
36192297.42
62209604.83
87884293.7
59880900.0
33419685.25
39429398.77
60581705.95
61232865.5
49819218.06
34781722.48
41265603.27
25312512.78
31886087.6
36207499.26
41328632.68
16817187.0
17354639.78
78165757.48
36750741.48
36174357.83
62209604.83
84411259.92
32420547.25
35204956.43
62860764.39
37852587.65
82327439.66
60124794.6
42080207.86
16313457.03
34207640.46
34478842.06
47936677.15
18696247.51
55102751.78
20106907.99
71651418.38
81285529.52
20825841.76
30171664.27
28790747.08
18261107.63
35631277.59
80243619.39
60581705.95
26166442.88
84758563.3
72953737.49
75558375.71
84411259.92
53923710.54
66442141.94
48754121.3
30437237.6
54037026.17
35631816.7
20106907.99
43569502.3
42912708.3
55662000.25
38666697.6
59202529.92
34839408.35
12153115.37
75558375.71
32602613.11
57766619.34
41110113.61
12221295.05
32919418.63
35953762.69
28914420.2
25897564.1
41328632.68
86147776.81
61884025.06
33086248.42
13173907.58
32753883.77
13872208.77
75232795.93
49053094.47
46811258.68
36495852.15
51002600.59
18457738.59
62535184.61
26133632.33
80243619.39
60581705.95
59106708.61
85453170.05
40738775.0
82327439.66
60907285.72
33256545.73
13912706.02
47363550.13
19532883.27
66442141.94
77511854.37
32195384.05
34304691.57
55082732.05
44383163.57
27553738.78
86147776.81
89273507.21
49316867.23
92746540.98
54360030.13
36240324.23
56818254.94
37814792.78
47641747.81
41923861.44
36446785.02
86842383.56
51319088.35
20826975.93
51038766.46
85105866.68
33123814.88
44543366.19
41993677.2
27591366.08
80243619.39
46642710.6
59392620.07
32062090.19
25796876.12
67418881.27
46555674.69
33489556.74
36378493.75
61558445.28
19396782.27
36496401.06
22814491.97
89968113.96
23525333.79
48215671.09
40288740.12
51300956.8
92399237.6
37448145.52
35812143.85
45182457.69
44359628.97
85105866.68
89273507.21
81632832.9
61884025.06
40560817.17
72302577.93
70674679.05
35935831.06
33411783.82
21761354.02
14347278.89
59604966.61
17024756.66
73604897.04
30703084.61
28168303.93
31834132.3
73930476.82
93093844.36
39973742.03
33836191.31
34612578.04
59054658.1
62535184.61
88231597.07
49871751.76
35539509.82
72302577.93
77837434.15
30825588.01
31239564.69
88578900.45
84411259.92
51658419.12
81980136.28
90315417.34
18924337.88
91704630.85
83369349.79
71976998.16
50703050.45
31614634.32
69697939.71
12021800.7
71325838.6
13705760.81
12229825.39
79896316.01
56150537.37
33202462.92
76535115.04
53438400.51
67744461.05
82674743.03
31656205.35
26754927.98
13872208.77
42754186.2
12332432.16
83369349.79
52945619.33
45127936.36
38074540.83
59930546.39
36173812.18
55999888.29
42810305.64
91704630.85
52386668.61
55660883.04
68070040.83
44585710.64
62209604.83
39480907.87
29762547.0
55732121.7
86842383.56
74256056.6
16923799.11
33734244.94
40566621.56
63511923.94
12004864.09
70023519.49
91704630.85
74581636.38
71976998.16
53343110.07
86495080.19
68395620.6
38007395.1
25896445.29
19404261.34
30028270.4
49592343.77
54303611.96
91010024.09
35215175.69
12030239.84
37175467.78
66767721.72
78507102.5
71000258.82
40799924.34
86147776.81
33240800.58
76860694.82
27942856.91
86842383.56
57088417.37
57411590.37
42957266.75
54699055.86
91010024.09
29496826.96
19499126.75
45245762.85
53984478.49
36822874.75
89620810.58
82674743.03
84758563.3
42428302.6
37024017.51
32377230.22
49871751.76
36921420.62
22009660.46
61232865.5
