34638070.8
32556255.65
35668962.73
42776710.65
35162211.18
35314635.46
52763666.63
40635139.15
21592914.03
50739303.09
16507344.02
50539424.99
15195170.49
50287538.33
35013928.83
15758439.59
22483900.61
51647028.01
78781955.49
35420227.89
24901244.89
77805216.15
48275542.14
80735434.15
25434700.04
21020627.08
16993856.31
14968987.05
26540872.95
23615351.7
41394241.16
42457950.92
28757143.01
29564842.38
17246802.04
85920046.41
36256438.2
23081801.31
17064350.92
15168705.71
69665721.72
75851737.49
21218405.13
68037822.83
27740723.15
47694479.09
24051317.71
48271105.63
33334888.85
48865112.85
16531814.85
26648398.88
26175012.28
16168441.88
84530832.9
56090908.12
77479636.38
87309259.92
21208181.03
25075755.79
45155334.3
34894399.29
32379726.76
43522631.21
35147917.91
35964848.89
45713712.74
53313379.39
84530832.9
72595939.71
46344012.68
38973230.31
47710282.29
51904366.05
83836226.15
23018460.92
52436115.45
27709763.66
15757023.8
76828476.82
49144158.69
93213417.34
85920046.41
54670677.22
45814112.49
25049354.35
53615077.48
37645872.39
40803629.16
34603446.12
15900107.2
88351170.05
22243552.95
95297237.6
46710964.39
75200577.93
40848936.57
54759442.09
28302402.69
85920046.41
25911746.61
83488922.77
52800746.4
51911250.67
28017308.0
24098012.35
75200577.93
55207074.91
21815381.73
26921945.46
25052317.73
77479636.38
33017284.9
52214525.93
31977343.29
41099529.45
93213417.34
14947680.25
70316881.27
35794707.1
33860844.55
15023597.41
27126842.52
33568962.69
15541790.95
73572679.05
53250281.83
15270068.8
59542825.13
37983067.68
56044824.12
51008941.74
34782098.68
18340638.2
38959770.17
70968040.83
36352889.42
22283762.87
55554202.69
36131660.77
14991214.39
15564537.37
42539906.06
46954720.23
15176430.54
72595939.71
56445338.99
14967780.02
35451120.97
67061083.5
31710205.4
63479705.95
35809678.32
58854587.99
30120083.42
43302207.15
43147724.16
39020084.35
38165144.65
34324239.86
15768612.58
84183529.52
30467313.9
62502966.61
48024588.56
50565681.43
15177776.51
37889066.03
35244725.63
30650715.23
15020485.2
41619305.44
51910343.45
57169550.19
19148494.84
55506179.55
38774853.18
42513015.19
19980803.66
46551281.63
63479705.95
40701099.92
45609068.86
49395924.29
37054152.46
51125983.05
56095286.54
36020715.53
39520901.02
55834785.55
44114979.67
28320811.6
31668498.57
34631281.34
23876556.31
71619200.38
66084344.17
53303642.95
91476900.45
44170035.29
33276201.79
16777750.32
27674856.13
18325061.13
48573301.19
86961956.54
24198117.87
28857404.36
83836226.15
75851737.49
35040154.39
41120638.41
21393884.84
17926106.41
31935226.15
48858781.41
90087686.94
30599577.44
30779533.68
49510731.8
68037822.83
53873537.85
95644540.98
38731160.6
15691162.5
39020084.35
33471685.29
36257895.98
15637825.37
15804170.56
32982981.78
37317458.64
47388851.76
54110617.31
14991214.39
19803133.72
38394744.47
55036732.43
80735434.15
32650022.71
23232173.29
16613985.73
49989293.05
19732326.3
88698473.43
54652640.2
55271476.36
42163104.64
39249364.74
91476900.45
22290954.67
38990685.53
53015186.59
56653709.72
62502966.61
35701875.77
15182728.57
78456375.71
22627579.66
15173603.58
38254808.91
28538905.54
41139500.62
35722208.38
38669689.86
16744094.07
33820001.04
15042769.5
16350206.63
37109598.27
37296252.3
34452481.33
37850512.31
15284810.32
47438282.87
52714409.23
46093547.02
29379192.61
40012894.5
27867688.04
28837533.0
42456166.91
16402845.12
53273309.77
40318606.9
70968040.83
34643185.41
22701389.34
49668742.28
47835556.25
34995177.9
50285433.55
49924070.91
31417503.74
22227292.5
28492366.21
50344437.23
19636604.8
15063948.74
90434990.32
46716224.67
77479636.38
63154126.17
48051784.45
16278450.43
27891799.52
77479636.38
15377116.91
91824203.83
42186257.42
40637134.23
30726029.89
53322000.38
44668200.68
66409923.94
33649520.56
19111948.9
36842410.24
53861939.89
14958303.64
46065636.66
31510218.12
22010432.14
33024338.78
24086859.93
46013457.91
36509457.98
55474705.02
28184484.14
32586374.15
29824882.03
39820879.5
31206292.12
47226707.99
19031387.76
58243601.31
33071090.34
18758093.71
55785323.17
47452989.35
70316881.27
34350484.08
26791707.18
43347301.02
21421202.04
54389724.0
27673016.74
68037822.83
56436832.53
20867667.24
21577331.81
16346083.45
17782444.56
34391907.95
36807495.77
32731149.73
88351170.05
41938804.7
31178929.3
43250716.2
16420378.38
53599113.9
36822321.33
15380576.01
28104097.96
90434990.32
26836931.0
56622754.04
56993725.99
55295863.03
49898921.97
40330718.22
42759343.31
23380271.19
39341890.42
77805216.15
39351856.27
82447012.64
51289168.21
23850749.59
60960792.57
34430221.34
43814017.95
82794316.01
17827281.59
74549418.38
21603532.31
37297917.91
15175910.08
24320741.21
55813668.09
20601359.26
49395924.29
47406791.82
34603446.12
91129597.07
92171507.21
33330459.87
86961956.54
31521911.38
49366745.43
15721005.25
36896189.65
24285105.06
18687180.15
49435555.35
35416484.68
28719053.85
31948437.18
15257027.51
54141090.49
89740383.56
31920681.93
34447633.68
74549418.38
78456375.71
37345249.78
54176362.12
58864677.11
53531637.65
23445612.68
25407129.74
17858205.99
29485832.79
42513015.19
19683148.15
68688982.39
53330763.44
59573234.65
47406791.82
33264255.6
41689573.3
50736648.69
38940585.35
31154140.7
48270250.13
72921519.49
35162211.18
15634823.78
15672337.93
16324198.53
15319201.53
48314724.99
77154056.6
50026723.86
57532300.18
15349586.71
50506818.15
45326303.65
16757507.41
31420965.16
50460073.51
42978809.71
34916477.25
21115216.13
22294122.52
56928399.42
36293279.97
47150325.35
15350353.42
44395490.2
38799625.4
92518810.58
38671087.91
44665710.36
35441629.24
89740383.56
51326748.93
42776710.65
49395924.29
22784777.71
34096612.23
56154949.26
30247346.33
32915872.8
93213417.34
38174827.92
28728982.46
28346848.14
17894453.77
23862948.64
90782293.7
78130795.93
29451220.24
33580229.21
40531744.28
46937522.29
15877101.01
34106534.23
45713712.74
32319490.73
35427682.23
33595316.93
15270458.86
25702475.74
37613691.86
93560720.71
52690475.53
88003866.68
43356301.09
18938488.27
37929183.81
78456375.71
49447766.14
19335300.51
73898258.82
32767909.32
16062151.61
27801430.28
15982273.88
46296927.76
32765761.71
34100386.83
30675475.45
51403347.68
91129597.07
49402884.6
46020481.54
56716434.09
47181199.6
49728591.73
36256438.2
46625702.75
60621670.39
39795234.17
16807324.55
42486667.51
30195032.96
24103690.35
84878136.28
52717189.23
30341580.93
32320597.2
39488873.9
49972152.78
26921945.46
91129597.07
44392972.46
46355433.67
21611727.12
83488922.77
81405102.5
15151367.22
33064319.66
28303511.5
32356459.81
76828476.82
40429127.41
19365250.81
44414795.7
38176681.75
53660852.12
16074543.14
33115704.61
15708374.58
64456445.28
36189043.35
83141619.39
47751626.54
46158567.61
57035598.64
42784834.46
68688982.39
15479467.06
39444229.3
33208751.37
46591202.4
34452317.05
62995752.44
35748193.93
51569423.16
78130795.93
54229635.56
44693614.31
19871524.21
32745023.49
45582312.62
47733062.23
31928245.47
18003165.5
82447012.64
31112715.58
84878136.28
16247745.77
74874998.16
33018437.87
15364337.13
23104475.17
74874998.16
41689573.3
57570013.69
75200577.93
52157057.23
29868727.05
57274170.04
25891300.74
66084344.17
27630859.95
16528994.09
70968040.83
15551154.27
28253572.67
84530832.9
15537981.89
30800262.29
55236063.2
33178921.43
40847187.15
64130865.5
38394744.47
23380271.19
49987722.82
37297917.91
84183529.52
18360483.17
32503963.29
17891325.41
16681832.05
53639999.97
24523415.76
41969489.86
42020777.35
41393485.14
22914136.44
65433184.61
41959852.82
26884578.27
42614749.78
35664780.37
46575925.41
26883900.12
74549418.38
15755865.4
15499202.94
92866113.96
95297237.6
89393080.19
36754359.15
73572679.05
41666141.97
20986733.33
66409923.94
38187537.89
15771003.49
16566927.28
54189941.11
43337978.2
35742832.49
32126476.11
68037822.83
17332128.34
38432629.23
39275506.36
54175443.07
16091467.59
43084843.73
48314724.99
42458076.0
73898258.82
35763599.45
30135523.04
27980114.01
34028316.02
31092691.79
54949787.4
15484379.05
34596537.69
21614055.5
92866113.96
33613420.41
89045776.81
54388940.04
22950952.14
48837713.4
51105770.22
28890955.63
53909770.79
15770189.25
15638404.08
75200577.93
24089829.94
82447012.64
69665721.72
15364246.04
42177224.21
45319882.21
15787366.75
18826296.42
39210564.45
21914382.93
21168371.81
15693055.35
31206292.12
19465963.66
57552918.22
35777123.13
77154056.6
35396908.75
58556364.41
52876456.52
47940309.39
36557657.09
49732848.88
15484732.07
38084341.67
53529631.38
78456375.71
26620272.47
40030301.87
94255327.47
51598986.27
15922616.61
20430499.93
75526157.71
70642461.05
47761088.21
16834446.47
18551033.5
16960760.5
41510782.52
17487956.32
20026874.65
45187170.48
20527506.8
15349401.39
33024019.69
44665802.98
15203178.84
19406296.38
34875637.27
42603932.51
31416195.95
27973646.21
64130865.5
15457419.3
43048502.96
89740383.56
28746579.37
64782025.06
35183350.75
57828831.44
16058895.44
15696372.32
45778733.85
40002177.01
67712243.05
21974077.99
84183529.52
50512925.8
67061083.5
20692576.61
89740383.56
92518810.58
27867699.82
21577331.81
17611569.81
64456445.28
43863894.1
45741479.93
46297617.38
32436748.78
40531744.28
49116818.85
51297762.59
54115429.17
33329789.59
28033029.65
28216486.27
84878136.28
32472762.14
47212057.39
46848750.13
30470393.53
45434523.38
35402288.89
43544755.31
43414907.66
29353570.47
81063757.48
64130865.5
38201899.04
46032946.82
57230849.09
34508349.11
15559999.98
16062062.46
15740536.41
36104196.11
94602630.85
22192710.4
56994574.37
25976935.0
31016014.17
15256114.22
33826701.94
15074734.32
53582791.42
76828476.82
40338719.78
15665127.15
15284810.32
35469975.94
44085726.62
58587141.53
33553590.9
15514882.97
90087686.94
27593138.79
64456445.28
46892850.71
72270359.94
15578811.31
46017935.86
39292825.45
26463982.74
63479705.95
68037822.83
54090113.88
25615939.25
48890175.14
31494396.93
15327881.52
18110346.65
85225439.66
30673329.79
84183529.52
41961351.48
31052387.63
47694558.34
17476621.99
68037822.83
42435005.19
16229748.21
15241788.94
37302616.17
25756917.49
67061083.5
21030011.64
93908024.09
45459956.76
41788306.22
32271792.54
56491603.48
18542169.02
31082837.61
21367290.54
46138859.63
51042939.93
89740383.56
43686997.9
55590966.48
25284418.69
83488922.77
53641390.54
38392709.85
47790510.89
66735503.72
56882599.63
29219247.74
70968040.83
18212639.55
25074029.16
37324340.34
15390498.94
46138859.63
23275590.91
34980805.59
80084274.6
33832654.75
78781955.49
19998972.56
40267138.41
33595316.93
85920046.41
33863283.42
63881446.68
42210557.96
39879712.95
25496839.97
33134618.18
40031008.84
21146030.32
44974373.01
92171507.21
37350420.63
60489968.34
15922597.1
30144597.81
33530850.39
63479705.95
29995513.97
85572743.03
41475115.27
18881025.26
70316881.27
48042696.79
50512385.84
14989034.6
33296646.6
34164671.43
51576996.39
14968987.05
23468425.09
92171507.21
55318537.49
46870348.01
28576601.17
64456445.28
40338719.78
38181888.15
50460073.51
15417265.7
63805285.72
35286270.54
19732071.36
66735503.72
68037822.83
52242576.36
54711240.37
48307038.74
69991301.49
33786983.9
91476900.45
46093547.02
52187114.06
24937338.22
39795234.17
18569339.73
19654494.22
53880368.05
73898258.82
52734350.11
50231115.19
31712007.69
44666514.13
24698693.36
53426955.28
38723142.85
15509834.41
24104918.63
32515438.56
53081028.97
67386663.28
53087494.46
92171507.21
39794170.54
14969626.41
37372956.36
24795924.92
40848877.23
39071145.08
36509487.87
36035923.05
48042696.79
87309259.92
26143046.78
70642461.05
15618236.95
39319267.72
57044608.61
38665304.27
25850737.85
25879543.85
20909759.63
15537755.71
27829625.54
51478581.42
38971999.52
54088330.47
36651877.77
56673041.55
82099709.26
80735434.15
36799272.56
27829625.54
50006718.24
46138859.63
43328478.27
32213915.51
36216704.22
24837887.5
51124645.51
32497408.14
27034962.11
37644602.35
52164098.41
53024494.48
53018186.63
50533921.75
34449015.01
30855606.05
40653654.2
16486686.44
25758104.88
22713819.07
33010587.36
33027895.33
31206292.12
19067063.87
56495334.61
64782025.06
41394241.16
26384079.69
39212465.23
54668048.4
52973166.91
76502897.04
45263492.97
32798853.56
43878528.47
49061302.5
38125949.5
31171964.58
20835716.33
93560720.71
26908704.1
67712243.05
20088720.36
15743225.86
35952273.65
50547528.01
43320295.26
34369893.57
15754149.92
32425974.93
28119928.18
81063757.48
42241195.93
93560720.71
15243814.37
47285751.18
24813228.32
38249358.23
38120115.43
49655697.65
31652943.5
20597225.99
70642461.05
28128217.17
18477995.86
76177317.27
93908024.09
51910343.45
92171507.21
21501646.92
15781566.32
15577974.51
20416717.25
52521266.01
17221308.95
49952908.25
64782025.06
36292443.3
34469267.44
72595939.71
34100386.83
31881649.12
24089829.94
45484668.38
15765336.12
46332720.67
22173226.4
43250716.2
46872907.63
42455522.83
39820879.5
16702548.56
38719376.4
37269396.83
15098508.74
28242783.91
47947235.97
15482321.2
30372297.5
29959205.03
54175334.18
30196281.16
64456445.28
21360915.09
30917539.32
80409854.37
43902701.65
71944780.16
83836226.15
73572679.05
66409923.94
41935934.24
25655144.22
45231519.69
27395233.4
28539342.37
55135741.96
65107604.83
54978549.21
81405102.5
92171507.21
37538750.83
40075842.23
15460779.03
63203076.6
24710819.42
17729063.11
16167569.74
52414698.01
15522650.29
37314177.2
21924126.3
72270359.94
49111098.83
32002555.25
61238328.15
17823500.53
55247202.71
40626259.13
15074734.32
55247202.71
33927184.91
56111850.06
15482321.2
54151947.92
53871834.74
34714909.38
80409854.37
31135437.38
68037822.83
31704751.16
75200577.93
48614687.93
31652364.57
39777904.49
55598098.1
15012803.07
29439119.43
43110499.29
20285269.54
54470128.53
33385624.37
27850075.39
20934179.68
33036961.69
88003866.68
41619305.44
20738198.84
52243937.46
18956358.61
27073351.74
24499909.26
24795406.79
51351196.22
17145834.08
15662362.47
30979381.78
20063306.62
44610326.19
30942233.7
15142983.85
46410811.3
34385958.33
48672331.53
62656567.4
34921757.1
53593458.62
33019070.54
57230849.09
25846376.87
48026983.02
28303511.5
80409854.37
47667416.73
44066468.04
37569264.07
63674165.31
55811755.8
51018532.66
31953616.55
15042769.5
87309259.92
20310279.62
34130297.66
21436648.13
44507264.72
15156872.85
15328438.25
17470510.82
49726477.2
42060172.11
21793758.42
36624527.69
26540872.95
15443826.78
50903531.2
31730135.07
38084891.12
71944780.16
49231264.67
36465643.76
15844823.83
55486316.42
37308294.93
79107535.26
35451120.97
25009970.92
73898258.82
86961956.54
52860493.07
17417861.19
31181353.13
26147904.56
52463882.48
27631440.28
48314724.99
44142856.87
16910470.14
35683194.21
44088187.85
34657458.77
50490150.14
42230596.26
32219953.07
31261781.23
36308993.57
31320569.65
23530896.78
80409854.37
50205823.81
89740383.56
25740705.6
35989667.18
47427840.85
34039179.49
37302616.17
76828476.82
34365829.95
63154126.17
21176044.99
31582584.11
69991301.49
18975694.74
51601021.82
44666514.13
86267349.79
51376622.71
19622471.16
80735434.15
27697826.98
46094261.99
18290289.87
37326495.71
49402884.6
42536437.94
19154580.27
42504923.51
89045776.81
37669967.7
94949934.22
56622754.04
14979288.62
28432843.31
39738888.1
57015747.62
85572743.03
46884019.21
55816095.92
73247099.27
59542825.13
38652527.61
37838352.62
55875386.3
81405102.5
41958981.6
48801575.0
28104097.96
29615914.47
90434990.32
17496383.32
49064010.22
48608619.2
35574576.54
81405102.5
74223838.6
24601767.69
47134871.5
16959962.43
46854923.05
35685794.75
38459959.82
53024494.48
90434990.32
21384702.22
67061083.5
44989212.49
31142206.41
15672337.93
88698473.43
47460263.73
23142603.2
16312404.29
78456375.71
81063757.48
88351170.05
59943459.13
42753361.14
29158954.63
41371206.53
15545916.54
58895321.16
71944780.16
17393523.52
57909056.31
16133503.94
22729069.23
81063757.48
51892323.44
54157464.73
20897067.86
27959773.41
33387204.61
15469657.65
15863801.04
56736159.7
61299914.76
53076653.82
41937789.06
53923574.4
19241453.51
53435626.89
30527526.96
43814533.49
51070273.71
15472734.43
37106759.65
26364112.17
66409923.94
33301824.83
62828546.39
42541975.03
20339760.26
51123868.97
21353934.72
79107535.26
38937928.56
40803629.16
15786258.8
48329156.68
51352982.33
47496564.5
79107535.26
54652640.2
17053844.29
32854888.45
33254423.82
51349748.0
33503667.41
46410811.3
55226265.11
40883239.52
24428709.75
31887354.25
56345472.82
15270189.44
41689573.3
79107535.26
49340507.43
38554811.16
28111461.7
29587705.91
46884019.21
52774732.19
52691655.56
36732288.57
16918449.99
88351170.05
75851737.49
38436766.72
76177317.27
41093665.82
43863894.1
49134777.9
29758957.09
26824543.84
23615351.7
40031008.84
65758764.39
47556047.34
37869273.16
52970755.01
77479636.38
72270359.94
92518810.58
43048502.96
15575163.32
72270359.94
15808964.67
31415637.24
88698473.43
38168312.85
37577436.47
15891228.74
81752405.88
43131122.87
78781955.49
15379290.61
27158534.0
18326244.91
47770967.13
34894399.29
15242767.6
79107535.26
23948325.69
42450105.13
55227058.83
15965733.5
52996231.79
39755928.44
53830737.34
51349748.0
19843360.15
15802548.19
88351170.05
30660217.75
19809569.26
70968040.83
37849808.02
29824882.03
28343729.67
35451120.97
45888482.1
54947841.69
18863840.44
35747725.81
73572679.05
46319130.25
88351170.05
31191979.3
56954913.51
55851442.96
34351136.64
15454292.35
14978407.31
50233265.91
56324082.41
82099709.26
42456166.91
17571062.19
65433184.61
50506818.15
15550493.6
18348100.32
50227476.66
16104994.35
15233043.18
56991085.06
68363402.61
82447012.64
49112887.87
15031629.98
48349551.2
40155754.14
39253392.53
35781749.63
15924125.44
49675029.74
36555501.55
65433184.61
44444888.6
16562068.83
36800856.82
53250281.83
95991844.36
46094261.99
41475115.27
14992620.33
30469270.75
26154950.62
46345669.06
64782025.06
34631281.34
42332052.31
51297762.59
76828476.82
38282419.2
19804201.24
29027237.37
34102707.52
70316881.27
68688982.39
37645872.39
30383122.23
75851737.49
38526564.49
73572679.05
15647338.78
77805216.15
16183991.4
47721298.2
56214067.9
37575068.8
76828476.82
34936648.58
49130832.78
37070718.8
40012894.5
49721666.08
34995177.9
33293604.41
22443997.39
52753237.67
15701003.77
32662571.38
48295571.48
93560720.71
15139924.36
24339805.73
44464481.29
52994231.89
42759343.31
24111658.96
53591721.55
40575546.71
19204795.9
15521611.75
32153805.65
15739076.08
33304105.82
62502966.61
15068744.93
15728036.36
42504923.51
68688982.39
45309947.05
26673376.97
54153617.08
29722485.79
15128007.03
33320594.81
17654948.0
30774431.57
37977733.42
46113999.38
92518810.58
69991301.49
53423894.43
80409854.37
93560720.71
46862954.25
29066490.24
17176893.04
31732087.01
41941331.55
80084274.6
46632957.67
57909056.31
33561901.13
20109956.78
35712476.41
48331245.1
15951751.72
91824203.83
64130865.5
15201228.02
53272538.82
43084166.39
32041095.65
79758694.82
37269396.83
31416382.93
34157944.57
51913052.59
26577900.11
37030199.25
15068744.93
48307070.02
15969739.56
56553041.26
35425308.63
36840562.94
57574957.78
28320811.6
59203740.34
15580154.66
49110231.4
36920480.65
55317111.57
56674718.28
72270359.94
38396589.15
54151947.92
54995020.04
32524798.28
79107535.26
48767422.07
33057263.11
19248500.26
56653709.72
34367192.29
22679054.74
33036431.46
43629121.96
15493639.04
32950823.97
67061083.5
17809157.51
23292340.24
85572743.03
38713246.86
44415873.86
23045523.41
15304253.99
14989034.6
68037822.83
35840493.66
37078940.35
69340141.94
55856178.88
17765750.08
38201899.04
31178929.3
40365036.97
44338397.12
26798697.4
62502966.61
15461925.2
15743796.44
59488556.0
37633021.08
60210416.57
15313875.05
18438858.37
22772556.2
32356459.81
36013324.35
42500532.43
53554349.41
35728750.93
19626409.36
43930820.96
20451959.07
72921519.49
86267349.79
38447094.66
50736648.69
45051102.58
21137162.55
15850089.58
26255110.23
56215685.57
82447012.64
43356981.85
39469603.51
63951700.89
19003214.51
52414698.01
44938424.08
91824203.83
50561986.86
81405102.5
48394577.93
80084274.6
26908704.1
23690892.78
15907429.98
93560720.71
54229635.56
14947680.25
38110310.86
44715978.32
27144031.68
81405102.5
66084344.17
47721298.2
26599876.08
23614649.12
27631440.28
52788033.5
38924689.68
17362688.97
71293620.6
45757238.08
15914159.63
37706174.94
15274685.8
45054111.43
15472959.62
52453513.64
36576397.41
83488922.77
62524706.52
55576008.39
15031629.98
40699736.64
26562441.42
59532501.48
57617641.7
33553590.9
43302991.03
91129597.07
37000828.61
20305973.1
49672901.46
31523829.55
45733006.84
85920046.41
14980799.44
46319130.25
85225439.66
44779183.65
38637886.28
34951176.1
15635811.66
42293617.51
36278940.05
55075655.08
19523553.39
83488922.77
38112004.38
26202741.27
43963438.77
27872961.04
36888190.02
15737859.35
15507811.94
52135463.99
56830576.84
46591042.25
95297237.6
15233336.45
15505319.31
47481030.21
70316881.27
85572743.03
41181334.75
40091605.46
51943169.03
64130865.5
46592918.22
76177317.27
18074244.77
27473187.88
17426120.94
37342190.22
21150676.24
72921519.49
80735434.15
39485794.52
35521337.18
25419031.11
56696692.8
32002555.25
23340554.55
30460274.59
47710407.03
31928245.47
71619200.38
41225010.86
15604833.21
59265289.55
27593355.8
37350420.63
15681229.36
74549418.38
33388747.97
90434990.32
33199422.56
64456445.28
43858990.53
35464414.86
27867688.04
50306263.12
35454133.52
30167171.47
54821676.25
45484365.85
37373561.85
30425464.66
53646622.82
49727236.64
84878136.28
82099709.26
95991844.36
53870899.66
51467190.22
55743678.65
92518810.58
17465700.92
62502966.61
37111123.93
20083655.64
63154126.17
48831100.43
49173767.61
63479705.95
35685550.18
30430575.11
16974194.84
55785323.17
19900344.34
15481841.9
53054835.32
33834215.19
95297237.6
42529349.39
42241195.93
95644540.98
23392872.27
16153156.11
90782293.7
35725728.8
29310491.25
69991301.49
43794546.21
15270189.44
17867630.71
71293620.6
69014562.16
28120552.42
45528883.47
32135380.87
31471707.12
29522903.85
39607959.49
17138980.97
37624191.63
86961956.54
15296829.23
15087350.19
36775295.79
29757529.29
94255327.47
15552739.48
88698473.43
14937056.86
36235515.9
34656065.22
49645045.47
39523501.51
35673310.9
72270359.94
15474317.72
20470983.42
32479442.21
57847549.27
17181923.47
32769521.55
67712243.05
86267349.79
72595939.71
15088242.08
22687908.34
82794316.01
69991301.49
70968040.83
20711679.12
21584015.33
19153307.65
94602630.85
33284833.23
17832610.31
52690475.53
33115704.61
57221559.21
31864106.3
40090965.75
49413555.16
75200577.93
53590790.45
31725151.94
36375716.43
33119820.81
55293050.4
24559209.54
29392442.04
68037822.83
56152631.15
26696207.02
42267780.94
74223838.6
52214525.93
24568240.01
27394921.09
44781931.05
29126472.73
32771583.62
28340111.47
69991301.49
89740383.56
51125983.05
53330264.39
92518810.58
29435193.75
67712243.05
15565972.2
92518810.58
32852698.8
50484862.5
18758808.26
56370060.45
31458411.83
56716434.09
23619480.76
21868430.98
82447012.64
77805216.15
84183529.52
30012732.54
34597574.88
45063621.31
36224495.15
54198191.46
20672326.36
40865862.01
55505382.58
80409854.37
56095286.54
37860441.83
50567011.63
17705018.92
24577111.18
40611295.22
15255629.79
32187196.41
62502966.61
36536058.45
16390546.13
24413551.07
95991844.36
49674936.43
27504428.27
16822505.94
37168874.67
17692584.8
33058209.11
15456442.78
30992309.21
36757789.58
21360915.09
33797475.25
28520515.49
16201440.93
87309259.92
23265263.15
35453308.81
48293217.06
63479705.95
31052053.05
15577066.88
67386663.28
37070718.8
71619200.38
33303242.98
57552918.22
51317984.63
84878136.28
18820391.33
15100320.08
36198646.12
32219174.03
39761937.46
21901163.7
51668509.4
32744982.08
20897067.86
16185343.72
30659137.99
58926204.76
35195881.62
37308294.93
81405102.5
46626685.44
15481841.9
55835677.62
30905320.89
30639195.81
15270068.8
41452077.44
16597668.84
38667999.23
39787197.28
36757789.58
15334636.96
37033471.35
33337528.09
44951111.34
39546890.95
47276538.43
67061083.5
17280808.6
28356232.99
56553041.26
39341890.42
41179971.95
24000858.58
15359525.5
27174848.24
71619200.38
16868301.32
47465835.94
44686265.67
33917269.11
49619712.36
22393148.23
90087686.94
41429300.36
31500635.3
34923539.85
34309318.78
80084274.6
46311221.19
22759711.21
49670225.18
25807103.39
49671100.57
52580920.38
15342239.83
53080228.48
25519733.75
95991844.36
39292994.18
36807495.77
44902004.91
74223838.6
31566872.78
44940918.52
37588937.54
20679395.62
17270895.19
15635761.67
30383619.93
39547523.82
57531313.37
34447065.81
78456375.71
92518810.58
27362120.61
31471707.12
34774248.51
53897200.26
34096338.75
31446676.46
70968040.83
31738954.38
95297237.6
84878136.28
21639969.57
20461733.31
83141619.39
46410811.3
33284833.23
44989913.77
48554634.56
30232175.17
69014562.16
15530095.4
49396244.27
40302908.11
72595939.71
14948038.82
52516426.93
36488612.95
23704693.49
32130835.2
38122205.94
16632377.39
49340507.43
15940603.07
47431147.38
46031245.85
14958303.64
63805285.72
40033667.05
48586753.2
52743744.69
52444315.05
33924638.45
84530832.9
36806273.74
25617544.86
66409923.94
61846423.96
15819280.19
48329899.01
35736395.8
40631176.08
49447010.13
30957767.9
21889674.23
88351170.05
15128726.87
49441566.38
67386663.28
55038976.89
69991301.49
56953229.93
41973641.25
64456445.28
56214067.9
54091969.75
73572679.05
56624623.95
44155196.72
59811798.76
55536132.51
34952495.07
86614653.17
52807935.62
31154140.7
34908957.69
59912192.99
72595939.71
15128726.87
94949934.22
23344235.0
23209581.82
64456445.28
16296009.33
51070626.92
15747614.1
54455464.66
21339672.13
34852995.52
30675475.45
57859511.35
78781955.49
51199016.67
18352427.63
15489026.87
16015380.99
16960918.8
22845352.86
34908957.69
17631396.93
69014562.16
48867267.71
15863323.42
41719723.75
33713440.88
20235660.5
18301434.71
42261702.48
46576618.28
42808700.12
55226265.11
40066976.37
23657489.45
50012389.92
30996045.36
88351170.05
15412421.63
87656563.3
33786883.13
66409923.94
79433115.04
59881909.93
79758694.82
54141090.49
45181652.1
86267349.79
73898258.82
44659653.29
29606885.38
19622471.16
56374479.57
16871380.42
35950624.91
88003866.68
53040776.3
41369418.2
36810801.69
16413950.2
33603967.16
26225583.94
55532603.47
39467255.16
41724199.14
32237559.05
34126374.79
76502897.04
21479029.46
69991301.49
54757455.26
39456450.14
38383421.33
82794316.01
48000400.27
49168298.96
48837713.4
54978549.21
39467863.46
50571482.8
40619189.82
48051784.45
17407641.75
53930011.52
55318537.49
25853746.35
91129597.07
32290788.24
25466223.29
92866113.96
52734350.11
16263815.14
33036431.46
15430650.1
93908024.09
82447012.64
32844520.99
53895205.83
79433115.04
43964649.65
46052665.68
56553041.26
24027159.31
47152897.17
15138162.93
28340238.22
46640477.58
48226428.07
55257714.69
52473169.92
54749233.56
37305095.14
51349748.0
32240348.68
59203740.34
56064466.8
34658300.03
35475706.96
43028929.51
15509834.41
56374479.57
56434541.5
44121091.33
38700269.35
58895321.16
48041146.2
73572679.05
28068137.87
15524358.8
78781955.49
38653126.15
14935931.98
73247099.27
55276342.41
40323356.7
62502966.61
37667582.7
31387750.7
41769549.89
17678563.79
45594974.83
18430682.08
53861939.89
36575070.55
25831645.25
43882468.77
33766971.03
16495292.98
31199321.64
33659111.06
18940471.35
39183591.81
93908024.09
93908024.09
43320295.26
40010521.04
55831712.45
18913624.79
41244592.68
33289588.32
15182728.57
79758694.82
47121634.47
93908024.09
15040203.12
70968040.83
81063757.48
39565593.13
51295185.43
89393080.19
54648591.88
54109836.6
24710819.42
18118577.66
51746699.68
71619200.38
44110187.55
81405102.5
23283967.43
51321980.87
83141619.39
52241786.13
54992309.36
37342190.22
50786159.64
53360514.47
56744969.51
73247099.27
48866250.98
17908583.42
39987980.81
25646132.11
37888528.97
32844520.99
51856230.19
91129597.07
31864977.66
32260982.72
15270240.65
35691394.83
69340141.94
59532501.48
39196264.31
25520665.9
38124586.06
19335300.51
89045776.81
32023217.03
15603141.19
30800262.29
17686522.69
48830236.97
81063757.48
61522329.29
31415637.24
34414681.37
19853794.83
23047867.02
32267685.74
43056656.37
28006339.78
53360514.47
46654523.13
36676391.1
89045776.81
52184020.28
41787879.0
18772708.92
15619833.5
45872620.54
80735434.15
30403090.63
15604808.66
48830236.97
53299513.22
36372447.3
94949934.22
53811647.86
29498377.7
29249190.76
28196306.18
31677371.09
49935661.36
15139924.36
20826542.61
43029520.91
35673310.9
43816467.11
56145708.48
35580073.14
42812705.61
34324239.86
15850089.58
37852174.76
49710189.83
29662072.14
55835386.63
41724199.14
28686101.22
71293620.6
38702152.72
55228897.58
19198823.52
52970962.7
50739303.09
19949525.63
35400836.8
86614653.17
32798853.56
62828546.39
26363678.07
30326272.17
54735597.45
53330763.44
36222297.49
62828546.39
36624527.69
49715605.33
76502897.04
38436766.72
54991358.37
15216406.85
50249325.42
51108234.22
40423330.96
15591387.99
41391793.69
54479925.04
30668578.21
89045776.81
15350672.44
84183529.52
86961956.54
25744026.19
15155844.78
43320295.26
32100837.14
92171507.21
17692584.8
32515198.38
37853389.14
16828806.81
42211467.42
54735597.45
15052168.52
22404211.01
15626979.64
15622946.1
18739435.59
24803381.27
16248407.56
56400751.34
37070718.8
42502250.79
70316881.27
79758694.82
30669483.66
43403462.53
28066134.14
54934386.53
38092189.1
15759922.92
34923009.86
53930011.52
53861939.89
56345472.82
29833729.57
56445338.99
41697839.85
56744969.51
46932770.94
42483346.3
15575163.32
22919791.1
89393080.19
24817115.31
29628961.43
85225439.66
53303642.95
37958301.25
90782293.7
26127486.1
49426463.64
35457258.8
15444034.49
26213061.04
20166768.61
42603932.51
38141781.06
19803133.72
44231275.55
31289488.39
74223838.6
93560720.71
40076179.39
34966108.49
80409854.37
28302402.69
51963093.07
46310393.55
68037822.83
19420851.64
76177317.27
48049694.16
32698153.59
34102707.52
15236235.3
48853385.31
44414795.7
16013717.91
42183828.31
30668493.59
24945919.33
24774842.07
44199409.1
32506212.99
15053168.18
60166469.49
45713712.74
82099709.26
64130865.5
16094137.77
72595939.71
76828476.82
57044608.61
20258267.81
94602630.85
53363268.64
50910558.19
72921519.49
62656567.4
29958451.96
45226066.71
37901803.36
47134871.5
16744954.12
34885713.57
49081768.95
51907990.81
68363402.61
36781263.04
41788306.22
15243309.59
15637262.78
31955329.5
34367192.29
58240454.79
15040203.12
44414795.7
49392894.66
27120807.59
15750337.59
75526157.71
21859603.55
53552412.28
15131021.03
15169800.34
44135697.25
48843581.06
16028919.09
15362819.78
94255327.47
50001765.78
54369352.0
34604809.27
89740383.56
56130654.27
69991301.49
37577436.47
37390175.24
15216553.22
34352844.2
76502897.04
31737131.08
37567589.15
15514477.71
31523299.31
24791084.58
29590278.91
18435300.85
44144015.68
63805285.72
91476900.45
44765217.74
15402237.62
34883327.76
30274869.44
38205110.39
37618196.08
26412220.44
15550345.75
52585273.78
36948757.04
44438024.37
40898770.9
47776093.08
47412931.02
90782293.7
69991301.49
33547838.55
37813026.95
32854030.2
76828476.82
63479705.95
51331200.02
16077355.41
30726549.87
63612473.06
15458391.51
15304880.83
34621980.47
23576642.63
54954843.04
82099709.26
37983067.68
17288161.67
46612785.69
16274882.87
88003866.68
48321216.11
48610705.75
53858832.91
35736642.22
53531637.65
93213417.34
22726450.91
40982795.45
50787448.1
15631735.46
19798778.68
57337998.32
21534302.61
67712243.05
55310748.82
34583699.58
74549418.38
27166864.96
82794316.01
40635139.15
15217394.45
16922944.2
17414696.02
44338397.12
67386663.28
75526157.71
37582703.92
75200577.93
31156337.5
60282548.2
50510245.38
17354789.99
41687368.11
54934386.53
41995657.19
16599226.86
33551230.83
57909056.31
51018532.66
33633749.93
32533414.91
15163880.21
49343207.8
23318121.27
92171507.21
40305395.19
87309259.92
69014562.16
53273309.77
23854649.95
42534376.55
57286094.97
34099425.46
47213417.94
33585967.09
35793640.58
49645045.47
15220168.36
38669689.86
22410005.84
23756294.09
24367219.94
36760475.3
49801252.71
54979708.58
45816226.38
76502897.04
15691451.4
20487639.2
56392919.49
53978820.26
32654670.24
15676674.68
76502897.04
47136515.7
55506179.55
53630387.48
15031627.35
17787111.14
42604852.85
92171507.21
15377116.91
93560720.71
83836226.15
15257100.99
15151894.22
50792934.84
24285105.06
49642178.08
33766971.03
15754433.76
29285661.56
20586266.84
73247099.27
37847589.63
14980420.26
22946696.45
15652072.05
43975087.16
57529838.17
33618192.1
83836226.15
42519873.09
34196952.06
19511498.88
17908583.42
22639181.95
50168297.98
30648927.55
40874251.09
43863894.1
92171507.21
32752045.36
54686091.08
15849555.96
35150439.66
16333600.91
34183121.73
44247214.06
30511604.93
38448013.04
84183529.52
31525338.15
90087686.94
45261379.58
15195170.49
15117911.27
21579543.68
30520399.8
16704588.28
44926714.53
46361437.38
92171507.21
41392265.29
52159104.12
21375035.52
29840380.95
15020918.25
40602482.49
51071168.99
20244234.57
37108617.5
94255327.47
23713103.67
71293620.6
40348410.45
82447012.64
65433184.61
54420243.4
90087686.94
15207301.57
57555246.5
94255327.47
43930820.96
55536132.51
63154126.17
15537851.92
27324121.39
76502897.04
48587168.86
39844079.4
45775319.46
25614603.04
50178164.21
30888368.06
23256660.8
32654900.93
41996320.85
22609310.71
38792727.19
30905579.84
95297237.6
20093110.71
89045776.81
15284749.1
55536905.31
27533559.89
31890300.66
48487256.94
38747344.39
15741853.95
30355712.8
26237227.07
48487256.94
44144015.68
20782880.99
56653709.72
19636926.02
60251160.14
74549418.38
56782666.96
93560720.71
18144450.46
34870617.1
85225439.66
49973725.81
43522631.21
24886190.45
15087350.19
56735521.95
40339711.96
24791084.58
30987543.1
79758694.82
54446734.75
24177255.12
35159851.38
15258797.49
15212882.64
74874998.16
27328916.77
79107535.26
43074636.78
48853756.94
25379845.66
15565972.2
50763901.2
53706565.12
45484823.99
40303648.21
34384805.08
84878136.28
50285433.55
39276819.21
61227318.02
33852651.31
27949026.36
48610705.75
34848276.32
52741271.58
91129597.07
22034148.92
16046953.36
31054981.18
87309259.92
22861845.48
37107361.73
45594974.83
37305095.14
45834032.4
53930011.52
18550662.92
23834721.92
76177317.27
56155787.37
54388940.04
19847102.49
94602630.85
85920046.41
25715488.66
49061302.5
72270359.94
82447012.64
16073814.69
85920046.41
27120283.25
57215353.65
50528460.0
16984087.15
19157723.67
21413678.45
28449712.22
53310681.25
44165332.01
26938479.28
21737644.02
15247936.5
52037723.61
43647815.39
41254746.53
14946547.87
78456375.71
79758694.82
54554016.11
35958123.14
39987980.81
17138980.97
42875825.54
15836378.69
73247099.27
39467255.16
53080228.48
31955329.5
44144015.68
30865999.19
42184469.14
39515521.58
43897822.54
31177203.5
71619200.38
15139550.62
50814021.56
30886600.9
30493501.68
48055621.67
30537516.98
23868841.81
36490504.71
35956564.16
44989913.77
61299914.76
32135380.87
48576575.75
54545443.1
15628031.8
15371074.09
92866113.96
44779183.65
80084274.6
46127078.13
73572679.05
52156299.29
37051914.22
48825889.22
80409854.37
65758764.39
34635730.67
37273649.83
31121309.43
45767687.95
18507262.39
21831407.39
69991301.49
28705159.39
86961956.54
15593103.91
41371206.53
44679306.21
85225439.66
26214568.62
26891578.35
52802916.35
39758015.16
15558464.36
37344537.91
51684959.1
45763880.4
31652364.57
31179049.25
58243601.31
50791150.23
52463882.48
44121091.33
45785929.44
25032103.67
77479636.38
69340141.94
70642461.05
39197995.06
25817910.42
43589025.15
32538224.01
44509750.68
44360331.05
39523501.51
78781955.49
48272870.7
29971214.26
49951101.44
34523776.29
37161562.72
15892265.5
84183529.52
17894453.77
76502897.04
34574941.47
15052168.52
24287357.49
93213417.34
31952964.35
33368296.18
57235115.94
51856230.19
17571576.2
52724533.53
21690509.58
22701774.57
56176983.87
36536058.45
51070273.71
75526157.71
14937056.86
46551281.63
49343207.8
33008700.44
73247099.27
84530832.9
70968040.83
70316881.27
40610708.14
45535396.77
35690832.07
53054835.32
78456375.71
38110310.86
48226428.07
51130593.84
32267979.61
76177317.27
33770622.52
42812031.69
54993959.62
22048866.96
75200577.93
24216299.07
94949934.22
21690509.58
30834224.57
50639893.84
78130795.93
16100010.96
18766709.11
80735434.15
26777318.92
28813344.0
24341008.67
44393800.81
59943459.13
77805216.15
49391099.7
50478919.36
58170361.03
36274246.96
42756137.91
49343207.8
95297237.6
32762187.64
32770378.47
34447065.81
37326495.71
15613592.11
30137688.02
70642461.05
28576921.23
29012571.1
52227725.38
22453043.91
48872904.61
41640465.97
53349430.15
32242679.26
56711963.72
38141781.06
15650944.44
89740383.56
20740837.64
44687579.42
31682963.88
39885491.62
42208725.16
42603932.51
74874998.16
29192002.58
60621670.39
44421911.39
36644577.61
35693194.87
78781955.49
55058649.04
40032746.43
69665721.72
44122791.33
78456375.71
17518760.73
90782293.7
32998200.67
48226428.07
79433115.04
51682451.99
38254808.91
31320810.58
66409923.94
55877658.7
27829647.74
15965733.5
29597530.98
35435330.07
32983987.82
17642306.52
55664003.2
62502966.61
29485109.69
19390249.22
37838352.62
36857627.09
52181478.26
36488204.82
15495838.16
32379394.18
46906723.66
50844390.26
26230088.27
50071832.09
47151164.93
59604374.34
80084274.6
35511212.48
32508016.78
15690189.03
71293620.6
50818487.34
45325264.92
32928443.19
55876221.0
60929094.44
15664943.77
56696692.8
40635785.7
43315557.43
51907990.81
29498377.7
49112887.87
84183529.52
67061083.5
47971658.67
27250244.75
69665721.72
46682762.96
18564929.9
54668048.4
40826068.79
34051945.44
87309259.92
33064319.66
15938894.97
34635730.67
40050617.64
26752374.02
55135741.96
72595939.71
35141149.59
46575865.79
20271287.25
56714978.71
51631223.45
21170797.06
29116873.71
19853007.46
35180039.33
40363052.45
24418821.09
73247099.27
34723741.15
45211949.52
39218515.31
74223838.6
31608835.93
30439090.26
72921519.49
18118577.66
29286317.22
46372989.84
31805079.56
95991844.36
39251768.85
93213417.34
44700662.58
40907228.77
67386663.28
38902880.36
28775413.04
42814111.22
48050433.07
15096317.73
41701916.35
39469603.51
38010029.49
53252401.36
32744982.08
51071168.99
85225439.66
32526406.98
80084274.6
34629498.89
35719973.7
35314034.94
54159552.96
51654323.36
50511132.71
45757238.08
25830550.79
91476900.45
37192864.24
56436832.53
15109680.46
15392009.69
45245433.63
69014562.16
44665710.36
42603932.51
15822671.35
19899905.03
22444301.26
48881380.31
24774842.07
38523899.09
21087876.84
46997029.53
62828546.39
50203097.15
25267850.74
37615653.02
15207301.57
75526157.71
27796713.63
18807299.86
48667303.29
21170686.51
27064073.02
55486316.42
23131161.77
54734702.41
32920581.87
77479636.38
31803975.49
36529039.23
34628949.14
36264633.23
55038976.89
37373561.85
15283448.63
52184020.28
49924070.91
71619200.38
45759083.79
39987980.81
25990287.3
84878136.28
15470804.69
15958689.15
19128767.6
34367192.29
21421899.25
60888350.87
49505837.19
42814111.22
40825444.22
44173426.62
89393080.19
82794316.01
15766368.51
15891228.74
87309259.92
40850700.15
45213636.37
26391433.48
70316881.27
29759497.02
90782293.7
19089619.96
84530832.9
81063757.48
30432695.66
23638431.98
42060172.11
46952002.15
76177317.27
40353769.24
41347411.83
48837713.4
86961956.54
21344204.58
30196281.16
46052665.68
27500842.35
45323035.46
29632342.11
73247099.27
37596791.64
25782602.62
30090295.14
25480304.66
37869273.16
35538131.0
51624778.61
36308401.76
77805216.15
81752405.88
51983518.82
46653154.47
85920046.41
15365624.22
36998345.75
38959770.17
59573234.65
34126374.79
37435283.32
35136429.51
40306722.19
41392265.29
58116522.9
15698218.55
53031142.17
67712243.05
31724844.53
35701875.77
32970305.95
45183484.98
31222138.66
31199304.7
57044608.61
20415275.45
31544597.59
54699488.34
15016350.58
17686522.69
70642461.05
58854587.99
85920046.41
46064968.31
37813026.95
35691394.83
44415873.86
51070626.92
48531624.42
37026602.02
15151894.22
35968695.84
15403881.39
52222304.27
37088011.65
90087686.94
44220506.83
37541190.76
21936258.81
77805216.15
36998345.75
44906149.92
51040922.0
36896189.65
57644104.96
34894952.29
47216652.78
58243601.31
55272431.33
45262084.28
35776538.16
14937056.86
45879102.25
15161312.62
93908024.09
49130832.78
33287183.67
31071007.64
48808699.54
69665721.72
51617114.96
18974102.23
56151465.1
36279004.11
31844192.94
42839326.45
50533921.75
29734642.1
17624389.93
21580524.79
52715173.67
31461089.38
24757512.14
45594974.83
79433115.04
44610326.19
42020777.35
69991301.49
57161866.06
81405102.5
62828546.39
41097743.5
15488937.84
24325055.85
32554123.51
47231503.89
24002795.28
53810875.77
30815389.99
22107411.72
36200211.2
45599645.56
54395224.9
79433115.04
19656984.59
16181318.85
72595939.71
94255327.47
84530832.9
73247099.27
36292443.3
44989212.49
30967028.18
84530832.9
25198621.82
42332052.31
55897399.49
33173222.99
31248326.54
72921519.49
15706154.04
86614653.17
43268751.28
55784522.95
89045776.81
92171507.21
16941077.22
42213993.14
55259930.45
49901634.99
49169647.23
27394505.79
20219330.81
31196352.91
55563256.79
34059068.07
43063481.27
37902574.94
33119820.81
81063757.48
40850700.15
41701017.12
36779500.55
46375089.15
66409923.94
15767888.12
90782293.7
38526564.49
25108723.76
41179971.95
44687579.42
50251288.94
17512109.64
40157309.51
26796675.98
33277166.1
69665721.72
52466237.3
32943244.64
19587232.9
22047637.79
25950675.02
47498695.75
50763025.53
16199057.3
23834721.92
42293617.51
16054611.49
48387822.66
51038296.21
51682826.39
21751251.48
86614653.17
15296679.36
15406693.32
36803918.6
41939568.68
25993179.29
18334619.89
15776184.46
36012936.48
39214898.83
39533401.11
16490885.71
67061083.5
15742783.15
33293604.41
55384357.73
25504488.56
41154004.3
46346647.23
50761150.41
24153859.58
56082641.71
61639036.94
73572679.05
35247969.54
73898258.82
35454133.52
41417795.12
47121634.47
21584015.33
21343749.01
15772195.27
40058956.46
49954145.99
79758694.82
36213082.91
53334949.12
36781818.29
35124854.76
15497046.79
24962605.18
56653709.72
53529631.38
31317892.87
30355712.8
19603046.16
36218997.11
30314084.75
61916572.53
93213417.34
67712243.05
31962194.59
42326704.78
71293620.6
49168298.96
34856036.9
30675475.45
86614653.17
57230987.97
54433719.25
51964448.28
41959852.82
44932000.76
50203832.32
47982773.53
25209127.42
91476900.45
54978017.8
23520125.7
15586747.47
39819552.38
52994231.89
40090965.75
32950540.48
78130795.93
51892323.44
45992902.33
15877514.89
30543057.02
57099550.46
30431865.85
15754209.96
19983933.47
20521939.47
67061083.5
18003165.5
43317302.15
51094121.45
46604933.33
53582791.42
26836089.58
16122696.09
15132148.69
35572091.43
58455565.51
26922909.5
54139048.27
19913048.93
34581144.68
18471248.88
56976902.82
36490250.65
30622077.63
38808349.4
53575304.5
42730971.37
30961438.6
75200577.93
32788691.46
32819592.29
23468425.09
25703803.67
30468844.56
87309259.92
30871513.01
33352705.26
88003866.68
17355020.39
89393080.19
46931877.83
35418860.79
23614649.12
18573323.11
50180848.59
46853967.88
38502665.32
38160576.8
15524358.8
41433844.48
15195656.8
23056200.5
18772708.92
45462478.31
14935931.98
63479705.95
82794316.01
15063948.74
36527847.99
93908024.09
22933302.34
27072311.45
44404220.79
62828546.39
56624623.95
15647121.72
32852151.46
15726869.75
58240454.79
39546890.95
46373708.23
32492193.11
41154004.3
49941240.73
15154906.49
37838941.4
51963093.07
53024494.48
15662559.02
35121650.37
15372130.78
91824203.83
53643421.52
18380220.9
19374994.23
25764645.97
73572679.05
15939326.89
49792260.75
32387936.69
52596877.35
38971999.52
32837687.59
46855619.19
86961956.54
43592090.95
38158418.73
40301347.98
35189377.06
49888116.02
22668955.75
55552553.33
44701612.32
16031710.61
30705997.81
17946125.15
34619275.49
59943459.13
40576290.79
68363402.61
36534071.58
69014562.16
52021780.61
15189596.52
35683866.67
45227871.81
83141619.39
33899206.45
14958832.57
15958689.15
37578136.79
51903911.03
28103952.91
71293620.6
37893522.57
71619200.38
19224623.34
35668423.15
87309259.92
43056656.37
65758764.39
43574893.4
15422041.51
55207074.91
38733081.79
37711326.72
21974077.99
43043843.61
83141619.39
25740705.6
40848188.51
30959585.41
42778142.67
41642889.07
15802328.35
51345191.17
33541846.29
23528490.95
87309259.92
51624778.61
54670677.22
78781955.49
33589981.42
27773248.44
37579789.85
15050577.45
56882599.63
33027895.33
51405471.07
27507523.45
50069689.16
42566471.98
34449015.01
16847333.09
41912784.72
30787885.0
85572743.03
20544364.21
62502966.61
41097115.68
15150375.24
35168403.72
32506212.99
42247176.41
36224495.15
52521266.01
57828831.44
15034399.87
47990260.75
18139151.03
79433115.04
79433115.04
91476900.45
15484191.94
85572743.03
41097115.68
41123355.19
31758670.78
22845352.86
90434990.32
27436671.81
15245920.34
33807518.78
32924195.97
50233265.91
33205837.86
64782025.06
85225439.66
14978407.31
15726693.4
36270593.09
16215607.02
56901905.4
57828831.44
33287183.67
15554220.25
30786219.8
66409923.94
16414143.22
68363402.61
46931877.83
30704468.54
83836226.15
15107113.64
48293217.06
24559209.54
52753237.67
49116818.85
44407501.09
47950636.98
47833955.53
67386663.28
57939734.27
84878136.28
17301876.89
23145218.44
25285486.07
65107604.83
24521306.27
25993387.56
56095286.54
42839326.45
45494735.99
79758694.82
31143123.1
30727814.7
28068137.87
16092357.52
80735434.15
61577450.34
88003866.68
29049731.82
80735434.15
58556364.41
19222359.95
22632430.83
32213915.51
68037822.83
14991214.39
40429127.41
34908957.69
55197169.44
36218260.53
30621154.19
72921519.49
94602630.85
17198001.52
51926182.93
30898778.06
36580935.42
18005167.93
19374994.23
54151008.87
36807495.77
15573240.09
30925557.95
52187114.06
21717290.35
66735503.72
50564911.73
67061083.5
18340638.2
45181652.1
32752656.78
84183529.52
36806300.52
43419622.78
38120115.43
21253423.0
33236985.99
60549383.72
19295296.29
15695371.69
87656563.3
82447012.64
16259564.43
56416519.88
72270359.94
50739303.09
80409854.37
44988722.83
15645247.08
20451959.07
20633240.11
34596537.69
38254808.91
21455085.7
26363678.07
45992902.33
18988751.55
21203812.78
52715173.67
46830471.67
22104158.33
32854030.2
91476900.45
60282548.2
24672871.61
47205702.48
30621367.89
71293620.6
27867242.93
24333107.48
45494735.99
32319340.97
16561702.01
37895875.33
15608840.06
26599876.08
50776484.81
40282774.95
77154056.6
81405102.5
36760475.3
42455522.83
51611761.73
34331254.97
89393080.19
42776710.65
21570800.13
35211444.5
53024494.48
56679916.19
40167192.31
52305741.23
62828546.39
31440573.68
88351170.05
17426120.94
33503667.41
40363695.58
24909001.57
32773367.25
37644602.35
71944780.16
20884632.81
15550345.75
66084344.17
54764087.99
60590127.29
35692537.87
49188125.1
15824984.45
57275637.2
28742014.97
33235100.45
93560720.71
32690743.9
23378575.25
57871492.39
83141619.39
48551103.03
81752405.88
38392709.85
48890175.14
38798330.19
60505427.83
52183030.6
17462677.14
23422948.58
49970197.83
34098625.47
46884019.21
51040922.0
29631905.12
30277328.09
72921519.49
66409923.94
35719973.7
93213417.34
24814039.89
42014564.69
42512803.84
87656563.3
45503419.58
39172360.98
29589454.44
18049530.28
33569692.79
27169987.6
30460791.14
15303018.95
34086413.23
39787197.28
54505948.81
39515464.02
66084344.17
40972766.48
15515143.11
68688982.39
68688982.39
41154004.3
37076491.69
41141590.96
35685794.75
27159071.09
56744969.51
25938739.18
46671856.2
15795258.75
47490779.66
67712243.05
40068128.69
39213441.94
24323027.09
21241480.53
79433115.04
45434523.38
43522631.21
16693498.85
45524409.54
15608318.33
31431543.12
32804656.98
46652432.66
15010289.97
55875095.57
16861218.8
46854923.05
51904366.05
49671030.2
32720333.71
17561472.66
53810875.77
86267349.79
32237559.05
32522794.74
46030422.19
53030588.97
80084274.6
51094121.45
17902547.19
66084344.17
45295264.94
33881481.86
45832852.85
25098427.96
24069626.86
41119525.82
48608619.2
35512627.1
63154126.17
26228681.89
63542261.64
22266347.53
18026257.3
41205009.11
15241788.94
51066552.99
51904366.05
47163112.21
37634185.53
37621969.12
39070097.02
37035105.63
74874998.16
39214898.83
15974505.25
41451420.63
89393080.19
48000400.27
42213993.14
89740383.56
48782100.57
23681679.15
56649212.77
39623619.62
30942817.01
15031629.98
65758764.39
16815076.61
86961956.54
32031431.99
82099709.26
94949934.22
35474854.5
41369418.2
32363271.17
32472762.14
15537851.92
41347411.83
57833958.81
37852174.76
52466237.3
82099709.26
83488922.77
43902701.65
50457406.45
31417503.74
43596454.07
50482123.78
18790420.86
49944342.52
37363004.17
40635785.7
28993772.99
92171507.21
30886600.9
43001339.9
67061083.5
83488922.77
54367706.68
15960429.84
31438356.28
38165144.65
42505376.36
44914252.41
34789678.11
18429699.28
70642461.05
36217384.64
29854768.69
35685550.18
52172885.15
25031622.81
42870765.77
32382640.23
84183529.52
43654949.93
34902261.38
33313811.69
84183529.52
42269839.35
39444229.3
18333961.53
42558970.54
33846384.47
15414708.05
15694678.3
32798853.56
31051792.07
38381718.5
21570800.13
56394589.39
44902678.27
32070926.54
36341447.15
56391948.6
42792569.85
28364647.33
33064052.91
23956232.66
15726869.75
40030272.71
28669382.91
69665721.72
35512627.1
17391718.37
38708418.67
53920890.93
66084344.17
57943853.14
90782293.7
76177317.27
20505593.26
32678943.59
18502477.0
38628624.56
81752405.88
32151056.92
49423204.54
53808980.92
51948646.99
69014562.16
37929183.81
46905736.45
15243814.37
23627897.31
23104475.17
47163112.21
66084344.17
91476900.45
32278245.75
15816444.83
49901634.99
89045776.81
31992388.8
38971999.52
37072693.74
34181748.72
15002008.73
30383122.23
14978407.31
28183002.58
46047219.34
81752405.88
56152631.15
36285294.14
55832675.38
22820085.14
30969857.23
48306359.86
39003644.78
58243601.31
37708358.16
35247064.75
50565681.43
15632345.24
47195366.07
16724179.03
38131970.51
22391182.8
56376323.6
35475344.08
63951700.89
38167174.96
78130795.93
16397306.34
81752405.88
21995998.96
91476900.45
48223714.99
42886767.27
29917786.33
44359908.59
31345552.0
53303558.34
33036797.0
32770378.47
15631735.46
77479636.38
64130865.5
36614818.31
58541175.31
15735948.86
34402467.27
82794316.01
62995752.44
26351991.97
40656727.19
47134871.5
33541846.29
39614188.95
39611779.64
41244592.68
48502907.78
29198796.41
42831174.67
37853389.14
31653614.16
41716489.94
20934179.68
52864809.12
36575070.55
15482998.23
24946872.84
49146350.34
71944780.16
39515464.02
21819941.84
62502966.61
79758694.82
87656563.3
16135491.33
79433115.04
54229635.56
82099709.26
20433188.86
53081028.97
31179460.45
36023829.05
34391907.95
54203727.28
36293279.97
55338232.52
18064822.95
15092365.32
20021179.5
26627927.76
35949948.47
22675229.09
53582791.42
92518810.58
32486290.14
55015730.24
24238783.34
15143946.94
46157369.33
93908024.09
81063757.48
79433115.04
43050909.7
44904502.34
39485066.36
58158936.01
18576535.42
16180690.97
20300885.33
26304441.48
55603726.71
40556191.5
48252601.86
16561702.01
85225439.66
37081654.67
24560311.71
33755029.76
31416927.9
82794316.01
38506646.6
51758146.74
57230849.09
76177317.27
16354224.09
63805285.72
31179585.62
20305683.71
69014562.16
37656479.7
30940880.3
15189804.62
23631538.54
37959792.76
39444229.3
35941817.91
74223838.6
52133041.28
53303642.95
32798853.56
15285859.15
54825074.48
22051338.09
46310393.55
53552412.28
15502116.31
20633240.11
44674178.23
58836538.08
34126374.79
42228886.48
16096574.96
34102707.52
36466231.38
18356230.58
16540836.34
28213377.52
86614653.17
65758764.39
47746907.6
37598844.63
24304681.74
80084274.6
15139550.62
39885713.79
31856951.79
57344356.78
15311000.72
57529838.17
53926206.88
42998914.8
46612785.69
16001364.44
19592278.05
43086256.47
15409248.62
67386663.28
48249959.66
25122538.11
41989094.9
63805285.72
31971154.99
69014562.16
19079110.28
75200577.93
50585802.38
54648480.67
29286260.82
64782025.06
22868445.81
47751626.54
48018392.77
53639192.65
18068621.18
21036038.31
40275042.25
85572743.03
32651943.39
63154126.17
43032021.31
34369217.64
15156872.85
26814177.24
70642461.05
30381467.53
29094035.1
93560720.71
52761621.37
20953090.14
57939734.27
40328140.19
36565875.16
80735434.15
49619712.36
44882260.01
41146019.69
32617335.65
43327807.82
40611588.97
89045776.81
21196324.33
32900966.92
37439596.88
15988627.75
15002008.73
29952386.89
41914572.99
77479636.38
15467852.68
30374946.29
32574065.77
65433184.61
22169382.37
83141619.39
66409923.94
39813402.34
24086859.93
30117819.12
54712187.39
31709691.43
91476900.45
57831263.91
17295140.41
69340141.94
24872357.04
35451120.97
15408501.88
31914186.28
36218260.53
16016962.97
32754413.68
93560720.71
33109371.92
40011135.84
94602630.85
60929094.44
28715692.05
23384338.23
33296885.11
32267979.61
17209965.77
53054835.32
28108342.66
35149775.16
68363402.61
31444880.9
42185192.3
22609223.25
73247099.27
70316881.27
25655144.22
46884019.21
38459340.64
18574209.02
18174427.04
57556001.96
49948135.17
18603402.66
25702475.74
34339004.84
23168294.76
40700946.91
47452989.35
18952199.06
24051317.71
30432695.66
16016561.0
20303187.83
47692646.16
44085726.62
55274079.8
53275282.79
14999661.89
40330718.22
56112797.44
95297237.6
24560311.71
45434523.38
48223714.99
31067420.13
36456080.9
15400161.14
66084344.17
31261885.1
34115502.09
40710855.03
36044470.21
77154056.6
19551458.55
48113401.52
21317465.64
40157373.41
15336971.77
19351265.24
22874171.49
15619451.43
15242767.6
45534688.64
41146019.69
46299485.51
43356981.85
26438053.99
42784834.46
47442205.2
40903780.24
34064128.1
15455009.84
44402441.12
32418568.17
18550662.92
51321980.87
48601298.21
36285294.14
32325283.11
33915343.4
33186495.88
23344235.0
33109926.83
84530832.9
20198039.27
41425786.82
84530832.9
40868842.48
70316881.27
33853684.04
16129923.01
22287409.33
34650457.36
34126374.79
50807594.58
49898921.97
33525588.22
32752046.37
17044731.78
45536802.29
31645824.12
16814659.15
31525119.35
53986182.23
69991301.49
48502907.78
31931730.32
43900586.69
46932603.06
15096317.73
51877413.74
88351170.05
62502966.61
28196306.18
45801603.89
22266347.53
50791505.85
42706907.43
56672066.68
43270614.96
15124604.6
43872157.51
15319625.42
44736708.6
16435012.76
52166707.79
57233425.51
28066134.14
51352982.33
24726592.07
52774732.19
94949934.22
48527511.06
40427742.95
55787170.55
62828546.39
50827058.64
28774306.74
51040177.08
15531308.72
38453887.79
41144234.8
21534302.61
23850462.29
38440779.86
30887665.22
16130112.52
19824178.96
93213417.34
48529685.8
30939729.37
94255327.47
15723862.53
49449119.31
53310681.25
57508523.55
18163171.09
31322281.59
34146964.96
16107517.09
40092939.72
43542972.21
16528242.42
22611060.5
33726096.47
42268448.01
67386663.28
25396836.37
47707449.29
67061083.5
24795924.92
23232173.29
15257027.51
65107604.83
80084274.6
15665956.14
76177317.27
42999565.39
28791703.46
28978380.11
47680844.1
62828546.39
30621367.89
16096574.96
83141619.39
38667999.23
82447012.64
22898036.52
33529280.95
43838395.83
15189596.52
43158825.05
76177317.27
42484922.78
41961351.48
51624778.61
38991721.63
20668271.67
64782025.06
35417153.16
24347468.96
48306061.21
36866131.25
52470453.88
31049051.6
27614712.29
90434990.32
66409923.94
27769929.91
53551638.08
26851603.85
27050458.71
28017308.0
53593458.62
54648591.88
15098508.74
55553402.46
20688102.55
39716102.84
31193419.78
50496279.52
45008935.91
37983067.68
24759475.59
15769732.35
40050617.64
30090295.14
22679054.74
17217166.78
66735503.72
28962446.77
15053168.18
34073243.42
38397137.96
40554414.23
43900586.69
41516449.45
56993725.99
15626364.48
18502477.0
20384061.41
36837212.78
15698597.12
15861936.57
51065603.73
69014562.16
34657458.77
47133921.76
49707605.56
54389724.0
70316881.27
56416519.88
18936355.14
37917640.04
31416382.93
15575315.24
38526564.49
34718447.16
46682762.96
56603340.7
19779608.26
86267349.79
29996098.71
95991844.36
30063834.43
17710088.61
16042641.92
37051914.22
23477888.91
63154126.17
34995740.58
51374222.4
41075518.22
15500191.12
24907679.63
43337051.19
50791505.85
48551103.03
42183828.31
36763235.15
90782293.7
88003866.68
84530832.9
23766826.85
51405471.07
34651204.5
91824203.83
37621969.12
48255140.03
88003866.68
20152004.45
57855970.92
93908024.09
18139151.03
75200577.93
15004478.19
39467863.46
36081268.49
50786159.64
27268141.49
46296927.76
43691529.95
18597272.11
73898258.82
18931740.89
54141090.49
30232624.66
23980483.69
36466231.38
37035759.91
49368710.48
28210082.33
31852490.39
47770231.64
25654961.63
34657458.77
93560720.71
38125949.5
51880062.76
40903100.66
44122791.33
91824203.83
36270631.66
18608980.27
34186518.12
15373756.67
83141619.39
15376052.85
40803629.16
53359710.56
91824203.83
39064467.92
40846786.35
15993543.4
15010289.97
85572743.03
30818563.31
44173426.62
94949934.22
27850075.39
37078940.35
15356598.14
32773367.25
15379293.93
95297237.6
36536058.45
24333107.48
43609754.69
68363402.61
43250716.2
15536157.92
45211510.9
46840324.42
31571438.0
41146019.69
32852151.46
18655759.49
32389771.57
66084344.17
33825610.47
16030595.98
15794890.1
43848381.85
46410811.3
36813933.03
32198183.98
90782293.7
57279205.84
31650621.03
16836823.18
63479705.95
31599120.46
47692646.16
37654372.29
22017776.83
28620776.02
34723741.15
56431714.41
18356230.58
19732071.36
20244234.57
45155334.3
39613683.82
34098625.47
32322452.46
87309259.92
35435330.07
57832254.69
32479442.21
35740534.71
85225439.66
37054152.46
44951111.34
36490504.71
16397050.19
16612906.11
45803406.02
39485066.36
58155944.06
41121588.87
39716102.84
84183529.52
23704693.49
33027895.33
31662973.2
18084518.67
33567228.36
46830471.67
31654209.38
29049731.82
87656563.3
41179318.56
43358401.73
87309259.92
56976902.82
35402288.89
51628869.07
15155844.78
54648480.67
15468294.45
19820012.58
46612785.69
23157861.85
52717189.23
36540260.34
36808294.67
38129853.79
15139550.62
43358401.73
35475344.08
57943853.14
21829644.19
16606514.62
15315916.16
38798330.19
51350296.95
45518939.26
39195659.26
89045776.81
32857002.83
35945785.09
15104227.99
31586696.13
28085440.78
78130795.93
27297196.78
22806582.0
34412454.54
26229491.74
16055160.87
32588241.15
25049236.81
47211328.75
30993582.37
55555548.95
51403347.68
43600300.18
52157142.53
63805285.72
31244799.78
33551871.46
50227476.66
22443997.39
40680480.2
44610326.19
54711240.37
37324340.34
33507364.84
45503419.58
15111757.2
51576996.39
92171507.21
52184020.28
95644540.98
57230987.97
37350420.63
35463068.49
36527838.77
29940666.06
39785306.98
17344445.25
89740383.56
51962572.12
20475418.68
54091969.75
51883883.6
15535702.5
24568240.01
45022371.74
30469375.63
83141619.39
49693640.48
55784522.95
15336353.64
47712878.48
70316881.27
47678712.13
16315530.5
18124610.4
64456445.28
40302908.11
18135535.07
21817465.33
58536343.71
22467980.08
46082414.56
43323681.88
49086994.58
95297237.6
40306722.19
31725577.88
43056127.04
24287357.49
88003866.68
92171507.21
48329899.01
31682963.88
43596454.07
75200577.93
39276819.21
17391718.37
17064065.54
43029520.91
34084712.86
62502966.61
35190585.91
76502897.04
15168705.71
31171964.58
15256114.22
41619305.44
95991844.36
37840625.62
56391948.6
35722208.38
35586971.02
65433184.61
91129597.07
29245232.31
18498256.45
40539997.37
45262084.28
33836200.02
34096338.75
53994804.53
50180848.59
54529259.6
84878136.28
93213417.34
39757669.54
94602630.85
86267349.79
74874998.16
25976730.38
16437522.68
38477024.18
14969626.41
39818916.09
15815030.24
15256689.16
46933965.26
54197150.64
15838000.63
44174855.16
51956213.22
70642461.05
85572743.03
34658482.91
29615914.47
15932377.22
43872157.51
19414897.05
86267349.79
55816095.92
21396714.7
18646763.42
62828546.39
15487530.87
52993464.19
45841085.73
94602630.85
55257714.69
29539594.39
70968040.83
20978988.6
65107604.83
37347335.08
15743661.38
52780586.77
89740383.56
42268448.01
31390767.3
15372130.78
38429486.9
33383722.14
14948038.82
38356756.44
94602630.85
77479636.38
40365036.97
31616744.59
52461130.46
37374824.76
19420851.64
15832931.03
22287409.33
33036797.0
52466237.3
51598234.83
93908024.09
57833958.81
14979288.62
40034105.66
36043038.95
45814824.03
39172360.98
38675183.27
57438523.82
31228944.56
79758694.82
24889353.62
53284970.48
57344356.78
34875637.27
40826068.79
57570013.69
55486316.42
32503963.29
18790256.79
25852052.45
54483897.8
39838360.8
54369352.0
85572743.03
87656563.3
41146019.69
19134284.92
52507879.44
29245232.31
39787197.28
21561438.91
31525119.35
