1.472525059513959678e-01 1.500563928425620586e-01 1.538400870001008225e-01 1.541043955832610557e-01
1.469069284546754839e-01 1.496843239111005919e-01 1.534525241715604671e-01 1.537149557940360733e-01
6.634046475088496535e-03 4.642179982970701764e-04 4.585831511538895726e-03 5.057075233639761469e-03
9.420055715656371065e-03 3.479148835799031596e-03 1.651578226967102131e-03 2.142234218345698531e-03
7.974094208028549569e-02 7.355646809791166474e-02 6.887580936795700826e-02 6.838781488658494945e-02
7.991962234560215372e-02 7.373493523045573927e-02 6.905097502611388938e-02 6.856288412875848060e-02
1.472525059513959678e-01 1.500563928425620586e-01 1.538400870001008225e-01 1.541043955832610557e-01
1.469069284546754839e-01 1.496843239111005919e-01 1.534525241715604671e-01 1.537149557940360733e-01
6.634046475088496535e-03 4.642179982970701764e-04 4.585831511538895726e-03 5.057075233639761469e-03
9.420055715656371065e-03 3.479148835799031596e-03 1.651578226967102131e-03 2.142234218345698531e-03
7.974094208028549569e-02 7.355646809791166474e-02 6.887580936795700826e-02 6.838781488658494945e-02
7.991962234560215372e-02 7.373493523045573927e-02 6.905097502611388938e-02 6.856288412875848060e-02
1.472525059513959678e-01 1.500563928425620586e-01 1.538400870001008225e-01 1.541043955832610557e-01
1.469069284546754839e-01 1.496843239111005919e-01 1.534525241715604671e-01 1.537149557940360733e-01
6.634046475088496535e-03 4.642179982970701764e-04 4.585831511538895726e-03 5.057075233639761469e-03
9.420055715656371065e-03 3.479148835799031596e-03 1.651578226967102131e-03 2.142234218345698531e-03
7.974094208028549569e-02 7.355646809791166474e-02 6.887580936795700826e-02 6.838781488658494945e-02
7.991962234560215372e-02 7.373493523045573927e-02 6.905097502611388938e-02 6.856288412875848060e-02
