62912025.06
35569596.88
63888764.39
40906710.65
33311366.27
54225286.54
56717141.53
39594793.52
19687972.2
48869303.09
18178200.49
48669424.99
13325170.49
49260362.71
33147233.3
14528357.56
21202782.51
55360987.97
76911955.49
33550227.89
27003410.3
75935216.15
46405542.14
78865434.15
24188343.12
37907904.49
33668131.0
13098987.05
45084720.23
21768431.98
39524241.16
40609480.37
47260832.78
27678507.19
33532288.89
84050046.41
34386438.2
40733932.51
15390674.06
28751154.19
67795721.72
73981737.49
38559127.41
66167822.83
45824377.97
45824377.97
22181317.71
46401105.63
52305334.18
46995112.85
15180958.8
24778398.88
24305012.28
15233132.89
82660832.9
54220908.12
75609636.38
85439259.92
22460964.89
23175573.99
43285334.3
33024952.29
30509726.76
41652631.21
33277917.91
34094848.89
43843712.74
51464949.12
82660832.9
70725939.71
49475191.17
42093438.77
45841129.83
50034366.05
81966226.15
40307123.09
50566115.45
25829905.16
13837183.28
74958476.82
47274158.69
91343417.34
84050046.41
52825158.91
44773266.34
26491699.09
51745077.48
36615943.62
38933629.16
32733446.12
14566796.74
86481170.05
20333343.07
93427237.6
45669932.84
73330577.93
38978936.57
53732527.18
26432402.69
84050046.41
24841440.53
81618922.77
51758873.94
50041250.67
26796663.11
41924546.21
73330577.93
53337074.91
39646449.45
45293112.21
23375121.59
75609636.38
52271090.49
50344525.93
30125558.72
40091351.48
91343417.34
13077680.25
68446881.27
54826692.8
31990844.55
13334188.15
25256842.52
31698962.69
13604252.64
71702679.05
85439259.92
13423020.08
57672825.13
36113067.68
54174824.12
82313529.52
37722359.37
16470638.2
37089770.17
69098040.83
34482889.42
20970157.64
53706008.39
55062939.87
29601707.12
13789478.71
41499367.41
45084720.23
13329692.59
70725939.71
89259597.07
13098987.05
63888764.39
65191083.5
29840205.4
61609705.95
33939678.32
91690720.71
29070880.3
41432991.03
41277724.16
37150084.35
67144562.16
53616316.42
14095733.5
82313529.52
28597313.9
60632966.61
46154588.56
49523339.11
13307776.51
41005825.54
34168688.56
28798493.59
13261021.03
39749305.44
50041250.67
55299550.19
34367166.86
53636179.55
36905913.04
72353838.6
21784693.06
44681281.63
61609705.95
43711858.57
44702650.21
47525924.29
35184152.46
50098850.08
54225286.54
34150715.53
37660763.42
60447382.36
43067738.4
30609768.05
33562207.86
32780269.02
22199626.86
69749200.38
64214344.17
51433642.95
89606900.45
73656157.71
31406201.79
33396618.3
25783866.74
16399806.41
46703301.19
85091956.54
41671537.0
26970593.36
81966226.15
73981737.49
33962612.51
39250638.41
19488620.66
16056106.41
30065226.15
46988781.41
88217686.94
28729476.31
32733446.12
48464338.99
66167822.83
52025205.83
93774540.98
37690446.37
13754600.79
37150084.35
31789111.06
38513935.03
13868535.53
25014578.27
31105427.14
35447458.64
45518851.76
52240617.31
13294571.87
36830269.35
36525456.72
53995016.57
78865434.15
31569850.96
41277724.16
14680023.66
48310848.59
36286888.49
86828473.43
86828473.43
53402431.33
40293104.64
41515066.64
89606900.45
21139973.81
37302360.98
51145186.59
54783709.72
60632966.61
33831875.77
13312728.57
76586375.71
24598069.66
13303603.58
36384808.91
26668905.54
62081700.89
64214344.17
36817078.06
14874094.07
31966200.02
13286872.85
15001900.05
35239598.27
35426252.3
32585942.28
35980512.31
13353487.11
45568282.87
50845173.67
45052671.71
48357476.66
38163667.05
46356428.07
27772325.07
40586166.91
18595872.98
51403309.77
61064102.98
69098040.83
53670051.2
21028036.52
47797379.89
50854814.2
33125177.9
49243916.15
48054802.83
29547503.74
20381014.7
46688608.76
49302768.93
17723069.69
13206186.07
88564990.32
45669932.84
75609636.38
61284126.17
47024480.85
31937518.78
26822402.2
75609636.38
20526430.36
89954203.83
40337702.78
39609100.58
29649788.16
57395289.55
42817579.42
64539923.94
32573231.18
20837294.19
35800317.34
51991939.89
13088303.64
44205461.39
29812963.88
24068739.18
31154338.78
26780459.39
44143356.78
34639457.98
53604705.02
29746744.59
31509932.97
27954882.03
38792680.75
29336292.12
45356707.99
17862241.65
91343417.34
31383573.13
35399396.83
53915323.17
45582989.35
68446881.27
32481136.64
28905367.15
41477301.02
20263884.84
52519724.0
25779999.5
66167822.83
55409938.09
18952751.72
23596223.29
32521907.95
18979801.99
32521907.95
65516663.28
30861048.61
86481170.05
40069568.68
50265463.99
41380716.2
15078034.21
51739380.86
64865503.72
13533009.31
26896685.86
88564990.32
44734933.33
54752754.04
55970715.73
53425863.03
81271619.39
38460718.22
40908142.67
21533356.31
37471890.42
75935216.15
38439162.37
80577012.64
82660832.9
22624924.21
59090792.57
53337074.91
41944678.29
80924316.01
32788300.03
72679418.38
19930862.39
35447458.64
13506052.85
26432734.87
53943668.09
37373730.75
47525924.29
78214274.6
32733446.12
89259597.07
90301507.21
31460459.87
85091956.54
34168326.97
47496745.43
15115134.52
35026189.65
22415105.06
16817180.15
47565555.35
33547153.16
47246583.54
30078437.18
13387027.51
52271090.49
87870383.56
30050681.93
33370783.03
72679418.38
76586375.71
35482755.82
52499352.0
56994677.11
51661637.65
21547747.61
43012260.01
34386438.2
27615832.79
72353838.6
36604614.54
66818982.39
51460763.44
92732630.85
78214274.6
31394154.47
39819573.3
82313529.52
37070585.35
33877703.93
46401105.63
71051519.49
34115813.89
16652698.28
13837183.28
14365770.92
13436680.91
46444724.99
75284056.6
48980867.72
55662300.18
13479586.71
48636818.15
48342255.68
14799358.35
29550965.16
48590073.51
41108809.71
53950273.07
38830946.91
23645849.9
55058399.42
34423279.97
45281164.93
20055207.84
42544795.7
41805777.63
90648810.58
59429914.76
42796514.13
33562207.86
87870383.56
49455023.2
40906710.65
47525924.29
40089852.82
53109607.45
55113191.82
31924266.2
31835663.8
91343417.34
36495037.61
46967713.4
26668886.57
34330211.2
41652631.21
88912293.7
76260795.93
28220456.73
60958546.39
38661744.28
45068199.05
23845488.66
53387714.69
43843712.74
51154494.48
34386438.2
31725316.93
13339471.05
23832475.74
35743691.86
91690720.71
84397349.79
86133866.68
42315686.42
35743691.86
36059183.81
76586375.71
48405648.26
17465300.51
72028258.82
31655780.35
29035320.89
26738411.31
14112273.88
44427617.38
30889036.61
32249210.14
28805475.45
50361613.91
89259597.07
47532884.6
45014019.21
55689543.31
50314020.28
48701372.73
34386438.2
44765407.52
58751670.39
69098040.83
14876219.73
40635376.36
29118375.21
22862057.61
83008136.28
50871271.58
29111203.77
31244167.29
60447382.36
53327169.44
45293112.21
89259597.07
74307317.27
44485433.67
19707343.33
81618922.77
79535102.5
13281367.22
31194319.66
26433511.5
30509726.76
74958476.82
38559127.41
34639487.87
42544795.7
36486756.44
52614417.58
26904306.74
31245704.61
13765870.98
62586445.28
34319043.35
81271619.39
45881626.54
49175295.63
89259597.07
72679418.38
66818982.39
29035579.84
37574229.3
52335350.5
44721202.4
32582317.05
61125752.44
33878193.93
83008136.28
76260795.93
52359635.56
43012260.01
17960067.06
51991939.89
43711858.57
45863062.23
51154494.48
16133165.5
80577012.64
30063565.89
83008136.28
29502116.36
73004998.16
31149070.54
16254610.4
21234475.17
73004998.16
39819573.3
55700013.69
73330577.93
50287057.23
28636410.19
56270092.0
27920498.65
64214344.17
46130400.27
31154338.78
69098040.83
23596223.29
30342743.8
82660832.9
13764981.99
50034366.05
87175776.81
32101477.69
39800419.89
62260865.5
36525456.72
25486693.04
52335350.5
36286888.49
82313529.52
16686669.94
30633963.29
15964399.23
32499217.64
52597356.38
22653415.76
40099489.86
40150777.35
39524241.16
40634923.51
63563184.61
40089852.82
25014578.27
41706282.86
33794679.25
44706618.28
25013900.12
72679418.38
21964721.92
13561961.33
90996113.96
93427237.6
87523080.19
34884359.15
71702679.05
39796901.97
38241142.86
64539923.94
37146405.22
22199626.86
15219491.77
57333740.34
45608664.51
38830946.91
30955935.1
66167822.83
33298792.35
40696471.98
38234509.6
52303111.78
14143309.57
42043577.0
46444724.99
40588076.0
72028258.82
33896244.1
48590073.51
46143135.1
53265741.96
33621142.57
53946095.92
17983007.46
53895565.83
20313547.07
90996113.96
52499352.0
87175776.81
52519724.0
21043249.32
46967713.4
49427762.59
30555974.93
56994677.11
30594541.54
22417357.49
73330577.93
41993894.1
80577012.64
67795721.72
13477865.29
40307123.09
44279136.92
13864952.56
35569596.88
68121301.49
38942761.48
19298371.81
13751002.76
29336292.12
36331899.04
56569483.51
34700967.67
75284056.6
63563184.61
91690720.71
51971676.94
78539854.37
55958831.44
47862920.38
13588057.18
36214240.54
85786563.3
76586375.71
25552661.85
38983656.31
92385327.47
49728986.27
14311256.81
36056768.8
73656157.71
68772461.05
46091018.76
14910675.29
16632718.11
15029321.38
40469954.65
16167794.77
37471890.42
43317170.48
19221423.72
16038583.42
31928373.26
74632897.04
13356131.07
36214891.12
33005637.27
40733932.51
34779958.35
30096149.31
62260865.5
21942752.17
41178502.96
87870383.56
27687273.19
62912025.06
34101953.04
55958831.44
14188895.44
13781679.13
43908733.85
38132177.01
65842243.05
39547795.12
82313529.52
48663921.75
65191083.5
19538466.67
87870383.56
90648810.58
26659211.27
19731059.41
15682850.94
62586445.28
41993894.1
43893880.4
44427617.38
30559608.97
38661744.28
47246818.85
49427762.59
85786563.3
31459789.59
26796663.11
46423217.06
83008136.28
51712791.42
46170295.79
77237535.26
28792120.15
43564523.38
33532288.89
42537501.09
42374397.52
27478711.38
79193757.48
62260865.5
36331899.04
44182665.68
55360849.09
33430695.17
15563826.23
14229775.46
13906656.35
35032146.08
92732630.85
20885883.43
55970715.73
44176763.05
33005637.27
13325491.65
32746932.9
15268980.97
51712791.42
74958476.82
69749200.38
17088388.14
13363740.65
33785008.64
42216390.22
56717141.53
31699692.79
13615634.44
88217686.94
25723138.79
62586445.28
45022850.71
70400359.94
13805288.37
44148622.23
37422825.45
24786321.47
61609705.95
66167822.83
52220113.88
24367387.77
47862920.38
34482889.42
14017235.69
34596231.38
83355439.66
28984871.93
82313529.52
40091351.48
29825382.96
45847367.43
15606621.99
66167822.83
40565005.19
16100889.61
13311512.55
65842243.05
24522711.72
65191083.5
19160011.64
92038024.09
43590636.62
39918306.22
30583748.07
54621603.48
35128345.75
49706996.39
19497290.54
44268859.63
50037990.81
87870383.56
42646491.74
59029205.97
24048138.07
81618922.77
52614417.58
67144562.16
46745001.54
64865503.72
55012599.63
28161795.71
69098040.83
34386438.2
23171825.67
35454340.34
20762430.83
44268859.63
21370924.9
33915540.77
78214274.6
31963194.74
76911955.49
18080263.68
38397037.29
31725316.93
84050046.41
31993283.42
62008918.31
71702679.05
38837946.17
23649733.75
32201977.4
38161008.84
19231640.76
47246583.54
90301507.21
66167822.83
58617439.96
24551087.45
28932916.07
31660749.26
61609705.95
48869303.09
83702743.03
39605115.27
35128345.75
68446881.27
46172696.79
48642385.84
13122620.33
31426646.6
32469004.84
49706996.39
13098987.05
41549622.78
90301507.21
54291633.41
45001183.61
47246818.85
62586445.28
69749200.38
66493402.61
48590073.51
13574269.58
61935285.72
33419334.06
17862071.36
64865503.72
66167822.83
51199949.09
52842187.39
46437038.74
68121301.49
31916983.9
89606900.45
45052671.71
50317114.06
42879478.54
69098040.83
16652698.28
17784494.22
58073459.13
72028258.82
50864350.11
48361115.19
29860135.07
42796514.13
42196468.04
57261122.36
59090792.57
13788578.47
25542819.64
31383209.76
52038368.09
65516663.28
51216839.66
90301507.21
42060820.96
13268162.93
36330641.86
42809306.21
38978877.23
42078062.33
34639487.87
34168326.97
46172696.79
85439259.92
24899464.73
68772461.05
13781679.13
37450206.46
89954203.83
67470141.94
43583017.62
43564523.38
19756829.83
13698582.26
25959625.54
50573696.38
37101999.52
86481170.05
35716859.59
54803041.55
80229709.26
78865434.15
34929272.56
25959625.54
48964493.42
44268859.63
73330577.93
30343915.51
34347384.64
22934848.44
50082188.98
30632941.51
45022850.71
36602469.25
50294098.41
51154494.48
51148085.51
48663921.75
33383681.7
33347876.53
39609100.58
17681458.55
24080675.02
20803259.97
31140587.36
60958546.39
29336292.12
35454340.34
55452958.76
62912025.06
39524241.16
25315561.89
37343189.42
52798835.61
51103166.91
74632897.04
44235961.65
30928853.56
42196468.04
80229709.26
58751670.39
29301964.58
37574229.3
91690720.71
25061528.14
65842243.05
18178200.49
14311256.81
34098695.84
48869303.09
41450295.26
53389829.33
30328082.85
30555974.93
29579413.94
79193757.48
72028258.82
91690720.71
13373814.37
46379953.34
26254440.13
37206377.64
66818982.39
47785596.53
35052100.3
18727225.99
68772461.05
27059830.97
33605344.08
74307317.27
92038024.09
50041250.67
90301507.21
23444025.68
27615832.79
24068739.18
18546717.25
51479399.69
16051906.14
48103725.81
62912025.06
34422443.3
32603052.95
70725939.71
33053009.86
30011649.12
41993894.1
43614668.38
15767927.76
44462720.67
20263884.84
41380716.2
45022850.71
40586166.91
38792680.75
17897682.51
37040734.96
35399396.83
13579133.45
46356428.07
46077235.97
31459789.59
48869303.09
28089205.03
52305334.18
29130293.15
62586445.28
23359979.27
29070548.6
78539854.37
42875047.56
70074780.16
81966226.15
71702679.05
64539923.94
40065934.24
27683009.05
75609636.38
45798043.86
26669342.37
53265741.96
63237604.83
53108549.21
79535102.5
90301507.21
35668649.71
38205842.23
13533009.31
61330548.22
23477411.25
34150715.53
32203243.42
50544698.01
13749004.7
36261305.49
38933629.16
70400359.94
47241098.83
30132555.25
59368328.15
15953500.53
87870383.56
38950789.81
15268980.97
87870383.56
36020735.6
54251586.49
31459789.59
52281947.92
52001834.74
33649607.86
78539854.37
29265437.38
66167822.83
29834751.16
73330577.93
46745001.54
50823932.46
37907904.49
54571199.09
13320981.86
47805029.74
41242023.41
18415269.54
57672825.13
32320039.59
30065226.15
19064179.68
31166961.69
86133866.68
39749305.44
19064179.68
51216839.66
17794335.81
45014019.21
42365347.59
27493689.76
49481196.22
33000617.1
13726245.83
29282049.57
21942752.17
42740326.19
49986230.19
28220295.14
44540811.3
32515958.33
47625953.63
60786567.4
62586445.28
51745077.48
31149070.54
55360849.09
27954117.72
50302885.15
26433511.5
78539854.37
78214274.6
42196468.04
36558557.11
61804165.31
53941755.8
49148532.66
30083616.55
13286872.85
85439259.92
22743589.07
32264386.67
38830946.91
42637264.72
13286872.85
13541455.73
19160011.64
48685070.7
40190172.11
23832475.74
34754527.69
45084720.23
15760658.88
49861769.92
29860135.07
36214891.12
70074780.16
48184877.2
34595542.63
31406201.79
53616316.42
57734374.34
77237535.26
63888764.39
23139970.92
72028258.82
85091956.54
51818398.78
19013616.8
30132555.25
25078476.26
50593882.48
46077235.97
46444724.99
42272856.87
32787458.77
33813866.67
42240187.55
32787458.77
48620150.14
45356707.99
30349953.07
29396410.27
35243591.3
50593882.48
25546630.05
78539854.37
49200626.92
87870383.56
43897687.95
34125665.94
46379953.34
53666132.51
65842243.05
74958476.82
32514738.67
61284126.17
19270099.22
30360540.66
68121301.49
17052947.21
49754791.68
42796514.13
84397349.79
49506622.71
36486756.44
78865434.15
25816337.7
45052671.71
34929272.56
35456495.71
47532884.6
71702679.05
36015219.88
40634923.51
87175776.81
35800927.26
93079934.22
54752754.04
13109288.62
47260832.78
37869499.65
55987827.6
83702743.03
45014019.21
53946095.92
71377099.27
57672825.13
36783126.15
35968941.4
54833648.01
79535102.5
45084720.23
46931575.0
30970693.24
48636818.15
88564990.32
15822584.8
47194010.22
47567383.59
34494930.82
79535102.5
72353838.6
22697893.08
77888694.82
15089962.43
44985619.19
55012599.63
37418416.83
51154494.48
88564990.32
19514702.22
65191083.5
43948447.54
29272206.41
25723138.79
86828473.43
50593882.48
25829905.16
14442404.29
76586375.71
79193757.48
86481170.05
58073459.13
41706282.86
47505418.59
39522399.58
17286885.15
92038024.09
70074780.16
32243619.63
56039056.31
14784331.22
24119976.14
79193757.48
50022323.44
52297613.79
38559127.41
46716753.2
31517204.61
13574269.58
14031879.64
55689543.31
59429914.76
51206653.82
71377099.27
52255634.92
17912080.8
52530875.81
33369826.31
41944432.37
49201168.99
13541455.73
36058840.86
44176763.05
64539923.94
31432358.32
60958546.39
41514185.63
21513417.29
50082188.98
38661744.28
77237535.26
67795721.72
38933629.16
30861048.61
47287962.23
49504222.4
45627120.21
77237535.26
86828473.43
15731810.52
31771891.18
31388170.69
49479748.0
61284126.17
44540811.3
53357058.83
39023567.66
26528462.41
30017354.25
55360849.09
28805475.45
39819573.3
77237535.26
80577012.64
36684986.41
26433511.5
27717705.91
45014019.21
50904732.19
84744653.17
34862288.57
18113933.47
86481170.05
73981737.49
67470141.94
74307317.27
39223665.82
41993894.1
52359635.56
48590073.51
44681281.63
25723138.79
38161008.84
63888764.39
50574773.91
35999273.16
84744653.17
75609636.38
70400359.94
90648810.58
41178502.96
17723069.69
70400359.94
13976212.09
50544698.01
86828473.43
36298312.85
35708136.79
14059731.97
79882405.88
41261213.83
76911955.49
16470638.2
29882706.97
34862288.57
46729119.7
33024952.29
13311512.55
77237535.26
25487071.3
40580004.0
53357058.83
14095733.5
51150392.07
68772461.05
51961514.8
49479748.0
17923956.21
13878847.17
86481170.05
32788482.91
37200097.02
69098040.83
35980512.31
27954882.03
26473729.67
63888764.39
44982198.74
87523080.19
35200718.8
33877725.81
71702679.05
76911955.49
86481170.05
29329321.64
55106902.82
54174824.12
32481136.64
17550851.64
13325170.49
48363265.91
54454082.41
80229709.26
40586166.91
15701062.19
63563184.61
48636818.15
13680493.6
16420825.31
48357476.66
27375232.31
30078437.18
55128979.95
66493402.61
80577012.64
47263469.83
14404882.87
47303960.16
39109919.08
37383392.53
33913475.6
13990126.69
47805029.74
34862288.57
63563184.61
43404176.3
32787458.77
39059520.96
85439259.92
94121844.36
45052671.71
39605115.27
13122620.33
29273005.97
44268859.63
44485433.67
62912025.06
33584133.52
40462052.31
49427762.59
74958476.82
36412835.13
18485768.17
31426646.6
32232707.52
68446881.27
66818982.39
36615943.62
28513619.93
73981737.49
36656564.49
71702679.05
13706640.6
75935216.15
14257658.42
45851298.2
54344067.9
66167822.83
74958476.82
33251083.0
47260832.78
35200718.8
39004251.09
48052388.01
33125177.9
61284126.17
40091351.48
50904732.19
13764981.99
31706119.5
46437038.74
91690720.71
13466353.64
23099203.54
43419406.66
51124231.89
40908142.67
22434681.74
51721721.55
38706290.79
17334795.9
13589313.69
30283805.65
14131767.08
32256374.79
60632966.61
13387027.51
14094968.91
40634923.51
66818982.39
43439553.56
24826207.02
52305334.18
27852485.79
13453120.57
32238285.39
16487453.76
28905367.15
36934502.71
44243999.38
90648810.58
68121301.49
52377473.85
78539854.37
91690720.71
77563115.04
27846787.95
31971288.15
29862087.01
40089852.82
78214274.6
44762957.67
56039056.31
52829396.3
18784820.02
33842476.41
47303960.16
31937518.78
89954203.83
62260865.5
15521718.37
51403309.77
42043577.0
34714257.08
77888694.82
35399396.83
50596237.3
53057833.4
50064424.31
24686450.27
65516663.28
13387027.51
50583513.64
14031879.64
54683041.26
33555868.14
35787070.06
56586560.08
26473729.67
57333740.34
13647856.39
47241098.83
35052100.3
54274560.38
54826692.8
70400359.94
37350210.08
52281947.92
53134992.26
51382401.36
77237535.26
79535102.5
31187263.11
18080263.68
54783709.72
62586445.28
40363137.08
31166961.69
42587801.25
29301964.58
52359635.56
65191083.5
19488620.66
40634923.51
83702743.03
36843246.86
74632897.04
21139973.81
13423020.08
13541059.78
66167822.83
34761285.39
65842243.05
67470141.94
53986178.88
33831875.77
36331899.04
50265463.99
39336956.91
42468397.12
44742785.69
60632966.61
13685100.97
24069919.27
92038024.09
57734374.34
93079934.22
29601707.12
34595542.63
24306055.95
35239598.27
34143324.35
40642803.84
51708635.89
33858750.93
17706169.68
42060820.96
37645464.02
71051519.49
84397349.79
36767886.28
82313529.52
43181102.58
38389859.41
28799483.66
24357083.44
55173325.59
80577012.64
42315686.42
38460718.22
62081700.89
17088388.14
50544698.01
43069231.83
89954203.83
48893025.53
79535102.5
51415310.76
78214274.6
29036291.96
21794614.21
24315868.73
91690720.71
52359635.56
13077680.25
36240310.86
43044252.41
25296864.96
79535102.5
64214344.17
45851298.2
25373701.6
26305075.84
46077235.97
50926540.37
37054689.68
33266429.51
69423620.6
75935216.15
31990844.55
36662650.84
13396025.32
48069817.79
13546850.77
50583513.64
35528496.04
81618922.77
60652178.14
53706008.39
13170203.12
39653891.72
44462720.67
92385327.47
56629718.36
31699692.79
41432991.03
89259597.07
35130828.61
18396398.54
47823640.48
30446947.62
43863006.84
84050046.41
13110799.44
76911955.49
83355439.66
42909183.65
36767886.28
33081176.1
13726268.57
40423617.51
34408940.05
53203142.12
35941424.0
81618922.77
36261970.51
28325938.81
42093438.77
26002961.04
55985970.92
14349272.72
13726245.83
50265463.99
54960576.84
77237535.26
93427237.6
13363336.45
13573357.33
45810844.1
68446881.27
83702743.03
40153394.75
39050661.92
50265463.99
62260865.5
44742785.69
74307317.27
34657838.77
25592363.5
34211268.49
35472190.22
19280676.24
71051519.49
78865434.15
37615794.52
54546519.88
27445531.05
54826692.8
30132555.25
21470554.55
29384080.64
77888694.82
51154494.48
69749200.38
39355525.71
19714015.33
57395289.55
25723355.8
66167822.83
13767823.87
72679418.38
31522451.02
88564990.32
31517204.61
62586445.28
42001171.24
63237604.83
46356428.07
49260362.71
33584133.52
33125177.9
53775286.89
75609636.38
36330641.86
28555464.66
51775846.96
48685070.7
83008136.28
80229709.26
94121844.36
52001834.74
50420779.53
53871150.27
90648810.58
15542665.48
60632966.61
35241123.93
18163069.1
61284126.17
46961100.43
47303960.16
61609705.95
33831875.77
28569090.26
15016231.1
53915323.17
36877344.39
13547264.98
51184835.32
53108549.21
93427237.6
40659349.39
72028258.82
93774540.98
41108809.71
14199928.2
88912293.7
55360987.97
28247362.64
68121301.49
41924546.21
13477664.52
16525631.24
69423620.6
67144562.16
26896685.86
43658883.47
51460763.44
29601707.12
48363265.91
38565973.26
15268980.97
35754191.63
85091956.54
19160011.64
13363336.45
34905295.79
27887529.29
92385327.47
13880337.59
86828473.43
13067056.86
34365515.9
32792550.1
47775774.13
68772461.05
55700013.69
70400359.94
19847290.35
19139767.39
30609442.21
55977549.27
15834147.74
30904814.2
65842243.05
84397349.79
70725939.71
13218242.08
40293104.64
80924316.01
68121301.49
69098040.83
18795617.9
19714015.33
20806433.94
92732630.85
31415469.88
16487453.76
84397349.79
31245704.61
55351458.09
30017354.25
39050661.92
47543555.16
73330577.93
51721721.55
30642232.54
34507817.7
32054137.18
53616316.42
23336419.58
31720537.56
66167822.83
54282631.15
24826207.02
41227273.46
72353838.6
50344525.93
42468397.12
30154689.17
47797379.89
30828153.59
30901583.62
46967713.4
68121301.49
87870383.56
50098850.08
51460264.39
90648810.58
28220456.73
65842243.05
13633291.34
90648810.58
31775750.11
49479748.0
16835225.0
54500060.45
29595703.32
55689543.31
41450295.26
39332314.8
80577012.64
75935216.15
82313529.52
28797523.76
32727473.76
44156920.94
35200718.8
53156408.56
19357787.9
61742473.06
53636179.55
78539854.37
54225286.54
35990441.83
49539857.8
16385804.39
26017192.09
38741295.22
28540071.3
30317196.41
60632966.61
65191083.5
14544143.22
42637264.72
94121844.36
47804936.43
45544207.55
14976077.62
36119056.53
15822584.8
35241123.93
13525504.93
29915507.52
65191083.5
19514702.22
31927374.12
46988781.41
14244699.1
85439259.92
21998678.54
55022014.61
46423217.06
61609705.95
29975066.08
13988673.96
65516663.28
35200718.8
69749200.38
31433242.98
56569483.51
82313529.52
83008136.28
19909958.22
13230320.08
34328544.99
30342743.8
37891937.46
39374592.68
54282631.15
30874982.08
38559127.41
14229775.46
28796562.13
57056204.76
54504479.57
57734374.34
79535102.5
48900465.9
13547264.98
87870383.56
29035320.89
28769195.81
18727225.99
40411013.84
14670929.51
36797999.23
37917197.28
65191083.5
13464636.96
35163471.35
31650271.49
43081111.34
38506542.24
50294800.39
65191083.5
31789111.06
29817324.44
54683041.26
37471890.42
40138936.3
41450295.26
18113933.47
25946933.96
69749200.38
17945157.41
45605370.25
42816265.67
32851847.58
80924316.01
21069148.84
88217686.94
43698172.09
29630635.3
54225286.54
62260865.5
78214274.6
44441221.19
40733932.51
47801100.57
23918332.1
47801100.57
51538867.35
13412302.71
52038368.09
23649733.75
94121844.36
38248438.17
65516663.28
43032678.27
72353838.6
30360540.66
43090364.43
35718937.54
38287309.51
15949788.72
13701073.32
28513619.93
38506542.24
55662300.18
33370783.03
76586375.71
90648810.58
25492120.61
29601707.12
33696617.23
52220113.88
62260865.5
29594716.07
69098040.83
30050681.93
93427237.6
83008136.28
39059520.96
38015491.62
81271619.39
44540811.3
31415469.88
43948447.54
46684634.56
49148532.66
67144562.16
15128377.5
47524942.44
38433648.21
70725939.71
13241757.2
50646426.93
34618612.95
41821529.95
31174124.96
36252914.22
14958806.81
80577012.64
27141933.51
45561147.38
44161245.85
13088303.64
61935285.72
38163667.05
46716753.2
50873744.69
50574315.05
32058905.73
82660832.9
39918306.22
43363149.43
64539923.94
59973895.58
25250807.59
47287962.23
54790980.14
61464937.48
48405648.26
32743181.33
38998842.48
86481170.05
16349229.07
47772178.08
65516663.28
54012067.72
68121301.49
55083229.93
40114079.96
62586445.28
54344067.9
86133866.68
71702679.05
54779212.77
42295332.01
57939270.38
53666132.51
33074617.74
84744653.17
50937341.34
29307203.5
63237604.83
93079934.22
70725939.71
13279048.48
93079934.22
21474235.0
21310819.55
62586445.28
30212468.29
49200626.92
13810307.65
52585464.66
20012083.62
62912025.06
28805475.45
55987827.6
76911955.49
50294104.01
16434882.88
13557406.53
14073658.14
31698962.69
24835190.22
63237604.83
32461254.97
67144562.16
51145186.59
13934474.15
70725939.71
32633121.06
37373730.75
16961146.72
40588076.0
44706618.28
72028258.82
53357058.83
69423620.6
21750272.49
48142400.9
29130293.15
86481170.05
13485778.93
85786563.3
31916883.13
64539923.94
77563115.04
58011909.93
77888694.82
52271090.49
43311652.1
84397349.79
72028258.82
43612329.47
27736885.38
36486756.44
54504479.57
33125177.9
34080624.91
86133866.68
51181161.15
39499418.2
34940801.69
30704065.77
31916983.9
24355583.94
53662603.47
37597863.46
40683091.39
30367559.05
32256374.79
74632897.04
38397037.29
68121301.49
52887455.26
37586450.14
36533575.98
80924316.01
46130400.27
48126226.71
46967713.4
53108549.21
37597863.46
48701372.73
38933629.16
47024480.85
15450063.1
52060011.52
54291633.41
43635939.11
89259597.07
35297867.04
23596223.29
90996113.96
50864350.11
29738835.93
31166961.69
21470554.55
92038024.09
80577012.64
30974520.99
52025205.83
77563115.04
42918585.96
44182665.68
54683041.26
41821529.95
45302916.48
13268162.93
46914815.92
44960471.67
46356428.07
53387714.69
50624629.06
52887455.26
35435791.47
49479748.0
30370869.15
57333740.34
54194466.8
32788300.03
33605706.96
72679418.38
13575299.85
54504479.57
55392801.96
42251091.33
36830269.35
92038024.09
46371193.42
71702679.05
26198137.87
23123742.04
76911955.49
36783126.15
13067056.86
71377099.27
59769036.94
38453356.7
60632966.61
35800317.34
29517750.7
39899943.63
34064193.92
43724974.83
19630344.3
51991939.89
35515324.46
44268859.63
42022639.65
53327169.44
32203243.42
29329321.64
31789111.06
36113067.68
37313591.81
92038024.09
92038024.09
41450295.26
38141135.84
53962675.38
16990326.71
39374592.68
52550243.4
13312728.57
77888694.82
77563115.04
92038024.09
13170203.12
69098040.83
79193757.48
37695593.13
83008136.28
87523080.19
52778591.88
52240617.31
26733129.34
16272127.14
50700291.6
69749200.38
42240187.55
79535102.5
40969326.45
49475672.34
81271619.39
51199949.09
53122309.36
35472190.22
48916159.64
52317862.23
89606900.45
71377099.27
47005469.34
16038583.42
38117980.81
43698172.09
40150777.35
30974520.99
49986230.19
89259597.07
30908161.76
30390982.72
13400240.65
33821394.83
67470141.94
92385327.47
37326264.31
24285422.69
36271781.06
17465300.51
87175776.81
30161431.99
13669130.84
50034366.05
19376859.67
46961100.43
79193757.48
94121844.36
50544698.01
37471890.42
17941200.13
40696471.98
51103166.91
73004998.16
46077235.97
52317862.23
45627120.21
55659838.17
87175776.81
50314020.28
40741996.71
16902708.92
16434882.88
44831784.64
78865434.15
28533090.63
13767823.87
46961100.43
51429513.22
35303780.9
93079934.22
85786563.3
27651252.62
27379190.76
46988781.41
30624889.93
48065661.36
13466353.64
37578476.38
41160300.81
55700013.69
41968395.83
88912293.7
38538912.19
41771472.21
53616316.42
14017955.9
35999273.16
48031634.99
48031634.99
88217686.94
40683091.39
46945069.27
69423620.6
41821529.95
53383454.69
20998445.81
85091956.54
48869303.09
36558557.11
55360987.97
84744653.17
30928853.56
60958546.39
28395531.17
49475191.17
52865597.45
51460763.44
34352866.76
60958546.39
34754527.69
47845605.33
74632897.04
67470141.94
53122309.36
13342893.22
48390362.65
53604705.02
39381899.37
13753969.1
40344937.94
53452999.2
28798578.21
87175776.81
13501501.08
82313529.52
85091956.54
43843712.74
28485712.8
41450295.26
34967212.78
90301507.21
15822584.8
51464949.12
58412548.2
14958806.81
40342235.38
52865597.45
13182168.52
20534211.01
13756979.64
13691877.48
17576480.76
42740326.19
31966200.02
54530751.34
35200718.8
45628695.75
68446881.27
77888694.82
28799483.66
41533492.94
26196134.14
87175776.81
36222189.1
13821098.23
33053009.86
52060011.52
51991939.89
54500060.45
31644698.3
89259597.07
39827839.85
89606900.45
45062770.94
72028258.82
14206515.74
25592363.5
87523080.19
23139970.92
31992458.96
83355439.66
51433642.95
36089542.78
88912293.7
24899464.73
47565555.35
37695593.13
21706642.63
28920581.75
36830269.35
40733932.51
36271781.06
36830269.35
43190683.94
30063565.89
72353838.6
91690720.71
38389859.41
33098016.13
78539854.37
26432402.69
50920498.5
44441221.19
66167822.83
17550851.64
74307317.27
47008540.97
30828153.59
32232707.52
16169404.6
46983385.31
42544795.7
25962766.61
40314469.14
28798493.59
42537501.09
22904842.07
42330691.12
30636212.99
14836908.61
92732630.85
43843712.74
80229709.26
62260865.5
14159090.1
70725939.71
74958476.82
89954203.83
19102041.08
92732630.85
51695191.18
54210113.33
71051519.49
60786567.4
28088451.96
43368064.82
36020735.6
77888694.82
31426646.6
33032261.38
47211768.95
50037990.81
66493402.61
35716859.59
39918306.22
13396025.32
15746710.89
30101154.99
62586445.28
90996113.96
13170203.12
42544795.7
47543555.16
25250807.59
13880337.59
73656157.71
23171825.67
51682412.28
13261021.03
13299800.34
42265697.25
46973581.06
26198137.87
13492819.78
92385327.47
48332597.95
52499352.0
32734809.27
87870383.56
54454082.41
68121301.49
35708136.79
36344040.54
13369377.13
32499217.64
74632897.04
29867131.08
35697589.15
18415269.54
30446947.62
26905954.72
27716385.55
16565300.85
74307317.27
61935285.72
89606900.45
42894945.36
18763240.11
33013988.29
28391041.05
37160031.0
40733932.51
24542220.44
30367559.05
51538867.35
55958831.44
42568024.37
39223665.82
45906588.27
45543633.65
88912293.7
68121301.49
52659259.6
35943026.95
31788292.18
74958476.82
61609705.95
49461200.02
29272206.41
29649788.16
61742473.06
15978664.82
15390674.06
32743181.33
21706642.63
86828473.43
80229709.26
36113067.68
15949788.72
44742785.69
14404882.87
86133866.68
46651381.04
47583439.87
51988731.78
34052006.27
51661637.65
91343417.34
21605886.71
40072678.36
48917448.1
13795552.83
35184152.46
56330309.85
39004251.09
65842243.05
58690083.78
54344067.9
72679418.38
25296864.96
80924316.01
39594793.52
13347394.45
15052944.2
32189068.07
42468397.12
65516663.28
73656157.71
57672825.13
73330577.93
29301964.58
58412548.2
48641132.71
33261046.74
44812762.96
87175776.81
40955181.71
32734809.27
31681871.46
56039056.31
49148532.66
31937518.78
30663414.91
13492819.78
47473207.8
41005825.54
90301507.21
38453356.7
85439259.92
67144562.16
51403309.77
41722090.95
40860971.37
55618565.88
33020138.52
46186056.33
31720537.56
34713912.16
47775774.13
29812963.88
36817078.06
21109650.23
41515066.64
22464531.2
34891163.67
48896143.98
53109607.45
44788738.84
74632897.04
14680023.66
37574229.3
54522919.49
52936565.99
35545363.4
14462508.52
74632897.04
46130400.27
53636179.55
51760387.48
13273946.94
15917111.14
45618178.75
90301507.21
13532918.61
91690720.71
81966226.15
13325491.65
13479586.71
48944021.56
22415105.06
47772178.08
53327169.44
14349272.72
27415661.56
37362480.23
71377099.27
66493402.61
13281367.22
24357083.44
13717050.45
43067738.4
55659838.17
36656564.49
81966226.15
44789845.0
32330978.5
20769181.95
16038583.42
20769181.95
81271619.39
28778927.55
39004251.09
41993894.1
90301507.21
30882674.05
52816091.08
25723355.8
33280439.66
17923956.21
33117755.81
43340033.83
28628611.49
36758624.56
82313529.52
50307442.16
88217686.94
44220589.43
13325170.49
16133165.5
39374592.68
29443491.39
32460731.98
43056714.53
44681281.63
90301507.21
70725939.71
51154494.48
19469133.18
27969214.36
13158268.09
38732482.49
49201168.99
37743683.82
36072163.83
92385327.47
25250807.59
69423620.6
38478410.45
80577012.64
63563184.61
52550243.4
88217686.94
29547503.74
56586560.08
92385327.47
42060820.96
53666132.51
61284126.17
13604252.64
26085139.71
74632897.04
50864350.11
37976329.83
76260795.93
43308962.97
81618922.77
29018368.06
40635376.36
30974520.99
40955181.71
40190172.11
37750147.18
29035579.84
93427237.6
18784820.02
87175776.81
13493610.54
53666905.31
45518851.76
30212468.29
79193757.48
36877344.39
13823300.27
28485712.8
25160940.56
79193757.48
74307317.27
38015491.62
54783709.72
17766926.02
93427237.6
72679418.38
61330548.22
91690720.71
16470638.2
33000617.1
83355439.66
48103725.81
41652631.21
43181102.58
13363336.45
88912293.7
38469711.96
22944039.89
29108253.17
77888694.82
52576734.75
42365347.59
33290407.63
30609442.21
15737604.43
73004998.16
26264059.9
77237535.26
41204636.78
46995112.85
24130410.37
14658654.98
49758869.07
57600185.59
43614823.99
38433648.21
33302968.02
83008136.28
49243916.15
38248438.17
94121844.36
32770611.1
29509469.1
47583439.87
54282631.15
50871271.58
89259597.07
20164148.92
14214851.83
29975066.08
85439259.92
21582593.19
36058840.86
43724974.83
35435791.47
44788738.84
52060011.52
16704209.02
21964721.92
74307317.27
55113191.82
52519724.0
21706642.63
92732630.85
84050046.41
23845488.66
80229709.26
70400359.94
80577012.64
17742059.94
84050046.41
25250283.25
56184657.82
48669424.99
18577624.01
36384808.91
20094970.38
46664895.35
51441608.37
42295332.01
25709522.22
19826541.68
16385321.06
51132886.62
42602869.34
40344937.94
13077680.25
76586375.71
77888694.82
53649319.5
55291866.06
38117980.81
15268980.97
41005825.54
28562695.66
71377099.27
37597863.46
52038368.09
30101154.99
74307317.27
28995898.06
40314469.14
42637264.72
42225499.4
29307203.5
69749200.38
13291312.62
48944021.56
29016600.9
29435664.17
46186056.33
28667486.8
25305643.73
34637120.1
34087130.17
43948447.54
59429914.76
51460763.44
51760387.48
58617439.96
31140587.36
13441838.65
90996113.96
42909183.65
78214274.6
44256502.97
71702679.05
50287057.23
35181914.22
47777790.52
78539854.37
63888764.39
32765730.67
35403649.83
29251309.43
43897687.95
35569596.88
20532319.53
68121301.49
26822402.2
85091956.54
13821098.23
40363137.08
42809306.21
83355439.66
44402091.91
25021578.35
51775846.96
38711405.17
13708030.64
39605115.27
50657843.03
43893880.4
50823932.46
29309556.71
91343417.34
48921150.23
50593882.48
42251091.33
48916159.64
43081111.34
75609636.38
67470141.94
68772461.05
38188956.46
23930325.02
46716753.2
30850333.71
47524942.44
42490229.92
68772461.05
76911955.49
46423217.06
32515958.33
48081101.44
33569272.29
56285944.06
24080675.02
82313529.52
34330211.2
74632897.04
53943668.09
13182168.52
22417357.49
91343417.34
30083616.55
31671846.29
55387112.85
49986230.19
33527839.51
50854533.53
19820509.58
21439492.11
55130332.88
65191083.5
49201168.99
73656157.71
13067056.86
44681281.63
47473207.8
31928373.26
71377099.27
82660832.9
69098040.83
68446881.27
38750978.66
44493868.42
33821394.83
51184835.32
76586375.71
36240310.86
46356428.07
49260362.71
30397979.61
74307317.27
61609705.95
41771472.21
53145730.24
20751202.71
73330577.93
22315264.58
93079934.22
19820509.58
28960160.35
49734919.27
76260795.93
14745733.95
20526430.36
78865434.15
45356707.99
31786834.87
25779999.5
42523800.81
58073459.13
75935216.15
47521099.7
81271619.39
56308092.33
39374592.68
72353838.6
47473207.8
93427237.6
60632966.61
30900378.47
33370783.03
35456495.71
13678830.56
28267688.02
68772461.05
31514766.55
27142571.1
50366313.48
40021204.09
47194010.22
39771100.3
56316591.89
31194319.66
60385732.9
36271781.06
13740114.34
87870383.56
18833123.45
42817579.42
29812963.88
38015491.62
41161732.32
40733932.51
73004998.16
47792635.27
58751670.39
42740326.19
39627731.35
33842476.41
76911955.49
54012067.72
38180617.64
67795721.72
42272012.67
76586375.71
18599257.67
88912293.7
35184152.46
46356428.07
77563115.04
50013883.6
36384808.91
30240855.65
64539923.94
54850764.77
25959647.74
14095733.5
31372516.11
33565330.07
31117975.32
34482889.42
59973895.58
60632966.61
27615109.69
18230080.56
35968941.4
35800317.34
51132886.62
34618889.22
13560861.46
34381587.4
49180781.66
49802764.04
27678507.19
53203142.12
45281164.93
57734374.34
78214274.6
34434828.12
30656406.98
29262325.13
69423620.6
48948487.34
44279136.92
31972195.42
54833648.01
94121844.36
13794943.77
54826692.8
39594793.52
41457807.82
50037990.81
31971288.15
47263469.83
82313529.52
65191083.5
46101658.67
45900683.51
67795721.72
44812762.96
16638491.27
52798835.61
38956068.79
53337074.91
85439259.92
31194319.66
14528357.56
32765730.67
38180617.64
24867226.44
53265741.96
70725939.71
54454082.41
76911955.49
37302360.98
55672419.3
49761223.45
19497290.54
27241056.13
17983007.46
63563184.61
39322725.55
25959647.74
71377099.27
32853741.15
43341949.52
37348515.31
72353838.6
29738835.93
28569090.26
71051519.49
19820509.58
48084145.99
45332077.09
30725027.5
94121844.36
68446881.27
91343417.34
42840728.83
39866861.49
65516663.28
37032779.24
26905413.04
41786353.0
47008540.97
13242453.53
43971085.73
37620207.86
36140686.11
51382401.36
30874982.08
49201168.99
83355439.66
30656406.98
78214274.6
32759498.89
33849973.7
38266718.32
58412548.2
49784323.36
48641132.71
75935216.15
27378501.73
89606900.45
35324242.94
55409938.09
13794943.77
30928853.56
43564523.38
67144562.16
42796514.13
40733932.51
28325938.81
18734523.3
24541304.76
47211768.95
22904842.07
37478252.57
19756829.83
50014826.88
60958546.39
48333832.32
24048138.07
35753446.64
29547503.74
73656157.71
26559471.35
17475947.82
47625953.63
19254278.12
45335702.48
53616316.42
21261161.77
53057833.4
35817426.86
75609636.38
30598550.37
38786727.19
32759498.89
64865503.72
54012067.72
36330641.86
18943571.13
50314020.28
48054802.83
69749200.38
43908733.85
38117980.81
24120287.3
83008136.28
22178912.7
17645834.47
34422443.3
62586445.28
38786727.19
93774540.98
48464338.99
41786353.0
38956068.79
43132042.5
87523080.19
80924316.01
13896368.51
29520749.68
85439259.92
38998842.48
43363149.43
44540811.3
68446881.27
48642385.84
88912293.7
35396618.27
82660832.9
79193757.48
28562695.66
21768431.98
40190172.11
45906588.27
74307317.27
38677915.83
39477411.83
46967713.4
85091956.54
20193906.62
29130293.15
44182665.68
29619264.84
43453035.46
28399100.04
71377099.27
35726791.64
23882905.79
28220295.14
23610304.66
35999273.16
33668131.0
49754778.61
35243591.3
75935216.15
79882405.88
50937341.34
45611482.57
84050046.41
13517237.52
35128345.75
37089770.17
92732630.85
32256374.79
36390847.16
33266429.51
61464937.48
70725939.71
56243994.52
31725316.93
51161142.17
65842243.05
29862087.01
33831875.77
60632966.61
43335768.97
29341650.05
29329304.7
89954203.83
22258674.17
29673431.02
52829387.21
13146350.58
15840088.61
68772461.05
91690720.71
84050046.41
49195603.73
35943026.95
33821394.83
74632897.04
49200626.92
47525924.29
36015219.88
13479586.71
34098695.84
13560484.11
50544698.01
57056204.76
88217686.94
42350355.57
35671190.76
23918332.1
75935216.15
35128345.75
43036048.79
49170922.0
35026189.65
90648810.58
33024952.29
45345835.4
91343417.34
53402431.33
44220589.43
34700967.67
13067056.86
48895568.07
13291312.62
92038024.09
47260832.78
31433242.98
29197909.33
46938699.54
67795721.72
49747013.84
35671190.76
59707450.34
64214344.17
50864350.11
40969326.45
48663921.75
27887529.29
15667001.65
19667806.69
50845173.67
29583470.75
22887512.14
43724974.83
77563115.04
42740326.19
40150777.35
68121301.49
55291866.06
79535102.5
60958546.39
39227743.5
20064958.91
42265697.25
30692244.91
46186056.33
22766720.62
51940875.77
29587235.9
39271590.96
34330211.2
48615840.51
86133866.68
77563115.04
17983007.46
14311318.85
70725939.71
92385327.47
82660832.9
71377099.27
34422443.3
43948447.54
29911216.73
82660832.9
23951344.31
40462052.31
54850764.77
31326464.43
29381193.62
71051519.49
29528754.16
84744653.17
41398650.15
53915323.17
87175776.81
90301507.21
18614712.32
40362610.88
53389829.33
48031634.99
48142400.9
45851298.2
18883924.7
29986401.01
53693256.79
32189068.07
41380716.2
36222189.1
32054137.18
79193757.48
38998842.48
39841451.57
34909500.55
45347659.26
64539923.94
27379190.76
88912293.7
36656564.49
23218241.37
40138936.3
42817579.42
53666132.51
16336533.87
38287309.51
25552661.85
52268950.26
67795721.72
50596237.3
35800927.26
18267924.93
20145100.95
24080675.02
45628695.75
48893025.53
15667001.65
21964721.92
40423617.51
31660749.26
47346505.8
81966226.15
50641047.91
39276019.69
84744653.17
13426679.36
13471537.34
34940801.69
40069568.68
24760026.53
16488164.71
13836908.08
55360849.09
37362480.23
37846102.84
14620885.71
65191083.5
13896368.51
61284126.17
59634773.4
43624735.99
70725939.71
48620150.14
48891892.08
22258674.17
54210113.33
59769036.94
71702679.05
54266349.38
72028258.82
33584133.52
39547795.12
77563115.04
19714015.33
39102766.48
13851067.92
38188956.46
48084145.99
77888694.82
64539923.94
51464949.12
34911818.29
63237604.83
13560861.46
23714368.15
54783709.72
85786563.3
30240855.65
28485712.8
18267924.93
34365515.9
28444849.5
60046572.53
91343417.34
65842243.05
34094848.89
41286100.52
69423620.6
48126226.71
54683041.26
28805475.45
84744653.17
55360987.97
52585464.66
50937341.34
40089852.82
43884625.11
48333832.32
78214274.6
43181102.58
89606900.45
53928935.71
41242193.75
13647856.39
38778600.79
51124231.89
39050661.92
31831773.47
76260795.93
50022323.44
44122902.33
29273123.1
32461254.97
55227022.08
28561865.85
13920561.82
18113933.47
18847802.93
65191083.5
16133165.5
46444724.99
49224121.45
44734933.33
51712791.42
28870664.2
14582527.54
14226574.96
34494930.82
56583037.13
45239661.71
53090087.08
36928330.19
62586445.28
16601248.88
55106902.82
34639457.98
28752077.63
37894680.38
51703094.32
40860971.37
29099857.23
73330577.93
31706119.5
30957660.23
41549622.78
23833803.67
49427762.59
85439259.92
29646619.95
36384808.91
86133866.68
15485020.39
87523080.19
45890889.18
33565330.07
22387802.63
20846151.05
48310848.59
44983866.75
36633785.73
40423617.51
13684750.09
39749305.44
13325656.8
40363137.08
16902708.92
43614823.99
13067056.86
61609705.95
80924316.01
15052944.2
34664071.58
92038024.09
21063302.34
29108253.17
47532884.6
60958546.39
55659838.17
14027673.01
31775750.11
26669342.37
90996113.96
38506542.24
45332077.09
30624889.93
70725939.71
48069817.79
14658242.42
35968941.4
50920498.5
51154494.48
13721408.75
54621603.48
30663414.91
89954203.83
51975413.05
17208274.11
36656564.49
24686450.27
71702679.05
14004041.29
52903132.01
31388170.69
51692078.69
37101999.52
31771891.18
44985619.19
85091956.54
41722090.95
36297174.96
69423620.6
33325572.14
80924316.01
20798955.75
53682553.33
46973581.06
31699692.79
29510770.72
16772390.09
32765730.67
58073459.13
38706290.79
66493402.61
34664071.58
67144562.16
50979816.85
15305839.5
33813866.67
48357476.66
81271619.39
32203243.42
13254960.06
14112273.88
35708136.79
50033911.03
46635621.62
69423620.6
66818982.39
69749200.38
17912080.8
55299550.19
85439259.92
73004998.16
63888764.39
41705681.25
13486535.44
53337074.91
37704223.54
35841326.72
39547795.12
41186127.04
81271619.39
43897687.95
38978936.57
29748563.29
40908142.67
39794166.23
31127568.83
49475191.17
31671846.29
40906710.65
85439259.92
49754778.61
53666905.31
76911955.49
31726867.88
46154588.56
35726791.64
30928853.56
55012599.63
60958546.39
50378346.22
45582989.35
49023280.82
40696471.98
33383681.7
31245704.61
40042784.72
28920581.75
83702743.03
19221423.72
60632966.61
39227743.5
13303603.58
33289189.76
30636212.99
44516919.07
34373620.18
51479399.69
55958831.44
30663414.91
46121112.27
20372079.48
77563115.04
77563115.04
89606900.45
13643269.37
83702743.03
39227743.5
39271590.96
34440420.25
21582593.19
88564990.32
25542819.64
30343915.51
31937518.78
31054195.97
48363265.91
32103757.23
62912025.06
83355439.66
13110799.44
13809426.55
34586080.9
29028778.06
55031905.4
55958831.44
31433242.98
13621229.44
29709278.51
64539923.94
14544143.22
66493402.61
45890889.18
28834468.54
81966226.15
13254604.6
46423217.06
27255941.92
50904732.19
47246818.85
42537501.09
78865434.15
46787619.06
65516663.28
90648810.58
83008136.28
18381134.48
25250283.25
26728974.91
63237604.83
22651306.27
24315868.73
54225286.54
40969326.45
43624735.99
77888694.82
29273123.1
29661852.28
26198137.87
14259656.45
78865434.15
59707450.34
86133866.68
47805029.74
78865434.15
91690720.71
17352359.95
20762430.83
30343915.51
66167822.83
29601707.12
38559127.41
63237604.83
53327169.44
56378098.92
28751154.19
71051519.49
92732630.85
31916883.13
55700013.69
29028778.06
34713912.16
34061605.96
36656564.49
52281947.92
65516663.28
13723545.36
29062940.39
50317114.06
19847290.35
64865503.72
49523339.11
65191083.5
16470638.2
43311652.1
31655780.35
82313529.52
34936300.52
41549622.78
66818982.39
38188956.46
60958546.39
93427237.6
20534211.01
21028036.52
85786563.3
80577012.64
31990844.55
54546519.88
70400359.94
48869303.09
78539854.37
43317170.48
13809426.55
37645464.02
18763240.11
53895565.83
36384808.91
38453356.7
25136576.63
44122902.33
17118751.55
20045207.35
50845173.67
44960471.67
39605115.27
31788292.18
89606900.45
58412548.2
42272012.67
45335702.48
28752077.63
69423620.6
46409504.52
42196468.04
43624735.99
30449340.97
33125177.9
36025875.33
31194319.66
28633093.18
48906383.68
38412774.95
75284056.6
79535102.5
34891163.67
40586166.91
49741761.73
32461254.97
87523080.19
40906710.65
38933629.16
38287309.51
51154494.48
54809916.19
39255907.84
51259342.1
60958546.39
30386921.83
86481170.05
34211268.49
61284126.17
39322725.55
42544795.7
31725316.93
36602469.25
70074780.16
38188956.46
13773669.4
64214344.17
53096329.73
93774540.98
33822537.87
48142400.9
13884354.23
56287191.75
27508422.4
52499352.0
91690720.71
51940875.77
22150692.15
61742473.06
81271619.39
46681103.03
79882405.88
67144562.16
47862920.38
36928330.19
93079934.22
50313030.6
33798235.24
21516917.13
48111303.56
32228625.47
45014019.21
49170922.0
48065790.48
28395531.17
71051519.49
64539923.94
33849973.7
91343417.34
22944039.89
40969861.91
40642803.84
85786563.3
75935216.15
37302360.98
28540071.3
16705244.34
31699692.79
25492120.61
29384080.64
17249195.8
32232707.52
37917197.28
52635948.81
37645464.02
64214344.17
39102766.48
14910675.29
66818982.39
66818982.39
70725939.71
40190172.11
39271590.96
55012599.63
45518851.76
89606900.45
24068739.18
44801159.92
13962298.82
46449702.4
65842243.05
38198128.69
38166919.57
23099203.54
22653415.76
77563115.04
43564523.38
41652631.21
32521907.95
43843712.74
21945303.76
33289189.76
31116948.27
45611482.57
13146350.58
54005095.57
15682850.94
44985619.19
50034366.05
47801030.2
30850333.71
33584133.52
51940875.77
84397349.79
30367559.05
31440117.09
44161245.85
51161512.11
78214274.6
49224121.45
16056106.41
64214344.17
43425264.94
32019353.87
43963771.72
23206899.63
22199626.86
70400359.94
47567383.59
34447696.9
61284126.17
24551087.45
61669733.27
24879965.63
19707343.33
39336956.91
13311512.55
49196552.99
50034366.05
45293112.21
35943026.95
66493402.61
37200097.02
35181914.22
73004998.16
37362480.23
14143309.57
40411013.84
87523080.19
46130400.27
40362610.88
87870383.56
79882405.88
21784693.06
54779212.77
38711405.17
50037990.81
14404882.87
63888764.39
33000617.1
85091956.54
30161431.99
80229709.26
93079934.22
33612187.18
39499418.2
31227894.44
51712791.42
14223574.02
39477411.83
55985970.92
35999273.16
50596237.3
80229709.26
81618922.77
42875047.56
81966226.15
29547503.74
41726454.07
48612862.2
21083237.94
48896143.98
35671190.76
39594793.52
47532884.6
90301507.21
29016600.9
41993894.1
65191083.5
81618922.77
86828473.43
14129378.17
29568356.28
67144562.16
40635376.36
43044252.41
33835577.84
34657838.77
68772461.05
34347384.64
28002286.01
33831875.77
50302885.15
23810863.28
41830237.73
30704065.77
82313529.52
41786353.0
33032261.38
31448622.88
82313529.52
41242023.41
37574229.3
16414686.46
41514185.63
61284126.17
15324708.41
16617514.84
30928853.56
49747013.84
36511718.5
38933629.16
54546519.88
43032678.27
30990826.93
55387112.85
54522919.49
45062770.94
27297303.44
31194052.91
26053681.57
13892751.76
38161008.84
47532884.6
67795721.72
34447696.9
15521718.37
67795721.72
52893943.25
64214344.17
90996113.96
88912293.7
74307317.27
18595872.98
52060011.52
20105024.34
36758624.56
79882405.88
31117975.32
47553204.54
86133866.68
54621603.48
67144562.16
36059183.81
45045386.8
13373814.37
41380716.2
21234475.17
45293112.21
64214344.17
89606900.45
31110644.32
22904842.07
48031634.99
87175776.81
34150715.53
37101999.52
39332314.8
33104927.79
29867131.08
28513619.93
13110799.44
26305075.84
76586375.71
79882405.88
54282631.15
55659838.17
53962675.38
40091351.48
29099857.23
46435300.25
37962476.96
91343417.34
36662650.84
54174824.12
49523339.11
13810307.65
45325366.07
18396398.54
36261970.51
20482787.96
55327054.96
33605344.08
62081700.89
36297174.96
76260795.93
14462508.52
79882405.88
20850207.1
89606900.45
79193757.48
41978569.85
28220295.14
42511979.27
30122546.5
51433558.34
31166797.0
30900378.47
25013900.12
75609636.38
62260865.5
55686001.96
91343417.34
31671846.29
32536315.55
80924316.01
61125752.44
44122902.33
38786727.19
77888694.82
31671846.29
42622650.46
38565973.26
39374592.68
79535102.5
31435378.96
41786353.0
58412548.2
29975607.28
40042309.67
19064179.68
51818398.78
35515324.46
13547264.98
23714368.15
47285505.37
70074780.16
37645464.02
20147776.83
60632966.61
77888694.82
85786563.3
27846188.67
77563115.04
52359635.56
80229709.26
18516375.18
52038368.09
34507817.7
34330211.2
32521907.95
52535856.8
34423279.97
54291633.41
33005637.27
13413458.82
21753760.01
44812762.96
34080624.91
24777600.35
51712791.42
90648810.58
30616290.14
53145730.24
23003581.57
13273946.94
45111167.37
92038024.09
79193757.48
77563115.04
41180909.7
43056714.53
37615794.52
56287191.75
16902708.92
14245057.4
18381134.48
44812762.96
53732527.18
38707132.26
47246818.85
33125177.9
83355439.66
35201126.07
42537501.09
52936547.11
29738835.93
80924316.01
36627588.53
50853290.58
55360849.09
74307317.27
15180958.8
61935285.72
50317114.06
18631495.42
67144562.16
35786479.7
29070880.3
17429663.07
22387802.63
36080872.2
37574229.3
55638523.55
72353838.6
84050046.41
51433642.95
30928853.56
13353487.11
58956529.03
39918306.22
44441221.19
51682412.28
16632718.11
18763240.11
42816265.67
91343417.34
32256374.79
40371144.39
14226574.96
32232707.52
34596231.38
20609066.31
14582527.54
46384722.89
84744653.17
63888764.39
50022323.44
35728844.63
22434681.74
78214274.6
13291312.62
42894945.36
34729284.02
90301507.21
13464636.96
55659838.17
52055370.5
41129565.39
44742785.69
28088451.96
36928330.19
42058520.37
16902708.92
65516663.28
46380672.05
43453035.46
40315192.3
61935285.72
30101154.99
67144562.16
20299382.37
73330577.93
49539857.8
87175776.81
32330978.5
62912025.06
20998445.81
45881626.54
51161142.17
52597356.38
19667806.69
37917197.28
38405042.25
83702743.03
30781943.39
61284126.17
41180909.7
32499217.64
13286872.85
24923693.25
68772461.05
29170736.32
27208059.78
91690720.71
50902065.13
19035846.14
90648810.58
38469711.96
34695875.16
78865434.15
80924316.01
43012260.01
39276019.69
31499887.13
41457807.82
42879478.54
87175776.81
19876489.88
31054195.97
35569596.88
14157286.78
13307776.51
28082386.89
40906710.65
75609636.38
13533720.3
49180781.66
30704065.77
63563184.61
20299382.37
81271619.39
64539923.94
60447382.36
22862057.61
28248313.77
52842187.39
29840205.4
89606900.45
55962254.69
16118625.87
67470141.94
22980908.46
63888764.39
16601248.88
30862869.69
56378098.92
14185262.17
30900378.47
91690720.71
35201126.07
38141135.84
92732630.85
94121844.36
46914815.92
41178502.96
32200971.34
30397979.61
33939678.32
51184835.32
26238342.66
33280439.66
66493402.61
29574880.9
40315192.3
20701783.49
71377099.27
68446881.27
24425356.65
45014019.21
37418416.83
16704209.02
34754527.69
55686001.96
48078135.17
19691293.74
23832475.74
32469004.84
21298294.76
38830946.91
45582989.35
17614480.69
22181317.71
28562695.66
28325155.8
18433187.83
45822646.16
42216390.22
53425863.03
51429513.22
13756979.64
38460718.22
54242797.44
93427237.6
42537501.09
43564523.38
79193757.48
30110490.4
34586080.9
15106778.32
64214344.17
29396072.36
33020138.52
39800419.89
34984911.54
75284056.6
17681458.55
47067062.43
38732482.49
43167248.56
19820509.58
18012203.14
21004171.49
13685100.97
13311512.55
44493868.42
39276019.69
44451996.35
42315686.42
24590888.91
72679418.38
45572205.2
61804165.31
32194026.97
13520180.89
42544561.27
51661637.65
20290445.54
50317114.06
46931575.0
55659838.17
30459228.26
32839079.32
36089542.78
21474235.0
32043899.57
82660832.9
22021662.17
71051519.49
82660832.9
38998842.48
68446881.27
31983684.04
32582317.05
40190172.11
62260865.5
32256374.79
48948487.34
81271619.39
31659094.47
30882046.37
15174731.78
44509288.66
50593882.48
14888852.27
30459228.26
57939270.38
68121301.49
79535102.5
30061629.19
42859916.07
45890889.18
15701062.19
83008136.28
86481170.05
60632966.61
46988781.41
43931603.89
20970157.64
48921505.85
40836907.43
54803041.55
41401268.8
13254604.6
73981737.49
15606621.99
43691586.85
17509455.45
50294800.39
55363425.51
26196134.14
49504222.4
23477411.25
50904732.19
93079934.22
78865434.15
39381899.37
53941755.8
60958546.39
48965849.84
26904306.74
49170922.0
17068817.47
66818982.39
44268859.63
39004251.09
25959625.54
36570779.86
29018368.06
32256374.79
18665904.52
91343417.34
46659685.8
29251309.43
92385327.47
13788578.47
48421881.41
51441608.37
55638523.55
16990326.71
50302885.15
32284787.18
14365770.92
39064817.58
41672972.21
14658242.42
21292540.85
32770611.1
41227273.46
65516663.28
23500560.9
46659505.56
65191083.5
42809306.21
41277724.16
13387027.51
63237604.83
78214274.6
16182099.43
74307317.27
41129565.39
26944651.08
27745701.22
45810844.1
60958546.39
28752077.63
14226574.96
81271619.39
36797999.23
80577012.64
21028036.52
31651311.48
41968395.83
15305839.5
42250856.85
74307317.27
40614922.78
40091351.48
49754778.61
37313591.81
37917197.28
62912025.06
33547153.16
23263444.59
46445406.22
34987558.49
50601369.06
50314020.28
25767581.31
88564990.32
64539923.94
45798043.86
51682412.28
25610836.53
25160940.56
30069646.38
51745077.48
52778591.88
13579133.45
53693256.79
19357787.9
37846102.84
30110490.4
48626178.39
43963771.72
36113067.68
22889475.59
14424365.51
38180617.64
28220295.14
40363137.08
15872432.65
64865503.72
31162207.27
13194158.83
32203243.42
36544429.56
38684414.23
42859916.07
39646449.45
55970715.73
28196684.82
17178916.71
37101999.52
34967212.78
23361610.41
23610304.66
49195603.73
67144562.16
32787458.77
45264621.14
52034752.19
52519724.0
68446881.27
54546519.88
20569706.97
36887987.31
50596237.3
13670919.44
36656564.49
32851847.58
44812762.96
54733340.7
35239598.27
84397349.79
48921505.85
94121844.36
28191872.56
15840088.61
31725316.93
35181914.22
25014578.27
61284126.17
33915540.77
49504222.4
39205518.22
14692982.84
23656462.07
41477301.02
48921505.85
46681103.03
40314469.14
57056204.76
88912293.7
86133866.68
82660832.9
25783866.74
50378346.22
53946095.92
89954203.83
66493402.61
78539854.37
86133866.68
36817078.06
55985970.92
92038024.09
16821832.19
73330577.93
13134478.19
37597863.46
34211268.49
48916159.64
45264037.15
44427617.38
41821529.95
17426234.59
72028258.82
34094848.89
52271090.49
29035260.51
22078491.62
34596231.38
57395289.55
48363265.91
30361077.33
30772447.54
46729119.7
43352921.13
32787458.77
91690720.71
58751670.39
50875360.55
69749200.38
42272012.67
89954203.83
56039056.31
35297867.04
32320039.59
18330266.14
81271619.39
13506052.85
38933629.16
52317862.23
89954203.83
38022085.07
70074780.16
14811508.4
13972926.6
83702743.03
49504222.4
43132042.5
93079934.22
26002961.04
65842243.05
14453012.08
30921833.49
13491626.47
93427237.6
65191083.5
42196468.04
41749965.25
66493402.61
41380716.2
30101154.99
75284056.6
44970324.42
50583513.64
39276019.69
31775750.11
34862543.18
51433558.34
64214344.17
61935285.72
14087586.11
16203182.05
41978381.85
44540811.3
35130828.61
30328082.85
88912293.7
55409205.84
29780621.03
19032444.58
61609705.95
30642232.54
45822646.16
35784372.29
20147776.83
26733129.34
32853741.15
60046572.53
17039861.52
17862071.36
37743683.82
43285334.3
37743683.82
32228625.47
31256637.29
85439259.92
33565330.07
55962254.69
30609442.21
33877725.81
83355439.66
35184152.46
43081111.34
34637120.1
14527050.19
14742906.11
44122902.33
37615794.52
56285944.06
39251588.87
37846102.84
82313529.52
41821529.95
60958546.39
29792973.2
16743386.84
31697765.09
44960471.67
29784209.38
47805029.74
85786563.3
40138936.3
42330691.12
85439259.92
55106902.82
33532288.89
49758869.07
28485712.8
87175776.81
13531746.36
18485768.17
44742785.69
40836907.43
51712791.42
39646449.45
34927928.12
58350994.72
16565300.85
42330691.12
33605344.08
90996113.96
19926183.28
14760103.24
13382848.52
36928330.19
49481196.22
43658883.47
37326264.31
87175776.81
30990826.93
56039056.31
13426679.36
30540149.45
30337493.63
76260795.93
45239661.71
24867226.44
32550230.58
24997354.77
17249195.8
31522451.02
23179236.81
46170295.79
29927639.17
60108197.32
50361613.91
73656157.71
83355439.66
61935285.72
29547503.74
31681871.46
48357476.66
40091351.48
38811116.16
42740326.19
52842187.39
35454340.34
52778591.88
75935216.15
13241757.2
49706996.39
90301507.21
50314020.28
93774540.98
55360987.97
66167822.83
54510741.49
34657838.77
48636818.15
37926548.33
33318567.7
87870383.56
50294098.41
19320219.26
86133866.68
50013883.6
13665702.5
42468397.12
43152371.74
49479748.0
81271619.39
47823640.48
53915323.17
13466353.64
45863062.23
68446881.27
78539854.37
14963294.26
16254610.4
62586445.28
38433648.21
16217101.91
19947465.33
90996113.96
20597980.08
44402091.91
41453681.88
47217716.73
93427237.6
61464937.48
33822537.87
41186127.04
22417357.49
86133866.68
90301507.21
47287962.23
29812963.88
41726454.07
73330577.93
38248438.17
15521718.37
31517204.61
41160300.81
32214712.86
60632966.61
37422825.45
74632897.04
28751154.19
29301964.58
13325491.65
39749305.44
94121844.36
36830269.35
54522919.49
64214344.17
54504479.57
63563184.61
89259597.07
27375232.31
33550227.89
38669896.24
44220589.43
31966200.02
62260865.5
53090087.08
48310848.59
52659259.6
83008136.28
91343417.34
37888401.68
92732630.85
84397349.79
73004998.16
24760026.53
32582317.05
37432118.3
29070880.3
38778600.79
31433242.98
18510905.81
45906588.27
52327150.64
31394154.47
43147226.47
50086213.22
68772461.05
83702743.03
32788482.91
48636818.15
14101515.53
73981737.49
21234475.17
84397349.79
53946095.92
20094970.38
34929272.56
60958546.39
13561961.33
51124231.89
43971085.73
92732630.85
53387714.69
28322063.69
69098040.83
19658095.38
63237604.83
40462052.31
13805288.37
51103166.91
87870383.56
41227273.46
29543903.73
13589313.69
36568720.88
32307401.83
28540071.3
36486756.44
92732630.85
75609636.38
39336956.91
29746744.59
51412482.66
36344040.54
17550851.64
13906656.35
40190172.11
31166797.0
50596237.3
49728986.27
92038024.09
55985970.92
13109288.62
61125752.44
34971891.36
44773266.34
37302360.98
36805183.27
55565995.44
34211268.49
77888694.82
26432402.69
51414970.48
90301507.21
33005637.27
38956068.79
55700013.69
53616316.42
30633963.29
16920256.79
24604411.74
52816091.08
37968360.8
52499352.0
83702743.03
85786563.3
39276019.69
17794335.81
50646426.93
27375232.31
37917197.28
20412547.67
30459228.26
