34154070.8
32072255.65
35073733.11
42292710.65
34678211.18
34833209.02
52279666.63
40980146.71
21073972.2
87519866.68
21860082.19
55391095.57
14616421.15
50631236.32
34533233.3
17063287.75
22574598.55
51163028.01
78297955.49
60476792.57
30897562.34
77321216.15
48632818.85
80251434.15
28437312.74
20106700.18
16448273.86
14398818.03
26039217.0
14873855.32
22757332.73
41973950.92
28270160.22
52380331.72
37952766.72
85436046.41
35772438.2
22571635.8
18812389.04
33075587.17
69181721.72
75367737.49
20700511.89
67553822.83
50095262.35
83352226.15
46470720.23
28674254.14
32439654.92
53446011.52
36175242.05
49464135.17
25668059.29
18471222.21
84046832.9
56448939.87
76995636.38
86825259.92
25943212.78
24176396.61
80579757.48
34410399.29
36616969.94
78623535.26
60137670.39
61155036.94
81268405.88
33253778.75
84046832.9
72111939.71
45860012.68
38489230.31
28199242.37
51420366.05
83352226.15
44591949.8
51952115.45
27215905.16
27091448.19
76344476.82
53745635.56
92729417.34
85436046.41
54186677.22
46158554.51
29971777.67
52975885.19
37989740.03
75367737.49
59459459.13
14814582.15
87867170.05
21339454.01
94813237.6
47059500.0
74716577.93
22284492.29
55102893.23
51420366.05
85436046.41
27550587.15
83004922.77
53144076.55
31876372.31
15544117.46
46378954.25
74716577.93
93076720.71
21296585.16
26414553.15
27126139.9
76995636.38
32526535.6
51575333.65
31493343.29
40615529.45
92729417.34
14371276.07
69832881.27
34899960.29
33376844.55
14434527.82
49749265.91
33079266.12
15240488.18
73088679.05
52766281.83
14611754.28
58903622.16
37499067.68
94118630.85
50374781.75
35089200.16
39031464.02
38349950.59
70484040.83
35868889.42
26265965.63
35441341.92
35649512.25
14408496.96
14642088.56
42884696.65
46470720.23
14550910.26
72111939.71
55961338.99
14387114.84
34967120.97
66577083.5
31226205.4
62995705.95
35325678.32
58215384.7
29636083.42
24411932.55
42663724.16
38420683.85
37681144.65
58411321.16
17505258.98
83699529.52
34439840.66
62018966.61
47402247.0
50909339.11
31253131.08
37405066.03
35554110.2
30166715.23
15577126.24
76344476.82
31875159.5
56530347.22
38724056.45
55022179.55
38291913.04
42029015.19
25657342.56
82310316.01
62995705.95
41042388.84
48316440.47
48911924.29
62511752.44
51469526.83
55611286.54
35428962.05
23103088.24
55350785.55
78623535.26
15212835.84
37527019.2
34147281.34
25940239.41
71135200.38
65600344.17
52819642.95
90992900.45
43686470.02
66251503.72
16230362.76
26779221.42
17413210.94
47939151.84
86477956.54
45952828.76
27963442.88
83352226.15
75367737.49
35355284.95
41477351.48
42935622.78
20936264.27
31446874.31
48374781.41
89603686.94
62670126.17
37089919.77
53989121.89
67553822.83
33800632.67
95160540.98
39075823.52
35157135.64
38420683.85
36063974.19
20309951.78
15325362.53
28887784.71
56869320.57
37672888.49
83352226.15
53626617.31
14408496.96
19248255.08
20238554.22
55380191.8
80251434.15
36931363.4
22718527.0
36788546.19
52766281.83
19202692.49
88214473.43
54013436.91
35156302.59
76995636.38
22866493.93
90992900.45
24913124.08
41757195.93
52380331.72
56169709.72
62018966.61
35100397.81
35054131.0
77972375.71
15229532.04
18100619.27
37770808.91
51700020.28
40263357.59
35238208.38
20467794.43
37499067.68
16554283.87
16012509.92
18934714.14
36616969.94
36812252.3
33971942.28
19804664.56
14738436.47
47795504.52
52230409.23
46437956.46
28887784.71
39528894.5
50811185.43
31568715.76
41972166.91
16449287.47
52789309.77
39442408.27
70484040.83
58215384.7
24754641.73
49183379.89
48177455.77
34511177.9
50629149.56
49440070.91
63972445.28
14821006.5
27999436.26
50693197.67
19109069.69
14464127.16
89950990.32
51120853.37
76995636.38
62670126.17
48395838.44
36323495.77
30614406.92
76995636.38
14681324.26
91340203.83
41702257.42
40982142.83
31035267.97
52838000.38
25606607.62
65925923.94
33958673.35
24707655.59
37174319.42
53377939.89
14379768.46
28785405.88
34154070.8
14812247.78
32535087.66
24234281.34
81268405.88
36858190.22
54835502.05
34095147.18
32895388.83
62018966.61
40165928.68
30722292.12
46742707.99
21386197.27
57759601.31
34802374.31
39854719.78
55301323.17
46821620.55
69832881.27
16977276.66
33069145.8
46857713.31
23963974.94
53905724.0
50141172.5
67553822.83
56780251.79
41749137.08
14794730.41
15763186.71
22718527.0
33907907.95
36323495.77
65274764.39
87867170.05
23229208.17
54763202.71
78297955.49
19981872.98
53117184.21
36340391.18
16552221.75
28268812.79
89950990.32
26337241.12
56138754.04
57355867.0
54656670.74
49414921.97
39846718.22
23950527.33
14864815.39
38857890.42
77321216.15
42053236.03
81963012.64
50654313.03
23997107.92
60476792.57
58072364.41
43330017.95
82310316.01
16947611.45
74065418.38
23569210.4
36813917.91
16851841.89
14901426.99
55174465.11
20075588.87
48911924.29
46922791.82
59459459.13
90645597.07
91687507.21
36788546.19
86477956.54
38512185.97
48882745.43
18350702.09
36412189.65
23771020.62
39945127.41
52967908.64
17846534.99
27837805.39
64623604.83
32845789.59
53657090.49
89256383.56
63321285.72
34756783.03
74065418.38
77972375.71
36863335.08
57160104.96
58225474.14
90992900.45
45382914.21
47466636.98
17287442.21
28991077.07
42029015.19
18785884.52
68204982.39
52846763.44
59089234.65
46922791.82
65925923.94
41205573.3
50252648.69
20675107.63
17817749.13
28673110.48
72437519.49
34678211.18
20263055.82
14873855.32
34984099.46
20280571.34
47830724.99
76670056.6
50366867.72
37345456.64
34704567.7
50022818.15
45668367.15
35528369.64
14588985.21
87172563.3
77972375.71
58554341.45
20593843.73
27127211.38
57344831.44
35700831.3
27725390.4
14663929.43
25370006.03
39139157.58
92034810.58
38179307.74
25594918.25
59920880.8
89256383.56
50841023.2
42292710.65
48911924.29
21873942.45
57601251.5
56498353.36
35885514.27
37203426.86
92729417.34
39966320.78
28237018.44
30450561.31
38767768.85
46107042.25
90298293.7
77646795.93
32696557.55
33099025.77
75042157.71
46454199.05
27600788.99
33614879.12
81268405.88
31840711.93
34943682.23
33111316.93
14724462.12
25193756.7
37129691.86
93076720.71
52052144.43
87519866.68
43701005.39
18376631.4
37332564.04
77972375.71
49791648.26
40760592.68
73414258.82
36524978.55
33279064.46
29445719.52
18972236.6
45812927.76
31876372.31
33616386.83
30191475.45
51746833.63
90645597.07
48918884.6
45536481.54
57059875.03
46697199.6
50072379.09
35772438.2
29259459.61
60137670.39
39311234.17
15892164.32
23713984.74
30504375.21
28166459.39
84394136.28
52233189.23
52975885.19
32629626.57
38996445.99
49488152.78
26414553.15
90645597.07
43775496.92
49861551.92
43207529.95
83004922.77
80921102.5
30722292.12
32580319.66
51144869.07
18906941.47
76344476.82
39945127.41
38996445.99
43791073.4
40941786.82
54000417.58
30688234.24
56746849.09
17630538.46
63972445.28
68530562.16
82657619.39
47129980.16
46500599.76
56549247.62
42300834.46
68204982.39
14568178.14
73739838.6
32331599.06
27252822.55
33968317.05
62511752.44
35157135.64
50933872.8
77646795.93
53745635.56
47466636.98
41032449.45
32254505.53
45097858.57
47100998.29
31438418.83
17447040.74
81963012.64
32986297.74
84394136.28
33614879.12
74390998.16
15890895.37
19684220.24
22585857.02
74390998.16
41205573.3
57086013.69
74716577.93
51673057.23
52415643.04
57656092.0
15420802.72
65600344.17
27126139.9
15646460.22
70484040.83
14794730.41
15557837.23
84046832.9
17022180.11
30314011.51
54750075.53
33493282.51
74716577.93
63646865.5
20238554.22
14864815.39
32331599.06
36813917.91
83699529.52
20120288.23
31910826.96
16978585.52
15759741.56
53983356.38
47014695.75
46470720.23
41413729.83
22756322.06
22384341.11
64949184.61
41342386.74
49743476.66
45320003.29
68856141.94
46091925.41
26379542.39
74065418.38
25703101.15
17800686.46
92382113.96
94813237.6
88909080.19
36270359.15
73088679.05
22992749.26
20091947.27
65925923.94
38531789.21
25940239.41
19152123.41
36432660.53
26416772.19
35258832.49
32327654.66
67553822.83
16411477.44
22156827.07
39620509.6
53689111.78
32535087.66
43429577.0
47830724.99
76018897.04
73414258.82
60476792.57
53045631.38
27077162.13
33150889.99
17710575.08
54465787.4
21436963.33
58750277.9
21685036.6
92382113.96
57160104.96
88561776.81
53904940.04
22048105.72
48353713.4
53883706.68
34911638.94
36159087.2
34802374.31
26276515.62
74716577.93
23569210.4
81963012.64
69181721.72
20936264.27
76670056.6
45668367.15
27566204.95
18297777.56
38606297.42
43231227.09
24482358.14
17413210.94
30722292.12
18568290.01
57954627.94
36086967.67
76670056.6
34802374.31
58072364.41
55649315.48
47313796.44
36063974.19
49248920.38
22822823.59
71786359.94
53045631.38
77972375.71
28261079.32
73739838.6
93771327.47
51114986.27
35100397.81
19560587.35
75042157.71
70158461.05
49536223.55
37227326.72
18018718.11
36858190.22
41858457.0
17539371.99
19501197.09
79274694.82
20593185.85
19466219.86
36798469.94
44047632.25
14568287.49
40670004.3
59798548.2
42119932.51
31595950.34
34428768.08
63646865.5
14733615.22
42564502.96
89256383.56
30394221.25
64298025.06
67879402.61
57344831.44
15487130.61
26142377.89
45151535.87
73088679.05
67228243.05
21436963.33
83699529.52
30581321.22
66577083.5
22110248.43
89256383.56
92034810.58
28031415.91
14794730.41
37672888.49
63972445.28
43379894.1
45257479.93
45813617.38
56191373.86
75042157.71
48632818.85
88214473.43
53629683.74
32845789.59
31056289.95
27313857.63
84394136.28
31982475.52
47556295.79
46225017.92
32798610.91
80921102.5
68856141.94
43060755.31
43763200.05
52259744.69
80579757.48
63646865.5
37604584.09
26789783.96
56746849.09
34823120.55
19171015.27
16947611.45
14919808.87
36424713.01
94118630.85
15202237.45
57356715.73
25465972.88
37362254.18
14710489.36
20111117.31
14472793.47
53098791.42
76344476.82
39854719.78
20700511.89
14738436.47
37246798.53
43601726.62
58103141.53
16337020.27
23296854.52
89603686.94
27091448.19
63972445.28
46262872.19
71786359.94
14655328.62
45533935.86
38692729.77
28550418.03
62995705.95
67553822.83
91687507.21
47380376.03
49234095.85
31010396.93
14780360.49
39039501.51
84741439.66
32382028.18
83699529.52
41477351.48
53816272.38
47210558.34
37944557.11
67553822.83
77321216.15
19342692.5
14696516.9
36703215.44
29830849.5
66577083.5
20498848.53
93424024.09
44975956.76
41304306.22
33988695.79
55852400.51
39582976.37
54164480.67
42836295.26
45654859.63
50558939.93
89256383.56
44035344.42
37800631.03
29355214.36
83004922.77
53984747.28
37790528.38
48131001.54
66251503.72
95160540.98
30868777.5
70484040.83
17676244.72
47129980.16
36718691.57
14690021.68
45654859.63
44738921.13
35289961.37
79600274.6
33348654.75
78297955.49
40662019.69
74390998.16
33111316.93
85436046.41
37332564.04
63394918.31
41598643.9
40226515.34
14947382.13
36465886.44
21575456.12
20239760.66
27837805.39
91687507.21
36866420.63
60003439.96
28312986.18
16838071.46
66251503.72
62995705.95
53324980.92
85088743.03
40869458.12
39582976.37
69832881.27
47558696.79
50028385.84
14404087.37
32807171.18
36866420.63
88561776.81
14398818.03
22955638.89
91687507.21
55661986.64
27488549.22
28075565.38
63972445.28
39854719.78
37699655.2
87172563.3
14707450.36
63321285.72
34805334.06
19190232.37
66251503.72
67553822.83
52585949.09
34609384.05
52846763.44
69507301.49
65600344.17
90992900.45
46437956.46
51703114.06
24049585.75
39311234.17
39401491.62
22822823.59
53396368.05
73414258.82
52100190.43
30333694.4
31228007.69
25595992.75
46650871.5
53768394.67
38239878.6
14590527.92
29022396.76
19019855.86
53424368.09
66902663.28
52602839.66
91687507.21
23339699.28
14391154.23
37716036.12
24280451.41
41205573.3
39410966.75
61833382.36
60815914.76
47558696.79
86825259.92
29148205.8
70158461.05
14838525.7
38836206.46
56560608.61
38062427.61
47859353.61
48018907.78
22346563.68
14785989.82
27328824.28
54189154.08
38487999.52
53604330.47
39331768.68
36524978.55
81615709.26
80251434.15
36315272.56
27328824.28
50350493.42
45654859.63
42844478.27
64949184.61
18498582.33
46857713.31
51468188.98
56408014.61
26130696.35
37988469.25
87867170.05
52540494.48
89950990.32
49894906.46
34758164.98
17492378.89
40995100.58
21296585.16
27838171.29
44407677.2
65925923.94
32543895.33
30722292.12
18149827.4
56844396.4
64298025.06
22757332.73
28024247.74
20891975.25
54184048.4
90298293.7
76018897.04
45607904.71
32314853.56
46650871.5
48577302.5
37634599.56
30582303.93
42029015.19
93076720.71
15002563.11
67228243.05
41304306.22
16846008.38
18292739.02
53324980.92
42836295.26
57901972.02
34531015.51
56746987.97
33424151.77
80579757.48
41757195.93
93076720.71
32580319.66
49993961.21
29733749.3
38595650.69
37518629.14
85783349.79
31833783.73
20062443.68
70158461.05
30852283.59
17599945.41
75693317.27
93424024.09
31875159.5
91687507.21
27319826.79
14947382.13
14812247.78
42119932.51
52864605.72
18584497.24
30106978.86
64298025.06
35800510.29
33989052.95
72111939.71
33616386.83
56069041.26
23569210.4
26305871.65
19003497.26
45704132.41
43379894.1
78297955.49
27500193.14
41971522.83
40165928.68
21533398.31
40510392.5
71135200.38
17102135.44
50811185.43
84046832.9
14892551.75
53324980.92
29466206.5
53536141.9
30505623.96
63972445.28
14785989.82
17599945.41
79925854.37
44247271.94
71460780.16
83352226.15
73088679.05
65925923.94
42292710.65
15407115.6
44747519.69
50252648.69
28041125.89
54496538.98
64623604.83
54494549.21
80921102.5
91687507.21
71135200.38
43591095.06
34782618.3
62716548.22
15352462.03
16828108.69
36594940.35
89603686.94
16804186.8
70484040.83
43388157.51
71786359.94
29385227.69
31518555.25
60599125.18
38857890.42
54763202.71
42414929.89
14472793.47
54763202.71
39989696.25
55630022.14
14892551.75
34063731.18
33790275.27
35024033.85
79925854.37
54494549.21
67553822.83
31113700.24
74716577.93
48131001.54
55362077.97
39165999.49
55941536.34
14425846.67
28950052.31
42628023.41
41477351.48
36706237.14
33694750.47
15039366.14
42292710.65
32552961.69
87519866.68
76344476.82
22621269.13
52587310.52
20324238.58
26574627.49
23995539.53
24945925.98
31329622.37
37409522.57
30848000.5
33612338.75
14733615.22
79925854.37
54463841.69
32543895.33
45926811.3
33895598.3
53089094.32
62172567.4
34440250.86
33527203.55
15892164.32
56746849.09
31982832.46
30448054.38
51144869.07
79925854.37
47041598.96
79274694.82
37085264.07
63190165.31
56169709.72
87867170.05
15023297.62
16012509.92
86825259.92
20374918.72
58442204.76
20919720.86
44023264.72
34511177.9
14781132.71
14629144.09
50070310.95
41576172.11
14803489.09
36140527.69
26039217.0
14893268.58
51252288.53
32049414.91
72111939.71
71460780.16
53689111.78
69832881.27
35780633.23
93424024.09
36817595.25
78623535.26
34967120.97
47237298.2
73414258.82
86477956.54
53209230.22
14907250.26
30697353.13
27787417.1
51979882.48
50531902.82
47830724.99
48646832.78
16368297.73
18063869.64
43604187.85
34173458.77
49861551.92
41746596.26
15240488.18
30782410.27
36629591.3
30834600.56
15284164.32
79925854.37
49721823.81
89256383.56
25228858.86
20091947.27
82657619.39
33551057.64
36703215.44
76344476.82
33881829.95
62670126.17
42663724.16
35157579.23
69507301.49
18065218.4
51117021.82
25595992.75
85783349.79
56408014.61
40941786.82
80251434.15
50302159.64
46438671.71
17723081.56
62850937.48
48918884.6
42053236.03
18594501.76
42020923.51
88561776.81
62850937.48
94465934.22
56138754.04
14398818.03
27938015.34
39254888.1
57373827.6
85088743.03
46400019.21
55332095.92
72763099.27
58903622.16
38168527.61
37354352.62
56218812.97
80921102.5
41474981.6
83699529.52
28268812.79
29125361.8
89950990.32
19248255.08
85436046.41
48952637.53
39924912.19
80921102.5
73739838.6
46585446.47
46650871.5
37770808.91
46370923.05
60106127.29
38804416.83
52540494.48
89950990.32
24719486.89
66577083.5
45333745.97
55052132.51
14873855.32
88214473.43
46976263.73
23285709.3
36955596.88
77972375.71
80579757.48
87867170.05
59459459.13
76995636.38
51772560.13
40887206.53
15141791.03
58411321.16
71460780.16
16513834.97
57425056.31
18717325.92
27600931.63
80579757.48
51260249.3
53675552.96
20374834.32
27463240.48
57045838.17
22585857.02
15002563.11
57075543.31
60815914.76
57208346.3
41326570.18
55797272.78
22943449.36
56249231.48
30834667.75
78623535.26
31055093.1
31253131.08
37444238.54
25862491.06
65925923.94
32817824.83
62344546.39
42886748.17
24996303.09
51467412.12
43116300.18
78623535.26
38334356.72
75367737.49
35073733.11
48673219.6
31340059.28
47013120.21
78623535.26
54013436.91
17103312.39
37798835.13
56448939.87
50865748.0
32913999.27
45926811.3
54742265.11
24286240.27
30410033.42
36072663.07
55861472.82
14724337.49
41205573.3
78623535.26
48856507.43
38070986.41
30212913.48
29103705.91
46400019.21
52135539.91
52207655.56
70484040.83
21770326.27
87867170.05
75367737.49
37952766.72
75693317.27
74390998.16
43379894.1
48650777.9
53045631.38
49135712.36
14873855.32
21575456.12
65274764.39
47897956.87
37262234.12
52331728.73
76995636.38
71786359.94
92034810.58
42564502.96
15577518.55
71786359.94
14965769.6
55062563.73
88214473.43
41685874.8
19585906.75
15020964.47
81268405.88
42647213.83
78297955.49
19902236.29
27319264.25
39311234.17
48115119.7
34410399.29
14697512.55
78623535.26
29362949.12
76995636.38
54743058.83
36043838.77
52512231.79
39150271.04
53346737.34
50865748.0
18934714.14
27803664.22
87867170.05
15741628.5
19283033.83
70484040.83
19803445.08
62018966.61
31990966.78
34967120.97
48596018.89
54463841.69
18330343.21
40216946.91
73088679.05
45835130.25
87867170.05
16175982.47
36808717.47
59089234.65
16978585.52
20993500.86
14395601.1
49749265.91
94465934.22
81615709.26
41972166.91
17011401.73
64949184.61
50022818.15
18536402.73
38964802.26
49743476.66
31166393.61
34424957.69
39168769.06
67879402.61
81963012.64
29395694.96
14438188.31
48689960.16
44553248.56
43751347.59
35299475.6
29703828.42
49191029.74
39311234.17
64949184.61
44789481.58
15980880.33
20746456.65
52766281.83
95507844.36
46438671.71
40869458.12
14834059.88
30644922.36
25657342.56
29022396.76
64298025.06
34147281.34
41848052.31
88214473.43
76344476.82
37798835.13
15053292.35
15863295.67
33505400.38
69832881.27
68204982.39
37989740.03
29899122.23
75367737.49
38042564.49
73088679.05
16761278.89
77321216.15
36412189.65
47237298.2
55730067.9
36974972.89
76344476.82
36703215.44
48646832.78
36586718.8
39528894.5
51492992.33
34511177.9
32809604.41
21910578.44
32706957.8
34970133.52
35254254.78
47813474.68
93076720.71
16198592.0
28404198.13
44805406.66
52510231.89
23950527.33
26177384.83
33516833.33
22047111.01
40118482.49
32049414.91
56408014.61
18065218.4
32820105.82
62018966.61
14892551.75
16628738.61
42020923.51
68204982.39
44825553.56
14993364.14
34074078.03
29228632.66
15980880.33
65600344.17
19019230.08
54045259.6
38324186.35
45496524.1
92034810.58
69507301.49
58647122.36
79925854.37
93076720.71
46378954.25
33444905.73
16296977.05
35157135.64
23240975.93
79600274.6
51140778.61
57425056.31
33070696.33
23892289.27
36043838.77
48675251.17
36323495.77
91340203.83
63646865.5
19064883.39
52788538.82
43428899.39
18583404.17
79274694.82
71135200.38
30925950.44
57759601.31
31886794.26
48632818.85
36431493.7
14892551.75
30697619.6
30416923.24
56069041.26
34941308.63
37172471.16
57972560.08
15212835.84
58564537.37
14655937.28
29384068.08
36438100.3
55660560.38
36535234.04
71786359.94
71786359.94
34063731.18
54513143.12
55961338.99
78623535.26
48138823.56
33376844.55
21605166.24
56169709.72
33883192.29
22147446.14
32552431.46
43973801.25
14578581.9
32463563.22
66577083.5
23283529.28
22778161.82
85088743.03
42230193.37
43931873.86
44467111.34
20062443.68
14404087.37
67553822.83
40197116.16
36594940.35
68856141.94
55216986.6
16846008.38
37604584.09
54763202.71
40710067.72
79600274.6
25894093.97
62018966.61
15932473.16
27938015.34
59001801.16
37150719.3
59571213.28
14766932.71
38878261.22
28175410.79
18906941.47
40488766.48
42018250.79
53070349.41
39236874.75
18717325.92
43318907.16
19902236.29
72437519.49
85783349.79
40238348.21
50252648.69
44567102.58
42844478.27
14993364.14
48491461.24
56564713.99
81963012.64
43701686.42
38985603.51
63312497.92
39945127.41
89603686.94
25831537.5
91340203.83
52331728.73
80921102.5
48736477.27
79600274.6
15002563.11
23180614.21
28075565.38
93076720.71
53745635.56
14371276.07
37626310.86
46497207.07
15011763.65
80921102.5
65600344.17
47237298.2
15461868.21
23759951.07
50531902.82
35064799.24
38440689.68
37681144.65
70809620.6
45136286.6
15327829.46
38052722.02
19626297.44
45396170.57
14921728.57
51820049.14
36902566.68
83004922.77
62038178.14
54936816.1
14438188.31
45097858.57
25657497.86
58893298.19
63734146.14
16337020.27
24412980.46
90645597.07
69507301.49
41576172.11
29869817.28
31832947.62
79925854.37
85436046.41
14616421.15
45835130.25
84741439.66
44295183.65
71460780.16
39401491.62
25193756.7
41685874.8
40760592.68
54589142.12
40238348.21
83004922.77
37628004.38
14974966.22
43479438.77
31446874.31
35993721.73
14801347.45
14589130.84
89256383.56
56191373.86
46107042.25
94813237.6
35597268.49
31783979.61
49256736.78
69832881.27
85088743.03
41526299.89
40436661.92
54763202.71
63646865.5
27263361.46
75693317.27
17505258.98
26978363.5
16884144.65
36858190.22
42564502.96
72437519.49
80251434.15
21111464.48
34626527.53
15393441.59
56057500.51
31518555.25
22822823.59
30769563.87
47226054.48
31438418.83
71135200.38
40741525.71
23332180.35
58781289.55
50581603.73
36866420.63
25905217.17
74065418.38
32908451.02
89950990.32
35791836.86
63972445.28
43376753.23
34982787.51
50811185.43
50646362.71
34970133.52
29683171.47
60342529.03
44864109.56
37716641.86
53657090.49
53161846.96
50071070.7
84394136.28
81615709.26
95507844.36
33789025.22
56274048.73
55257150.27
92034810.58
16928665.48
62018966.61
36516589.71
41141593.97
62670126.17
29148205.8
48689960.16
62995705.95
18075406.03
29948603.47
35800510.29
55301323.17
19003497.26
14567089.29
52415643.04
33342783.0
94813237.6
46040979.36
41757195.93
95160540.98
45563219.34
33623479.7
90298293.7
35245111.22
32112710.72
69507301.49
78949115.04
14724337.49
20457362.19
70809620.6
68530562.16
32356693.24
49036122.61
31648765.95
30987707.12
29025296.69
39954607.66
16575837.0
42119932.51
86477956.54
14629144.09
16884144.65
37129691.86
33623479.7
93771327.47
17287442.21
88214473.43
14362784.26
35632647.68
19003497.26
49161045.47
39039501.51
35183899.78
71786359.94
23667043.78
23230229.48
65274764.39
57208346.3
36990447.74
56746987.97
67228243.05
85783349.79
72111939.71
16575837.0
44747519.69
82310316.01
69507301.49
70484040.83
19804664.56
43108090.95
15013319.21
94118630.85
16108156.36
37806000.24
52052144.43
56746849.09
95160540.98
18471222.21
40436021.95
48777320.41
74716577.93
33515588.6
63646865.5
35893817.7
33428914.83
58411321.16
24708679.69
36061744.62
67553822.83
55513428.17
30179224.92
42612606.12
73739838.6
51575333.65
46922791.82
27556634.83
45123988.48
35183899.78
32287583.62
27838171.29
69507301.49
89256383.56
51469526.83
58781289.55
92034810.58
16185794.39
67228243.05
14642788.21
92034810.58
33161750.11
50000862.5
17847875.77
56746849.09
16393318.27
57059875.03
23095192.83
20975331.72
81963012.64
77321216.15
83699529.52
34533233.3
67553822.83
47770666.36
35740495.15
54541594.06
15107002.25
39989696.25
55021382.58
79925854.37
55611286.54
38216269.35
50910665.17
17757405.39
29496532.78
45110974.83
14710140.5
63646865.5
62018966.61
36052058.45
14585672.94
23904196.6
95507844.36
49190936.43
49815742.95
14603059.87
37509803.08
38216269.35
17698026.95
30987707.12
31301507.52
36159779.22
14785989.82
66577083.5
28032566.77
34439840.66
86825259.92
44607341.72
34972931.82
47659762.85
62995705.95
31366358.04
18890965.54
66902663.28
36586718.8
71135200.38
32708021.25
57954627.94
50832844.8
84394136.28
23339699.28
16793615.98
69507301.49
31329622.37
40118482.49
21386168.36
33970871.08
65600344.17
20374834.32
34167718.86
15741628.5
58442204.76
34703325.33
36817595.25
80921102.5
29259459.61
14567089.29
55349568.83
54713169.44
30050925.44
14611754.28
41797013.84
16056929.51
20457362.19
39303197.28
36159779.22
18318505.93
19152123.41
35073733.11
44467111.34
39891909.12
47618469.54
66577083.5
36063974.19
33697491.55
56069041.26
38857890.42
41524936.3
23489578.17
21770326.27
31268706.97
71135200.38
21211468.58
29971777.67
49190936.43
34226444.62
49135712.36
43518985.5
89603686.94
24759601.9
35868889.42
34431209.07
33717565.09
79600274.6
27015981.06
22244348.78
29858192.91
48102753.2
29859363.16
52929654.1
14794335.86
53423567.28
28991077.07
95507844.36
39634438.17
36323495.77
44418004.91
73739838.6
18146974.46
25843213.2
37944557.11
20156300.87
17321341.47
33907907.95
29899619.93
39892542.24
37344137.44
34756214.94
77972375.71
92034810.58
50028385.84
30987707.12
35089200.16
56860356.78
33612338.75
30962676.46
70484040.83
33446559.65
94813237.6
84394136.28
20746456.65
19937777.25
82657619.39
45926811.3
16108156.36
45334447.54
48911924.29
53604330.47
68530562.16
18734372.39
48910942.44
21810782.27
72111939.71
14373825.3
56530347.22
36004612.95
23192766.2
34711514.99
20020991.41
18376631.4
48856507.43
31105921.48
27963442.88
26779221.42
14379768.46
63321285.72
40390251.09
48102753.2
52259744.69
88214473.43
33444905.73
84046832.9
36322273.74
24711170.41
65925923.94
61359895.58
29125361.8
48673962.23
59571213.28
40146227.61
49790891.94
36706237.14
20977307.09
87867170.05
14516168.76
51213432.56
66902663.28
55382436.93
69507301.49
36798469.94
25233012.36
63972445.28
55730067.9
53452766.46
73088679.05
56140623.95
27127211.38
59325270.38
55052132.51
34063731.18
86130653.17
52323341.34
17817749.13
34424957.69
59428192.99
72111939.71
14516168.76
94465934.22
45654859.63
45110974.83
63972445.28
34431209.07
50586626.92
35700831.3
53816272.38
24176396.61
34259851.46
30191475.45
57373827.6
78297955.49
53909418.91
39129683.82
31518555.25
31174846.08
16080132.52
15243187.08
34424957.69
36817595.25
68530562.16
31240801.21
28753536.8
41236703.52
38019785.73
19684220.24
20893185.57
44047632.25
46092618.28
42325437.65
54742265.11
39582976.37
45496524.1
49528400.9
30516293.15
87867170.05
33968317.05
87172563.3
58442204.76
65925923.94
78949115.04
59242706.95
79274694.82
53657090.49
44697652.1
85783349.79
73414258.82
79274694.82
29926071.3
40941786.82
55890479.57
16334167.87
18282572.8
87519866.68
52558829.87
40885418.2
41304306.22
34975449.13
35345097.68
29703828.42
55890479.57
38983255.16
42069091.39
31645117.86
33642374.79
76018897.04
42687028.96
69507301.49
59242706.95
72437519.49
37899421.33
82310316.01
47516400.27
49512226.71
48353713.4
54494549.21
38983863.46
50087372.73
43388157.51
48395838.44
36344816.22
53446011.52
55661986.64
24947746.81
90645597.07
31806788.24
24956621.67
92382113.96
52100190.43
33886988.23
32552431.46
14716171.98
93424024.09
81963012.64
56448939.87
53256013.54
78949115.04
48366113.88
45424772.56
56069041.26
23520857.65
27737028.62
30456880.3
51369750.64
49414921.97
84394136.28
54773714.69
32433564.83
36979821.74
19368370.19
50865748.0
31756348.68
58564537.37
55580466.8
34167718.86
34885343.85
42414929.89
14590527.92
55890479.57
56777960.08
25122771.08
38216269.35
58411321.16
49815742.95
73088679.05
50865748.0
14777258.84
78297955.49
38169126.15
14361659.37
72763099.27
54792342.41
39710061.43
62018966.61
37186317.34
62670126.17
41285943.63
38496082.22
45110974.83
23429904.35
53377939.89
36901324.46
25327429.09
26890380.01
33279064.46
36594940.35
34613624.37
57344831.44
18410495.63
72111939.71
93424024.09
93424024.09
42836295.26
39526521.04
35703236.08
39303197.28
40760592.68
32798610.91
35054131.0
79274694.82
46497207.07
93424024.09
15704855.03
70484040.83
80579757.48
38964802.26
50811185.43
88909080.19
92382113.96
53625836.6
15352462.03
14655232.18
56613022.08
71135200.38
44467111.34
80921102.5
22393347.04
50837980.87
82657619.39
52585158.55
34884111.33
36858190.22
50302159.64
53703862.23
56260969.51
72763099.27
31240801.21
38487999.52
74390998.16
24759601.9
21683947.37
56448939.87
88909080.19
90645597.07
34440250.86
32580319.66
33111316.93
35207394.83
68856141.94
58893298.19
38712264.31
29592998.81
20032448.38
40760592.68
88561776.81
31541323.21
33376844.55
30314011.51
14637839.59
29147051.5
80579757.48
61035574.44
55062563.73
33930681.37
19327200.13
22156827.07
55661708.48
42572656.37
50531902.82
53703862.23
46998778.7
36193761.19
88561776.81
51700020.28
46187159.92
39574956.46
20044496.39
46221149.64
80251434.15
30722292.12
14829765.22
29147051.5
53657090.49
40741525.71
94465934.22
53172444.57
16296977.05
28753536.8
27700625.8
34833209.02
49308453.52
16198592.0
41870737.05
24175354.02
35183899.78
43332467.11
55661708.48
35887758.74
43157472.21
58411321.16
14993364.14
19814908.0
52486962.7
52486962.7
55196183.34
42069091.39
51213432.56
70809620.6
38218152.72
54744897.58
14698728.99
52486962.7
87519866.68
19420857.67
34911638.94
86130653.17
32314853.56
62344546.39
15448177.03
29838292.71
54096405.17
52846763.44
35738297.49
62344546.39
36140527.69
53267811.77
76018897.04
37952766.72
34882840.0
18754311.05
49767288.94
33424151.77
40770389.22
14821006.5
75367737.49
54823352.24
54374206.38
88561776.81
16116225.39
83699529.52
86477956.54
48298100.57
32809604.41
42836295.26
18689071.85
91687507.21
38216269.35
31619756.75
37362254.18
37129691.86
23465700.99
54096405.17
15922580.63
44567102.58
15051719.98
14695555.06
20106700.18
47194712.13
15325362.53
62511752.44
36586718.8
42018250.79
69832881.27
79274694.82
30179224.92
42919492.94
27566204.95
54295183.24
70809620.6
32442270.4
34439009.86
53446011.52
53377939.89
55861472.82
36000685.42
55961338.99
46198762.96
56260969.51
46313210.11
41870737.05
15577518.55
23048630.93
88909080.19
26888898.69
36333957.51
84741439.66
52819642.95
37475542.78
90298293.7
15434489.86
31785773.71
19656404.24
14724893.6
26369835.9
19639066.5
42119932.51
37534046.88
19248255.08
44579643.29
54096405.17
73739838.6
93076720.71
42844478.27
34484016.13
79925854.37
51420366.05
52306498.5
27014874.64
67553822.83
40390251.09
75693317.27
48393801.76
57086013.69
33505400.38
19719417.21
48218540.84
43791073.4
29737769.77
41699828.31
30987707.12
24438502.88
46958205.2
43716691.12
32022212.99
14455474.59
59679714.65
81268405.88
81615709.26
63646865.5
35772438.2
72111939.71
76344476.82
56560608.61
21637732.52
94118630.85
55196183.34
51252288.53
72437519.49
62172567.4
53446011.52
44743871.81
62973270.09
46650871.5
15863295.67
17423436.68
84046832.9
51423990.81
67879402.61
69832881.27
41304306.22
14594366.4
14708771.67
15033705.51
33883192.29
57601251.5
15704855.03
43791073.4
29632732.06
50022818.15
35772438.2
75042157.71
26653568.32
53068412.28
33968317.05
34782618.3
43651697.25
48219153.95
29975335.21
34970133.52
93771327.47
51772560.13
92034810.58
67879402.61
89256383.56
59428192.99
69507301.49
19585906.75
37730040.54
14576980.18
16988842.11
76018897.04
31253131.08
37083589.15
21910578.44
31832417.17
14919808.87
52547142.17
17882748.1
43660015.68
63321285.72
90992900.45
44280945.36
22481434.42
17411886.12
53267811.77
38546031.0
37134196.08
49190936.43
14628848.49
57629994.52
36465886.44
47946846.66
42687028.96
47292588.27
46928931.02
90298293.7
69507301.49
33069145.8
71786359.94
33163082.11
76344476.82
62995705.95
50700516.25
33551057.64
31035788.16
62973270.09
14907496.85
18812389.04
58903622.16
23059822.35
54468915.93
81615709.26
37499067.68
20855133.18
45983502.3
15704855.03
87519866.68
50095262.35
48954668.4
90992900.45
37518629.14
90992900.45
92729417.34
25387774.39
43686470.02
51144869.07
14847288.93
39541245.87
63394918.31
20993500.86
67228243.05
37527019.2
34095147.18
74065418.38
30654658.98
82310316.01
40980146.71
32049414.91
16358072.55
36545278.4
79600274.6
66902663.28
75042157.71
36706237.14
74716577.93
14578581.9
59798548.2
30569677.27
37518629.14
41203368.11
54295183.24
42340517.79
37137969.12
16325421.11
57425056.31
87867170.05
36323495.77
32049414.91
16634065.9
85783349.79
22808921.72
91687507.21
21822606.98
86825259.92
68530562.16
52789309.77
23332180.35
44319790.36
59571213.28
20329382.95
47557601.73
57764098.92
36099912.16
49161045.47
34154070.8
20467794.43
15215884.72
22866493.93
23466727.62
18933377.33
52510858.28
92382113.96
46160576.79
76018897.04
17915565.83
42029015.19
36251489.23
54327576.22
32961528.11
17698026.95
76018897.04
46652515.7
55022179.55
53146387.48
15794770.3
17229209.4
42946829.73
91687507.21
14681324.26
93076720.71
83352226.15
14711491.65
16416320.03
30818518.83
23771020.62
84741439.66
33279064.46
18282572.8
33079266.12
19671640.14
72763099.27
37246798.53
14399825.27
27837805.39
34173458.77
46681453.98
57045838.17
33134192.1
83352226.15
25706467.89
33716978.5
24615759.7
38487999.52
44839035.46
49536223.55
30164927.55
40390251.09
43379894.1
91687507.21
15673651.14
90992900.45
29600544.32
17630538.46
14841055.99
34492301.41
46953751.6
53567714.89
41213583.38
83699529.52
54595516.61
89603686.94
45605884.44
14616421.15
14507487.19
21059890.04
30834667.75
36703215.44
45283687.95
49135712.36
91687507.21
40782436.79
51675104.12
20855133.18
29355214.36
14429598.87
40118482.49
31056289.95
19719417.21
37446097.36
93771327.47
29125361.8
70809620.6
43863282.97
81963012.64
64949184.61
53936243.4
89603686.94
33883192.29
57956956.92
93771327.47
43318907.16
55052132.51
62670126.17
14616656.99
30333694.4
76018897.04
30969201.33
39362329.83
45291319.46
47585998.44
49694164.21
14558065.44
22346563.68
35247575.36
42341181.71
22097213.26
39139157.58
30316614.33
94813237.6
20156655.21
88561776.81
14738534.48
55052905.31
49973406.45
34431209.07
47859353.61
38148639.07
26854077.59
62670126.17
28950052.31
47859353.61
43660015.68
20263055.82
56169709.72
40662019.69
59767160.14
74065418.38
57124083.53
93076720.71
19902236.29
68204982.39
84741439.66
49336100.79
78623535.26
24378551.72
16884144.65
56249231.48
44839035.46
14919808.87
30096527.28
79274694.82
60137670.39
23667043.78
34675851.38
34967120.97
19283033.83
74390998.16
28971821.94
78623535.26
46585446.47
48371676.83
47100998.29
14642788.21
50279901.2
54047976.89
45841848.19
21811771.66
66902663.28
84394136.28
50629149.56
39621823.22
60588114.73
66251503.72
33823090.58
48954668.4
33970871.08
53098791.42
90645597.07
25430903.77
16730716.49
35299475.6
86825259.92
25832617.33
37444840.86
45110974.83
19368370.19
46174738.84
53446011.52
14672626.85
45841848.19
75693317.27
56499191.82
53904940.04
14724893.6
94118630.85
85436046.41
48074608.76
48577302.5
71786359.94
81963012.64
21386168.36
85436046.41
26616788.82
94813237.6
50046431.87
14880771.4
18628606.87
25316325.02
50933872.8
33242156.95
47674539.36
31020367.53
42836295.26
19937777.25
54750075.53
43988869.34
43958712.98
14370143.68
77972375.71
79274694.82
57449422.28
60445094.44
74390998.16
16575837.0
42391825.54
14984165.18
72763099.27
38983255.16
53423567.28
15033705.51
43660015.68
62995705.95
41700469.14
39031521.58
45680640.68
35256234.46
71135200.38
14524850.53
50174829.27
63321285.72
33472830.9
47572056.33
53745635.56
28785405.88
18727457.03
35472564.16
45334447.54
60815914.76
31648765.95
48092575.75
54886813.03
35509296.46
14822395.79
92382113.96
44295183.65
79600274.6
45642502.97
73088679.05
51672299.29
36446960.59
84394136.28
79925854.37
65274764.39
34037033.26
69832881.27
62344546.39
45283687.95
17974305.8
21903734.83
69507301.49
51144869.07
86477956.54
14673912.22
40887206.53
44195306.21
84741439.66
48856507.43
49470145.99
53146247.16
73414258.82
15958757.95
21211468.58
52028397.55
46120933.33
55362077.97
30695049.25
57759601.31
30808066.45
51979882.48
25122771.08
45301929.44
24517543.95
76995636.38
68856141.94
70158461.05
38713995.06
25316325.02
43105025.15
34259851.46
44851815.89
79274694.82
39039501.51
78297955.49
28684739.76
16730716.49
30096527.28
37155855.17
36267168.38
27838171.29
83699529.52
38767768.85
76018897.04
33697491.55
15922580.63
46742707.99
92729417.34
15022060.59
36052058.45
37082201.91
88909080.19
37790528.38
88561776.81
21164786.6
22811577.02
56516332.88
36052058.45
31055093.1
75042157.71
14362784.26
82310316.01
85783349.79
19456345.62
72763099.27
84046832.9
70484040.83
69832881.27
24049585.75
45879868.42
35206832.07
52415643.04
77972375.71
37626310.86
84394136.28
50646362.71
31783979.61
75693317.27
33180259.2
43156798.02
34894430.61
22122620.12
74716577.93
45841848.19
94465934.22
21164786.6
53657090.49
53349948.57
77646795.93
35632647.68
14681324.26
80251434.15
26276515.62
28981307.39
29259459.61
25359376.21
59459459.13
77321216.15
29622272.33
49993961.21
40263357.59
35790246.96
42142833.47
85783349.79
94813237.6
32278187.64
32176547.0
34756214.94
62850937.48
30050925.44
30456880.3
70158461.05
28743753.93
28516062.96
34517742.9
44475637.09
51649041.28
41156465.97
35611942.57
31758679.26
38895134.16
37534046.88
25430903.77
89256383.56
42119932.51
44063161.98
64298025.06
39401491.62
76344476.82
42119932.51
74390998.16
28311564.1
60137670.39
47194712.13
36967191.33
35209194.87
78297955.49
55398067.72
21586298.29
69181721.72
25133409.35
77972375.71
21920360.87
90298293.7
39541245.87
84394136.28
78949115.04
53452766.46
37770808.91
35571374.38
65925923.94
56221086.05
50861191.17
36043838.77
35728422.48
34834547.25
56169709.72
17102135.44
56005388.8
62018966.61
52846763.44
20759581.33
37354352.62
37186317.34
88561776.81
18715963.37
14577463.69
38347873.83
29496532.78
51187990.61
31240801.21
50413657.69
27726512.78
59120374.34
79600274.6
35820828.12
32024016.78
33446559.65
70809620.6
55730067.9
49728255.68
35525722.05
56219648.01
60445094.44
36140527.69
56057500.51
40980793.52
42833302.15
51423990.81
16296977.05
29395694.96
83699529.52
66577083.5
47487658.67
26751151.77
69181721.72
46198762.96
39236874.75
54184048.4
40342068.79
58072364.41
86825259.92
32580319.66
35366522.74
34037033.26
39438017.51
49190936.43
54496538.98
72111939.71
59428192.99
45952828.76
41757195.93
57058419.3
31602988.12
23095192.83
51979882.48
40933795.12
34696039.33
40708082.16
29838292.71
72763099.27
34239741.15
26069242.94
39574956.46
73739838.6
55052905.31
34782618.3
72437519.49
14655232.18
28787856.81
46717358.41
32111027.5
95507844.36
38767768.85
92729417.34
27600931.63
41252211.26
66902663.28
72763099.27
51979882.48
43158846.99
48394540.97
14490135.42
24996303.09
38985603.51
37526686.11
90645597.07
65600344.17
31056289.95
84741439.66
32845789.59
79600274.6
34145498.89
35235973.7
35621369.8
53675552.96
51015131.07
30570863.48
45136286.6
31377274.84
90992900.45
36710242.94
56780251.79
17320145.49
14843269.69
48018907.78
68530562.16
25594918.25
42119932.51
14974966.22
22303974.94
14829765.22
50654313.03
46958205.2
42919492.94
41886520.01
47338982.22
62344546.39
49719097.15
25420512.88
21447648.81
33883192.29
75042157.71
30808066.45
22469237.94
49015992.49
42502365.49
26179985.24
93424024.09
45010735.99
57759601.31
33227404.67
76995636.38
18365183.7
20527966.2
34144949.14
35780633.23
55382436.93
37716641.86
14620449.19
51700020.28
49440070.91
71135200.38
26553074.82
74390998.16
29466206.5
84394136.28
14742336.84
14568287.49
18253389.19
33883192.29
20527966.2
60249147.58
49854580.01
43158846.99
40341444.22
44518042.5
88909080.19
82310316.01
18754311.05
15020964.47
86825259.92
22295292.77
26079830.28
25894791.36
69832881.27
29262743.1
90298293.7
39694300.21
84046832.9
80579757.48
29941526.64
27091448.19
41576172.11
47292588.27
75693317.27
42142833.47
76018897.04
48353713.4
86477956.54
22819301.53
30505623.96
45424772.56
33884777.57
44839035.46
52135539.91
72763099.27
36990447.74
47946846.66
62344546.39
47795504.52
37262234.12
35054131.0
51140778.61
36628999.24
77321216.15
81268405.88
52323341.34
46997482.57
85436046.41
16334167.87
70809620.6
38349950.59
59089234.65
33642374.79
37781262.28
68530562.16
39813646.45
40782436.79
57629994.52
15110165.11
52547142.17
67228243.05
16610711.74
35100397.81
32382028.18
44699484.98
54496538.98
31518555.25
56560608.61
26132251.57
54494549.21
92034810.58
15269415.18
14637839.59
70158461.05
58215384.7
85436046.41
45580968.31
71786359.94
35207394.83
43931873.86
50586626.92
48047624.42
36542602.02
16416320.03
35366522.74
14698728.99
55062563.73
36606191.1
89603686.94
43736355.57
71460780.16
27794977.69
77321216.15
70809620.6
79925854.37
50556922.0
36412189.65
57160104.96
34410952.29
46731835.4
57759601.31
35157579.23
45606589.43
36086382.46
14362784.26
46221149.64
17882748.1
93424024.09
48646832.78
16119760.81
53936243.4
48324699.54
69181721.72
88214473.43
40126470.05
38347873.83
35797195.08
30969201.33
42230193.37
49894906.46
16513834.97
36616969.94
20675107.63
52231173.67
30570863.48
24245236.19
45110974.83
78949115.04
79925854.37
41413729.83
69507301.49
95507844.36
80921102.5
62344546.39
40613743.5
23904196.6
23806278.06
32072255.65
47572056.33
15311482.49
91340203.83
53536141.9
21195371.27
69832881.27
45941700.82
53909418.91
78949115.04
21436963.33
36315272.56
72111939.71
93771327.47
84046832.9
72763099.27
35800510.29
45333745.97
34016953.22
84046832.9
28200375.39
41848052.31
56236764.77
19560587.35
54713169.44
72437519.49
33717565.09
86130653.17
77972375.71
55300522.95
88561776.81
91687507.21
22334397.71
23477457.38
92729417.34
86477956.54
49513523.3
26888898.69
40798263.64
35893817.7
61494197.32
58781289.55
45835130.25
39694300.21
33428914.83
80579757.48
22295292.77
24996303.09
36175242.05
46719376.96
65925923.94
14938190.9
90298293.7
38042564.49
24604241.37
41524936.3
44063161.98
49767288.94
19857325.16
39673309.51
48777320.41
56699089.94
69181721.72
51982237.3
40146227.61
15039955.37
43751347.59
48353713.4
47014695.75
86130653.17
18906941.47
45841848.19
41685874.8
35888076.84
48736477.27
50553216.94
52026264.21
21212273.08
86130653.17
33642374.79
16492778.32
36322273.74
23230229.48
30068708.8
14663929.43
32708021.25
35519704.34
20903626.85
42300834.46
15922580.63
66577083.5
14559598.52
32809604.41
55725726.21
24991749.34
40670004.3
29022396.76
50277150.41
46198762.96
55596113.33
61155036.94
73088679.05
34353098.75
73414258.82
34970133.52
40933795.12
46497207.07
43108090.95
20823236.77
27328824.28
39574956.46
49470145.99
79274694.82
35616462.92
52695756.84
62172567.4
34531015.51
14588985.21
27963442.88
56169709.72
53045631.38
31632208.96
62670126.17
22284492.29
18510087.34
29830849.5
61277369.55
92729417.34
67228243.05
38451675.79
42674717.48
70809620.6
49512226.71
34367269.22
30191475.45
86130653.17
56746987.97
34347526.75
52307854.04
41342386.74
79600274.6
49719832.32
47498360.42
24707655.59
90992900.45
92034810.58
22629915.52
15892164.32
40164600.79
52510231.89
40436021.95
56057500.51
77646795.93
51260249.3
81615709.26
15011763.65
36817595.25
56613022.08
54045259.6
14928999.87
41576172.11
22384341.11
66577083.5
17447040.74
42833302.15
50454929.17
46120933.33
53098791.42
15475559.87
17817749.13
17756225.26
35887758.74
57969037.13
49694164.21
90992900.45
19389359.9
33988695.79
39673309.51
56337710.54
36006250.65
14547828.52
41508871.65
53089094.32
76344476.82
30479492.95
74716577.93
64949184.61
32337738.03
22955638.89
48374781.41
53883706.68
86825259.92
34337189.99
32868705.26
87519866.68
16793615.98
88909080.19
47276163.66
17858078.8
23759951.07
18629651.44
86825259.92
82310316.01
38019785.73
21920360.87
14777258.84
44203754.81
35325678.32
22541056.19
39574956.46
44978478.31
14361659.37
62995705.95
82310316.01
14464127.16
20527966.2
93424024.09
26379542.39
15489255.26
43920220.79
62344546.39
56140623.95
17263024.41
33161202.55
14910617.93
57601251.5
39891909.12
46718077.09
55611286.54
40670004.3
49455817.79
18192393.07
37354941.4
52306498.5
52540494.48
16978585.52
34244274.27
14823733.52
91340203.83
55496669.92
20730550.16
18846738.25
28474645.6
73088679.05
29941526.64
50134117.72
35649512.25
55349568.83
38487999.52
33143661.55
46371619.19
86477956.54
43108090.95
37676006.56
39694300.21
19438756.66
49256736.78
44467111.34
35431049.15
27600931.63
15108189.35
30882655.94
20293885.24
17206138.01
59459459.13
22048105.72
67879402.61
40053155.59
68530562.16
52370514.22
18846738.25
18065218.4
44743871.81
82657619.39
36594940.35
14382489.76
14568287.49
19587127.32
52261360.55
51090468.03
70809620.6
37409522.57
71135200.38
19283910.47
34791230.22
86825259.92
42572656.37
65274764.39
24648519.32
16710708.41
93076720.71
39077745.71
37227326.72
21436963.33
42561579.28
82657619.39
25228858.86
22283492.26
35621678.12
42158591.18
41158889.07
35345097.68
50861191.17
66577083.5
23015278.18
86825259.92
51140778.61
54186677.22
78297955.49
18133130.24
26890380.01
19597376.76
14457366.9
95160540.98
32543895.33
51748957.66
26603919.12
54589142.12
41958034.09
34758164.98
35519704.34
41428784.72
30306581.75
85088743.03
24366908.46
62018966.61
40613115.68
14533534.86
59581791.74
32022212.99
25469734.42
35740495.15
52864605.72
57344831.44
14443208.98
28436174.41
18193510.0
78949115.04
78949115.04
90992900.45
14751066.5
85088743.03
40613115.68
22531694.31
38784504.51
15243187.08
89950990.32
49861551.92
34696039.33
66902663.28
37161280.42
49749265.91
56337710.54
64298025.06
84741439.66
14395601.1
26616788.82
38062427.61
33070696.33
56417905.4
57344831.44
16119760.81
32580319.66
31100507.3
65925923.94
19408246.42
67879402.61
47276163.66
35054131.0
83352226.15
14498810.42
47659762.85
24708679.69
32706957.8
48632818.85
43923501.09
47466636.98
52240814.2
66902663.28
57300530.98
84394136.28
21683947.37
14856052.16
30209845.84
64623604.83
24008122.47
28075565.38
55611286.54
42230193.37
45010735.99
79274694.82
30654658.98
31037053.55
50865748.0
17382152.15
80251434.15
60938247.36
87519866.68
28550418.03
80251434.15
58072364.41
22348903.01
22111954.84
64949184.61
67553822.83
14408496.96
39945127.41
34424957.69
54713169.44
35728422.48
62995705.95
72437519.49
94118630.85
36272969.07
51442182.93
54215396.3
36099912.16
38334356.72
18846738.25
34062475.81
36323495.77
16175982.47
15958757.95
51703114.06
43751347.59
66251503.72
50908569.1
66577083.5
39031464.02
44697652.1
19238100.74
83699529.52
40325254.18
42935622.78
37518629.14
20730550.16
32648013.04
59910180.43
24378551.72
24754641.73
87172563.3
81963012.64
15714563.7
55777327.59
71786359.94
87519866.68
79925854.37
46769401.49
14856052.16
19902236.29
42391825.54
58750277.9
37770808.91
20541863.26
15448177.03
81615709.26
39846718.22
23726770.32
52231173.67
82657619.39
21211468.58
33163082.11
90992900.45
59798548.2
23765020.7
46585446.47
14546631.39
70809620.6
27363414.05
46650871.5
45010735.99
55890479.57
16012509.92
41413729.83
15061044.57
15461868.21
87172563.3
39798774.95
76670056.6
80921102.5
18933377.33
41971522.83
50980382.78
59120374.34
88909080.19
42292710.65
43388157.51
34727444.5
52540494.48
62850937.48
42869847.42
57290968.79
62344546.39
34561115.65
87867170.05
16884144.65
32913999.27
40708725.55
24001527.41
32289367.25
37988469.25
71460780.16
20338441.23
14628848.49
65600344.17
56699089.94
60106127.29
60815914.76
49528400.9
33505400.38
57657559.51
31876372.31
57160104.96
93076720.71
56560608.61
23522815.03
39989696.25
82657619.39
28911198.81
81268405.88
37790528.38
49234095.85
38314330.19
60018672.99
52540494.48
38224418.67
22520907.99
49488152.78
33614625.47
46400019.21
50556922.0
52331728.73
29385227.69
72437519.49
65925923.94
35235973.7
92729417.34
28278592.4
42355861.91
47014695.75
87172563.3
45019419.58
73414258.82
29105454.44
38077953.61
32973775.92
29262743.1
30770080.64
20823236.77
16771556.63
39303197.28
53867618.02
39031464.02
65600344.17
40488766.48
18516066.98
68204982.39
68204982.39
40670004.3
36592491.69
40526210.29
60106127.29
49973406.45
56260969.51
25430903.77
46187159.92
14956575.87
47834970.03
67228243.05
44567102.58
72763099.27
24471470.28
26513823.85
78949115.04
80921102.5
78623535.26
16150383.56
48298100.57
25801932.91
37253408.35
34531015.51
46996760.47
14421094.16
55391095.57
19202692.49
46370923.05
51420366.05
50028385.84
64298025.06
17022180.11
91340203.83
85783349.79
31645117.86
64623604.83
26778120.31
32968735.95
79600274.6
50454929.17
14646535.09
65600344.17
44679875.21
33399682.8
45349771.72
47286683.51
46120933.33
40510392.5
48952637.53
35822041.79
62670126.17
28312986.18
63055733.27
22341649.49
23520857.65
40722956.91
14696516.9
51423990.81
51420366.05
46679112.21
40398237.18
37137969.12
38586097.02
19162356.51
74390998.16
20903626.85
15646460.22
41796356.77
88909080.19
47516400.27
23477457.38
89256383.56
48298100.57
45654859.63
57045838.17
42325437.65
30450561.31
14438188.31
65274764.39
37409522.57
86477956.54
36412189.65
81615709.26
94465934.22
34993137.92
40885418.2
32599653.59
31982475.52
14616656.99
76018897.04
37629175.69
19814908.0
51982237.3
81615709.26
83004922.77
44247271.94
49973406.45
63972445.28
42974817.17
49998123.78
18847726.63
85783349.79
40126470.05
40980793.52
28507756.13
91687507.21
63321285.72
42517339.9
66577083.5
83004922.77
53883706.68
15429626.52
30848000.5
37681144.65
41886520.01
78949115.04
37427721.09
17894270.34
70158461.05
18499943.98
29370768.69
18075406.03
51540115.83
25183217.07
43218949.64
34975449.13
83699529.52
43172353.0
34302868.83
57425056.31
83699529.52
42614654.45
73739838.6
17800686.46
42900185.63
33365120.48
14864851.44
14761661.12
32314853.56
54013436.91
37897718.5
43388157.51
36261753.99
44418678.27
32376826.93
35446832.26
36250191.31
25943212.78
31090174.02
36516589.71
29934097.89
14910617.93
21574472.05
28175410.79
69181721.72
35822041.79
38314330.19
38224418.67
54264270.25
65600344.17
57459853.14
90298293.7
75693317.27
19981872.98
32191898.12
14973490.62
72763099.27
81268405.88
35377400.37
54045259.6
53324980.92
34244274.27
68530562.16
37332564.04
29496532.78
32580319.66
45835130.25
22585857.02
46679112.21
65600344.17
90992900.45
18801625.28
26651723.91
86477956.54
88561776.81
16828108.69
38487999.52
20975331.72
34490927.79
14417168.65
29899122.23
14395601.1
27691075.84
45563219.34
81268405.88
55513428.17
35791836.86
35704523.36
22303974.94
35325678.32
47821300.25
39348476.96
57759601.31
42102681.28
59089234.65
50909339.11
17045551.35
50700516.25
22097213.26
38487999.52
43651697.25
93771327.47
34984099.46
63312497.92
42663724.16
77646795.93
36516589.71
81268405.88
23528554.88
90992900.45
47739714.99
45592288.8
32543895.33
43875908.59
34884111.33
52668008.29
32442270.4
32176547.0
14847288.93
76995636.38
63646865.5
35720276.22
57901972.02
36052058.45
58781289.55
82310316.01
62511752.44
48577302.5
40053155.59
46650871.5
66577083.5
39954607.66
44008650.46
40760592.68
48018907.78
15968383.48
43172353.0
37362254.18
34159098.06
43503361.58
42292710.65
57969037.13
36901324.46
14568302.38
15366121.88
31512936.0
71460780.16
39031464.02
23806278.06
62018966.61
79274694.82
87172563.3
31710445.59
78949115.04
53745635.56
81615709.26
41205573.3
53424368.09
31358159.77
38767768.85
33907907.95
56097875.63
35700831.3
55677633.41
37362254.18
15327829.46
15066652.46
26132251.57
18281216.06
14838525.7
53098791.42
92034810.58
15457689.25
54376537.96
15325142.31
34239741.15
50561295.63
93424024.09
80579757.48
78949115.04
42430663.07
44420502.34
21110247.51
57673191.75
20338441.23
36244648.67
41413729.83
25801932.91
55118527.18
40072191.5
47768601.86
16012509.92
84741439.66
61955714.96
24043364.39
32877671.47
33886988.23
82310316.01
37618956.43
54468915.93
56746849.09
75693317.27
17715176.42
63321285.72
30688234.24
22147446.14
68530562.16
37060555.11
30456880.3
14559598.52
27691075.84
37071961.62
73739838.6
35064799.24
73739838.6
51649041.28
52819642.95
32314853.56
14749740.65
55166432.68
21533398.31
27014874.64
53068412.28
14950229.17
42391825.54
44191966.4
58349823.69
33642374.79
41746596.26
36683867.04
33505400.38
70158461.05
18411578.78
35256234.46
50654313.03
86130653.17
65274764.39
30209845.84
63190165.31
46400019.21
79600274.6
14524850.53
40226515.34
32163921.0
56860356.78
14542222.14
57045838.17
53441370.5
42514914.8
45983502.3
32191898.12
19064883.39
43430945.8
20338441.23
66902663.28
47765959.66
24615759.7
43775496.92
63321285.72
31379408.94
68530562.16
24141365.24
74716577.93
50925857.8
54164480.67
29456485.71
64298025.06
22348903.01
47129980.16
47534392.77
53982548.72
14946976.18
20512199.62
73414258.82
85088743.03
36889124.7
62670126.17
24187084.98
33771215.36
34511177.9
48911924.29
70158461.05
17056036.46
28200375.39
93076720.71
52279666.63
42230193.37
57300530.98
39845789.07
35972731.31
80251434.15
49135712.36
80251434.15
40662019.69
37526686.11
47830724.99
24049585.75
88561776.81
25078939.98
19342692.5
36955596.88
15863295.67
14417168.65
53098791.42
41430572.99
76995636.38
14556860.34
29496532.78
56169709.72
64949184.61
44295183.65
82657619.39
65925923.94
39329175.68
24234281.34
29633819.12
34610650.05
31225691.43
90992900.45
37617631.91
19639066.5
68856141.94
24366908.46
34967120.97
20156300.87
35105303.89
35728422.48
16296977.05
15685264.22
93076720.71
39168769.06
39527135.84
94118630.85
60445094.44
51369750.64
22858222.91
37071961.62
31783979.61
16666186.79
52415643.04
31718917.08
17629205.66
67879402.61
30960880.9
75693317.27
43923501.09
72763099.27
69832881.27
15407115.6
46400019.21
38803797.39
21638166.13
17643010.29
56916809.68
49464135.17
23103088.24
25193756.7
67553822.83
26616788.82
40216946.91
46821620.55
21575456.12
46470720.23
29941526.64
32463563.22
23533929.83
47208646.16
43601726.62
35167883.77
52791282.79
14412589.44
39846718.22
35978001.7
94813237.6
24043364.39
80921102.5
47739714.99
33631488.87
68856141.94
14850697.22
65600344.17
30782072.36
37892459.82
43414262.49
36359119.3
76670056.6
41032449.45
52521062.48
20774954.98
40498441.34
14655232.18
39710061.43
45110974.83
33642374.79
14697512.55
45879160.0
40662019.69
45815485.51
43701686.42
14984165.18
42300834.46
46958205.2
40418591.16
66902663.28
14547828.52
43920220.79
56260969.51
14672626.85
50837980.87
50374781.75
35791836.86
31845228.26
34224518.07
33493282.51
45654859.63
33415676.88
84046832.9
25894791.36
40941786.82
84046832.9
40254156.94
69832881.27
34173458.77
15577126.24
21770326.27
34169011.69
33642374.79
50325574.8
49414921.97
56746849.09
32263020.56
37401219.88
45881182.04
31168815.6
16274852.27
31834237.99
54327576.22
69507301.49
48018907.78
64298025.06
44245228.19
47276889.18
14490135.42
51392152.79
87867170.05
62018966.61
27700625.8
49308453.52
22341649.49
50307505.85
77646795.93
36523675.31
42786614.96
17229209.4
43388157.51
19030306.98
45077586.85
20746456.65
51680800.39
37071961.62
27566204.95
31340059.28
27726512.78
52135539.91
94465934.22
48042976.84
44825553.56
55303170.55
62344546.39
33150889.99
51703114.06
50556177.08
14978776.37
37971594.28
40660234.8
20993500.86
14883045.1
41958034.09
14556860.34
15545501.84
21195371.27
92729417.34
48045685.8
32648013.04
93771327.47
14806112.47
49792950.75
33242156.95
56869320.57
20512199.62
30448054.38
33665178.84
17599945.41
40437996.95
43058972.21
37227326.72
43791073.4
36340391.18
42613273.46
66902663.28
47237298.2
83004922.77
66577083.5
24280451.41
22718527.0
32845789.59
64623604.83
79600274.6
14735214.26
75693317.27
42515565.39
15646460.22
32149765.36
82310316.01
62344546.39
14546631.39
36683867.04
82657619.39
20457362.19
81963012.64
44738921.13
57547388.91
44195306.21
18846738.25
45864574.3
75693317.27
23703269.46
41477351.48
51140778.61
40782436.79
20120288.23
64298025.06
17847875.77
27049455.56
30697619.6
35978001.7
32421936.21
30563297.78
15030165.29
89950990.32
65925923.94
50252648.69
53067638.08
29859363.16
49191029.74
15544117.46
33527203.55
92382113.96
17102135.44
55071548.95
23466727.62
74065418.38
62995705.95
86825259.92
45349771.72
37499067.68
47286683.51
19327200.13
39438017.51
62344546.39
22147446.14
19804664.56
66251503.72
15751031.53
14455474.59
67228243.05
20250078.14
40070414.23
44245228.19
41032449.45
57355867.0
32382028.18
14973490.62
19857325.16
36344816.22
27225858.52
27363414.05
50581603.73
68530562.16
34173458.77
46649921.76
32058658.06
53905724.0
69832881.27
55777327.59
15000023.28
38261715.15
30925950.44
24245236.19
38042564.49
34237847.58
46198762.96
94813237.6
18906941.47
85783349.79
29500221.56
95507844.36
53146387.48
20717452.66
15496708.96
36446960.59
28887784.71
62670126.17
35301540.77
50735030.12
75693317.27
18297777.56
46542242.81
26416772.19
50307505.85
28911198.81
41699828.31
36272969.07
90298293.7
87519866.68
84046832.9
15297823.4
51748957.66
34159098.06
91340203.83
37137969.12
47770666.36
87519866.68
19236658.5
57216778.63
93424024.09
18193510.0
74716577.93
15051719.98
38983863.46
35597268.49
50302159.64
49536223.55
45812927.76
43207529.95
20948941.68
73414258.82
38451675.79
53657090.49
30407211.75
45562763.05
70158461.05
36545278.4
48884710.48
34700840.61
36115284.02
48114383.91
25150442.89
34173458.77
93076720.71
37634599.56
51396062.76
40420262.11
25133409.35
91340203.83
35789532.89
18079495.45
33706039.59
22007310.18
82657619.39
35235973.7
75367737.49
53703058.0
91340203.83
39410966.75
40238348.21
18330343.21
14421094.16
85088743.03
29919851.52
44518042.5
94465934.22
15039366.14
36594940.35
14808311.24
32289367.25
21164786.6
94813237.6
36052058.45
46650871.5
26653568.32
67879402.61
78297955.49
14615609.08
44591949.8
81268405.88
30697619.6
40662019.69
33161202.55
39150271.04
31512936.0
65600344.17
33341610.47
31446874.31
19438756.66
24886169.59
45926811.3
38606297.42
64623604.83
90298293.7
62294900.0
35800510.29
16885286.82
62995705.95
34169011.69
47208646.16
37161280.42
43651697.25
27726512.78
34239741.15
38621499.26
18411578.78
19190232.37
19719417.21
80579757.48
39129683.82
33614625.47
32631482.64
86825259.92
34834547.25
37618956.43
65274764.39
35258832.49
84741439.66
62511752.44
44467111.34
18727457.03
36586718.8
36858190.22
48577302.5
21110247.51
57516751.78
22520907.99
74065418.38
83699529.52
23192766.2
32543895.33
31174846.08
20675107.63
33083228.36
82657619.39
62995705.95
28550418.03
87172563.3
41524282.64
43703048.62
86825259.92
56337710.54
68856141.94
51144869.07
32809604.41
54164480.67
17364664.82
22520907.99
45983502.3
45291319.46
52233189.23
36056260.34
61616529.92
37253408.35
14524850.53
43703048.62
34984099.46
57459853.14
43479438.77
14594366.4
15185380.17
38314330.19
31328420.2
28311564.1
38711659.26
88561776.81
32376826.93
35456160.71
15545501.84
33532982.33
15048567.21
77646795.93
49694164.21
28745353.24
33930681.37
30306581.75
20823236.77
32897256.64
28516062.96
47555566.84
31302781.23
55071548.95
51746833.63
43116300.18
51671821.02
63321285.72
33883192.29
16326706.02
49743476.66
21910578.44
40197116.16
79925854.37
34609384.05
36718691.57
57459853.14
45019419.58
29926071.3
88561776.81
91687507.21
51700020.28
95160540.98
56746987.97
36866420.63
59232254.94
36043838.77
29458512.94
39302938.23
16804186.8
89256383.56
53733088.35
21873942.45
53452766.46
87519866.68
35501813.89
46922791.82
44407677.2
29975335.21
82657619.39
49056710.6
55300522.95
34439009.86
28210876.12
69832881.27
47194712.13
35903556.74
38759730.75
63972445.28
21810782.27
38857890.42
25193756.7
58049689.89
25905217.17
48856507.43
42702740.12
48602994.58
94813237.6
39813646.45
38179307.74
47558696.79
46742707.99
87519866.68
91687507.21
48673962.23
64298025.06
42974817.17
74716577.93
39621823.22
38314330.19
35791836.86
24175354.02
16761278.89
62018966.61
19438756.66
76018897.04
33075587.17
30582303.93
14710489.36
76344476.82
95507844.36
37356625.62
36250191.31
35238208.38
35105303.89
64949184.61
90645597.07
52261360.55
37906950.87
74716577.93
45606589.43
33239588.01
33612338.75
56849263.75
86825259.92
54045259.6
84394136.28
92729417.34
21338337.88
94118630.85
85783349.79
74390998.16
26132491.24
15898378.2
38818118.3
14391154.23
40163964.24
14891021.31
14603059.87
47278190.21
58564537.37
35616462.92
44519388.8
55852400.51
70158461.05
85088743.03
34070205.35
29125361.8
15048567.21
43388157.51
14707450.36
85783349.79
55332095.92
21466588.6
18112300.33
62344546.39
14935966.41
52509464.19
45224305.64
94118630.85
54773714.69
33989052.95
70484040.83
24841579.0
64623604.83
36863335.08
32176547.0
55661708.48
89256383.56
42613273.46
18035565.59
14823733.52
37947079.64
33692847.42
14373825.3
72437519.49
94118630.85
76995636.38
40710067.72
55730067.9
88909080.19
37717905.5
40390251.09
28278592.4
21770326.27
32442270.4
51982237.3
51114234.83
93424024.09
37629175.69
14398818.03
39541245.87
36357891.36
46159266.34
73414258.82
39031464.02
56951995.44
30744944.56
79274694.82
30314011.51
89256383.56
56860356.78
59798548.2
40342068.79
57086013.69
93424024.09
31910826.96
21875034.2
47659762.85
56398478.49
39236874.75
92034810.58
85088743.03
87172563.3
40662019.69
39438017.51
34791230.22
52261360.55
39303197.28
23055714.68
31834237.99
