78868025.93
68866460.19
69021664.47
31452739.96
29067862.61
68593019.28
17245689.61
68791620.51
68587070.87
68549013.32
17208052.62
73343681.88
30711632.91
35622851.88
66894195.53
23330770.18
67765616.51
28516987.67
67465285.95
17322406.15
30565983.6
31160050.22
74787380.4
37714603.62
142516184.3
38786585.02
77988314.6
27174382.5
23676397.48
35023503.24
141875256.08
143197952.82
74109216.99
78866164.43
74470485.33
143432159.71
34224521.61
68428967.76
30742029.84
29446600.63
38041135.44
143194012.03
37403788.96
31151415.24
17201832.19
143072616.39
68913064.12
66406210.13
23461448.02
30231203.82
18181855.99
24048174.14
78688633.62
17190683.4
18051932.74
141795363.74
33491086.57
70262099.79
78398877.24
77973732.13
18220109.26
30724128.2
143143689.24
26542458.15
78848184.62
27203648.0
78768406.68
67219345.57
143021148.67
38016605.5
17301850.03
66795477.39
30602118.15
30613741.42
73649230.75
143670109.75
68209533.21
30187295.13
77963178.6
29363566.96
74131076.9
78757986.64
74314972.2
143260793.02
23710956.26
79785926.82
68569670.87
17312174.73
28034312.43
68819061.85
29503325.49
68321502.54
34195518.94
78241296.78
66826762.41
68186385.49
38266568.65
35083837.57
18113421.96
26998204.37
29348432.62
30151535.11
67821083.75
30509120.15
69109487.91
78253728.99
18281481.23
69210433.9
142458571.48
29614961.38
79912866.72
80592464.65
68489637.82
30336963.85
143116501.76
77929353.87
18094811.04
67807327.83
34577615.81
30877276.35
68129831.67
27155915.02
77892103.19
23230340.27
142809724.39
27640156.21
142703692.92
78486382.69
66784962.12
29689980.76
22870831.98
30370967.98
74315914.99
29845681.87
29601309.3
68372134.69
37446582.2
17156956.96
77648783.72
79301734.15
17299852.87
79238781.16
30369247.64
30870497.14
77975854.66
66596692.73
29669794.78
29085706.78
78642442.91
142848733.0
68668232.5
31370424.88
35566479.19
17267152.39
79037854.85
78757298.11
69355579.57
17200912.12
78018567.62
78847597.77
18138279.34
78822523.55
78326146.97
67833012.06
74389473.6
79051429.12
68001561.43
70213705.0
68654983.15
18405458.39
29609643.96
78456185.46
38570783.86
34060478.51
66665667.14
78966112.69
30075656.22
66993208.09
69329566.05
26416453.68
18233241.94
25928903.31
68117326.65
78226922.31
29474233.98
143823076.46
29829105.28
29873614.44
77596639.99
78747255.85
68331394.74
18126410.62
18252853.8
72818742.63
32968486.26
66874462.14
68346468.65
28194456.44
30490860.02
77840241.5
79101508.5
68258464.85
69049693.68
31120285.88
28830694.08
68580714.67
17184187.4
68666088.73
68701832.45
67299877.74
17174757.63
73860221.84
30670503.53
35280602.93
67317286.37
23723002.88
67209493.91
29058037.13
66227251.16
17295371.3
30457590.35
31041372.62
74898256.81
38535182.07
143214589.29
38925570.68
78539954.37
27394974.29
24217903.1
35633320.3
142853857.39
142878171.63
73473077.53
78823678.58
74181945.48
141916074.79
33378791.64
68783061.09
30131260.89
29141006.62
38133587.3
143239965.98
37681052.32
30604927.79
17214661.41
143113712.36
68870304.13
67666587.39
24085275.93
30723491.16
18199985.19
23922545.91
79331984.43
17164119.69
18112169.38
142610396.66
34023780.75
68622952.46
78190414.7
79481083.67
18218435.75
30636900.32
142001404.08
27086444.07
78898981.22
26551927.94
78771748.14
66563647.22
142679056.86
37961433.56
17263375.27
66421309.11
30132291.03
30369830.78
74284060.44
141924360.49
69401078.36
30069721.65
78679559.23
29219337.55
75148648.12
79079171.34
74655980.71
143852405.29
23133833.89
79198027.92
68505798.31
17323886.68
28088941.62
69146840.81
29792892.4
67812718.15
34707126.14
77865476.29
66412641.2
69458768.32
38384769.8
34698726.1
18148865.34
26640983.57
29133607.07
29697888.24
66897810.75
30705972.1
68824199.1
78383709.57
18234666.49
67948084.11
142744403.55
29539315.84
79464225.99
80212510.25
67955529.97
30132786.95
142897078.54
79018204.44
18087012.84
68995623.85
35201079.15
31820409.56
68744678.17
26893093.34
78340588.81
23747797.14
143261577.92
27823768.9
143333510.37
79391522.36
66987802.34
29790641.68
23355759.87
29761978.47
73294463.65
29501017.47
29429159.19
68721699.92
38871670.47
17175539.96
78050046.32
78703493.9
17311406.04
79448407.59
30764711.48
30467883.94
78620613.13
66767530.17
29729618.92
28784923.58
78276393.6
142883827.34
68499484.46
30947848.91
35820485.82
17265939.57
79119955.08
79008991.89
68829224.3
17197090.11
78459175.85
78875638.48
18093584.33
78415315.26
77349149.39
68120796.74
73445508.76
78744125.06
67713288.46
69393735.91
67967610.43
18358030.44
29394835.66
77354202.56
37603265.0
33537860.88
66765012.89
78344799.17
29151340.63
66906434.8
69538300.36
26160770.46
18244653.74
26571793.03
68376175.16
78126326.46
29846104.13
143162724.52
30051828.41
29874688.03
78631477.65
77922734.27
68697823.61
18107195.03
18270757.43
73214299.17
33803961.24
67470956.39
68112935.16
28246624.31
29696342.27
78900056.03
78604852.45
68490165.33
68601239.34
31962760.25
28718505.1
68661040.46
17219290.48
68182031.42
69702978.28
66289585.53
17176668.28
73958155.54
30327334.79
36001457.11
67995722.56
23630735.08
67981790.59
28933087.34
66591403.93
17339890.48
31109218.09
30768124.27
75789556.46
38028067.86
142666602.25
38162084.35
78413393.45
27647174.74
23635562.99
35075544.48
143229184.34
141904483.29
74116654.2
78585457.47
74948701.9
143037578.32
34329883.92
68287619.64
30692145.9
29459998.57
38603801.37
142870532.27
38235094.4
30157626.22
17182546.35
143357539.79
68252245.24
67135359.3
23532836.82
30820255.39
18231040.36
24147519.99
78752164.06
17159616.27
18060016.96
143422866.52
34504549.52
68452628.01
79571811.98
78448034.11
18217018.38
30863057.31
142765670.47
27071183.86
79035365.84
28185731.22
78886747.74
66538791.11
142333431.11
37215490.12
17264678.68
67694439.56
29706687.78
29114243.06
75035910.22
143563540.47
67985086.8
30383983.04
78166439.83
29001984.73
75570459.77
78481917.83
73911442.45
143386087.35
23295757.86
79282945.39
69240312.82
17353378.99
27944480.84
68223916.82
29096974.86
68335697.2
33526506.32
78821769.32
66006824.32
68535332.04
37894910.74
34845483.92
18110303.19
26720890.17
28714806.08
29986972.05
66670315.48
30355558.25
68140452.83
78366753.6
18247494.53
68130304.14
143132302.11
29246012.9
78623867.58
79481884.01
66844128.0
30515739.56
142269836.74
78160020.88
18074598.17
69209213.55
34292137.57
31187136.22
68840213.45
27429758.05
78083167.39
24599694.15
143391448.54
28098782.14
144336021.97
78548595.12
67592010.67
29568206.29
23036236.54
30269425.16
74100563.24
28892481.66
29956945.69
68931570.96
37695973.71
17155303.31
78435319.72
80501315.53
17316599.23
79682504.03
30421109.46
30838881.38
79096144.0
67296737.38
30434667.61
29403325.48
79917682.65
142858738.51
68300640.83
30841647.8
35932524.52
17287862.72
78338524.62
79014238.52
68821879.24
17146270.02
78212361.89
78365796.24
18158492.26
79755897.71
77599244.39
67848910.04
74082257.63
78983238.9
67542178.26
69814281.55
68152139.21
18389683.93
29242121.82
78368122.56
37952794.0
34894739.28
66820120.77
77829642.68
30900988.34
67117495.91
68511824.97
26456792.09
18228355.99
26531216.33
68191320.81
78914528.56
29785591.55
144434309.4
30672734.69
29575393.97
79121055.58
78570276.99
68981624.77
18128281.54
18256525.47
74357703.85
33715815.91
67144942.18
68096287.29
28507769.16
29127754.03
78669339.44
78296377.8
68778684.1
68101703.31
31403373.0
28689918.9
68112114.07
17209779.65
68933849.22
68789206.03
67205095.21
17183964.92
74463118.73
30592885.22
35087474.27
68024105.9
23876865.92
67902917.16
28297183.03
66138612.93
17281563.12
30382332.86
31078523.11
74874865.63
37909611.77
142002916.63
38121442.43
78627287.66
27160863.35
23938279.23
35764164.0
143036390.32
142874529.76
73873195.6
77990961.63
74359556.2
143262753.66
34738061.63
67795236.07
30723192.43
29766802.53
38073491.63
142752190.52
38375524.45
30591001.25
17186307.78
142905714.24
69299616.7
66795869.99
23239829.31
31095333.94
18201014.8
23971584.73
78428755.0
17162572.61
18091463.03
144019209.81
34139890.67
68476212.48
77482257.74
78512640.23
18183756.77
31511655.21
143202663.22
27133660.94
78753666.17
26732771.05
78256996.58
66564366.84
143839215.03
37961992.19
17281034.14
66788515.86
30299421.57
29732714.59
74431492.34
144225539.77
69101533.71
30344274.38
78550392.57
29411887.45
75196873.42
77783799.56
75556757.0
144016732.91
23157839.71
78586045.92
68177162.52
17369762.45
27895181.59
68669849.87
28749750.35
68910618.19
33937149.68
77791896.35
66853496.34
68284694.87
37917558.97
35743903.34
18096894.66
27004648.39
29068180.87
29664427.42
67469435.07
30968315.45
67952452.1
78215088.13
18229532.01
68855214.46
144446809.14
29814569.8
79350775.15
78968803.28
67081404.71
29726964.38
143281725.6
78137756.39
18078085.97
67939167.33
34994622.09
30637276.3
67885930.72
27788010.83
78485312.72
23583699.07
142600627.01
28278080.52
142685770.19
78580285.41
66930475.19
30195765.1
23345042.4
29850297.05
74462280.11
29536134.42
29827046.55
67774044.61
37656252.9
17146834.29
78302087.84
79407243.87
17320383.35
79237974.83
30122881.76
30649270.08
79642949.32
66761168.17
29924778.97
28369597.87
78906956.48
142410133.17
67609255.82
30342277.0
35631410.51
17255718.97
79443091.51
79290743.08
68867685.18
17200011.64
78534269.68
77848536.48
18111436.59
78839166.57
77933321.91
68705658.61
73934064.84
80216198.6
67497176.19
68850997.02
68564448.64
18384899.17
29565197.5
77776568.72
38767426.06
33639653.54
66100920.63
78521037.49
29910326.41
67088323.29
69065181.79
26335614.65
18245905.1
26924372.14
67986966.22
78618299.96
29184160.78
143174508.15
29888150.85
30214366.35
78546305.99
77409940.72
68848904.24
18103889.63
18265153.87
73687862.5
33785801.41
67129901.79
68738087.81
28611862.84
30034284.68
79122177.27
78894859.12
68969793.81
68820089.84
31611266.39
28951479.16
68260623.25
17195383.35
68349486.66
69575337.01
67497417.19
17188717.8
73017026.27
30796895.69
34196070.92
67940966.41
23865778.16
67789130.48
29378159.65
67527930.63
17319117.95
30652598.92
31176832.12
75728001.57
37295478.97
142278342.05
37923647.93
78616443.43
27233221.58
24926703.35
34500060.59
143778436.85
142865147.52
74421588.03
78708614.07
74542146.33
143395140.05
33240226.7
68742819.32
30871766.92
30279227.78
38287801.74
142404428.49
37815177.32
30657502.41
17200332.98
142876362.58
68474468.6
67925452.25
23285129.52
31001971.32
18216772.06
23707812.1
78922892.5
17145008.46
18055704.51
143570781.32
34780509.87
68606290.14
78535607.89
78686930.95
18203955.56
30922686.69
141164178.08
27275132.72
79804405.12
27913336.5
77597599.7
67513724.28
142873016.18
38028284.28
17286301.59
67905108.64
29831461.57
29431595.43
74420230.82
142216664.24
68020173.92
30111290.54
78562506.69
29300085.37
74944171.6
78134036.69
74330742.63
143349883.95
23978394.27
80786899.81
68189363.87
17343835.06
28885947.02
69424472.38
30220734.94
69088062.45
34311987.55
77469998.82
66345523.09
67817198.05
37823740.83
35146863.65
18086640.28
26427983.98
28685543.67
30262588.3
66957726.18
30803067.82
68879806.79
77255194.75
18233573.88
68310322.45
143234830.03
30008058.77
78631472.88
79599216.86
67983974.78
29893577.13
143310902.84
78270727.57
18115260.16
68766604.6
34415448.38
30882156.08
68858438.34
26630395.95
77876346.29
23364782.92
142206153.78
27647948.12
143791995.5
78568409.84
67059124.21
30982433.32
24093043.58
30034020.15
73151508.88
29877169.2
30160307.97
68883836.44
38183788.15
17174254.4
78056699.88
79721721.8
17303318.14
79662485.92
29866266.62
31094256.4
79374361.56
66974622.64
29326046.68
28961861.62
78638510.91
142024640.52
68699900.59
30066168.86
35621693.07
17251886.81
79082489.81
79995311.42
68057767.95
17217650.46
78702859.03
79004638.44
18129669.9
79498351.88
78441691.26
68245974.36
73279898.64
79712582.38
67401347.4
68886196.41
68224663.56
18337265.41
29849931.1
78304038.65
37681599.87
34332116.79
66731351.98
78421809.32
29675202.07
66858541.09
69212224.5
26375992.13
18255150.8
26072312.27
68240977.73
78500696.65
28655634.12
143973346.88
31055888.48
29394443.86
78777248.55
78460744.57
68678751.62
18105707.67
18264567.1
74509136.72
33924007.87
67037522.77
68314085.47
28043367.07
29257585.56
78604141.81
78362380.71
68911019.88
70050644.24
31188490.85
29348061.16
68409289.3
17193075.3
68629221.14
68622019.65
67457341.71
17185724.04
73387114.53
30379555.91
34751642.61
68053071.84
23701100.33
67337654.61
28643183.47
66809400.58
17330025.44
30365458.44
30350955.75
74919651.79
37861834.62
142541069.83
37675729.0
78641769.15
27290080.72
24211607.09
35340063.5
143778531.38
142547420.17
74554263.65
78411901.77
73557869.5
143190587.67
33786446.27
68688012.04
30030841.71
29876434.97
37517206.61
143018001.43
37739717.75
30995865.1
17188347.34
141591971.09
68727310.35
67015678.52
23566373.9
30725776.56
18167122.98
24299435.92
79139247.57
17169235.54
18044777.41
142546855.78
34024659.7
67952005.22
77536893.48
78923711.6
18185737.97
31303250.31
141072332.66
27034037.61
78686433.27
27832665.49
79066578.02
66322126.61
143117572.68
37744499.76
17269712.96
67764472.07
29804201.43
29872795.93
73968969.31
141807545.08
68098177.43
30442162.71
78825861.32
29875565.73
75435212.29
79395393.33
74670718.56
142848234.03
23079606.38
80016215.53
68561523.03
17327528.44
28126000.91
68575782.96
29520758.35
68094556.82
33543910.8
78175818.46
66252247.42
68982445.44
38640741.56
34826041.2
18124996.55
26436875.76
28664510.04
29793723.92
67599843.31
30250435.95
68246152.66
78389970.92
18233792.3
68794606.07
143541454.7
29567272.86
79559796.03
79708894.68
67050726.79
29388651.02
142328647.37
78175965.01
18101624.69
68374759.45
34899405.83
31352653.15
68877088.49
26901908.14
79285510.01
24270824.85
144018918.43
27876013.66
142807298.26
77935610.8
66756737.81
29789155.99
22458002.36
29748130.26
74854146.79
29512588.17
29931648.49
69588437.06
38502865.32
17144567.84
78602081.4
80544081.08
17333840.91
78735964.42
30665849.13
30900381.87
78562593.6
66587462.94
30149983.48
28625298.63
78827919.23
142956310.37
68586477.94
30944755.61
35640245.87
17274547.81
79811336.06
79463594.94
68254879.04
17216281.74
78884922.97
77622749.08
18111484.63
79835647.77
78436343.79
68434865.43
72582689.02
79563647.93
67779875.12
68478298.22
67413372.46
18353428.48
29450971.32
79136557.17
38243126.61
34531498.78
66470215.46
77620170.43
30037056.6
67684696.63
69398353.97
26218206.01
18252654.34
26139904.16
68626469.1
78890725.69
29444859.62
142342079.31
30280968.84
29881535.05
78492693.43
78954419.21
68973208.21
18122323.76
18198183.03
73874011.63
33612068.78
66063969.0
67414949.9
28732005.42
29858647.45
77947956.66
77903054.04
67406112.54
68195629.73
31278011.78
28992986.34
68838482.0
17237964.31
69460580.57
68731775.59
67204811.25
17200949.89
74027051.24
30774404.57
34557590.56
66454695.28
24440249.97
67816277.17
30077221.28
67818929.08
17363113.49
30618510.53
30600376.91
74772028.97
37391659.48
143378898.06
37957738.3
78032761.49
27404299.96
23758893.51
35086906.74
141904319.4
142074690.62
73915769.52
78953969.91
74463500.91
142648421.88
34336632.66
69181755.26
30552796.6
29253757.64
38130295.7
142898724.06
37804486.56
30773382.4
17179996.32
142025416.81
69076813.57
67078531.56
23249356.12
30864811.01
18166501.12
23925400.71
78710970.71
17204640.74
18093021.05
142740145.01
33201323.96
68059358.58
77963630.19
77702706.08
18182257.69
30893542.65
143728118.2
26816359.0
78404712.21
27357591.53
78122615.35
66413028.93
143341044.56
38031884.87
17262754.74
67389691.37
29715684.76
29759486.97
73527706.11
142516205.22
67966473.29
29574577.42
78182321.29
29904845.05
75137882.33
77043668.49
73964760.91
143679111.81
23065214.53
78630288.97
68064829.65
17323232.33
28623884.98
69145396.95
29214342.45
69327007.83
33886120.26
77833523.76
66952413.35
68416204.72
37804365.63
34718034.99
18068891.9
26750057.31
28170812.59
29625184.47
67193333.11
30753110.31
68663963.86
78312355.02
18227485.27
68748122.65
142801161.81
29595929.73
79005858.82
78115050.4
67619431.31
30379979.97
143713074.96
79010340.86
18103267.43
68642745.85
34247252.93
31273327.4
68222999.05
27705579.1
78697701.85
23581739.39
143354520.12
28765848.68
144270773.22
78644212.12
67225970.1
29378156.42
23171940.8
30281274.12
74515549.01
29552521.21
29475495.39
69472928.58
39199115.26
17191092.54
78286898.88
79095873.39
17324502.92
79139832.76
30517737.84
30883466.94
79167809.07
66927668.76
30004917.91
28984297.24
78451885.67
143691396.37
67128982.01
31512675.36
35655690.31
17329310.78
78041555.8
79752663.42
67820940.68
17193006.64
78482421.85
78359861.77
18110425.21
79548118.42
78409864.94
68581748.37
74309461.33
79134020.34
67133930.0
68699266.81
68790077.7
18333669.59
29443368.09
78404080.12
38294782.22
34821187.61
67057138.57
78455087.7
30373379.65
67758574.69
68816858.24
26701788.07
18271216.09
26498675.43
68053296.29
79249169.81
29346742.93
142687713.76
29987113.85
29938409.78
77193425.18
78587976.71
69142059.76
18102751.38
18262848.11
73892167.18
34242929.9
66876458.01
68783175.54
28071847.85
30494497.36
77926004.3
77857478.29
68385918.31
68469926.89
31048532.73
29254464.66
67863627.06
17179468.41
68362503.59
68573932.38
66928523.0
17223391.66
73972696.17
30201009.81
34234417.0
67810228.11
24625451.57
68049621.01
29181341.63
66531260.27
17323085.89
29882748.56
30673120.78
74319932.33
37613567.01
142217160.36
38566239.46
79061012.47
27238825.3
24316017.13
34837176.91
143918464.4
143487959.11
74230126.7
77983087.36
73700379.66
142577083.72
35160176.72
68540666.13
30506993.9
29657204.35
38280994.76
141188380.21
37730972.9
30693346.1
17172685.53
142752611.26
67490347.88
66654393.73
24034458.12
30998534.91
18181972.31
23347325.39
78112166.55
17178410.47
18085354.84
141714518.99
34638265.4
68736318.24
78421867.2
78359362.7
18188270.44
30622481.91
142399126.52
27018933.94
79484686.52
27000127.89
79081642.4
67085378.84
142156368.5
37906542.27
17279313.64
67832155.44
29833713.52
30068636.91
72350357.68
142095996.06
69286687.19
29695662.37
77190419.44
30433078.8
74595247.23
78376205.4
74176851.64
142925708.98
23762684.7
79551093.83
68412176.51
17324093.37
28195189.92
68962905.54
29293553.84
68484466.75
34274673.68
77782440.58
66429935.85
67810664.55
39070835.32
35562963.23
18091248.98
26526485.01
28953013.9
30011831.51
66812196.56
30519933.98
69265745.59
77676172.67
18247082.5
68778984.2
144054573.72
29637571.45
79500786.21
79298821.9
67804945.26
30256369.19
142454712.46
78146475.01
18052946.57
68722077.32
35017169.89
31338162.84
68118310.52
27915961.33
78311103.3
23153921.87
143680490.99
28133134.34
142477340.72
77703944.01
67893355.83
29356440.11
23249560.15
29681696.94
74478006.18
29275998.1
29458727.77
68217490.27
37923008.47
17181788.36
78419422.92
79075359.81
17331601.73
80204906.99
29969978.19
30915262.27
78807436.95
66500538.15
30490950.38
29096240.94
77827756.68
143716504.94
68736277.01
30812471.37
36193390.06
17260696.67
78909054.91
79244802.67
68991350.34
17192467.47
78739192.29
78853665.52
18150623.17
80053853.25
78497471.03
67933897.51
72429265.34
79466232.7
67546268.26
69330419.64
67997962.63
18337461.88
30071811.5
77768153.12
37572550.08
33926028.19
66835524.2
77466934.33
29717660.98
67451359.13
69728684.4
26250421.87
18220356.35
26251976.6
68209258.42
78640166.69
29526425.74
142907655.2
30147117.47
29839510.4
77898769.52
77582853.25
68234088.79
18113872.3
18255163.09
74132751.02
34515243.83
66979630.58
68260096.73
27943679.77
29740731.08
78723690.68
79525553.28
68163049.75
68244643.95
31189006.64
28761564.95
68331946.36
17197409.42
68810830.28
68080061.14
67975819.65
17227818.59
74111772.44
30171931.61
35271135.7
67370883.53
24416218.24
68033326.42
28442424.71
68108699.62
17312452.4
29619136.96
29855773.09
75299106.96
39090786.45
143884831.67
37810658.89
79031611.16
28179494.46
23629673.41
35021712.07
142945686.02
143099639.23
73991865.81
78903405.56
73753075.39
141967772.43
33384198.17
68390399.1
30622015.29
29443022.95
39245104.85
143413314.46
38243129.58
30400064.92
17204479.05
143842637.02
67624891.11
66490744.6
23653155.65
30698070.08
18186766.5
23807019.34
78664386.96
17124911.55
18081986.67
143164847.05
34457324.33
68994807.2
78191607.73
78281793.49
18223302.62
30841641.68
142708858.41
27720547.84
79306334.07
27516501.32
78487348.56
67984020.17
142494896.13
38069518.44
17288684.5
66715751.1
29415554.6
30095229.37
74017923.06
142983433.38
68525352.64
30436227.85
78115224.71
29890964.73
74575623.83
78164675.3
74758523.77
142581674.63
23558356.89
79008771.24
67472051.17
17315614.89
28762043.48
67894248.77
29599017.09
69080605.22
34605816.1
78763869.94
66716702.87
68451032.95
38365210.28
34300735.74
18074555.19
27060449.72
28965760.56
29599719.4
67183165.77
30679648.58
68754633.96
78351403.56
18251681.17
67834070.38
143027985.97
29424416.01
79361775.01
79676991.93
68129220.55
30147052.11
143555561.04
78178425.38
18047642.92
68478029.11
35027633.5
30784042.91
68043750.59
27530043.22
77723080.94
23178332.41
142651843.42
28525951.57
142194328.17
78696351.98
67415223.66
30109625.22
23164678.69
30272640.01
74511058.87
30096537.13
29943534.3
68112022.22
38709266.39
17144427.84
77902916.04
79553617.82
17323638.29
79407229.49
30531798.48
30605455.77
78668807.28
66899079.74
29832424.71
28984458.98
77996632.88
144011561.44
68340784.24
30512217.86
35406874.94
17262270.31
78975090.87
79531671.86
68665312.25
17215997.03
78982307.92
78235492.6
18137510.08
78651494.38
77845316.63
69114986.97
74197247.77
80435879.43
67633796.28
69430339.14
69042657.85
18362737.45
29557043.11
77763040.28
38867936.72
34632093.74
67874440.76
79282157.39
29633810.23
67579378.5
69638244.38
26447035.84
18275301.31
26590102.79
67302691.84
78079742.56
29144299.49
142074929.94
29236941.44
29358933.68
78304758.12
78941029.54
67590364.64
18142706.7
18249289.23
73728725.86
33693190.82
67455792.67
68818833.55
28317539.41
30097662.33
78722555.21
77952436.87
68587531.7
67781494.26
31157226.74
29102956.88
68181913.95
17204254.14
68511812.67
69088128.57
67842327.52
17213011.34
75433115.33
30698799.06
35257379.31
66326314.82
24249671.78
67748079.81
28253452.49
66213559.9
17325242.89
30852256.72
30887446.26
75085074.37
37291634.67
142821569.67
38271382.2
77789578.89
27605120.68
23891522.51
35587551.27
143607178.17
143010335.58
73702608.05
78859328.79
74142728.96
143983948.54
33788630.09
68590536.66
30887798.41
29614647.78
38104385.58
141630875.68
38047709.08
31041820.58
17215064.72
142781836.73
68380220.81
66743735.7
23134954.71
30948208.15
18195557.16
23689885.7
79479191.03
17173845.58
18087838.93
143217340.55
34140556.02
68328774.66
78256643.77
78829020.14
18214034.99
30705267.62
142446081.51
27246221.81
78745219.02
27084356.14
78259648.98
66780355.28
142408832.62
38125685.88
17234715.35
66478534.47
29985837.1
29765750.72
74199561.76
142909273.96
67902663.66
29797027.32
78420330.95
29588031.11
74896059.85
78837303.64
74184186.6
141885484.61
23265949.47
79381412.07
69196037.72
17286499.19
27774603.14
68851684.39
29347937.7
67809675.43
34632295.69
77893769.36
66678167.29
68168695.89
38352915.48
34682928.95
18092372.16
27053067.83
29152605.13
29594363.44
66531961.89
30559368.25
69343138.01
78654624.46
18228628.55
69329032.71
143216170.85
29843716.87
78657449.05
79642817.77
67520630.56
29869043.72
143520151.43
77734489.53
18058089.48
68126969.88
35120697.61
31154456.04
68529845.27
27180076.74
79138058.38
23654523.07
143560740.35
28209733.51
142923433.4
78275790.86
66748791.46
29670966.81
22755970.39
29958445.12
74357659.0
29467948.49
30337153.6
67509990.97
38927747.8
17159029.62
79746704.04
78880756.76
17321486.29
79909634.29
29800418.84
31189404.29
79926068.24
67588358.02
29781281.27
28739301.28
78325258.54
142917690.65
68202873.2
31381745.82
35636405.12
17258064.48
79633370.48
79035879.92
67851514.18
17214818.57
78542331.11
78240834.96
18135853.35
79174526.71
77655150.11
68774185.66
74053833.36
79175847.33
67097790.2
69592884.1
68166681.12
18329929.09
29740060.47
78453223.91
38146946.78
34180188.99
67677904.89
78071432.69
29455587.2
67633285.07
68695786.18
26233683.97
18257428.96
26388295.69
68875661.28
78935122.29
29248933.99
142721690.67
29653965.01
29857986.24
78106563.26
78047640.83
67670972.87
18160254.26
18261215.17
73597831.26
34325186.39
66555503.68
67809283.79
27949807.44
30122823.66
78603341.86
78448510.79
68384573.11
68450175.62
31239524.56
28558334.61
68195620.93
17211588.49
68236763.43
69856446.35
68238799.25
17214994.71
73295221.76
30074405.73
35100820.75
68130256.16
23997410.19
67646796.48
28626086.99
67457292.27
17324363.61
30353823.2
30228937.5
75005588.41
38256954.02
144340449.63
38436804.02
78304028.85
26905738.39
23654511.12
35793821.6
142969235.89
143128450.26
73370301.87
78565742.41
74040617.66
142952172.38
34118603.25
68371344.74
31228312.58
30230953.22
36962445.41
144023897.84
39066280.73
30515739.44
17209415.6
143184896.51
68283532.7
66230411.98
23712943.03
30250372.24
18219289.28
23772836.79
79323705.57
17143993.98
18109406.96
142634593.18
33987042.97
68616713.75
77338785.28
77743730.44
18188872.77
30144565.93
143241107.04
27891460.43
79681225.4
27019204.02
78454030.1
66896891.15
142872420.68
38383739.47
17284370.02
67192701.49
30188979.89
29967014.0
73396434.15
144081726.96
67446302.34
29832945.67
79055174.08
29853449.14
75788122.78
79209820.22
73675947.91
143047759.68
23590639.8
79881441.32
68696331.88
17301244.74
28530912.27
69369580.95
29227874.07
68287384.92
34466788.14
78521887.16
67533040.24
68168700.37
37393322.46
34828026.51
18112639.8
26656987.32
28951069.59
29590190.57
66616897.51
30681068.04
67998327.28
76660691.65
18237580.08
68661870.19
142781689.53
29643585.51
78426027.5
79675147.37
68032482.19
29841043.41
143221865.98
78665457.41
18099453.71
68821188.76
34322271.13
31106560.18
69211183.24
27598361.46
78379866.73
23605068.93
144239300.07
27974675.33
143903071.01
78545013.44
66957472.79
29625203.74
22798245.49
30129767.39
74400669.48
29821258.67
29767595.64
68395316.22
37766412.15
17148263.77
77623830.5
79340756.84
17356127.92
78380779.96
29846185.23
30616394.86
79091464.93
66371240.77
30132556.07
28359878.75
78075283.24
143218432.62
67979397.74
31271767.42
35800272.1
17280311.13
78971574.84
79331484.81
68600863.7
17200937.28
78410490.35
78391087.86
18118360.58
79526135.02
79318293.65
68854294.78
73149774.29
78701245.18
67426843.66
69168050.24
67676981.92
18359807.17
29533626.85
76690208.15
38521560.97
34254896.39
67021493.52
78522977.54
29879065.17
67334185.08
69616811.02
25950233.4
18268612.78
26349050.82
69039126.46
77810373.47
29271329.93
143548078.94
30353520.87
30008360.43
79230387.78
78028480.39
68569323.8
18064167.93
18249207.43
74255735.74
34058516.38
67300742.6
67681390.15
28179863.68
29506210.75
77690592.02
77910054.45
68480641.47
68012377.36
31195570.43
29133895.65
68711474.18
17199837.41
68270525.87
68274060.86
67066690.44
17201602.0
73269632.18
30639773.17
34788907.71
68412596.06
24399770.04
67473339.92
29028747.53
66697092.86
17283982.6
30274441.93
30711610.12
73832872.46
38051904.87
144149365.7
38216007.53
78029682.31
27100694.94
24643366.18
34617749.34
142215685.81
143162948.15
74085155.73
78404543.77
74555889.31
144135603.98
33825809.98
68796269.78
30928072.19
29237491.16
38246388.02
143151444.12
37377467.44
31510383.92
17209361.66
144134343.69
68664968.0
66605220.08
23207360.66
30811558.58
18216598.15
23926395.86
78770753.38
17168543.45
18055995.68
143577437.01
33813776.13
68754089.87
78965207.25
78505219.1
18186241.56
30612238.45
141648801.05
27434856.46
80168934.79
27753511.03
78439847.65
66552886.75
143156704.76
37913727.84
17273798.17
67727207.9
30012867.65
29404855.81
74249583.83
143237304.01
67818507.55
29675121.33
78665059.37
29618453.57
74598351.98
78064901.41
73498338.65
142875174.12
23904307.18
80523370.96
68131947.79
17308340.63
27908615.99
69204650.57
29764140.68
67848129.5
33886768.61
79190999.82
67207117.97
68809745.38
38077430.87
35285649.89
18118641.77
26304844.0
29379358.03
29191631.06
67360117.36
30593476.13
68428853.74
78733025.57
18251383.46
68138431.73
142206767.32
29569636.57
79041460.94
79295644.66
67869456.19
29845433.3
143210807.22
78939145.35
18085480.86
68947119.19
35440345.08
30719269.61
67935417.03
26414962.33
78187987.8
24207873.69
142598811.85
27744583.09
141011167.04
78808855.48
67600578.79
29182148.16
23666453.56
30100196.69
73335795.61
29459028.67
29802303.23
68380519.87
37937895.28
17152858.04
78261782.15
79047752.57
17332218.63
78976869.86
30201475.56
30851741.93
78827978.47
67426755.83
30141476.58
29281948.07
77647145.68
141292986.72
68524026.7
30754866.56
35366077.92
17252023.76
78687334.4
79881815.59
68683375.26
17208300.14
78172882.43
78867988.01
18127363.42
78965702.34
78204313.81
68081235.84
73994288.23
77931622.16
67452665.04
69170777.69
68217403.21
18331684.16
30087139.53
78996423.25
38455210.38
34438801.22
66406858.9
78572185.9
29051734.43
66486403.8
69816424.81
26289125.01
18248894.38
26827967.54
68994451.74
79046494.09
29747074.26
142983532.77
30543189.91
29107687.61
79080880.57
78221272.86
67460885.73
18094662.93
18252788.88
73085436.82
34110280.32
67056318.74
69028968.24
28542799.89
29599418.88
78832620.53
77382515.62
68102005.42
68989747.93
31178238.96
28296805.56
69127367.88
17228498.17
68501768.76
68895443.66
67656467.33
17238213.08
73883139.65
31311945.22
34480162.59
67766833.78
24083689.42
67127247.36
29210462.03
67395435.15
17306777.75
30441142.7
30496673.62
74250210.85
38585519.98
144427242.6
38087134.78
77079610.13
26194612.3
23909112.58
34519880.46
143211256.97
141539679.93
74615534.93
78498242.36
73475941.85
142432237.92
33471109.42
67647353.73
30929393.36
30099609.93
38006763.62
143780716.7
37873315.63
30896325.63
17212877.19
142638549.03
68371023.95
66506675.43
23177487.96
30788158.94
18187166.89
23864245.65
78386928.62
17142500.5
18058397.37
141386508.62
33813259.04
68373684.97
78602995.52
78957330.5
18229131.48
30527643.86
143890593.46
26551672.27
80131910.33
27227738.56
78203174.09
65747723.89
142532574.53
38239650.33
17254800.9
67325683.17
30083260.46
29612528.44
74156692.78
141971725.88
67757554.23
29466216.7
78335877.15
29283087.67
74925879.71
78940230.43
74749472.07
143482052.75
23624956.44
78820416.45
68008986.59
17293788.04
28355331.57
69109864.58
30220183.31
68203430.27
33986662.6
77473332.09
67075419.21
69141669.7
37898044.78
34943507.02
18098131.14
26347018.32
29054288.47
29484235.71
67056923.57
30754037.0
68529206.42
78271464.09
18254138.21
68481583.66
142425916.99
29388964.99
78782839.8
79282884.73
67681824.23
29512153.67
143064552.57
78393737.96
18062382.57
69292000.52
35353538.04
31023427.1
68111002.28
27622328.59
78378602.98
23852700.62
142783880.88
28619728.5
143519427.36
77838199.41
67032211.15
30072354.15
23135803.52
30237290.98
74441378.29
30142909.26
29611777.53
68663845.92
38394519.03
17165965.93
78217175.69
78974834.51
17339657.75
78601246.36
30417910.18
30644775.09
78939833.43
67076375.42
30745398.0
28885429.94
77840535.62
142374019.86
67704137.65
31118199.77
35936378.3
17296511.26
79917333.22
79677142.97
68221460.04
17224032.63
77362240.35
78034863.65
18099331.12
79769488.95
78442896.21
68552124.08
74423833.34
79589666.9
68160149.48
69256211.4
67749378.54
18314766.34
29585040.87
78452275.46
38632341.14
33696552.31
67481582.24
78684114.05
29660956.31
68232698.41
69226659.27
26342565.23
18228886.35
26340849.46
68304448.0
78679086.45
29504597.42
143217855.67
30308579.31
29394815.66
78146958.58
78987228.98
68443033.95
18109050.14
18246014.13
73693095.65
33295050.43
67479763.96
68316086.87
28307304.51
29716722.64
79376703.16
79040457.94
68668454.97
69366925.65
30655867.69
28657621.55
68873983.86
17228667.42
68337230.37
69108860.53
68174625.37
17207137.32
74011667.32
29891546.8
35812727.9
67724531.51
23368289.83
67294943.72
28956480.74
66897808.19
17336864.5
30368526.8
30938637.62
75116500.03
38566130.67
143096278.77
37918623.33
78561619.73
27120878.2
24430792.2
34809908.11
142346964.07
142459334.49
74666687.1
78343920.51
74463389.34
142719254.14
33298080.76
68404594.8
30506243.71
29613440.93
37691778.52
142807019.41
38554204.96
30778555.95
17206198.79
143745764.39
68160760.0
66671226.34
23989299.35
30239184.67
18187106.07
24357290.65
77843598.8
17152162.35
18043845.53
141940413.01
33933576.99
68420721.18
78067809.88
78605117.72
18197571.92
31085048.44
142839838.5
27395234.52
80048208.33
27121502.92
78484189.71
68050761.11
142954560.93
37827977.53
17287988.5
68022267.88
29808512.66
29861600.54
73708123.53
143414927.23
67919543.02
29646822.35
78061543.06
29471316.34
75360779.25
77885884.97
72914751.74
142327506.63
23223635.4
79467238.76
68309238.74
17327460.73
28594381.49
68464719.05
29586794.03
67976805.27
33429870.44
79394174.72
66253820.9
67908300.71
38864497.57
34960811.4
18120207.75
27242760.55
28990746.19
30228400.18
67891238.55
30575710.43
68140447.29
78190952.47
18267974.62
69337300.26
142811480.91
29572558.28
79752396.89
79627265.13
68407468.53
29703568.57
143204054.05
77681757.72
18073038.3
67972931.09
35011443.37
30924981.96
68795002.32
27310432.77
78411075.88
23694854.85
143492315.41
28052662.5
142915639.12
78555432.83
67034997.43
29714649.6
23565303.61
29756728.63
73854365.46
29609120.87
29976427.44
68476524.75
38728533.75
17144474.73
78850056.24
80102839.77
17342212.4
80429350.39
29921279.62
31330818.5
78408351.65
66749743.54
30731689.1
28466566.57
77890577.68
142661030.03
69255859.3
30805005.24
35829135.4
17266427.09
79592884.14
78342810.55
69018958.26
17194292.03
78628818.63
78052355.63
18149021.01
78850463.6
78521690.26
68098291.05
73423908.25
78877298.33
67114065.97
69610221.93
68160181.88
18360552.83
29815195.12
78606185.47
37379372.54
34103908.78
66732649.04
78268877.15
29566106.72
68369527.54
69049319.08
26386921.89
18242533.43
26424185.37
68610681.71
78787600.85
29330661.41
143066596.55
29892902.77
29805381.45
78470475.27
78599321.06
67672711.18
18091117.76
18248549.68
74474168.14
33668574.67
66276701.26
68459823.93
27698386.1
30192736.12
79473945.49
78695091.07
68417069.54
68325898.84
30839020.82
29428666.34
68616860.81
17209171.45
67498544.88
68739940.63
67622311.11
17208330.57
74474814.97
30597075.37
35299845.85
67962265.54
23774137.9
67647668.3
29427198.06
66679783.17
17293781.86
30757548.67
31202167.36
74202778.47
37949862.6
142990586.22
38169021.28
78659198.79
26952129.34
24073050.85
35386660.81
143588068.84
143907527.01
73193680.64
77674033.07
73683530.38
142135133.95
33879974.82
68175649.35
30157833.96
29081711.64
37743887.32
142594158.2
37826025.06
30587018.68
17228981.34
142042204.67
68342057.59
66565454.29
24007172.37
31313863.6
18203516.73
23715818.84
77593709.3
17147746.83
18110329.93
142710568.5
34237131.35
68544392.08
78103866.87
78339899.55
18228211.46
31145658.02
143388393.14
27539537.42
78827388.08
27473277.73
78493049.72
65840776.22
142625491.12
38155843.23
17249952.92
66773659.12
29389204.11
29876948.34
73940096.24
144042517.69
67883423.8
29845043.51
79030985.32
29651304.69
75643751.11
78296131.6
73703896.31
142964895.65
23909172.3
80366680.47
68073353.4
17331638.27
28011457.52
68178011.56
29322051.46
68704104.47
33830358.95
78735933.94
66316808.24
68501702.56
39142242.07
33655467.13
18077874.78
26228488.74
28649605.34
30025810.58
66888877.51
30997103.7
68153720.79
78208787.42
18255553.88
67953190.44
143517146.33
29852257.48
79913260.42
79666650.49
67650393.62
30585875.5
143388324.86
78696168.55
18081372.39
68759285.72
34111699.81
30892572.98
68619852.86
27144354.29
78819565.31
24192146.21
141702363.29
28025560.86
143698760.93
78316213.48
67845406.7
30089544.28
22920739.53
29681855.49
75350277.24
29751375.27
30166524.66
69339971.48
37369170.02
17149310.91
78358006.34
79486666.17
17325510.02
80072027.53
30203931.06
30510218.8
79117693.79
66891225.55
30284403.71
28614256.23
77920746.2
142288979.8
67978391.29
30556489.46
35659693.64
17304960.19
79404641.91
80232966.93
68419872.64
17206005.78
78818184.22
78181595.23
18109044.0
79257371.17
78639364.53
67953945.28
73816095.3
79390237.39
67021517.06
68396324.69
69082119.07
18360345.84
29549377.46
78541194.69
38860675.24
34035451.56
67427359.9
78499606.92
29196496.0
66518973.36
69319068.72
26615975.34
18259648.86
26689683.28
68856061.91
78608014.46
29655995.01
142124088.06
30157599.27
30811282.28
78861388.23
78271853.68
67243312.01
18146792.13
18261918.52
74104334.9
34205148.3
67167848.34
68510356.85
28506920.93
29685650.28
78404905.63
78140913.44
68743315.39
68648330.44
31365916.36
28796359.94
67744843.8
17183946.63
68481257.42
68986061.99
67882493.96
17240884.86
74450801.96
30687312.54
35249592.06
67407221.39
23889953.3
67157814.2
28973083.25
67010008.03
17295857.73
30662917.53
30939894.63
75507300.7
37852304.37
143734883.9
38683480.1
78417423.45
27587441.13
23827200.08
35181487.21
143543519.36
142910606.14
73290550.75
77594837.13
73934476.18
142899671.88
34255379.94
69035609.34
30638557.36
29571740.62
38364973.15
141995398.74
37795251.59
30914715.44
17174238.34
143297281.05
69236465.36
66811634.44
24520754.98
31114064.23
18184212.74
23890655.75
78732946.43
17192799.56
18093299.07
142212995.34
34179846.64
68215157.23
77471464.03
78524153.21
18259459.31
29720359.41
142075997.93
27342709.89
79623514.81
26243520.42
78488631.89
67074680.36
142958254.62
38784070.03
17261625.96
66994289.53
29970062.85
29668138.65
73603637.72
142001826.33
68508888.39
30120999.02
78533305.42
29175973.35
74674806.51
79010654.26
73452554.1
142946873.26
22854566.94
79197791.38
68199188.05
17306071.21
28547351.95
68226059.88
29407353.44
69110477.04
33894263.59
76487073.85
66113036.05
69723277.89
38635875.83
35304898.36
18140727.97
26494972.12
29055482.8
30376954.59
66722627.72
30644550.51
69818932.16
78269585.58
18239135.07
68200277.93
142259695.4
29611822.07
80061062.12
79036233.23
66974045.33
29664472.24
143137564.27
78707695.12
18059649.61
68304351.98
34916726.75
30939413.52
67878187.94
27102529.68
78495244.4
23543394.3
144419127.53
28458861.4
142501713.25
78698944.94
67629003.57
30547872.92
22575391.53
29875954.91
73512583.39
30514357.04
29829468.6
68261178.57
39150136.83
17162537.9
78514067.07
78752186.09
17317482.11
79499714.08
29991257.51
30851155.84
77126136.42
67183598.01
29650318.21
28773558.44
78919384.69
143199490.32
68860278.47
30754750.14
35586044.65
17269440.46
80177024.83
78546822.87
68140987.43
17235773.34
77906772.65
77619182.82
18116097.94
79897474.57
78681464.42
68553224.55
74587896.52
79096699.87
66945503.1
68413674.64
68753809.29
18387658.84
29537173.29
77506337.04
38356133.1
34119299.93
66666176.35
78823575.36
29972084.1
66688161.25
69264097.15
26502276.7
18255764.29
26559731.76
68685148.12
78423923.91
29335221.98
143603460.66
29687442.95
29443387.52
79907653.36
79374727.06
68969216.48
18109272.96
18222964.84
73511909.31
33983809.71
67103607.29
68436329.9
27677233.49
30011639.8
78180350.62
78457203.09
69278846.75
69119915.01
31612277.58
28866472.62
68689567.93
17189117.33
68620573.35
68670285.0
68477338.41
17200308.9
73464480.75
30833033.06
34847845.88
67758928.65
24380761.96
67537573.27
29882085.04
66378460.98
17336014.92
30216756.29
29902968.28
75597655.28
38100668.28
143759634.21
39432309.49
78402577.47
27290404.71
24241487.84
34963483.3
143238155.39
142535775.54
73924154.02
78634840.34
73543790.6
143047614.04
33936686.11
68358922.14
30649813.22
29639040.67
38065496.4
143971755.06
38158536.83
30729509.49
17196854.3
143374749.58
67950538.02
66963693.69
23882109.63
30755941.81
18204603.93
23921795.54
78287537.79
17139233.6
18085388.85
143724160.81
35491622.04
67926587.37
78383200.49
77200473.3
18217655.55
30520431.73
143306436.47
26872866.38
79010906.02
27328839.78
78298782.44
66627566.37
142749179.19
37756237.38
17269558.96
66767421.84
29826166.22
29210539.47
73952959.01
142789421.79
67745551.12
30420737.84
78300348.12
29806751.99
75259972.61
78503484.04
74809107.83
142886617.46
24048823.86
79248394.56
68826726.08
17329273.95
28412722.93
67978144.69
29521027.14
68223126.16
34433050.07
78167915.26
67459850.17
68931333.71
38706993.68
35184657.92
18149326.15
26885450.93
28877062.23
30098021.87
66811551.29
30493289.04
68763426.43
78663791.33
18241262.75
68481020.67
143698601.6
30137411.16
79664715.89
78956497.32
66749419.28
29896692.08
141738724.37
77974847.79
18083584.11
68553880.61
35089095.81
30868414.09
68389808.05
26812355.15
78166532.87
23404796.56
144339115.46
27772336.29
143337163.71
78358953.4
67315535.91
29928263.5
22813972.69
30082538.83
73838022.45
30259136.6
29978040.5
68436059.37
38477174.88
17164781.93
77767329.88
78811235.51
17355774.08
77901591.9
30089061.88
30602628.98
78866781.17
66512391.24
29527880.2
28981232.36
78749858.06
142729002.63
67631169.69
30754206.01
35707026.09
17262356.9
79051790.07
79339976.51
68696643.83
17217147.35
78410065.76
79092136.69
18067836.69
79337305.73
78021683.76
68330057.55
74416494.47
78767933.28
66581378.95
69349896.53
68268112.4
18378608.73
29703430.12
78613668.2
37920328.58
34222264.28
66640436.11
78219605.01
29651528.57
67816624.25
69191682.89
26469183.84
18239370.85
26787319.14
68665690.61
78165816.15
29791010.41
143571929.25
30293342.3
29569185.23
77675748.31
78459674.07
68825163.49
18081919.14
18213676.42
74653887.34
33890647.11
66556621.13
67805468.47
28204728.1
29748023.15
78302140.23
78042759.21
68814588.49
68742582.85
31392808.63
28587192.41
68861001.89
17266168.27
68620261.0
68928921.25
67361608.48
17222444.09
75523397.14
31003301.41
35515728.36
67500419.78
23477774.31
67225812.12
28439599.18
67070205.3
17306854.81
30717269.81
30616914.65
75346853.95
38158590.9
143305243.12
38379930.67
78534597.21
27405501.66
24239655.34
33907022.24
142867971.38
143680395.02
74650251.3
78302674.88
74241510.29
142919933.38
34291524.08
67645909.89
30406245.09
29801749.64
38220931.58
142545718.78
38196058.62
30606910.83
17252585.1
142205459.26
69631148.6
68082041.97
23652277.01
30700796.76
18223618.03
23836155.9
78532177.73
17169449.74
18082410.38
143430707.7
33765361.95
69043416.52
78141718.92
78596250.85
18181640.95
30479119.66
143135264.23
26581149.53
79684121.31
27218112.12
78475200.09
66197911.66
143006836.71
37716522.7
17299688.75
66783403.5
29731034.49
29743727.09
73248784.55
142284868.03
67554138.26
30384867.82
78359317.34
29773561.14
74328478.48
77731974.83
73825654.47
141604140.16
23745084.08
78617509.91
68433998.68
17337713.51
28067134.21
67855690.27
29299369.29
68761847.89
33830969.08
78253419.99
66172087.71
68437954.5
38466257.34
34960419.03
18069601.47
26102984.53
29132354.73
29643435.76
66524994.36
30887548.21
69208838.31
77972074.25
18252421.34
68647492.99
142952023.7
30135542.47
80048457.69
79540383.46
66567653.02
30041636.32
143422470.21
78881037.18
18114371.91
68641469.78
35210271.23
31125852.63
68499038.05
27249902.15
78468350.32
24079491.88
142222592.85
28885921.1
142185927.0
77726791.13
67054882.84
29111321.79
22717206.92
30275074.07
73780899.33
29167697.51
30054528.87
67280693.35
38533486.34
17176429.57
78753371.88
79223686.49
17301040.35
79547892.04
30292291.38
30847481.11
78863447.74
68077204.07
30048267.49
28969064.79
79001315.03
143557403.22
68485689.22
30528472.19
35646667.52
17255242.03
79577673.83
78997414.98
68641882.56
17205744.12
78257633.11
79202274.09
18137434.92
79547742.54
78524269.99
68030166.0
74625694.56
80316272.93
67627513.74
69095392.92
68667169.82
18328814.81
29906640.5
78200345.16
38439339.91
34415287.35
67406999.78
78059881.59
29751195.58
67364306.16
69202379.99
26514121.56
18283445.83
26288044.35
67853423.41
78345404.02
29910548.76
142634805.09
29624885.63
29958277.31
78585709.53
78944251.3
68914797.4
18093552.39
18294035.08
74592598.8
33996174.58
66888702.83
68382313.61
27748270.31
30061400.2
78679529.45
76780164.21
67987407.42
67629649.8
31010502.3
28259500.9
67799491.74
17221088.63
68454205.31
68617491.91
67462561.31
17165900.32
73395313.75
31168711.36
34853406.28
67004599.26
24092017.32
67936305.46
29273949.94
67203710.23
17329608.57
30706517.64
30248819.26
74945230.03
38746287.42
142281300.08
38073579.75
78705318.56
27182383.43
24018887.9
35444791.53
143082116.8
143380430.69
74588253.94
78885974.55
74604105.04
143290300.31
34008302.48
69017040.04
29956149.16
29846146.52
38347085.46
142526088.35
38281963.51
31114165.23
17188880.91
143384336.02
68751317.92
67493430.58
23354122.73
30453359.47
18212661.48
24225067.7
78286000.59
17192264.68
18068714.71
142971860.75
34359845.28
68026240.74
78206638.53
78037797.86
18199677.59
30846390.83
143778239.45
27380695.46
78676458.19
27199242.25
78404866.06
67220242.57
144503228.54
39085495.92
17241516.8
67030495.55
30119168.48
29664327.41
73748760.2
143308262.1
67514264.1
30048269.28
78011505.33
29423926.94
74709222.81
77724444.67
74251456.31
143511637.33
23731373.53
79062041.23
68856317.35
17304558.17
28456858.02
67955478.66
29499020.54
68593669.7
34376196.38
78399423.81
66315850.05
68293209.58
37788764.02
34305904.38
18098543.94
26539064.49
28777589.49
29796317.06
67143421.62
31061837.26
69168394.85
78910155.06
18264948.05
67556595.24
143253156.96
29742771.47
79490524.3
79571871.22
67995973.94
30115192.56
143635679.66
77958297.6
18108305.86
68352412.97
34959067.28
31330841.56
67806218.96
27156832.4
78183960.07
23873476.18
144336220.52
27560545.58
142840190.71
79034338.44
67389605.17
29937260.74
23394599.05
30060466.94
74089174.24
29888665.01
30177912.85
68049138.63
37151038.43
17186250.2
78932992.13
79305406.69
17301874.09
80351235.92
29884708.89
30650669.19
78816139.9
66647147.13
29443239.44
29183083.38
78274781.8
141886806.84
69257738.25
29987173.6
36069337.76
17248183.52
79680348.09
79299331.79
68811879.9
17191567.19
78393690.93
77826596.57
18126317.81
78894837.29
78026917.13
68525721.36
73913206.91
79359607.72
67629163.51
69454059.74
68453231.31
18375603.25
29410153.01
79016781.3
38767188.06
34661304.44
66882498.68
78845333.66
29392179.02
67190085.61
69047008.11
26414849.36
18296710.66
25884616.05
67710346.03
78958636.65
29916814.95
142230523.22
29841216.42
29735094.89
79246058.5
79365828.78
67772181.23
18111138.59
18232450.44
73912025.86
34261781.56
66641656.72
68171622.2
28863742.59
29545916.55
77944357.74
77154473.94
68345292.91
68778276.09
31203503.56
28914723.7
67950214.64
17238603.14
68847160.61
68420233.94
67392157.41
17198645.04
73257784.43
31301406.08
35184824.0
67416413.49
23806817.61
67655692.04
29077905.93
67339946.54
17316382.93
30019875.15
30813920.23
74841245.08
37985428.62
143925849.99
37862457.8
78049097.51
27140262.19
24179537.72
34873416.24
144001393.88
143189946.07
73915349.66
78718163.82
74991862.96
142731341.4
34378399.08
68316707.74
30444870.16
29708203.03
37828973.55
142965465.72
38450920.98
30486699.67
17154752.64
142718086.6
68566724.52
66688673.54
23844343.57
31315086.43
18209429.29
24047343.14
78495981.75
17167071.71
18075129.18
142888799.51
34213975.78
69107180.09
78817447.86
77830800.46
18216660.67
30774189.03
141848372.85
27613149.32
79892756.25
27163150.66
77921771.72
67271624.97
142733348.25
38252590.52
17270611.78
67276885.45
29217350.02
29854628.76
73953837.25
142271718.26
69066453.96
29847910.07
78314533.66
29240755.81
75008264.99
77859690.0
74010466.74
143046523.75
23842246.12
79281269.54
68231002.48
17349240.79
28522833.46
68227597.23
29150419.73
69157610.11
35190452.2
78600883.35
67630607.07
68254739.04
38190630.6
34565176.24
18123295.21
26251184.23
28704257.51
29347977.41
66438420.95
30628349.84
68527549.76
77239789.35
18224978.09
68277064.59
143566376.17
29698677.84
78450680.04
79464229.45
67878764.38
30663374.73
141224952.36
78067671.19
18080103.99
68635543.77
35020188.04
31624532.39
68596391.96
27820522.05
77728389.4
23690388.47
142234733.83
27975649.82
142703101.35
78781168.56
67331321.53
29546989.78
22865413.86
29560009.04
73740203.64
30256406.13
30060645.32
68235051.49
37893705.07
17158829.71
77770187.07
79204405.72
17332842.56
79950968.53
29758166.27
31129034.1
77857167.18
66870026.47
29992290.33
28481106.58
78605041.45
143014242.33
68529503.8
30894368.45
35914472.58
17298648.03
78662522.94
78958029.68
68761058.32
17197267.31
78359239.54
78987161.71
18094536.53
79920497.1
78844228.1
69306618.97
75052768.55
79526142.0
67384610.78
68859326.84
68765976.88
18338212.57
29530106.6
78559372.2
38439558.94
34315443.29
66571540.37
78630539.14
29735360.46
67858463.36
69060040.76
26135936.14
18245297.94
26304440.34
68626340.87
79736203.35
29458951.7
143787693.69
29973784.53
30061278.32
79386312.74
78796445.07
68680719.12
18115601.05
18262774.35
74362396.13
34726191.03
66661699.74
67843739.94
28803321.57
29267208.28
78524874.78
78894138.17
68065104.0
68962646.57
31161776.94
28575352.18
68900210.17
17210300.9
68421554.85
69957124.21
67309344.98
17203809.34
74989362.34
30165695.07
35280154.23
67645729.63
23595646.81
67016609.09
28987703.3
66735663.69
17290060.57
30761214.84
30178613.18
75009000.02
38439836.74
141746260.66
39070824.72
77886219.57
27247912.65
23792828.56
34874666.23
143274882.98
142539894.84
73923106.84
78072421.51
73657302.48
141771314.43
34802919.07
68204598.12
30477941.85
29495813.45
37551944.81
143478032.59
37823394.86
30973346.94
17182855.86
143029842.76
68110559.0
66590761.58
23331297.71
30826334.36
18212588.95
24085481.8
77627491.19
17162785.41
18082226.43
143947736.69
34062502.1
68839505.3
78712104.32
78087947.54
18199007.67
30401299.32
142738961.22
27115485.52
79556399.94
27025417.3
77801093.59
66952332.51
143885087.46
38177466.53
17277959.65
68154513.08
29850135.64
29430864.9
73962146.54
142767453.24
68431133.3
30405538.03
79280409.78
29932255.67
74669074.78
78994208.34
74355283.13
143408389.17
23867244.09
79325250.44
68369511.08
17338401.13
28317607.03
68149581.18
29210486.49
67980170.74
33676011.06
79211594.37
66460909.88
69134901.04
38580946.54
35148337.55
18145060.7
26327369.59
28792444.61
29797919.83
67148418.65
30542477.57
68821204.23
78627255.43
18274192.15
68191070.75
142104266.09
29668605.84
78916297.07
79434454.07
67407234.95
29874087.59
142906879.54
78146693.15
18073295.18
69119326.95
35130956.43
31505109.09
69314979.86
26983046.31
78726440.63
23321372.59
143785848.09
28472613.24
142866932.73
78797746.33
67133435.83
30619060.12
22622846.12
30214549.98
74406461.52
29563604.42
29831844.12
67856568.54
37593724.37
17188427.13
78782080.42
79124648.98
17308593.87
79519976.76
30185079.54
31001473.28
79230881.48
67656235.95
29962460.54
29422105.86
79220243.76
142971518.53
68386371.81
30626560.66
35898485.84
17279587.7
80157700.24
79893059.46
69522961.55
17225135.21
78352072.99
77852395.4
18067073.92
79486785.82
78289307.94
68368501.58
74293172.36
78885167.5
67167124.96
68788826.26
68784101.11
18373495.34
29252450.36
78677786.4
38377658.38
34594609.98
66656325.92
78673011.73
30276225.67
67721945.04
69636169.73
26986216.03
18265376.01
26416737.05
68474928.93
77565574.94
29223367.86
142365245.31
30227480.86
29845943.1
78188005.78
78560094.02
68196634.85
18106108.4
18245493.15
73525688.37
34376299.7
66621131.9
68089565.95
28283684.55
30076124.86
78950888.31
78730688.46
68298558.97
69174884.17
30868201.62
28983707.88
68477531.72
17188646.44
68994159.41
68124541.92
67921444.78
17220893.49
72892590.23
30457554.42
34735291.29
67734246.34
23967038.58
66840231.47
29254631.61
67013223.06
17287752.18
31077236.45
30395585.77
75034491.06
38981119.84
142514932.31
37458633.83
78510594.08
26963775.64
24452241.43
34572778.71
143537301.43
144098063.44
73557842.05
78533376.59
74645251.4
142230657.12
33970427.95
67863342.21
30408050.59
29398979.66
39132163.14
142818797.25
37711663.9
30215361.26
17191210.35
144151294.27
68684033.89
67095202.66
23639502.18
31193153.79
18205544.79
23809410.75
78911898.24
17119967.08
18106141.07
142512757.42
34936259.43
68193722.67
78361928.75
77772897.53
18222869.39
30767655.16
141978459.12
27165234.97
79347557.01
27337133.39
78182889.99
66273265.63
143834644.88
38199956.57
17292097.65
66170724.29
29999860.18
29825373.6
73982518.29
142525460.67
68282563.7
30146786.95
79086801.12
29314058.67
74885311.78
79148594.49
73776135.56
142872448.9
23165661.31
79024391.83
67991484.27
17328669.27
28318173.89
68538394.53
29075361.14
68578862.05
34179138.5
78312052.25
66664907.02
67985029.57
38181048.52
36106492.38
18106679.35
26450928.57
29111380.07
29381108.42
67371450.53
31120673.83
68024008.81
78280163.41
18228592.94
67301825.9
142319363.72
29123824.03
79386048.46
78363983.7
67436874.77
30970192.96
143044581.33
77666263.23
18098659.29
69259470.51
34472316.93
31960342.37
68966307.48
27655387.43
77891703.69
24041860.74
143393961.24
28097963.94
143261084.08
78390901.95
67456711.79
29702475.66
23584249.31
29780676.53
74352313.78
29699626.72
29566012.5
68417522.94
38181720.25
17164528.33
78189731.88
79926446.05
17333753.14
79201734.05
30891312.11
30366467.38
78506113.68
67257164.45
29187840.69
28431217.48
77994101.77
143924083.73
68100155.5
31517963.72
34986589.82
17283213.61
79642371.8
80162262.39
69172229.12
17193675.07
78569011.32
78358738.81
18103958.39
78923516.68
78281186.08
67996051.07
74081153.73
79804296.35
67593088.92
69224482.89
68492413.78
18368957.78
29415664.08
77985044.99
39107546.57
34395896.22
67165789.31
78591584.74
29991940.95
68101381.22
70193876.14
25687839.38
18266367.16
26509915.52
68934156.41
77994593.2
29453430.28
141997394.18
30050306.23
29581613.58
77461312.89
78233928.75
68987505.27
18129800.45
18263757.86
74803379.55
33995817.47
66084114.35
68293086.03
28142658.65
29838980.32
78459769.35
78611778.45
68980397.79
68696569.19
31063781.66
29129627.61
69025018.54
17212660.13
68281720.19
68434862.13
67363166.39
17211790.4
74075092.41
30411873.09
35668458.57
67498430.67
23130486.62
67517005.76
28744837.47
67524345.64
17342501.38
30514951.28
30447202.53
74435035.47
39045477.95
141341099.72
37294927.16
77367546.83
27699234.32
24245095.86
35585023.43
141976329.34
142413513.61
74580374.39
78577409.92
74880190.39
142936036.39
33465375.21
67953125.79
30630189.18
29765620.69
38070555.45
142473255.49
38461276.99
30242233.13
17179125.0
143796266.92
68322439.52
66337222.87
23452601.16
31314085.66
18208376.94
23480861.27
78604356.18
17169907.48
18066778.57
142544648.0
34153617.41
68860047.98
78425279.95
78605784.85
18190607.97
30824159.4
142950934.17
27336455.19
79164094.83
27724900.78
78695581.36
66786550.17
142517645.67
38310398.52
17295346.02
66326871.07
29678729.51
29665343.6
73892927.6
143203333.56
68135899.84
30773746.15
78378222.3
28926244.51
75034680.93
77813617.38
73607847.54
143371506.09
23764216.36
79393512.85
67629647.28
17331603.23
28002106.58
68450286.14
28951054.28
68459481.09
34324422.56
77502110.48
67013367.92
68701443.48
38066675.53
34871393.84
18087384.3
26385413.97
28580536.75
29741649.34
67063768.11
30777742.23
69535945.82
78652166.03
18179225.59
69213732.82
142281289.69
30081269.48
78573204.71
79661773.15
67594141.96
30215113.0
142217622.48
78943330.88
18086008.93
68538924.13
35021657.77
31665801.95
68458831.27
27380310.99
78992174.93
24094667.88
143096835.23
28313507.41
142867967.6
78855977.17
68356122.64
29586568.54
23114334.67
30136765.5
74261970.55
29726801.07
29981177.25
67809765.66
38845111.73
17160686.0
78197331.03
80099777.78
17343038.38
79004414.49
30678858.0
30777158.57
78192934.42
66829647.84
30024976.21
28693229.6
77936427.73
142672408.06
68435331.28
30872960.65
36009277.97
17285815.59
79813862.86
79241621.1
68596346.26
17210444.04
77934680.15
77983709.53
18138014.17
79689403.9
78533556.69
68715200.18
73952439.11
79506429.57
66860229.42
67958505.28
68347377.25
18391816.2
29576848.95
77917847.17
37790625.19
33898690.55
67446372.83
78054979.67
30642149.61
67379214.06
68118624.74
26364023.6
18247618.31
26849957.93
67987011.4
78514640.37
29981167.55
143985461.26
29978361.25
29817868.07
77715824.45
78087124.57
68017144.09
18118645.94
18259226.49
74058937.04
33919640.81
66777633.75
67916392.92
28062515.69
29770675.54
78105994.79
79176075.79
68634907.33
68862716.71
31172466.74
28099409.02
68758021.63
17223448.38
68421392.4
68627275.41
68049215.98
17207161.34
73766085.55
30290817.59
34476384.55
67116422.53
24108251.22
67371006.75
28635237.73
66722764.29
17338711.17
30227523.69
30778850.94
74502298.23
38106020.22
141931128.76
38464849.23
78795969.81
27733532.09
24134008.42
35057056.18
141994609.51
141732244.47
73045131.15
77229091.08
73982127.06
143031636.51
34519581.78
68133445.25
30471347.01
29440501.01
37526358.72
143048707.69
37464936.48
30322278.11
17200195.04
144038566.26
68996687.58
67973430.6
22513633.79
31421376.66
18206995.05
24071824.44
78247930.13
17146860.97
18082398.82
142913651.28
34979282.21
68216649.36
79493019.75
77703240.23
18168726.05
30713521.06
142881178.79
27413609.74
79605198.84
27196582.25
78015633.83
66734307.11
143421039.33
38461173.53
17269297.9
67009269.94
29866155.09
29612248.21
74373843.35
143218594.41
67847534.79
30099936.85
78365344.02
28878884.8
74576139.49
78666026.31
74183034.89
142539858.97
23483175.09
79850495.87
68256865.19
17328866.18
28354813.74
67532958.98
29495059.55
67739383.52
34604322.2
78388070.04
66662357.9
69448626.15
38729891.12
33994600.01
18123074.15
26141609.42
28517356.24
29131564.7
66817439.46
30557754.29
69546494.85
79194796.32
18248348.21
68995650.08
141991412.55
29671534.62
79294840.66
79068837.48
67715217.94
30135398.67
143632776.54
77331126.07
18124318.77
69146554.66
34910187.05
30846180.75
67907628.37
28028671.58
77786219.23
23642110.28
143509886.8
28498619.04
143522354.56
78543268.14
66736046.06
30159417.73
23346671.0
30139178.62
75035724.57
30121706.16
29369039.38
68401801.24
38130535.28
17158117.7
78865798.3
79226518.61
17309513.2
79682265.08
30158283.26
30435518.18
79667828.44
67276741.1
29814667.04
28920161.17
78803197.29
143500954.02
68443747.59
30880881.76
35988450.91
17233073.04
78610128.04
79407963.63
70099260.67
17228201.4
79042873.92
78425070.56
18088944.3
79799379.53
79722845.73
68414599.87
73865695.24
79162601.39
67534867.05
69342440.26
68056030.42
18341193.22
29797672.56
78096352.32
37850479.03
34530162.3
67307162.67
77455763.01
29904011.67
67949559.1
69023104.93
25946839.12
18259743.28
26339845.53
68333817.85
78450489.86
29854482.48
142268419.48
30413844.21
30065222.12
78116173.98
78973220.98
68570982.5
18134850.1
18267603.46
73559060.43
33946888.13
67280631.39
67758846.72
28343266.1
29333363.78
78450879.99
77979684.9
68742834.83
67970345.0
31429997.85
29149852.15
69040383.91
17181632.66
67740375.5
68215865.17
67217158.8
17218156.97
74601297.82
30426941.44
35600148.84
67520528.27
23986782.67
67355760.7
28979410.49
66857759.56
17291109.9
30607949.13
30121241.35
74381848.64
37329088.17
143142758.97
37943205.3
78352969.13
27183167.87
23425329.92
35544696.14
142516849.41
143420353.88
72962288.39
77684598.18
74654250.51
143023771.56
34532485.47
68484716.28
31245575.08
29923867.99
36952300.62
142513577.87
38188111.74
31143368.32
17219224.88
143138222.31
68301242.56
67122883.02
23669867.09
31845390.06
18211423.37
23873659.55
78016442.27
17191763.92
18066616.01
143110369.46
33723591.88
69378329.72
77978474.42
78643406.4
18179398.48
30313857.66
142574904.21
27212683.99
79016733.04
27684275.18
78279770.6
66683866.07
142571569.24
37533984.63
17267333.96
66647558.35
30095970.95
30190546.09
73990553.41
142808968.0
69021994.97
30616996.45
79368056.91
29913253.41
75498023.99
78908533.8
73720510.47
142916631.5
23336954.68
78757430.85
69059930.57
17341057.44
28159596.62
69193562.78
29285357.43
68842219.95
33729664.56
78885864.94
66672819.21
68648159.44
38249319.96
35236149.54
18143405.1
25881914.0
29163601.57
30283499.5
67389022.35
30537186.28
68067296.86
79175629.47
18236368.57
68538004.87
142953184.07
29084732.65
77692300.14
79195277.35
67788227.82
29980830.21
143416497.11
78752798.34
18105528.07
68628521.54
34590353.32
30959473.13
68558879.53
27012088.34
78655320.74
23695081.25
141677812.01
28202170.89
142563108.3
78119732.66
67790667.14
29804587.5
22772536.19
30231801.43
73381175.24
30088295.13
29736916.13
69554663.03
37707863.71
17158909.76
77577413.88
78940469.37
17310697.9
79563961.91
30498334.58
31582502.71
78847813.56
67084700.16
30365470.54
28712894.91
78683002.24
142826571.32
67460529.42
30671568.23
35586832.35
17265445.22
79368309.43
79013619.54
68979088.99
17199360.29
77630054.67
78941661.58
18126092.05
79050564.03
77455501.34
68851173.85
73819982.93
79611303.11
66899434.36
69205963.59
67872283.79
18378430.49
29481637.1
78270489.02
38258535.09
33937376.57
66761705.89
78228086.97
30110078.89
67396567.91
69050322.95
26189478.49
18250233.9
26071813.88
67466517.05
77586377.12
29224212.78
142406145.0
30025331.61
29641831.87
78163682.29
78630247.46
69012675.76
18114247.88
18244607.47
73449691.8
33545822.01
66280409.1
68474578.41
28483811.11
29521114.09
77391438.6
