78798025.93
68796460.19
68951664.47
31382739.96
28997862.61
68523019.28
17393436.45
68721620.51
66722269.77
70915995.97
29808431.64
73273681.88
79409436.33
35552851.88
142231661.62
24900733.63
143301037.37
28464064.93
69203206.41
17252406.15
79190352.8
80065252.15
79287774.72
29629683.08
142446184.3
28098635.27
77918314.6
30962366.8
37755653.28
35173511.33
141805256.08
143127952.82
74039216.99
31566885.44
78739139.84
143362159.71
34154521.61
68358967.76
32300058.76
31143958.31
28595102.04
143124012.03
18598284.96
32738611.09
17241682.88
143002616.39
31284474.7
66336210.13
68107812.88
18323577.24
18613176.03
25617107.41
78618633.62
17336584.1
18316824.31
68921294.3
33421086.57
70192099.79
31445135.56
77903732.13
18655934.95
32282773.29
69969728.12
30328871.37
78778184.62
27133648.0
31688994.08
67149345.57
142951148.67
18787357.37
17231850.03
66803422.04
17388848.28
17345716.74
73579230.75
143600109.75
68139533.21
26555839.33
77893178.6
78053680.75
74631067.23
78687986.64
74244972.2
143190793.02
68452669.5
79715926.82
68499670.87
17445200.03
37727420.23
30227557.08
31198297.3
68251502.54
34125518.94
78171296.78
66756762.41
68116385.49
38196568.65
68687914.57
18378379.41
26928204.37
29278432.62
78954480.34
69559006.08
78024493.58
69141272.69
31120876.61
18718815.43
69140433.9
142388571.48
31306027.25
79842866.72
37261943.29
144343248.1
30266963.85
143046501.76
77859353.87
18361118.1
67737327.83
77954572.15
30807276.35
68059831.67
27512034.66
30855298.35
67784659.04
142739724.39
27844932.21
79360536.33
78416382.69
142005487.78
29619980.76
22915909.92
29134722.66
74288651.26
38329587.95
29531309.3
68302134.69
37376582.2
29687794.05
77578783.72
32324070.53
17335847.79
32338969.23
23436009.89
18373777.12
77905854.66
66526692.73
17438281.4
29025946.18
78572442.91
142778733.0
68598232.5
31300424.88
78810297.54
17197152.39
78967854.85
78687298.11
69285579.57
17336731.05
77948567.62
31750189.67
31268294.89
32036877.09
78256146.97
67763012.06
74319473.6
78981429.12
70367592.2
80276626.62
25491813.8
18842836.25
78252338.08
78386185.46
18819336.54
33990478.51
66674521.43
78896112.69
27602442.64
142256818.45
69584559.96
26346453.68
18667098.83
25890181.31
68114995.97
31337991.82
31172150.35
143753076.46
29759105.28
29803614.44
77526639.99
78677255.85
25153171.62
18391689.5
38152894.05
72748742.63
32898486.26
66804462.14
68276468.65
28508699.12
32252222.35
77770241.5
79031508.5
68188464.85
68979693.68
31050285.88
28760694.08
68510714.67
17313314.91
68596088.73
66837031.39
69666396.97
29202566.8
73790221.84
79321573.48
35210602.93
142715794.15
25289808.13
142457657.93
29005114.39
67965168.52
17225371.3
79018880.62
79869618.06
79398561.38
30277354.19
143144589.29
28199866.36
78469954.37
31183648.47
38453340.89
35783332.1
142783857.39
142808171.63
73403077.53
31537038.38
78450426.86
141846074.79
33308791.64
68713061.09
31690635.49
30838037.24
28637460.87
143169965.98
18613261.53
32162442.66
17256441.15
143043712.36
31221704.29
67596587.39
68967071.06
18357490.81
18633834.39
25489182.67
79261984.43
17301198.97
18379067.1
69529746.74
33953780.75
68552952.46
31267378.05
79411083.67
18653150.83
32194974.61
69090128.7
30874175.34
78828981.22
26481927.94
31727697.82
66493647.22
142609056.86
18786343.41
17193375.27
66429642.41
17361404.62
17332225.37
74214060.44
141854360.49
69331078.36
26438706.55
78609559.23
77856014.76
75646987.19
79009171.34
74585980.71
143782405.29
67666253.66
79128027.92
68435798.31
17459625.87
37807206.23
30441876.1
31488653.01
67742718.15
34637126.14
77795476.29
66342641.2
69388768.32
38314769.8
68238176.6
18415029.21
26570983.57
29063607.07
78235462.34
68635730.88
78347694.09
68855961.3
31234474.96
18669057.69
67878084.11
142674403.55
31230555.72
79394225.99
36944513.08
143686790.21
30062786.95
142827078.54
78948204.44
18353007.97
68925623.85
78774763.55
31750409.56
68674678.17
27250945.67
31159634.38
68478162.41
143191577.92
28028547.67
79797881.66
79321522.36
142179047.73
29720641.68
23400842.25
28526330.01
73267199.91
37929153.66
29359159.19
68651699.92
38801670.47
30035735.59
77980046.32
31946549.42
17348842.56
32443238.62
23763364.66
18348260.09
78550613.13
66697530.17
17442693.08
28725162.98
78206393.6
142813827.34
68429484.46
30877848.91
79129278.8
17195939.57
79049955.08
78938991.89
68759224.3
17332685.61
78389175.85
31750977.33
30538967.41
31792797.87
77279149.39
68050796.74
73375508.76
78674125.06
70079180.6
79393911.86
24991108.74
18791890.57
77945851.37
77284202.56
18766218.29
33467860.88
66774002.82
78274799.17
26680102.29
142250044.88
69793251.18
26090770.46
18678930.99
26533071.04
68374090.48
31242295.68
31549279.94
143092724.52
29981828.41
29804688.03
78561477.65
77852734.27
25424820.61
18371945.02
38542606.22
73144299.17
33733961.24
67400956.39
68042935.16
28562800.85
31388241.97
78830056.03
78534852.45
68420165.33
68531239.34
31892760.25
28648505.1
68591040.46
17356592.03
68112031.42
67838174.11
68655058.72
29187511.08
73888155.54
78845637.4
35931457.11
143796964.95
25196579.2
143553117.94
28880164.59
68329323.19
17269890.48
80026874.14
79430857.02
80291241.48
29892839.45
142596602.25
27623663.14
78343393.45
31437001.48
37718309.12
35225553.7
143159184.34
141834483.29
74046654.2
31350175.97
79217864.65
142967578.32
34259883.92
68217619.64
32251331.79
31157411.32
29004410.01
142800532.27
18640475.31
31715736.35
17219714.62
143287539.79
30829460.71
67065359.3
68167512.63
18365319.07
18667709.17
25714632.56
78682164.06
17295961.71
18325154.18
70170008.97
34434549.52
68382628.01
32284005.37
78378034.11
18652646.38
32421724.89
69639390.62
30859004.07
78965365.84
28115731.22
31757832.98
66468791.11
142263431.11
18745211.03
17194678.68
67703224.48
17332977.16
17252115.71
74965910.22
143493540.47
67915086.8
26738008.72
78096439.83
77561857.59
76066769.07
78411917.83
73841442.45
143316087.35
67897000.68
79212945.39
69170312.82
17499268.22
37597901.23
29793616.66
30791648.93
68265697.2
33456506.32
78751769.32
65936824.32
68465332.04
37824910.74
68395238.4
18375115.14
26650890.17
28644806.08
78685701.47
68408234.59
77847248.18
68172215.49
31195549.47
18681735.62
68060304.14
143062302.11
30937136.2
78553867.58
36382979.17
141943205.51
30445739.56
142199836.74
78090020.88
18340190.46
69139213.55
77641053.8
31117136.22
68770213.45
27786030.7
31007963.61
69646035.35
143321448.54
28303598.5
80620957.78
78478595.12
143352791.31
29498206.29
23081107.57
29033226.77
74073299.51
37137592.71
29886945.69
68861570.96
37625973.71
29631032.04
78365319.72
33234679.52
17354869.05
32577530.69
23487403.46
18373117.79
79026144.0
67226737.38
17487866.68
29343564.88
79847682.65
142788738.51
68230640.83
30771647.8
79294960.39
17217862.72
78268524.62
78944238.52
68751879.24
17266767.06
78142361.89
31397933.32
31614488.76
32636149.81
77529244.39
67778910.04
74012257.63
78913238.9
69907736.99
79842183.87
25120698.57
18825853.0
77788561.81
78298122.56
18784058.2
34824739.28
66828386.52
77759642.68
28325929.17
142562645.37
68766588.32
26386792.09
18661839.5
26492494.33
68188946.75
31804707.27
31498375.37
144364309.4
30602734.69
29505393.97
79051055.58
78500276.99
25610324.8
18393745.92
38223072.17
74287703.85
33645815.91
67074942.18
68026287.29
28823102.86
30819578.74
78599339.44
78226377.8
68708684.1
68031703.31
31333373.0
28619918.9
68042114.07
17345852.48
68863849.22
66924404.35
69569050.52
29347919.34
74393118.73
79174736.04
35017474.27
143687922.82
25443297.22
143484951.96
28244260.29
67876533.26
17211563.12
78905592.08
79882278.59
79375889.55
29802918.63
141932916.63
27594682.12
78557287.66
30949080.03
38066753.63
35914181.49
142966390.32
142804529.76
73803195.6
30967118.44
78628169.2
143192753.66
34668061.63
67725236.07
32281723.9
31464712.4
28653671.09
142682190.52
18647342.54
32148151.68
17223867.59
142835714.24
31598203.46
66725869.99
67797690.28
18381155.1
18634817.7
25539029.72
78358755.0
17300920.34
18357687.87
70592601.73
34069890.67
68406212.48
30804871.22
78442640.23
18616530.8
33184916.71
69993372.72
30921577.34
78683666.17
26662771.05
31350256.61
66494366.84
143769215.03
18786514.9
17211034.14
66797079.67
17370832.71
17291212.45
74361492.34
144155539.77
69031533.71
26712523.65
78480392.57
78161821.22
75694219.24
77713799.56
75486757.0
143946732.91
67623835.01
78516045.92
68107162.52
17519004.89
37546362.58
30138495.42
30444296.56
68840618.19
33867149.68
77721896.35
66783496.34
68214694.87
37847558.97
69473370.03
18361258.86
26934648.39
28998180.87
78128374.75
69207355.21
78741235.21
67984239.81
31090374.81
18663269.86
68785214.46
144376809.14
31505763.94
79280775.15
35974608.92
142427854.36
29656964.38
143211725.6
78067756.39
18343856.37
67869167.33
78516762.35
30567276.3
67815930.72
28142232.35
31253110.27
68255844.09
142530627.01
28482906.41
79257360.44
78510285.41
142360824.74
30125765.1
23389934.77
28614625.75
74435016.38
37943977.85
29757046.55
67704044.61
37586252.9
29436767.28
78232087.84
32436613.55
17359191.53
32346023.48
23189963.14
18360080.18
79572949.32
66691168.17
17455557.02
28309837.27
78836956.48
142340133.17
67539255.82
30272277.0
78912390.16
17185718.97
79373091.51
79220743.08
68797685.18
17336311.04
78464269.68
31053813.74
30830136.13
32072594.98
77863321.91
68635658.61
73864064.84
80146198.6
69862868.84
78795597.48
25391542.14
18822119.73
78246689.62
77706568.72
18826332.46
33569653.54
66109413.48
78451037.49
27437235.44
142422033.93
69320199.45
26265614.65
18680851.85
26885650.14
67984393.49
31619699.32
30881481.42
143104508.15
29818150.85
30144366.35
78476305.99
77339940.72
25519188.83
18368585.19
38410813.09
73617862.5
33715801.41
67059901.79
68668087.81
28925050.51
31725328.96
79052177.27
78824859.12
68899793.81
68750089.84
31541266.39
28881479.16
68190623.25
17326371.99
68279486.66
67710533.68
69862705.93
29434202.32
72947026.27
79521672.09
34126070.92
143644227.5
25429643.3
143297550.47
29325236.9
69265851.67
17249117.95
79370096.48
80091872.38
80230110.41
29312202.88
142208342.05
27395964.59
78546443.43
31021382.2
39404253.63
34650067.08
143708436.85
142795147.52
74351588.03
31438208.98
78810897.46
143325140.05
33170226.7
68672819.32
32436710.79
32062919.28
28764443.18
142334428.49
18622510.13
32214615.01
17240110.42
142806362.58
30922642.4
67855452.25
67884167.54
18377279.42
18651447.21
25278781.39
78852892.5
17276581.77
18320699.58
70187781.77
34710509.87
68536290.14
31476008.86
78616930.95
18638463.44
32502487.99
68535457.34
31063584.44
79734405.12
27843336.5
30899254.06
67443724.28
142803016.18
18790401.98
17216301.59
67913575.95
17340684.52
17273069.71
74350230.82
142146664.24
67950173.92
26480349.03
78492506.69
77944355.7
75442333.85
78064036.69
74260742.63
143279883.95
68777758.62
80716899.81
68119363.87
17484589.86
38844195.48
30639874.21
31986020.26
69018062.45
34241987.55
77399998.82
66275523.09
67747198.05
37753740.83
68761759.09
18350740.29
26357983.98
28615543.67
79066558.65
68695645.82
78467440.92
68911604.51
30484865.74
18667452.88
68240322.45
143164830.03
31699665.53
78561472.88
36479652.45
143771562.68
29823577.13
143240902.84
78200727.57
18382288.77
68696604.6
77765993.26
30812156.08
68788438.34
26989391.2
30889148.31
67891852.88
142136153.78
27852690.0
80149759.68
78498409.84
142475560.91
30912433.32
24137971.96
28798142.04
73124245.15
38391236.78
30090307.97
68813836.44
38113788.15
29988455.54
77986699.88
32616166.81
17339680.91
32575157.51
22934700.14
18388932.92
79304361.56
66904622.64
17415176.43
28902101.02
78568510.91
141954640.52
68629900.59
29996168.86
78901070.16
17181886.81
79012489.81
79925311.42
67987767.95
17359577.5
78632859.03
31819638.01
31122074.99
32468892.66
78371691.26
68175974.36
73209898.64
79642582.38
69767494.94
78836834.75
25134955.22
18770392.49
78658450.97
78234038.65
18771425.96
34262116.79
66739310.43
78351809.32
27202571.06
142071847.63
69466788.76
26305992.13
18689394.45
26033590.28
68238693.53
31517687.95
30352460.97
143903346.88
30985888.48
29324443.86
78707248.55
78390744.57
25412199.08
18370408.78
38454845.35
74439136.72
33854007.87
66967522.77
68244085.47
28360483.48
30948998.83
78534141.81
78292380.71
68841019.88
69980644.24
31118490.85
29278061.16
68339289.3
17325097.9
68559221.14
66757218.19
69821934.23
29391263.09
73317114.53
78900389.05
34681642.61
143886194.51
25269139.65
142608660.12
28590260.73
68547320.63
17260025.44
78905750.78
78830193.27
79420433.71
29774252.45
142471069.83
27223089.37
78571769.15
31078449.43
38449545.86
35490076.11
143708531.38
142477420.17
74484263.65
31205967.95
77825586.28
143120587.67
33716446.27
68618012.04
31591421.04
31603850.11
28165900.69
142948001.43
18616765.43
32552540.79
17225952.1
141521971.09
31127222.67
66945678.52
68276445.55
18358331.17
18597904.1
25864802.44
79069247.57
17308423.09
18309398.22
69417363.82
33954659.7
67882005.22
30879145.94
78853711.6
18618258.03
32935124.94
68451239.73
30821557.09
78616433.27
27762665.49
31928813.69
66252126.61
143047572.68
18775066.96
17199712.96
67773367.38
17339263.2
17302572.8
73898969.31
141737545.08
68028177.43
26799728.98
78755861.32
78934922.26
75932246.59
79325393.33
74600718.56
142778234.03
67540179.73
79946215.53
68491523.03
17464633.56
37769701.84
30072531.44
31215919.39
68024556.82
33473910.8
78105818.46
66182247.42
68912445.44
38570741.56
68386406.71
18390328.54
26366875.76
28594510.04
78401327.97
69337763.83
77651111.6
68277927.23
31227550.86
18667020.88
68724606.07
143471454.7
31258552.85
79489796.03
36552648.1
142330121.03
29318651.02
142258647.37
78105965.01
18368215.73
68304759.45
78404334.64
31282653.15
68807088.49
27260869.67
31855535.6
69217417.87
143948918.43
28080769.28
79326837.99
77865610.8
141962398.98
29719155.99
22503198.19
28512613.43
74826883.06
37937690.27
29861648.49
69518437.06
38432865.32
29429654.25
78532081.4
33262213.2
17375432.39
32026291.97
23668981.14
18375587.5
78492593.6
66517462.94
17471584.06
28565538.03
78757919.23
142886310.37
68516477.94
30874755.61
78896987.23
17204547.81
79741336.06
79393594.94
68184879.04
17357109.72
78814922.97
30887008.54
30815412.37
32707739.67
78366343.79
68364865.43
72512689.02
79493647.93
70144673.52
78382052.83
24604287.81
18787983.91
78089427.19
79066557.17
18800834.49
34461498.78
66478707.04
77550170.43
27563735.6
143286150.71
69653480.58
26148206.01
18688534.84
26101182.17
68623523.64
31787529.08
31142304.4
142272079.31
30210968.84
29811535.05
78422693.43
78884419.21
25592990.63
18387539.82
37024254.85
73804011.63
33542068.78
65993969.0
67344949.9
29047952.44
31549679.9
77877956.66
77833054.04
67336112.54
68125629.73
31208011.78
28922986.34
68768482.0
17382063.94
69390580.57
66866974.03
69569606.49
29662502.76
73957051.24
79520174.56
34487590.56
141540583.31
26003372.51
143262903.92
30024298.54
69556851.26
17293113.49
79212878.32
79181864.09
79272125.66
29414457.62
143308898.06
27472726.1
77962761.49
31193138.27
37852677.15
35236916.98
141834319.4
142004690.62
73845769.52
31594930.6
78732065.33
142578421.88
34266632.66
69111755.26
32111342.06
30950476.35
28680886.74
142828724.06
18620363.87
32329565.03
17216422.29
141955416.81
31408247.13
67008531.56
67782661.08
18367798.22
18598270.38
25493547.93
78640970.71
17355315.61
18359252.83
69615692.69
33131323.96
67989358.58
31148342.98
77632706.08
18613157.89
32452424.72
70318689.88
30603381.8
78334712.21
27287591.53
31268588.69
66343028.93
143271044.56
18789218.77
17192754.74
67398393.87
17334182.07
17295051.51
73457706.11
142446205.22
67896473.29
25944974.16
78112321.29
78901414.9
75635097.96
76973668.49
73894760.91
143609111.81
67536217.13
78560288.97
67994829.65
17458817.58
38530291.14
30449781.04
30908867.42
69257007.83
33816120.26
77763523.76
66882413.35
68346204.72
37734365.63
68256499.21
18332333.13
26680057.31
28100812.59
78109765.71
68931253.14
78406960.76
68695758.71
31163253.81
18661629.84
68678122.65
142731161.81
31286966.14
78935858.82
35344354.01
143205865.78
30309979.97
143643074.96
78940340.86
18369843.84
68572745.85
77533426.87
31203327.4
68152999.05
28060615.62
31396232.9
68243018.54
143284520.12
28970682.09
80502423.54
78574212.12
142570511.97
29308156.42
23216810.0
29045120.96
74488285.27
37979252.12
29405495.39
69402928.58
39129115.26
30430169.34
78216898.88
32202983.47
17364195.73
32282559.67
23553317.19
18373936.59
79097809.07
66857668.76
17459413.9
28924536.64
78381885.67
143621396.37
67058982.01
31442675.36
78937627.02
17259310.78
77971555.8
79682663.42
67750940.68
17326429.32
78412421.85
31359999.34
30801874.79
32586192.24
78339864.94
68511748.37
74239461.33
79064020.34
69499124.42
78612075.69
25578180.55
18765827.73
77992769.52
78334080.12
18802319.85
34751187.61
67066015.96
78385087.7
27875053.51
143439150.75
69071674.76
26631788.07
18706593.69
26459953.43
68050447.79
32059851.92
31044412.07
142617713.76
29917113.85
29868409.78
77123425.18
78517976.71
25704188.11
18367309.63
38374165.83
73822167.18
34172929.9
66806458.01
68713175.54
28388324.66
32276710.68
77856004.3
77787478.29
68315918.31
68399926.89
30978532.73
29184464.66
67793627.06
17306674.3
68292503.59
66709131.43
69295316.43
30068851.8
73902696.17
78588596.38
34164417.0
143375451.93
26185256.32
143629419.53
29128418.89
68269179.59
17253085.89
78173713.16
79280724.76
78819182.26
29562512.42
142147160.36
27913294.64
78991012.47
31026810.14
38598344.97
34987187.35
143848464.4
143417959.11
74160126.7
30955607.1
77968254.28
142507083.72
35090176.72
68470666.13
32065955.02
31354166.9
28782198.18
141118380.21
18618084.01
32249544.09
17207884.79
142682611.26
30260617.25
66584393.73
68899124.94
18378765.64
18613955.66
24918373.16
78042166.55
17321068.45
18351323.04
68888278.13
34568265.4
68666318.24
31458311.67
78289362.7
18621807.61
32181711.71
69393486.49
30806398.29
79414686.52
26930127.89
31936478.16
67015378.84
142086368.5
18784261.15
17209313.64
67841591.04
17340492.27
17313308.66
72280357.68
142025996.06
69216687.19
26065939.92
77120419.44
79698818.59
75094268.33
78306205.4
74106851.64
142855708.98
68496526.12
79481093.83
68342176.51
17459621.32
37904631.8
30315864.44
30988657.92
68414466.75
34204673.68
77712440.58
66359935.85
67740664.55
39000835.32
69251634.99
18355508.23
26456485.01
28883013.9
78752019.97
68550117.15
78042212.71
69297557.5
30763199.12
18682434.34
68708984.2
143984573.72
31329059.21
79430786.21
36270744.29
143393161.78
30186369.19
142384712.46
78076475.01
18317845.48
68652077.32
78527902.65
31268162.84
68048310.52
28271125.32
31148970.65
67638925.5
143610490.99
28337942.2
79129718.13
77633944.01
143452820.36
29286440.11
23294510.7
28446123.39
74450742.45
37608941.8
29388727.77
68147490.27
37853008.47
30189869.1
78349422.92
32175721.65
17372360.94
33004132.62
23038029.64
18377143.95
78737436.95
66430538.15
17491334.49
29036480.34
77757756.68
143646504.94
68666277.01
30742471.37
79639112.58
17190696.67
78839054.91
79174802.67
68921350.34
17327553.98
78669192.29
31725097.36
31480065.87
32890420.73
78427471.03
67863897.51
72359265.34
79396232.7
69911686.34
79290475.01
25035790.51
18770405.16
78985071.04
77698153.12
18764260.5
33856028.19
66844150.16
77396934.33
27244970.63
142888822.59
69983831.79
26180421.87
18652883.35
26213254.6
68207339.6
31604842.89
31224086.98
142837655.2
30077117.47
29769510.4
77828769.52
77512853.25
25074142.77
18378824.41
38183955.87
74062751.02
34445243.83
66909630.58
68190096.73
28261029.64
31431828.96
78653690.68
79455553.28
68093049.75
68174643.95
31119006.64
28691564.95
68261946.36
17329641.24
68740830.28
66215262.1
70342908.07
30167394.06
74041772.44
78588282.63
35201135.7
142830398.83
25976528.01
143793231.96
28389501.97
69846622.93
17242452.4
77795158.23
78086679.18
79800508.87
30705496.5
143814831.67
27365238.33
78961611.16
32054572.34
37657046.76
35171723.32
142875686.02
143029639.23
73921865.81
31594348.46
78020871.75
141897772.43
33314198.17
68320399.1
32179845.17
31140301.92
29516228.81
143343314.46
18642888.32
31957395.13
17244569.98
143772637.02
30343431.13
66420744.6
68356952.14
18359720.59
18619728.35
25375140.81
78594386.96
17250082.55
18347867.02
69911969.47
34387324.33
68924807.2
31292877.06
78211793.49
18658585.49
32399883.01
69484876.78
31509852.12
79236334.07
27446501.32
31524282.04
67914020.17
142424896.13
18790235.96
17218684.5
66724034.02
17311954.6
17316818.19
73947923.06
142913433.38
68455352.64
26794202.56
78045224.71
78904406.16
75074467.7
78094675.3
74688523.77
142511674.63
68205837.49
78938771.24
67402051.17
17450129.98
38623322.16
29545072.73
31294360.65
69010605.22
34535816.1
78693869.94
66646702.87
68381032.95
38295210.28
67757133.54
18338286.71
26990449.72
28895760.56
78088004.65
68921085.64
78299951.35
68786383.98
31155539.21
18686064.61
67764070.38
142957985.97
31115651.54
79291775.01
36550401.97
143883468.5
30077052.11
143485561.04
78108425.38
18312456.05
68408029.11
78563731.82
30714042.91
67973750.59
27885275.52
30795285.69
67707861.81
142581843.42
28730763.27
78881157.63
78626351.98
142948598.34
30039625.22
23209788.52
29036691.06
74483795.14
38670796.7
29873534.3
68042022.22
38639266.39
29393473.74
77832916.04
32507966.33
17363101.18
32421569.25
23575383.49
18352552.11
78598807.28
66829079.74
17447194.74
28924698.38
77926632.88
143941561.44
68270784.24
30442217.86
78644817.67
17192270.31
78905090.87
79461671.86
68595312.25
17357545.25
78912307.92
31312938.04
31245043.4
31943569.13
77775316.63
69044986.97
74127247.77
80365879.43
70000464.95
79421240.11
25744683.19
18796778.61
78189692.15
77693040.28
18831839.35
34562093.74
67883200.08
79212157.39
27161569.68
143231069.61
69893032.68
26377035.84
18711634.06
26551380.8
67299304.77
31267932.65
30841481.23
142004929.94
29166941.44
29288933.68
78234758.12
78871029.54
24599582.74
18408626.79
38102677.81
73658725.86
33623190.82
67385792.67
68748833.55
28633441.46
31820203.15
78652555.21
77882436.87
68517531.7
67711494.26
31087226.74
29032956.88
68111913.95
17338182.47
68441812.67
67223324.73
70210742.34
29872365.34
75363115.33
79405119.65
35187379.31
141423534.82
25812378.01
143263909.86
28200529.74
67951478.31
17255242.89
79623477.39
79622923.66
79586004.41
29354499.0
142751569.67
27687521.23
77719578.89
31394438.59
38047661.01
35737564.63
143537178.17
142940335.58
73632608.05
31526689.71
78411116.96
143913948.54
33718630.09
68520536.66
32446461.5
31311839.36
28623419.73
141560875.68
18631751.63
32605527.21
17256892.25
142711836.73
30899470.19
66673735.7
67672059.16
18373025.7
18628969.22
25261833.55
79409191.03
17316445.62
18353922.23
69939691.71
34070556.02
68258774.66
31367059.79
78759020.14
18649900.81
32263599.58
69419264.57
31034735.22
78675219.02
27014356.14
31359209.76
66710355.28
142338832.62
18794237.52
17164715.35
66487255.51
17350510.08
17295922.72
74129561.76
142839273.96
67832663.66
26166976.17
78350330.95
78417182.46
75394393.25
78767303.64
74114186.6
141815484.61
67838170.17
79311412.07
69126037.72
17411103.43
37333954.68
30257921.62
31042826.93
67739675.43
34562295.69
77823769.36
66608167.29
68098695.89
38282915.48
68223305.94
18356640.41
26983067.83
29082605.13
78070034.46
68269881.61
78133182.42
69374929.12
31395772.07
18663797.75
69259032.71
143146170.85
31534961.2
78587449.05
36512484.92
143025841.02
29799043.72
143450151.43
77664489.53
18323267.61
68056969.88
78682947.92
31084456.04
68459845.27
27537134.38
31734113.27
68305251.48
143490740.35
28414534.29
79482852.35
78205790.86
141935574.45
29600966.81
22800965.73
28722578.16
74330395.27
37872953.41
30267153.6
67439990.97
38857747.8
29707676.82
79676704.04
32078436.3
17361088.66
32796555.22
22868988.3
18397709.51
79856068.24
67518358.02
17445804.01
28679540.68
78255258.54
142847690.65
68132873.2
31311745.82
78898041.81
17188064.48
79563370.48
78965879.92
67781514.18
17355186.58
78472331.11
31317195.63
31255007.28
32283355.94
77585150.11
68704185.66
73983833.36
79105847.33
69463807.69
79617201.32
25096484.06
18761261.66
78495752.78
78383223.91
18792470.31
34110188.99
67686519.77
78001432.69
26983716.94
143259849.45
68950501.54
26163683.97
18693192.02
26349573.69
68873471.94
31801776.53
30946383.38
142651690.67
29583965.01
29787986.24
78036563.26
77977640.83
24648591.73
18426638.35
38312397.5
73527831.26
34255186.39
66485503.68
67739283.79
28267284.67
31824756.38
78533341.86
78378510.79
68314573.11
68380175.62
31169524.56
28488334.61
68125620.93
17347562.94
68166763.43
67991641.37
70605389.94
29895545.74
73225221.76
78419955.9
35030820.75
143987574.37
25560662.9
143184594.59
28573164.25
69195212.91
17254363.61
78860326.48
78659258.04
79506748.15
30061912.61
144270449.63
27858353.39
78234028.85
30692977.71
37733952.53
35943837.95
142899235.89
143058450.26
73300301.87
31363178.69
78308733.87
142882172.38
34048603.25
68301344.74
32832389.69
31984645.56
27754627.84
143953897.84
18680833.57
32074689.78
17250746.01
143114896.51
30831082.3
66160411.98
68464321.33
18323304.11
18655347.67
25342132.58
79253705.57
17275936.79
18376211.51
69544417.85
33917042.97
68546713.75
30758020.52
77673730.44
18622666.0
31703848.94
69933207.13
31712983.83
79611225.4
26949204.02
31474150.65
66826891.15
142802420.68
18806934.87
17214370.02
67201570.44
17364474.73
17307721.6
73326434.15
144011726.96
67376302.34
26202673.28
78985174.08
78777214.15
76283764.41
79139820.22
73605947.91
142977759.68
68259254.04
79811441.32
68626331.88
17430382.83
38375821.79
30593065.56
30922547.37
68217384.92
34396788.14
78451887.16
67463040.24
68098700.37
37323322.46
68386771.15
18377528.8
26586987.32
28881069.59
78103239.31
68354817.17
78303634.54
68030095.02
30043334.52
18673050.13
68591870.19
142711689.53
31334932.6
78356027.5
36528879.7
143813207.41
29771043.41
143151865.98
78595457.41
18365886.27
68751188.76
77642646.82
31036560.18
69141183.24
27952935.43
31191262.7
68305562.22
144169300.07
28179427.56
80245143.77
78475013.44
142269428.17
29555203.74
22843248.88
28893703.81
74373405.74
38270100.49
29697595.64
68325316.22
37696412.15
29476961.31
77553830.5
32391529.56
17400900.88
31772676.8
22914542.1
18355595.0
79021464.93
66301240.77
17469431.27
28300118.15
78005283.24
143148432.62
67909397.74
31201767.42
79133662.98
17210311.13
78901574.84
79261484.81
68530863.7
17336760.62
78340490.35
31427591.39
30961451.8
32494605.75
79248293.65
68784294.78
73079774.29
78631245.18
69791441.26
79147553.53
24742607.31
18793882.87
78093610.17
76620208.15
18812316.55
34184896.39
67029954.57
78452977.54
27406046.2
142740267.29
69871793.48
25880233.4
18704520.31
26310328.82
69036966.08
31062989.41
30968690.13
143478078.94
30283520.87
29938360.43
79160387.78
77958480.39
25301480.93
18327525.79
38067368.68
74185735.74
33988516.38
67230742.6
67611390.15
28492948.9
31196694.47
77620592.02
77840054.45
68410641.47
67942377.36
31125570.43
29063895.65
68641474.18
17331438.16
68200525.87
66409260.01
69432957.49
29651879.13
73199632.18
79288685.67
34718907.71
144366822.44
25960088.33
142868953.03
28975824.78
68435013.13
17213982.6
78801677.49
79380092.9
78331692.04
29890327.89
144079365.7
27614497.08
77959682.31
30888466.48
39047644.08
34767755.4
142145685.81
143092948.15
74015155.73
31206107.1
78824674.52
144065603.98
33755809.98
68726269.78
32485957.98
30933779.62
28721441.42
143081444.12
18598821.23
33153065.76
17250407.9
144064343.69
31103406.5
66535220.08
67718187.76
18360847.26
18652074.73
25495785.59
78700753.38
17307458.93
18320981.12
70193006.83
33743776.13
68684089.87
31826009.13
78435219.1
18618742.05
32170422.45
68852103.98
31223584.97
80098934.79
27683511.03
31485060.27
66482886.75
143086704.76
18784729.77
17203798.17
67735984.34
17352229.2
17269961.59
74179583.83
143167304.01
67748507.55
26045337.47
78595059.37
78512334.35
75096399.34
77994901.41
73428338.65
142805174.12
68691220.09
80453370.96
68061947.79
17438364.39
37559246.72
30464612.38
31477338.85
67778129.5
33816768.61
79120999.82
67137117.97
68739745.38
38007430.87
68908636.92
18383764.15
26234844.0
29309358.03
77521645.12
69098039.14
78189938.21
68460629.85
31427385.74
18685699.49
68068431.73
142136767.32
31260937.78
78971460.94
36234691.14
143529832.84
29775433.3
143140807.22
78869145.35
18351533.07
68877119.19
79084674.34
30649269.61
67865417.03
26775448.5
31117815.12
69140937.34
142528811.85
27949356.59
77988394.33
78738855.48
143181773.93
29112148.16
23711589.42
28864123.72
73308531.87
37833770.94
29732303.23
68310519.87
37867895.28
29566542.85
78191782.15
32213444.0
17373545.03
32166579.53
23268220.43
18375039.96
78757978.47
67356755.83
17469902.33
29222187.47
77577145.68
141222986.72
68454026.7
30684866.56
78544797.64
17182023.76
78617334.4
79811815.59
68613375.26
17347049.02
78102882.43
31751746.29
31042989.33
32163241.73
78134313.81
68011235.84
73924288.23
77861622.16
69819556.44
79127984.9
25138093.8
18764045.33
79022999.39
78926423.25
18812629.1
34368801.22
66414505.35
78502185.9
26580528.5
141555011.82
70071568.88
26219125.01
18682376.32
26789245.55
68992462.49
31885647.62
31445535.62
142913532.77
30473189.91
29037687.61
79010880.57
78151272.86
24528961.92
18359020.04
38162564.72
73015436.82
34040280.32
66986318.74
68958968.24
28855739.68
31291563.61
78762620.53
77312515.62
68032005.42
68919747.93
31108238.96
28226805.56
69057367.88
17369662.07
68431768.76
67030642.79
70023272.54
30413140.79
73813139.65
80257935.92
34410162.59
143485214.51
25648124.0
142450550.7
29157539.29
69133357.11
17236777.75
78959070.62
78989315.04
78749565.22
30319712.85
144357242.6
27578976.2
77009610.13
29980229.71
38019479.43
34669888.76
143141256.97
141469679.93
74545534.93
31273275.48
77743407.63
142362237.92
33401109.42
67577353.73
32501949.34
31832622.12
28528239.63
143710716.7
18621835.12
32452315.87
17254756.32
142568549.03
30829471.03
66436675.43
67718823.79
18360784.17
18619768.91
25434933.86
78316928.62
17274615.59
18323459.85
68662031.41
33743259.04
68303684.97
31551144.12
78887330.5
18665258.97
32085876.48
70489802.67
30338371.07
80061910.33
27157738.56
31354484.4
65677723.89
142462574.53
18803125.27
17184800.9
67334321.45
17358127.94
17286130.16
74086692.78
141901725.88
67687554.23
25836790.45
78265877.15
77987806.66
75423327.86
78870230.43
74679472.07
143412052.75
68321166.51
78750416.45
67938986.59
17421508.32
38118291.24
30417978.24
31990613.63
68133430.27
33916662.6
77403332.09
67005419.21
69071669.7
37828044.78
68517050.98
18362593.95
26277018.32
28984288.47
77923359.14
68794843.51
78411259.2
68561002.8
31134791.21
18689310.22
68411583.66
142355916.99
31080292.91
78712839.8
36232871.74
143307828.15
29442153.67
142994552.57
78323737.96
18327640.18
69222000.52
78960874.31
30953427.1
68041002.28
27977944.38
31195182.56
68616577.55
142713880.88
28824573.67
79954653.85
77768199.41
142281551.58
30002354.15
23180794.44
29001113.12
74414114.56
38744153.25
29541777.53
68593845.92
38324519.03
29862678.76
78147175.69
32143682.95
17381877.54
31894531.29
23464928.97
18361920.87
78869833.43
67006375.42
17504704.91
28825669.34
77770535.62
142304019.86
67634137.65
31048199.77
79307189.59
17226511.26
79847333.22
79607142.97
68151460.04
17367088.18
77292240.35
31203401.46
30647574.76
32669199.21
78372896.21
68482124.08
74353833.34
79519666.9
70528119.78
79242957.44
24845819.83
18744582.63
78268993.71
78382275.46
18818533.09
33626552.31
67489641.89
78614114.05
27188795.93
144030723.87
69481190.91
26272565.23
18662679.39
26302127.46
68301882.85
31661493.42
31202558.55
143147855.67
30238579.31
29324815.66
78076958.58
78917228.98
25215799.8
18373773.52
38002696.63
73623095.65
33225050.43
67409763.96
68246086.87
28623689.48
31407469.77
79306703.16
78970457.94
68598454.97
69296925.65
30585867.69
28587621.55
68803983.86
17370137.73
68267230.37
67244059.06
70540264.32
29741148.15
73941667.32
78146950.44
35742727.9
143331005.23
24936498.33
142527465.25
28903558.0
68635728.72
17266864.5
78860943.01
79694622.12
79617443.91
30284919.23
143026278.77
27442417.65
78491619.73
30909019.42
38740341.68
34959915.56
142276964.07
142389334.49
74596687.1
31192311.42
78731937.81
142649254.14
33228080.76
68334594.8
32064255.38
31311063.06
28310204.72
142737019.41
18654428.78
32334149.66
17246234.93
143675764.39
30747998.18
66601226.34
68829795.09
18324602.56
18619570.21
25923117.7
77773598.8
17285790.22
18308457.21
69088174.7
33863576.99
68350721.18
31190600.74
78535117.72
18631370.32
32680835.48
69663881.98
31184019.9
79978208.33
27051502.92
31480814.54
67980761.11
142884560.93
18780609.69
17217988.5
68030906.45
17340173.74
17301503.29
73638123.53
143344927.23
67849543.02
26016677.81
77991543.06
78221405.15
75857540.93
77815884.97
72844751.74
142257506.63
67765329.86
79397238.76
68239238.74
17464341.42
38464027.46
29982136.54
31282015.25
67906805.27
33359870.44
79324174.72
66183820.9
67838300.71
38794497.57
68533485.48
18385413.89
27172760.55
28920746.19
79090830.61
69629161.39
78169983.13
68172213.75
31100698.74
18703699.2
69267300.26
142741480.91
31263852.83
79682396.89
36491670.07
144453670.17
29633568.57
143134054.05
77611757.72
18338634.89
67902931.09
78545277.82
30854981.96
68725002.32
27667000.66
31214956.91
68434904.45
143422315.41
28257467.06
79513588.59
78485432.83
142486043.47
29644649.6
23610127.54
28521137.44
73827101.73
38035448.22
29906427.44
68406524.75
38658533.75
29450956.73
78780056.24
32903901.34
17384829.58
33199868.25
22988650.91
18403467.76
78338351.65
66679743.54
17505274.03
28406805.97
77820577.68
142591030.03
69185859.3
30735005.24
79183567.52
17196427.09
79522884.14
78272810.55
68948958.26
17329510.94
78558818.63
31209506.57
31419606.29
32032921.79
78451690.26
68028291.05
73353908.25
78807298.33
69478995.23
79625810.17
25118390.39
18794479.61
78609763.95
78536185.47
18755916.48
34033908.78
66741111.42
78198877.15
27093704.34
144257479.45
69303678.69
26316921.89
18676639.39
26385463.38
68608520.31
31706198.03
31027962.04
142996596.55
29822902.77
29735381.45
78400475.27
78529321.06
24678205.02
18355398.91
38074796.72
74404168.14
33598574.67
66206701.26
68389823.93
28018248.97
31891240.19
79403945.49
78625091.07
68347069.54
68255898.84
30769020.82
29358666.34
68546860.81
17345025.88
67428544.88
66875138.73
69988401.04
29789737.8
74404814.97
79202288.51
35229845.85
143618162.74
25338154.25
143037739.8
29374275.32
68417702.71
17223781.86
79501762.91
80132223.08
78701785.02
29841560.72
142920586.22
27617059.85
78589198.79
30739504.61
38260163.4
35536671.31
143518068.84
143837527.01
73123680.64
30749902.47
77951095.84
142065133.95
33809974.82
68105649.35
31716923.05
30778465.12
28349255.76
142524158.2
18622193.38
32143607.03
17273139.98
141972204.67
30868724.34
66495454.29
68872313.25
18396947.13
18637474.25
25286192.63
77523709.3
17280092.37
18377220.32
69533667.2
34167131.35
68474392.08
31238784.18
78269899.55
18663314.58
32769488.16
70024378.45
31329516.46
78757388.08
27403277.73
31516949.17
65770776.22
142555491.12
18793958.6
17179952.92
66781768.94
17309314.21
17300616.32
73870096.24
143972517.69
67813423.8
26214721.79
78960985.32
78508389.93
76140310.33
78226131.6
73633896.31
142894895.65
68745371.41
80296680.47
68003353.4
17469447.42
37690784.42
29754452.77
31017114.64
68634104.47
33760358.95
78665933.94
66246808.24
68431702.56
39072242.07
67010259.89
18341648.59
26158488.74
28579605.34
78694255.84
68626797.48
78746605.25
68185492.62
31089271.68
18691057.68
67883190.44
143447146.33
31543791.93
79843260.42
36530663.88
143169799.08
30515875.5
143318324.86
78626168.55
18347242.8
68689285.72
77386226.01
30822572.98
68549852.86
27500594.06
31513004.16
69133000.08
141632363.29
28230351.44
80088683.94
78246213.48
143540815.81
30019544.28
22965899.48
28446313.8
75323013.51
38231311.15
30096524.66
69269971.48
37299170.02
29511765.57
78288006.34
32476881.84
17365433.14
32899735.17
23270531.46
18350676.33
79047693.79
66821225.55
17477408.5
28554495.63
77850746.2
142218979.8
67908391.29
30486489.46
78905776.57
17234960.19
79334641.91
80162966.93
68349872.64
17344763.67
78748184.22
31272983.06
30760326.67
32295912.65
78569364.53
67883945.28
73746095.3
79320237.39
69387295.68
78294826.08
25798199.56
18794195.26
78213909.47
78471194.69
18832703.44
33965451.56
67436228.56
78429606.92
26724994.62
141587847.1
69573855.48
26545975.34
18694814.77
26650961.28
68853681.51
31611554.51
31354372.88
142054088.06
30087599.27
30741282.28
78791388.23
78201853.68
24388469.11
18412819.04
38317304.5
74034334.9
34135148.3
67097848.34
68440356.85
28821673.49
31377466.34
78334905.63
78070913.44
68673315.39
68578330.44
31295916.36
28726359.94
67674843.8
17312421.53
68411257.42
67121261.28
70248958.23
30452837.02
74380801.96
79335307.03
35179592.06
142811378.23
25453944.07
142533514.48
28920160.5
68747928.72
17225857.73
79310539.5
79685315.88
80008860.29
29745395.35
143664883.9
27961386.48
78347423.45
31376725.44
37960738.9
35331497.83
143473519.36
142840606.14
73220550.75
30723067.54
78202571.29
142829671.88
34185379.94
68965609.34
32195479.45
31269175.3
28834975.0
141925398.74
18618256.51
32470582.95
17209603.55
143227281.05
31530677.98
66741634.44
69552278.81
18386971.74
18617289.35
25459386.37
78662946.43
17341027.19
18359588.86
69255234.43
34109846.64
68145157.23
30856602.59
78454153.21
18698748.06
31279998.91
69144789.33
31131100.88
79553514.81
26173520.42
31542359.7
67004680.36
142888254.62
18824936.31
17191625.96
67002895.51
17347196.75
17290562.77
73533637.72
141931826.33
68438888.39
26489465.65
78463305.42
77760986.9
75173974.57
78940654.26
73382554.1
142876873.26
67243898.04
79127791.38
68129188.05
17436761.57
38369223.04
29795169.61
31102063.27
69040477.04
33824263.59
76417073.85
66043036.05
69653277.89
38565875.83
68938818.55
18406496.41
26424972.12
28985482.8
79320292.46
68460545.48
78233624.47
69850733.59
31145799.63
18673126.87
68130277.93
142189695.4
31303138.5
79991062.12
36029277.77
142344938.33
29594472.24
143067564.27
78637695.12
18324837.82
68234351.98
78391082.09
30869413.52
67808187.94
27460354.82
31276095.94
68199100.67
144349127.53
28663673.78
79125916.56
78628944.94
143193525.2
30477872.92
22620447.12
28640315.71
73485319.66
39260123.38
29759468.6
68191178.57
39080136.83
29765351.83
78444067.07
31994921.05
17356187.28
32472209.66
23058812.17
18372637.42
77056136.42
67113598.01
17436381.31
28713797.84
78849384.69
143129490.32
68790278.47
30684750.14
78857891.37
17199440.46
80107024.83
78476822.87
68070987.43
17382520.7
77836772.65
30930081.28
30919248.44
32779008.27
78611464.42
68483224.55
74517896.52
79026699.87
69310118.11
78322736.08
25541712.91
18824381.86
78177769.71
77436337.04
18807114.2
34049299.93
66674637.98
78753575.36
27498947.13
141865800.6
69518954.4
26432276.7
18690789.65
26521009.77
68683253.74
31454804.65
31032567.51
143533460.66
29617442.95
29373387.52
79837653.36
79304727.06
25595126.83
18374082.73
37538402.25
73441909.31
33913809.71
67033607.29
68366329.9
27997239.63
31703067.48
78110350.62
78387203.09
69208846.75
69049915.01
31542277.58
28796472.62
68619567.93
17319968.44
68550573.35
66805483.86
70843888.92
29650167.54
73394480.75
79584817.85
34777845.88
143311750.55
25945492.95
143033289.23
29829162.3
68116380.34
17266014.92
78602033.99
78117523.89
80098838.18
29948086.85
143689634.21
28569868.88
78332577.47
31078892.27
38453011.71
35113494.18
143168155.39
142465775.54
73854154.02
31362376.49
77811570.26
142977614.04
33866686.11
68288922.14
32208322.3
31336914.77
28612504.52
143901755.06
18640076.86
32285720.65
17235935.48
143304749.58
30587272.29
66893693.69
68701550.03
18359142.91
18638449.02
25491584.69
78217537.79
17268439.11
18351365.85
70335818.86
35421622.04
67856587.37
31394633.83
77130473.3
18652810.92
32078849.47
69960231.33
30660188.7
78940906.02
27258839.78
31418637.53
66557566.37
142679179.19
18777015.58
17199558.96
66775385.49
17339658.46
17257148.35
73882959.01
142719421.79
67675551.12
26778424.47
78230348.12
78732184.52
75756293.58
78433484.04
74739107.83
142816617.46
68936174.11
79178394.56
68756726.08
17466212.54
38205329.32
29628293.56
31216621.52
68153126.16
34363050.07
78097915.26
67389850.17
68861333.71
38636993.68
68804852.54
18415422.12
26815450.93
28807062.23
78919985.18
68549470.04
78009892.44
68795212.37
31404556.16
18675207.53
68411020.67
143628601.6
31834004.78
79594715.89
35984403.41
141972543.09
29826692.08
141668724.37
77904847.79
18349447.12
68483880.61
78597474.68
30798414.09
68319808.05
27169916.54
31074635.56
68014306.21
144269115.46
27977113.7
79884965.24
78288953.4
142702123.83
29858263.5
22858958.55
28846414.03
73810758.72
38923587.61
29908040.5
68366059.37
38407174.88
29811620.74
77697329.88
32003427.29
17400552.0
31471800.19
23156333.49
18357542.91
78796781.17
66442391.24
17429738.7
28921471.76
78679858.06
142659002.63
67561169.69
30684206.01
79026719.55
17192356.9
78981790.07
79269976.51
68626643.83
17358470.49
78340065.76
31893468.01
30162791.38
32356589.38
77951683.76
68260057.55
74346494.47
78697933.28
68946744.81
79335795.11
25185306.15
18813742.42
78422243.92
78543668.2
18787796.76
34152264.28
66648833.78
78149605.01
27179044.77
143483775.43
69447133.12
26399183.84
18673717.12
26748597.14
68663271.64
31310823.1
31489222.48
143501929.25
30223342.3
29499185.23
77605748.31
78389674.07
25492153.15
18345842.55
37387650.99
74583887.34
33820647.11
66486621.13
67735468.47
28521664.6
31439157.17
78232140.23
77972759.21
68744588.49
68672582.85
31322808.63
28517192.41
68791001.89
17419144.2
68550261.0
67064119.28
69727657.85
30051843.09
75453397.14
79874992.55
35445728.36
142961688.79
25043880.59
142442011.61
28386676.44
68808124.31
17236854.81
79409017.24
79237249.69
79847693.67
29990505.24
143235243.12
27759290.27
78464597.21
31194252.56
38473678.34
34056899.99
142797971.38
143610395.02
74580251.3
31168310.61
78510025.72
142849933.38
34221524.08
67575909.89
31963065.97
31504566.26
28735258.99
142475718.78
18640544.43
32165460.09
17300243.55
142135459.26
31883971.87
68012041.97
68357893.46
18356201.45
18658927.37
25405915.91
78462177.73
17308580.09
18348298.28
70088611.61
33695361.95
68973416.52
31256581.53
78526250.85
18614034.97
32036951.22
69931484.24
30367465.93
79614121.31
27148112.12
31497460.52
66127911.66
142936836.71
18774530.0
17229688.75
66791750.62
17331745.33
17292716.63
73178784.55
142214868.03
67484138.26
26753131.74
78289317.34
78661319.39
74827327.94
77661974.83
73755654.47
141534140.16
68487560.23
78547509.91
68363998.68
17477269.32
37742634.98
29534514.61
30994072.61
68691847.89
33760969.08
78183419.99
66102087.71
68367954.5
38396257.34
68543204.12
18333106.58
26032984.53
29062354.73
78135878.86
68262914.07
78627287.39
69240636.46
30979904.24
18687206.37
68577492.99
142882023.7
31847495.89
79978457.69
36433581.99
141655552.54
29971636.32
143352470.21
78811037.18
18381369.54
68571469.78
78781340.55
31055852.63
68429038.05
27606404.78
31262498.83
68940852.64
142152592.85
29090758.08
78928686.15
77656791.13
142437393.37
29041321.79
22762292.94
29038941.69
73753635.6
37476508.18
29984528.87
67210693.35
38463486.34
30039500.76
78683371.88
32316928.6
17337013.93
32528807.29
23358618.59
18371059.85
78793447.74
68007204.07
17465434.2
28909304.19
78931315.03
143487403.22
68415689.22
30458472.19
78906646.07
17185242.03
79507673.83
78927414.98
68571882.56
17343053.43
78187633.11
31988674.82
31268320.08
32538092.24
78454269.99
67960166.0
74555694.56
80246272.93
69995101.9
79064781.09
25488789.26
18759616.13
78776646.28
78130345.16
18807914.93
34345287.35
67415946.45
77989881.59
27278447.67
142823885.19
69457441.56
26444121.56
18720982.22
26249322.36
67851057.17
31413146.07
31617892.59
142564805.09
29554885.63
29888277.31
78515709.53
78874251.3
25539114.58
18357790.03
39019251.94
74522598.8
33926174.58
66818702.83
68312313.61
28066854.69
31765681.42
78609529.45
76710164.21
67917407.42
67559649.8
30940502.3
28189500.9
67729491.74
17359414.45
68384205.31
66752689.85
69827750.09
29051639.5
73325313.75
80095403.5
34783406.28
142354346.09
25654410.54
143527184.41
29221027.2
68941631.65
17259608.57
79424515.4
78639500.95
79445538.08
30440293.25
142211300.08
27555744.09
78635318.56
30970105.46
38167077.34
35594803.37
143012116.8
143310430.69
74518253.94
31558706.59
78872786.28
143220300.31
33938302.48
68947040.04
31516171.85
31573434.71
28819183.08
142456088.35
18644054.13
32670304.74
17226758.81
143314336.02
31155090.46
67423430.58
67960952.62
18340083.34
18646730.0
25790829.17
78216000.59
17340354.14
18334166.17
69765743.45
34289845.28
67956240.74
31315179.59
77967797.86
18633486.41
32404662.76
70380938.66
31169534.08
78606458.19
27129242.25
31454044.31
67150242.57
144433228.54
18840781.37
17171516.8
67038862.1
17360048.17
17287852.12
73678760.2
143238262.1
67444264.1
26417015.2
77941505.33
78104739.81
75207309.71
77654444.67
74181456.31
143441637.33
68472308.64
78992041.23
68786317.35
17433806.28
38270896.31
29622334.41
31194087.42
68523669.7
34306196.38
78329423.81
66245850.05
68223209.58
37718764.02
67783992.51
18363133.77
26469064.49
28707589.49
78466466.94
68881342.9
78892389.88
69200174.66
31542534.99
18700616.28
67486595.24
143183156.96
31434219.97
79420524.3
36454581.13
143733533.95
30045192.56
143565679.66
77888297.6
18375069.26
68282412.97
78464901.56
31260841.56
67736218.96
27515220.4
31037903.15
68639021.85
144266220.52
27765312.87
79457445.56
78964338.44
142840033.22
29867260.74
23439503.62
28824603.78
74061910.51
38428883.36
30107912.85
67979138.63
37081038.43
30297599.53
78862992.13
32323982.23
17338261.6
33107486.39
22952983.84
18360509.4
78746139.9
66577147.13
17422173.15
29123322.78
78204781.8
141816806.84
69187738.25
29917173.6
79479067.56
17178183.52
79610348.09
79229331.79
68741879.9
17325082.15
78323690.93
31039138.51
31090075.94
32102504.35
77956917.13
68455721.36
73843206.91
79289607.72
69995864.42
79433214.31
25348152.56
18810334.11
77991498.1
78946781.3
18827045.06
34591304.44
66890812.85
78775333.66
26920361.95
142642966.36
69301701.32
26344849.36
18735175.97
25845894.05
67707517.28
31839800.33
31628757.72
142160523.22
29771216.42
29665094.89
79176058.5
79295828.78
24741425.17
18375962.86
37746558.85
73842025.86
34191781.56
66571656.72
68101622.2
29175912.3
31237012.43
77874357.74
77084473.94
68275292.91
68708276.09
31133503.56
28844723.7
67880214.64
17382014.29
68777160.61
66555434.01
69758496.5
29623268.47
73187784.43
80274674.98
35114824.0
142834214.75
25372678.22
143159195.83
29024983.19
69077867.44
17246382.93
78374142.86
79532009.68
79341358.13
29847035.74
143855849.99
27372350.72
77979097.51
30928129.64
38379619.71
35023385.67
143931393.88
143119946.07
73845349.66
31407377.52
79261082.97
142661341.4
34308399.08
68246707.74
32003524.22
31405892.72
28411774.58
142895465.72
18651290.84
32044129.88
17187156.08
142648086.6
30993276.43
66618673.54
68661751.56
18397777.0
18645327.35
25616272.02
78425981.75
17307351.68
18340782.23
69697677.69
34143975.78
69037180.09
31697720.67
77760800.46
18652600.81
32331176.05
68930211.2
31402137.49
79822756.25
27093150.66
31135314.01
67201624.97
142663348.25
18797188.36
17200611.78
67285166.88
17296452.72
17300460.61
73883837.25
142201718.26
68996453.96
26217262.74
78244533.66
77919496.21
75505374.47
77789690.0
73940466.74
142976523.75
68643082.98
79211269.54
68161002.48
17493197.77
38354098.83
29803494.94
30844918.32
69087610.11
35120452.2
78530883.35
67560607.07
68184739.04
38120630.6
68082666.57
18388525.17
26181184.23
28634257.51
77762077.57
68176340.62
78248242.42
68559293.46
30459632.23
18658743.16
68207064.59
143496376.17
31390118.18
78380680.04
36375019.27
143556341.07
30593374.73
141154952.36
77997671.19
18345934.84
68565543.77
78533693.86
31554532.39
68526391.96
28175131.25
30754156.28
68411982.45
142164733.83
28180443.8
79299804.62
78711168.56
142789099.08
29476989.78
22910478.12
28324717.65
73712939.91
38864631.57
29990645.32
68165051.49
37823705.07
29717070.84
77700187.07
32275978.26
17373856.93
32815484.71
22826638.98
18392833.02
77787167.18
66800026.47
17459330.74
28421345.98
78535041.45
142944242.33
68459503.8
30824368.45
79245849.61
17228648.03
78592522.94
78888029.68
68691058.32
17333617.4
78289239.54
31826833.55
30543058.16
32790874.88
78774228.1
69236618.97
74982768.55
79456142.0
69750660.12
78797801.76
25565256.78
18771078.27
78226430.21
78489372.2
18812414.03
34245443.29
66579708.3
78560539.14
27262692.79
143426387.02
69314763.93
26065936.14
18679482.68
26265718.35
68623813.77
32428441.75
31156875.15
143717693.69
29903784.53
29991278.32
79316312.74
78726445.07
25385388.49
18380583.12
38375620.27
74292396.13
34656191.03
66591699.74
67773739.94
29114036.21
30958097.48
78454874.78
78824138.17
67995104.0
68892646.57
31091776.94
28505352.18
68830210.17
17346217.31
68351554.85
68092319.74
69672974.74
29744041.3
74919362.34
78544365.16
35210154.23
143266847.14
25162520.52
142191515.05
28934780.56
68473583.61
17220060.57
79474220.83
78525938.53
79509689.19
30202629.52
141676260.66
28279563.97
77816219.57
31036133.35
37883646.39
35024674.25
143204882.98
142469894.84
73853106.84
31014164.69
77925015.52
141701314.43
34732919.07
68134598.12
32035501.75
31192970.59
28233465.32
143408032.59
18620539.76
32528981.82
17219656.51
142959842.76
30699186.19
66520761.58
67915346.98
18366231.49
18648642.84
25651329.84
77557491.19
17301372.09
18348122.18
70413473.08
33992502.1
68769505.3
31599480.53
78017947.54
18633496.84
31960581.48
69686552.98
30903812.14
79486399.94
26955417.3
31071673.13
66882332.51
143815087.46
18797710.06
17207959.65
68162984.71
17340608.37
17271974.05
73892146.54
142697453.24
68361133.3
26773761.91
79210409.78
78951513.04
75166986.52
78924208.34
74285283.13
143338389.17
68680904.57
79255250.44
68299511.08
17478344.77
38101062.51
29748803.17
30905284.41
67910170.74
33606011.06
79141594.37
66390909.88
69064901.04
38510946.54
68764658.68
18411027.51
26257369.59
28722444.61
78394481.92
68886339.48
78130002.4
68852986.05
31371242.1
18710242.86
68121070.75
142034266.09
31359731.5
78846297.07
36370174.71
142766866.27
29804087.59
142836879.54
78076693.15
18338868.46
69049326.95
78696419.83
31435109.09
69244979.86
27340662.02
31417228.38
67908708.7
143715848.09
28677433.73
79453047.91
78727746.33
142664928.19
30549060.12
22667994.96
28978389.96
74379197.79
37947602.1
29761844.12
67786568.54
37523724.37
30328719.05
78712080.42
32235434.0
17345740.35
32549829.26
23251859.47
18383281.96
79160881.48
67586235.95
17457949.75
29362345.26
79150243.76
142901518.53
68316371.81
30556560.66
79240887.8
17209587.7
80087700.24
79823059.46
69452961.55
17369148.57
78282072.99
31093440.39
30145412.09
32469749.96
78219307.94
68298501.58
74223172.36
78815167.5
69532486.47
78723157.79
25553895.03
18808121.85
77747251.9
78607786.4
18806568.1
34524609.98
66664944.36
78603011.73
27773607.66
143386517.0
69891236.86
26916216.03
18700530.85
26378015.05
68472503.73
30880777.6
30920867.37
142295245.31
30157480.86
29775943.1
78118005.78
78490094.02
25056695.07
18370810.21
38002843.42
73455688.37
34306299.7
66551131.9
68019565.95
28599943.35
31766771.94
78880888.31
78660688.46
68228558.97
69104884.17
30798201.62
28913707.88
68407531.72
17318667.88
68924159.41
66259741.86
70288391.9
30019077.83
72822590.23
79028980.75
34665291.29
143443268.98
25530950.93
141942102.2
29201708.86
68751142.17
17217752.18
79938570.3
78897504.66
79535578.96
30613174.3
142444932.31
27030336.07
78440594.08
30751340.87
38726407.1
34722739.81
143467301.43
144028063.44
73487842.05
31341689.63
78914085.81
142160657.12
33900427.95
67793342.21
31965938.78
31096024.98
29400277.69
142748797.25
18615125.84
31773795.14
17229696.87
144081294.27
31127805.28
67025202.66
68368027.9
18391174.9
18639434.09
25378532.55
78841898.24
17244009.25
18372785.5
69409046.49
34866259.43
68123722.67
31384377.02
77702897.53
18658734.63
32326388.99
69058081.13
30953037.12
79277557.01
27267133.39
31307754.82
66203265.63
143764644.88
18797542.68
17222097.65
66178809.22
17352649.17
17300105.73
73912518.29
142455460.67
68212563.7
26515556.78
79016801.12
78015080.95
75384223.79
79078594.49
73706135.56
142802448.9
67669994.98
78954391.83
67921484.27
17466077.26
38064985.13
30050248.92
30769649.87
68508862.05
34109138.5
78242052.25
66594907.02
67915029.57
38111048.52
69873344.47
18371397.86
26380928.57
29041380.07
77777085.6
69109371.16
78961645.4
68055772.5
31138890.84
18661066.71
67231825.9
142249363.72
30814865.34
79316048.46
35522989.32
142968290.78
30900192.96
142974581.33
77596263.23
18365073.09
69189470.51
77851352.33
31890342.37
68896307.48
28010898.8
30883445.41
68894849.12
143323961.24
28302769.18
79757918.62
78320901.95
142970095.29
29632475.66
23629115.02
28545043.57
74325050.05
38169143.2
29496012.5
68347522.94
38111720.25
29776067.65
78119731.88
32791552.84
17374968.04
32327389.6
23869425.0
18338864.83
78436113.68
67187164.45
17404155.71
28371456.88
77924101.77
143854083.73
68030155.5
31447963.72
78045883.43
17213213.61
79572371.8
80092262.39
69102229.12
17327851.71
78499011.32
31348295.53
30682376.59
32138453.18
78211186.08
67926051.07
74011153.73
79734296.35
69959939.18
79211870.33
25334359.65
18804534.99
77919456.69
77915044.99
18845060.83
34325896.22
67174846.84
78521584.74
27518614.67
143829327.34
70449092.47
25617839.38
18702139.23
26471193.52
68932143.28
31200527.89
31151082.81
141927394.18
29980306.23
29511613.58
77391312.89
78163928.75
25602999.44
18395263.96
38393838.67
74733379.55
33925817.47
66014114.35
68223086.03
28460582.86
31529546.77
78389769.35
78541778.45
68910397.79
68626569.19
30993781.66
29059627.61
68955018.54
17349347.96
68211720.19
66570062.02
69729465.08
29856660.53
74005092.41
78920190.94
35598458.57
142975943.62
24699260.06
142811577.9
28691914.73
69262268.3
17272501.38
79106582.0
78972518.27
78935271.79
30659040.72
141271099.72
26932496.3
77297546.83
31518720.77
38452795.43
35735037.01
141906329.34
142343513.61
74510374.39
31338704.01
79149244.69
142866036.39
33395375.21
67883125.79
32188740.92
31463325.62
28594815.77
142403255.49
18649498.63
31800117.25
17215454.95
143726266.92
30835586.67
66267222.87
68063957.56
18397878.17
18643171.0
25053909.78
78534356.18
17309734.35
18332195.53
69468243.91
34083617.41
68790047.98
31455237.96
78535784.85
18622068.25
32381283.22
69766160.58
31125010.99
79094094.83
27654900.78
31666469.01
66716550.17
142447645.67
18801099.76
17225346.02
66335944.06
17330453.38
17288314.64
73822927.6
143133333.56
68065899.84
27077250.05
78308222.3
77362511.66
75532000.89
77743617.38
73537847.54
143301506.09
68557181.59
79323512.85
67559647.28
17470190.08
37643968.43
29958633.35
30645274.42
68389481.09
34254422.56
77432110.48
66943367.92
68631443.48
37996675.53
68415002.66
18351434.99
26315413.97
28510536.75
78312478.3
68801688.66
78447001.11
69567727.52
31366448.29
18609285.82
69143732.82
142211289.69
31786741.51
78503204.71
36539208.08
143207803.63
30145113.0
142147622.48
78873330.88
18352049.9
68468924.13
78548656.03
31595801.95
68388831.27
27737395.76
31619332.67
68996823.06
143026835.23
28518325.64
79452419.35
78785977.17
144230489.36
29516568.54
23159245.07
28900652.8
74234706.82
38183615.33
29911177.25
67739765.66
38775111.73
29722748.72
78127331.03
32926515.96
17385840.2
32176613.11
23688194.64
18367852.88
78122934.42
66759647.84
17460161.06
28633468.99
77866427.73
142602408.06
68365331.28
30802960.65
79347796.63
17215815.59
79743862.86
79171621.1
68526346.26
17349518.81
77864680.15
31195749.64
31241355.04
32599962.79
78463556.69
68645200.18
73882439.11
79436429.57
69224302.93
77810566.37
25233297.16
18827346.02
78251794.05
77847847.17
18777050.28
33828690.55
67454992.49
77984979.67
28084730.02
142837599.47
68372840.73
26294023.6
18682551.24
26811235.94
67984280.96
31544787.4
31725308.09
143915461.26
29908361.25
29747868.07
77645824.45
78017124.57
24909627.36
18383807.98
38318789.33
73988937.04
33849640.81
66707633.75
67846392.92
28379497.19
31461951.97
78035994.79
79106075.79
68564907.33
68792716.71
31102466.74
28029409.02
68688021.63
17362664.52
68351392.4
66762473.45
70415402.68
29786123.7
73696085.55
78767948.62
34406384.55
142437431.67
25673439.57
142686517.62
28582314.99
68460684.45
17268711.17
78689535.68
79427572.07
79002322.51
29907737.08
141861128.76
27844299.4
78725969.81
31548662.61
38310558.11
35207067.06
141924609.51
141662244.47
72975131.15
30484947.86
78250075.97
142961636.51
34449581.78
68063445.25
32029265.44
31137362.61
28220645.31
142978707.69
18602455.3
31880522.74
17239836.08
143968566.26
31336383.92
67903430.6
66789569.37
18402060.5
18641447.46
25640019.9
78177930.13
17278780.13
18348331.4
69723174.21
34909282.21
68146649.36
32214458.8
77633240.23
18599763.65
32271494.71
69771583.17
31202288.7
79535198.84
27126582.25
31222167.31
66664307.11
143351039.33
18810929.46
17199297.9
67017982.64
17341030.37
17284988.62
74303843.35
143148594.41
67777534.79
26469084.96
78295344.02
77339380.03
75074905.9
78596026.31
74113034.89
142469858.97
68161320.84
79780495.87
68186865.19
17466308.12
38142313.45
29315666.42
31190355.79
67669383.52
34534322.2
78318070.04
66592357.9
69378626.15
38659891.12
67423298.71
18388347.93
26071609.42
28447356.24
77404897.6
68555359.45
78124222.85
69578321.2
31798135.23
18683327.34
68925650.08
141921412.55
31362817.69
79224840.66
36085984.53
143296761.0
30065398.67
143562776.54
77261126.07
18391614.6
69076554.66
78386623.56
30776180.75
67837628.37
28382316.23
30796051.88
68322340.75
143439886.8
28703412.39
79980414.51
78473268.14
141996275.39
30089417.73
23391623.23
28902981.05
75008460.84
38699082.61
29299039.38
68331801.24
38060535.28
29684377.04
78795798.3
32312025.34
17347251.82
32635463.4
23225060.98
18345193.51
79597828.44
67206741.1
17447945.5
28860400.57
78733197.29
143430954.02
68373747.59
30810881.76
79371707.54
17163073.04
78540128.04
79337963.63
70029260.67
17372284.85
78972873.92
31447659.13
30446243.59
32672541.73
79652845.73
68344599.87
73795695.24
79092601.39
69900449.11
79317411.22
25044992.58
18773935.4
78564244.95
78026352.32
18780776.57
34460162.3
67315135.54
77385763.01
27431101.8
143567434.98
69277421.1
25876839.12
18694980.36
26301123.54
68331544.37
31447720.91
31570132.29
142198419.48
30343844.21
29995222.12
78046173.98
78903220.98
25273651.44
18400484.88
38442920.19
73489060.43
33876888.13
67210631.39
67688846.72
28659664.71
31024713.77
78380879.99
77909684.9
68672834.83
67900345.0
31359997.85
29079852.15
68970383.91
17309987.95
67670375.5
66351064.09
69582973.25
29971300.36
74531297.82
78971502.04
35530148.84
143006598.2
25551049.97
142690771.5
28926487.75
68595679.36
17221109.9
79220307.01
78466926.97
78882119.41
29355488.51
143072758.97
27450288.96
78282969.13
30971270.63
37391037.94
35694709.29
142446849.41
143350353.88
72892288.39
30743655.26
78923306.85
142953771.56
34462485.47
68414716.28
32866345.72
31645081.76
27747928.83
142443577.87
18636664.12
32730602.52
17261502.66
143068222.31
30802357.5
67052883.02
68383333.49
18428590.2
18646523.82
25444128.05
77946442.27
17338868.89
18332019.49
69860682.67
33653591.88
69308329.72
31126075.58
78573406.4
18611780.05
31872269.79
69546992.26
31001086.08
78946733.04
27614275.18
31338107.75
66613866.07
142501569.24
18763613.55
17197333.96
66656460.01
17359631.31
17321934.26
73920553.41
142738968.0
68951994.97
26951644.52
79298056.91
78912209.03
75994117.42
78838533.8
73650510.47
142846631.5
67891499.46
78687430.85
68989930.57
17481591.13
37899486.59
30478217.28
30980164.17
68772219.95
33659664.56
78815864.94
66602819.21
68578159.44
38179319.96
68887928.5
18409296.07
25811914.0
29093601.57
79167673.01
69126944.19
78096996.5
68099040.76
31763386.8
18669319.83
68468004.87
142883184.07
30775635.14
77622300.14
36176406.02
143415465.18
29910830.21
143346497.11
78682798.34
18372172.4
68558521.54
78025427.06
30889473.13
68488879.53
27369199.61
31396160.98
68433418.62
141607812.01
28406988.59
79203395.55
78049732.66
143429455.13
29734587.5
22817762.88
28995688.51
73353911.51
38640691.73
29666916.13
69484663.03
37637863.71
29717584.54
77507413.88
32122432.99
17348115.16
32531522.53
23550094.88
18419885.24
78777813.56
67014700.16
17484342.9
28653134.31
78613002.24
142756571.32
67390529.42
30601568.23
78849232.02
17195445.22
79298309.43
78943619.54
68909088.99
17335190.19
77560054.67
31806147.1
30997813.11
32192864.93
77385501.34
68781173.85
73749982.93
79541303.11
69264190.67
79198459.66
24888360.23
18813831.91
78078196.47
78200489.02
18802925.69
33867376.57
66769728.97
78158086.97
27636559.08
142849455.53
69305331.79
26119478.49
18684481.43
26033091.89
67463877.16
30913354.52
30921365.18
142336145.0
29955331.61
29571831.87
78093682.29
78560247.46
25592787.61
18379195.76
38005703.06
73379691.8
33475822.01
66210409.1
68404578.41
28796867.29
31211963.44
77321438.6
