25782625.66
80878701.19
30506815.85
25698804.85
17446270.35
27886316.31
50390819.47
29674252.83
28128413.94
48582614.36
29913762.32
26231863.23
81472610.17
16738749.96
48582614.36
81354260.0
30582729.22
29502314.96
30518058.29
26648494.23
25678066.65
29602350.92
25665511.48
17123486.41
25558170.92
81184742.1
50254665.04
80878701.19
25869742.7
17459823.51
81354260.0
81354260.0
29698257.11
27987556.73
50199261.06
27230552.74
50319849.99
81290044.61
81472610.17
16729044.01
50173283.67
81354260.0
81674686.27
29478397.91
81361126.06
27191482.89
48668307.7
50115458.41
48987517.38
45313520.11
27901383.01
50186741.58
16732248.25
81361126.06
50441249.01
26000446.32
50294908.78
29502314.96
45433662.11
25916957.83
50276951.17
81389834.73
27746728.99
17449118.77
49247469.15
81369916.36
45490123.46
50381143.99
27863358.21
27685052.26
45736623.42
50274076.76
81674686.27
50692101.84
50388823.48
50446839.34
81502499.05
27464846.13
81421163.03
27745170.51
81375623.1
29275555.84
50368620.8
81421163.03
27763705.17
27782086.15
81375623.1
27034642.94
25775380.28
16738422.96
81143400.18
45318913.65
81179533.79
48464872.26
81184742.1
81143400.18
27885068.74
27191482.89
48503869.91
26084402.62
49093262.76
48602393.91
50531186.58
48595093.85
50193636.9
50305125.23
50674526.7
81354260.0
25702752.44
26745707.38
81502499.05
26883726.18
50289656.91
80878701.19
16719322.95
29654253.66
50520618.54
50790682.34
26676497.1
50528469.53
27106826.48
26672698.09
28130549.68
25690577.08
26908900.96
26548712.75
81375623.1
30745185.85
16730904.09
48666845.53
45427881.58
50425203.69
48401374.76
29506180.0
16729400.37
49094572.49
81184742.1
45586198.96
45637602.29
50173283.67
46299859.07
27443632.16
29815737.38
81186791.37
50388823.48
50096693.02
27963379.49
26673428.28
50108962.43
48166007.97
50131488.23
26777897.43
45824194.32
50098729.7
25702752.44
27858558.87
29674252.83
50105654.18
25702547.54
50116124.34
17103688.36
81390460.98
29588958.58
29669022.76
50423166.91
50277983.88
81354260.0
29574751.99
48865966.09
50285946.67
81186791.37
49851404.43
27776951.78
81429705.09
50114089.28
27387795.17
16741270.44
26992697.98
17117414.73
50292826.6
16738210.91
81576787.05
81354260.0
81179196.14
81250445.09
29458062.93
16738749.96
81390460.98
81389834.73
25536157.74
27360235.29
30024694.74
50371520.63
50283023.8
50170618.61
81674686.27
24715470.01
26992697.98
50126099.98
81573708.11
27682158.21
26802487.08
25804559.33
50596626.68
25936747.68
81421163.03
17454887.19
50428045.72
27772088.37
81502499.05
81375623.1
81440042.67
30334692.26
25807522.58
25727472.34
50779497.69
48401374.76
50617241.02
50393255.19
24698418.74
29502314.96
50293572.27
81250445.09
50290368.62
81375623.1
50361905.11
17459987.78
16733887.7
17455563.11
27333225.28
25496899.36
50533252.95
50189444.13
50249713.95
45881370.17
45374121.03
45795224.43
48408639.86
45736623.42
26775691.7
26055712.45
28104136.46
27987556.73
27866311.86
50317791.07
29506180.0
26249555.66
45686830.23
48464872.26
30243924.97
50110353.87
81451906.53
45634352.97
25613945.33
27878113.97
25775383.17
28017164.08
27228186.92
50798698.06
81502499.05
16744089.79
29605755.6
81361126.06
49846011.61
50120857.99
26091242.69
25870821.13
81186791.37
81451906.53
80878701.19
81472610.17
80878701.19
81576787.05
49104398.06
45296671.56
81390460.98
17131013.38
50373725.54
29654253.66
24811234.61
50105654.18
27529525.54
48669243.42
29275555.84
50184453.63
50182045.4
80878701.19
81472610.17
27773302.63
81369916.36
45507322.87
50821825.35
30660785.76
17469240.7
81421163.03
25702547.54
24770977.06
81390460.98
81375623.1
16744089.79
48570820.16
25705988.3
26777897.43
49185527.88
45054100.05
50293961.94
29764855.08
50114082.58
29804288.34
45328637.96
25846725.4
48552347.62
27584144.35
45318913.65
81184742.1
81290044.61
29422393.35
16738001.58
26908900.96
26965213.51
81429705.09
27303562.12
50310914.31
17110583.83
46053919.46
48649013.06
29848943.98
81179533.79
50120857.99
50366813.22
48592407.74
30241983.2
50674526.7
45427881.58
81440042.67
81440042.67
50288599.86
29827945.88
45374121.03
50361628.41
50318816.31
48571437.95
45054100.05
50171291.51
50109566.87
27296590.68
17121053.33
26892839.38
81429705.09
27584144.35
81297599.12
16734044.55
81440042.67
50274924.47
50428882.26
29674252.83
50177506.17
81179533.79
26807946.46
50110980.61
17446816.68
48126592.55
48571056.33
16732049.82
50122622.03
49247469.15
45054100.05
50177506.17
50274249.22
50576797.03
81179196.14
50779497.69
81451906.53
81502499.05
25678066.65
50275943.44
49005858.19
50167798.8
50184989.51
48635583.39
50428045.72
45691194.85
27194371.99
50169364.37
45168407.25
81184742.1
45578820.9
50276951.17
17449118.77
81184742.1
27677315.6
50170747.09
81389834.73
27229462.11
81184067.64
50314621.04
81186791.37
24831638.89
29823983.03
50120857.99
27231407.93
29669022.76
48591385.62
50405529.13
48865966.09
27863358.21
25943808.37
81354260.0
81354260.0
25974171.42
81390460.98
81440042.67
26775691.7
25754691.17
45572081.16
27825294.37
27085639.13
25698804.85
45659884.94
81390460.98
81576787.05
29599813.22
16732049.82
81472610.17
27875480.15
81290044.61
16738001.58
26082978.76
27858558.87
27087144.44
48649013.06
48476840.12
50544361.14
48792163.28
81472610.17
81250445.09
16730904.09
50290731.28
81179196.14
48656885.66
48787413.44
81429705.09
81290044.61
24310533.22
81573708.11
50089121.93
45488946.46
81375623.1
29827945.88
29771932.17
30597759.94
81389834.73
27598417.56
45054100.05
50430810.14
48532190.43
50369578.7
50276951.17
27844975.11
29588958.58
45296671.56
50273055.07
81429705.09
81250445.09
26965213.51
50446701.7
27763705.17
50402785.34
29695716.88
45859292.76
29493792.85
25868442.7
46061717.45
45477824.19
50324419.97
29698257.11
45749104.21
81143400.18
27773302.63
50187411.13
81297599.12
26576339.23
27302634.36
81440042.67
81429705.09
27444283.94
27092820.37
81389834.73
27684047.6
45413615.96
50369578.7
45749104.21
28023103.66
49350078.73
27218529.79
26802487.08
27000826.06
48669243.42
16734044.55
48932145.19
25775383.17
48644820.46
50188623.5
50272036.62
81184742.1
50288008.76
29732047.92
48635583.39
50116124.34
25705988.3
25775383.17
81250445.09
48401374.76
45498559.58
27333225.28
27694407.69
50110980.61
45464004.0
50274757.36
45628629.13
81186791.37
16742624.47
29698257.11
50317112.2
27819911.38
48455064.3
17107741.54
27089684.29
45612981.47
50655735.14
48459572.61
50094189.5
50290368.62
81451906.53
50193636.9
50177506.17
26584369.45
80878701.19
17102311.28
45976252.38
50201107.25
48486646.93
50319849.99
25279870.67
48680383.2
27092820.37
50173283.67
50379453.75
30407191.69
25702752.44
48610046.46
50439343.2
81674686.27
50189444.13
50777203.99
45628629.13
51007436.92
29904898.7
50168685.82
27155509.46
81421163.03
50390819.47
50171425.64
29832307.58
27838553.12
81186791.37
45480674.44
45443212.35
25578356.0
27162238.65
27228186.92
81674686.27
27721230.41
48988425.22
16748180.19
25807522.58
48533291.89
45375979.31
81502499.05
50127777.96
81143400.18
17117710.42
81576787.05
45480674.44
50294878.86
81369916.36
26659893.06
51036503.26
45168407.25
50314621.04
50299600.85
81297599.12
25558170.92
26075141.93
81179533.79
29606124.58
50371656.27
81573708.11
29577942.92
27365929.98
17121341.97
51036503.26
45606149.33
27928966.14
25943808.37
45852010.14
25605896.89
45859292.76
48780575.85
50274757.36
45328637.96
50307185.57
50713085.97
50293365.02
81429705.09
48740199.55
81250445.09
48634339.11
45937698.14
81184742.1
25875633.72
28091599.72
25804559.33
81290044.61
81390460.98
81361126.06
26984408.18
29697164.78
27691497.63
30015274.77
81186791.37
29405838.0
45594720.1
27792002.78
81179196.14
81250445.09
81375623.1
81186791.37
17455515.09
28001188.55
81674686.27
48589151.16
45955090.83
50307276.31
81354260.0
17109180.7
27648553.95
48486646.93
45375979.31
25846725.4
48706759.49
81297599.12
50199261.06
28130549.68
81179196.14
81502499.05
80878701.19
45328637.96
17123486.41
81184742.1
50618343.58
26505933.68
50322510.35
30334692.26
81369916.36
50544361.14
17088178.53
27283739.15
25807522.58
46040452.53
81361126.06
27887433.1
45707414.81
81361126.06
26672698.09
81390460.98
81361126.06
81297599.12
50094189.5
27302634.36
81143400.18
49933952.58
81390460.98
81184067.64
29815737.38
27666712.01
16733887.7
50452716.24
45498351.64
81369916.36
45716167.15
81361126.06
48425529.58
27901784.49
17103688.36
45637602.29
48730222.63
17088178.53
81179533.79
81369916.36
48595093.85
26394422.34
45596050.01
50199261.06
81354260.0
27303824.52
26166421.66
29912174.87
48754702.9
27990167.31
50277983.88
27302634.36
81184067.64
28017164.08
48550076.91
24802258.97
81674686.27
29804288.34
16730904.09
81674686.27
48570820.16
49135645.36
26666580.2
50096019.82
81375623.1
27838553.12
50170618.61
27528278.32
27888315.72
81250445.09
45507322.87
25765528.36
45301418.83
81297599.12
17470083.13
50137797.33
25605896.89
29695716.88
50378557.8
45401465.44
81179196.14
17442175.87
17131473.91
81502499.05
48571437.95
27875119.56
25727472.34
25496899.36
26676497.1
81576787.05
48894592.26
50876056.35
50124096.42
27518719.8
45567499.06
81179533.79
25506026.87
50295550.66
48471259.66
26175922.14
17461663.87
50292901.75
17117710.42
50533252.95
26183152.12
81429705.09
48680383.2
50209004.51
50446839.34
27875480.15
81674686.27
29603388.76
81250445.09
50520419.54
81184742.1
30024694.74
26669716.71
81674686.27
27605779.15
81576787.05
27303824.52
29518530.37
81451906.53
50269693.1
16744089.79
27707167.91
50123431.8
50340567.72
25678066.65
45523004.8
81186791.37
27943501.96
50520618.54
30532193.97
45443212.35
25768562.62
48446731.43
45443212.35
29574751.99
29497176.77
81375623.1
17459823.51
45490123.46
81250445.09
80878701.19
16748180.19
50379453.75
25875633.72
16719322.95
30131185.61
49846011.61
50225931.29
27880760.02
50425872.7
29912174.87
50288008.76
50290093.57
27937070.25
50421140.1
45313520.11
81502499.05
50402785.34
50171425.64
50292300.7
29707623.69
17449038.35
45586153.74
46042472.88
17107999.62
50335183.3
17120554.59
27076070.55
45477824.19
81389834.73
30604632.87
27960487.99
81354260.0
50274757.36
48649063.11
50390819.47
29397500.63
50273055.07
81440042.67
27628994.87
81390460.98
45491119.62
25700054.82
50166325.37
29275555.84
81250445.09
27135093.35
45507322.87
81375623.1
80878701.19
27901383.01
26965213.51
50426336.13
27990167.31
16729400.37
81375623.1
45710876.09
49242925.49
81573708.11
29669022.76
81421163.03
25700054.82
81472610.17
25698804.85
50876056.35
81354260.0
27532330.07
48550076.91
30095588.63
27760056.57
30158611.13
25976593.24
27940601.24
81389834.73
81297599.12
81354260.0
49111404.95
26724621.32
50222192.22
48476840.12
50456954.38
81179533.79
81361126.06
27387795.17
17449345.69
27085639.13
45744105.86
24685461.54
25496899.36
27605036.9
45406717.65
81451906.53
28101155.51
17449345.69
81451906.53
27628994.87
27889225.76
81184067.64
81429705.09
48669243.42
81354260.0
81421163.03
27443632.16
81179196.14
26284939.39
50509980.83
81361126.06
27349533.13
48550475.98
29555020.73
45488946.46
50254665.04
81451906.53
50283023.8
29862355.43
81184067.64
50548573.76
16719322.95
25704652.93
26807946.46
48413149.14
50596626.68
24811234.61
27351762.35
50093661.72
81429705.09
25558170.92
81290044.61
25558170.92
50504579.96
81369916.36
48571437.95
16733887.7
16743452.43
50098729.7
46138918.16
50373060.75
81429705.09
24911523.62
27089684.29
16747914.34
29531801.24
26177225.5
16741172.33
17121053.33
25613945.33
16729400.37
45576377.34
45716167.15
50205568.12
50331453.27
45744105.86
27772088.37
27985911.78
50124096.42
27445481.59
81573708.11
50244963.15
81429705.09
50428825.4
29675830.16
27283739.15
48734516.22
50209004.51
25768562.62
27326472.49
81390460.98
50358081.83
81369916.36
50430810.14
27086857.81
29405838.0
80878701.19
81674686.27
45392302.99
27878350.81
81573708.11
26084402.62
27141471.51
29592819.57
29697164.78
45501366.13
50509980.83
48448339.93
50544846.92
27351762.35
81354260.0
50514618.72
45491119.62
46158601.29
48391438.41
48639159.22
50544846.92
24770977.06
48552347.62
50093661.72
25536157.74
17470083.13
50290731.28
26155367.77
48706759.49
50110980.61
16741172.33
48459572.61
27219128.66
50369578.7
17105247.94
50125435.37
48932145.19
45433662.11
50171291.51
45612981.47
81390460.98
81369916.36
27802201.44
26246006.52
26394422.34
50871798.93
50295550.66
25448333.2
81179196.14
29699552.52
16742624.47
50261898.72
26231863.23
16738070.8
50255614.34
45528511.79
45576377.34
81184742.1
81421163.03
45328637.96
50201107.25
81186791.37
50105654.18
27666712.01
81375623.1
81502499.05
48787413.44
81440042.67
48847498.14
81389834.73
81354260.0
81390460.98
81186791.37
50166325.37
25782625.66
50271921.82
45375979.31
45389173.82
50368620.8
81290044.61
16732049.82
26670470.74
16743452.43
81179196.14
27528278.32
27085639.13
48656885.66
81472610.17
25705988.3
29588958.58
50182045.4
50295579.31
26467280.01
50302237.57
48706759.49
16732248.25
29493792.85
27891257.39
50177506.17
48374071.03
30634535.22
27206497.57
27194371.99
26673428.28
29493792.85
48440633.56
16729044.01
30636400.69
27230552.74
45610863.94
26082978.76
81421163.03
30527792.45
81375623.1
25765528.36
81184067.64
81186791.37
27064358.0
50423835.92
48610046.46
49866780.82
48706759.49
26180009.96
81369916.36
50582687.64
29669022.76
27219128.66
27335736.12
29817382.17
29827945.88
50929268.43
30351113.08
29940379.69
29924025.46
81576787.05
49026784.9
81389834.73
81179196.14
45612981.47
81186791.37
17459987.78
27748014.86
81184067.64
50092137.57
27219128.66
81354260.0
27592336.29
81429705.09
45586198.96
25924046.68
50120857.99
50617241.02
50126099.98
81143400.18
46073087.54
27953467.75
46085277.03
29704978.87
50276951.17
50810012.33
29531801.24
50207869.47
17103518.25
29912174.87
50244963.15
16738422.96
50209004.51
27721230.41
29513910.57
27109522.74
81184067.64
81361126.06
25915667.61
27444283.94
81186791.37
81184067.64
81440042.67
45490123.46
81576787.05
81361126.06
29397500.63
50612610.45
45416301.47
30435150.3
30029389.47
81573708.11
46158601.29
48926454.75
27993245.97
81179533.79
45576377.34
27592336.29
25869742.7
81421163.03
80878701.19
26075141.93
50261898.72
28025348.83
50524669.87
48391438.41
49112354.02
50183012.76
25974171.42
48621541.42
48649063.11
27064945.34
26738848.79
50272717.22
81429705.09
29502314.96
27785007.33
26745707.38
49851404.43
28020079.2
45625292.99
81361126.06
27746912.68
81369916.36
50116124.34
27878113.97
50684810.46
81184742.1
27532304.03
26738848.79
27089684.29
29801447.89
30107576.6
27605779.15
29555020.73
50500090.15
81361126.06
50182045.4
50094189.5
45565576.78
81451906.53
81297599.12
81440042.67
49026784.9
29506180.0
27888315.72
81674686.27
50319171.12
25704652.93
50098056.5
27890343.36
30004419.25
50548573.76
48730222.63
45686830.23
17442742.4
48459572.61
48708354.67
81451906.53
45955090.83
45384426.28
50225931.29
81179533.79
17446270.35
81250445.09
50617241.02
27336332.99
50456954.38
50431478.28
50096019.82
16728721.42
50267229.42
28022377.93
45683825.66
81290044.61
49242925.49
48425529.58
30026198.72
30243924.97
50188623.5
81297599.12
50391863.87
81573708.11
48740199.55
81576787.05
81179196.14
81297599.12
81184067.64
81250445.09
81290044.61
29801447.89
81390460.98
81179196.14
50421140.1
46042472.88
81375623.1
45610863.94
81573708.11
48211665.86
45416301.47
50199261.06
50385333.98
27532330.07
45707414.81
81184742.1
25768562.62
50458401.97
81573708.11
45480674.44
81143400.18
45528511.79
81354260.0
50276956.1
29422393.35
81290044.61
27799225.0
17459511.35
81576787.05
50601165.71
48649063.11
81179533.79
48668307.7
26584369.45
48369562.18
27710073.96
26887221.56
81472610.17
81429705.09
48571056.33
29513910.57
81369916.36
27076070.55
81179196.14
48644820.46
50426336.13
81573708.11
50617241.02
48369562.18
50322510.35
81502499.05
45416505.53
24705955.27
81472610.17
81576787.05
50713085.97
50322415.72
17444765.96
81297599.12
28104136.46
81421163.03
81421163.03
81250445.09
81389834.73
26886621.17
50528469.53
48637900.11
28029153.89
29695716.88
26648494.23
48126592.55
81429705.09
50193636.9
48701469.71
17124714.08
45411554.92
27125237.18
50505242.57
81361126.06
27993085.62
29458062.93
45852010.14
48941902.53
26922969.92
17454988.62
50452716.24
25915667.61
81375623.1
48487850.94
24710759.01
27092820.37
50275943.44
81250445.09
50425203.69
27445481.59
81421163.03
27085639.13
50425872.7
48609876.29
26013638.96
25522088.57
29599813.22
24778259.02
27598417.56
81179196.14
50777203.99
81143400.18
27887433.1
46040452.53
27769521.49
27602101.32
48668307.7
16737883.5
45597813.59
30026198.72
81186791.37
50531186.58
45572081.16
50167798.8
81297599.12
50304447.67
81389834.73
48635583.39
24764545.13
50780818.14
25983437.39
81297599.12
28101155.51
48894592.26
45479769.05
50456954.38
81143400.18
81369916.36
50425872.7
49849393.05
50502553.89
48582614.36
49104398.06
81674686.27
81502499.05
28012526.81
45822147.85
29707623.69
81354260.0
48211665.86
50290093.57
45510152.7
48553474.16
29771932.17
27000826.06
29751365.58
27303824.52
81440042.67
45722155.95
50292901.75
27064945.34
48688179.39
30604632.87
29435634.77
50302237.57
81576787.05
50283023.8
81369916.36
81290044.61
30386525.6
27890343.36
50324419.97
48166007.97
27025230.95
16733887.7
45595803.61
25678066.65
25536157.74
81440042.67
48550076.91
49090928.46
16741270.44
81440042.67
27235376.75
24624494.89
27303824.52
81179196.14
45578820.9
81674686.27
50285946.67
29603388.76
50471336.98
25665511.48
81143400.18
81184067.64
81290044.61
48780575.85
81297599.12
50896268.03
49189840.92
48582614.36
30158611.13
81179533.79
50105654.18
30386525.6
50166325.37
45634352.97
50393923.39
81186791.37
25976593.24
29610238.92
27086857.81
81440042.67
81297599.12
24310533.22
17454988.62
48656133.59
29732047.92
29179379.27
27963379.49
27885068.74
29697164.78
30528692.26
50532559.99
81576787.05
50141466.46
17111084.26
28105306.23
29801447.89
48455064.3
50628038.02
81674686.27
50166325.37
81361126.06
50896268.03
17111084.26
50370991.47
81143400.18
81184742.1
50358081.83
50692101.84
50141466.46
45606149.33
50305125.23
81184742.1
17131013.38
50269693.1
81179196.14
25973405.08
26984408.18
80878701.19
81502499.05
81290044.61
17446816.68
81440042.67
48571056.33
81429705.09
30102352.38
29577942.92
29603388.76
50452716.24
27878350.81
81250445.09
29751365.58
81184742.1
48894592.26
81389834.73
50222192.22
45498559.58
45625292.99
50319171.12
50388823.48
50530493.62
49210030.04
81451906.53
45406717.65
45736623.42
29610238.92
50209932.64
50367496.68
29592819.57
80878701.19
45142065.19
30518058.29
27576125.24
25597590.95
81674686.27
26666580.2
81429705.09
46299859.07
81143400.18
45411554.92
81451906.53
50254665.04
81184067.64
25689255.88
81472610.17
26666580.2
29704978.87
30131185.61
48126592.55
81389834.73
50533252.95
81472610.17
28001188.55
26548712.75
50378557.8
80878701.19
16732248.25
81375623.1
29602350.92
81440042.67
50109566.87
17444765.96
27089381.26
81390460.98
45691194.85
17449038.35
50286391.7
48941902.53
81576787.05
81375623.1
50188774.58
29555020.73
24522311.86
45523004.8
50340567.72
25522088.57
50471336.98
48446731.43
27677315.6
81369916.36
81502499.05
50272942.89
25871576.84
29497176.77
50287331.29
16738070.8
50277321.89
26724621.32
48550475.98
27302634.36
50105830.68
27996139.49
50108962.43
50189444.13
45413615.96
16738001.58
49849393.05
50402785.34
81184742.1
27507746.14
48914915.82
50391863.87
48533291.89
50303352.63
50210628.65
29654253.66
81576787.05
16736961.12
16737883.5
45594720.1
48550475.98
48553474.16
27518719.8
45613882.58
27825294.37
81389834.73
17469240.7
16742624.47
25915667.61
45744105.86
50125435.37
81375623.1
50093527.9
50272942.89
46085277.03
25702752.44
26576339.23
81451906.53
50273055.07
81573708.11
46191974.66
45433662.11
17463034.9
50364435.32
27887992.89
50477163.65
81143400.18
81179533.79
29675830.16
81369916.36
17442175.87
27691497.63
16741172.33
48595093.85
30532193.97
24591344.36
27634080.56
16729044.01
26085723.12
27532304.03
50304447.67
48644820.46
81421163.03
29599813.22
81390460.98
25578356.0
27710073.96
50137797.33
81186791.37
26309574.47
45488946.46
27142408.86
16738070.8
27919754.54
30028966.61
81186791.37
30582729.22
81451906.53
48668307.7
30597759.94
29817382.17
81429705.09
81250445.09
16743452.43
50381143.99
16732049.82
48485926.55
29405838.0
81290044.61
26528162.24
81361126.06
50205568.12
25870821.13
45936671.51
29804288.34
16729400.37
45427881.58
24611792.53
48553474.16
81576787.05
17124693.99
48570820.16
81179533.79
81369916.36
27993245.97
50167798.8
50172610.77
81421163.03
50790682.34
50111016.37
50360358.12
81179533.79
48401374.76
81179196.14
50290731.28
45613882.58
26883726.18
48792163.28
30080809.89
45637602.29
30528692.26
81421163.03
81361126.06
50307276.31
25999467.12
27086857.81
50105830.68
81674686.27
26666580.2
50361628.41
49185527.88
81421163.03
81184067.64
48553474.16
50184453.63
30407191.69
81451906.53
45168407.25
45937698.14
81573708.11
30134107.63
50113423.35
81179196.14
27162238.65
50114089.28
50168685.82
50294908.78
81573708.11
27089684.29
50358081.83
48656133.59
24915179.18
48211665.86
81573708.11
81290044.61
50293498.4
25832228.97
27794898.86
81375623.1
81290044.61
45628629.13
45659884.94
26055712.45
48639159.22
80878701.19
28102417.32
50446767.66
48780575.85
50477163.65
50505242.57
30134107.63
81369916.36
25858806.45
27785007.33
27895165.14
26669716.71
25690577.08
29732047.92
30442786.62
81576787.05
50314621.04
81451906.53
27892244.42
29686159.59
17117414.73
81184742.1
48485926.55
16734044.55
81389834.73
25916957.83
81297599.12
25832228.97
50673769.23
81354260.0
27231407.93
50509980.83
25999467.12
48552347.62
26177225.5
50426117.27
45389173.82
81375623.1
81502499.05
27985911.78
81184742.1
81472610.17
50588358.74
48745914.62
27435260.89
81290044.61
81250445.09
27336332.99
27529525.54
50456954.38
80878701.19
45592713.41
48408639.86
81143400.18
81354260.0
50797606.92
81573708.11
81472610.17
50405529.13
26908900.96
25916957.83
25832228.97
29598467.5
80878701.19
29686159.59
45664156.11
50437537.6
48374071.03
81184067.64
50205568.12
48591385.62
81440042.67
81674686.27
50303352.63
50504579.96
25522088.57
17453581.31
25868442.7
29605755.6
81250445.09
29458062.93
50208565.47
28098366.42
50126099.98
45480007.86
45411554.92
81361126.06
81184742.1
49846011.61
50929268.43
50933702.03
81184067.64
48894592.26
81389834.73
50272036.62
27782086.15
45510152.7
27191482.89
48656133.59
25605896.89
29848943.98
81375623.1
48550475.98
16741172.33
27960487.99
50588358.74
27919754.54
28155181.52
81369916.36
50360358.12
81290044.61
25674933.72
27724146.71
25689255.88
26670470.74
45313520.11
27464846.13
29588958.58
17124714.08
29531801.24
45498351.64
81451906.53
17116517.41
50091475.97
25807522.58
45464004.0
17441323.67
50307160.09
50276275.93
17110583.83
81573708.11
45416301.47
50111016.37
50089121.93
26944948.76
27745170.51
29707623.69
81573708.11
50409288.39
27141471.51
50293961.94
30634535.22
29675830.16
81179533.79
81429705.09
81674686.27
17116316.05
45477824.19
27748014.86
27467709.55
50810012.33
29405838.0
27829128.95
29435634.77
45595803.61
27576125.24
50373725.54
50446701.7
27792002.78
29478397.91
25700054.82
81361126.06
45634352.97
48471259.66
25536157.74
27993085.62
17463034.9
29555020.73
50421140.1
50273055.07
50276275.93
27776951.78
24831638.89
27206497.57
25757320.37
45477824.19
48532190.43
50310932.94
26659893.06
48656885.66
48656885.66
29513910.57
16732248.25
25775380.28
48792163.28
81573708.11
29932545.67
16730904.09
81472610.17
81184067.64
48430595.17
29884641.52
17463984.87
50293961.94
45710876.09
48683976.87
29823983.03
48369562.18
50173283.67
48486646.93
50169364.37
29422393.35
48754702.9
27109522.74
28155181.52
26179905.78
26922969.92
81179533.79
26567120.43
81179196.14
30442786.62
25775383.17
45606149.33
80878701.19
48808715.53
48476840.12
24709133.01
48745914.62
27218529.79
50275281.46
45318913.65
81184067.64
81184067.64
50295579.31
81576787.05
29703054.89
28029153.89
81389834.73
50331453.27
50093527.9
29751365.58
50319849.99
50384907.31
27766640.26
48386145.97
26908900.96
27408058.41
81290044.61
45852010.14
50111016.37
50307160.09
81573708.11
49848735.96
51007436.92
50364435.32
45411554.92
48701469.71
24513480.83
50373060.75
81472610.17
50443198.94
50249713.95
50393923.39
27365929.98
48680383.2
26492356.83
81179533.79
27435260.89
27162238.65
81369916.36
16738001.58
80878701.19
29817382.17
27000826.06
81184742.1
48734516.22
48455064.3
46269852.51
81576787.05
81179533.79
26309574.47
24522311.86
25613945.33
48369562.18
48524996.92
27771072.27
81369916.36
45625292.99
80878701.19
49123724.13
81179533.79
48680383.2
28102417.32
27229462.11
45824194.32
27661943.0
50431478.28
50182045.4
81179533.79
49848735.96
27087144.44
81576787.05
29602350.92
81186791.37
50371520.63
24620347.06
49111404.95
45822147.85
45392302.99
50505242.57
27141471.51
24577147.33
27996139.49
27928966.14
17455822.04
81502499.05
81451906.53
26883726.18
29458062.93
81451906.53
81143400.18
27707167.91
81440042.67
48780575.85
29827945.88
25747073.07
46043595.7
50299600.85
25700054.82
26179905.78
30028966.61
45565576.78
25702547.54
50292826.6
29699552.53
50293572.27
26180009.96
45296671.56
26281690.56
50002510.76
81502499.05
45498351.64
50628038.02
50272942.89
48634339.11
81250445.09
45597813.59
81369916.36
29574751.99
81179196.14
81389834.73
50514618.72
17427723.76
26252724.24
81576787.05
17454887.19
81361126.06
27684047.6
30326369.8
50317112.2
29703054.89
81390460.98
48847498.14
50588358.74
50385333.98
81472610.17
81389834.73
45568339.4
46196812.89
50393255.19
50684810.46
45384426.28
16734229.1
81179533.79
50183012.76
50500090.15
45480674.44
50307185.57
27142408.86
28239399.38
25279870.67
26091242.69
81297599.12
81297599.12
50505242.57
50295579.31
27866311.86
27467709.55
50287331.29
81369916.36
50319849.99
16734229.1
81290044.61
48446731.43
45296671.56
50115458.41
29764855.08
81472610.17
29603388.76
28105306.23
81361126.06
81375623.1
81179196.14
26892839.38
81297599.12
45596050.01
29577942.92
30032108.87
24715470.01
81297599.12
16747914.34
48644820.46
45691194.85
17459511.35
81451906.53
29422393.35
50204807.33
24708259.03
45595803.61
28012526.81
48701469.71
46060663.35
81421163.03
50371520.63
16729044.01
28077236.77
29497176.77
48637900.11
50364435.32
81297599.12
27648553.95
81290044.61
45686830.23
48666845.53
48754702.9
29603036.51
25578356.0
45142065.19
16744089.79
50514618.72
81573708.11
45568339.4
45507322.87
27940601.24
81143400.18
16738422.96
50098729.7
16742624.47
81290044.61
48683976.87
16738749.96
50524669.87
81297599.12
50108288.13
81440042.67
50094189.5
50274757.36
80878701.19
50093661.72
30241983.2
81375623.1
50126099.98
30015274.77
81390460.98
49112354.02
48533291.89
81184067.64
48734516.22
46053919.46
27605036.9
81354260.0
81429705.09
50318816.31
81421163.03
50310914.31
29884641.52
81674686.27
24698418.74
81369916.36
50126360.07
16728721.42
29506180.0
81375623.1
25754691.17
27535480.82
45749104.21
48865966.09
27937070.25
49850747.34
48609876.29
50576797.03
81354260.0
27050273.27
30425215.39
81143400.18
17120554.59
48563402.02
46134538.43
24911523.62
81184067.64
48914915.82
45523004.8
29610238.92
30435150.3
26183152.12
81389834.73
26922969.92
81184742.1
25689255.88
45710876.09
29771932.17
81502499.05
50306482.53
45528511.79
50307160.09
48485926.55
45416505.53
45822147.85
49851404.43
16741204.57
28025348.83
50289656.91
27089381.26
26392702.36
81390460.98
25768562.62
27746728.99
28023103.66
25506026.87
50314621.04
26166421.66
49851404.43
45498351.64
30530943.74
50290368.62
50443198.94
81361126.06
81429705.09
29497176.77
50172610.77
50277321.89
50269693.1
45461896.91
29913762.32
26392702.36
29732047.92
50302237.57
50509980.83
45572081.16
50361905.11
45976252.38
81179533.79
50110353.87
81451906.53
81421163.03
81179196.14
17455822.04
29764855.08
81451906.53
50426336.13
48476840.12
50361628.41
17116316.05
50446767.66
27326472.49
17118174.01
81354260.0
27901784.49
16734044.55
48819741.64
81440042.67
25757320.37
80878701.19
81472610.17
81472610.17
48485843.07
46134538.43
48787413.44
46061717.45
81184067.64
50096693.02
30530943.74
50402785.34
27064945.34
45416301.47
26505933.68
16738210.91
50391195.67
27086857.81
25832228.97
80878701.19
29518530.37
17114856.3
81184067.64
25924046.68
81179533.79
27025230.95
81440042.67
45749104.21
81674686.27
81440042.67
80878701.19
81390460.98
48386145.97
81472610.17
81186791.37
49350078.73
81573708.11
81184067.64
48464872.26
50286391.7
50530493.62
81421163.03
30425215.39
29704978.87
50437537.6
81143400.18
81389834.73
17463984.87
81250445.09
24710759.01
81451906.53
50458401.97
27427432.66
27895165.14
26965213.51
27953467.75
81674686.27
50089121.93
29603036.51
25506026.87
50274924.47
48669243.42
50502553.89
50425872.7
45479769.05
49123724.13
50116124.34
45313520.11
81576787.05
48126592.55
80878701.19
50618343.58
50306482.53
26944948.76
26035544.57
81361126.06
50186741.58
29179379.27
17116517.41
48532190.43
81429705.09
16737883.5
45710876.09
81375623.1
81143400.18
45890881.99
45594720.1
29815737.38
50127777.96
50423166.91
45498559.58
27682158.21
27141471.51
27106826.48
45510152.7
50393923.39
81290044.61
28022377.93
29771932.17
50368895.25
50184453.63
50431478.28
81250445.09
24553905.13
26944948.76
50093661.72
27661943.0
81576787.05
17455563.11
81573708.11
50390819.47
48649063.11
81674686.27
48413149.14
27155509.46
45498559.58
45301418.83
29695716.88
17442742.4
29913762.32
81186791.37
24708259.03
27771072.27
50798698.06
81354260.0
81502499.05
27794898.86
45374121.03
50379453.75
81576787.05
26035544.57
81451906.53
30534729.76
81143400.18
45686830.23
49933952.58
81451906.53
50189444.13
45722155.95
81184742.1
49090928.46
16741270.44
81674686.27
50421140.1
17105247.94
16734229.1
81429705.09
45413615.96
81143400.18
50371520.63
48448339.93
81250445.09
50288008.76
27050273.27
29493792.85
26944948.76
49210030.04
29686159.59
81297599.12
81472610.17
29704978.87
81451906.53
50111016.37
27219128.66
50188774.58
27296590.68
81143400.18
50186762.14
50089121.93
48448339.93
26892839.38
25613945.33
81502499.05
45318913.65
30363895.72
81179533.79
27845688.02
81179196.14
25674933.72
25754691.17
81440042.67
81390460.98
50391195.67
29606124.58
81573708.11
81297599.12
17121341.97
29764855.08
50358081.83
81184067.64
50317791.07
27819911.38
25506026.87
81576787.05
29801447.89
27886316.31
29179379.27
29703054.89
29932545.67
45168407.25
81369916.36
29862355.43
81389834.73
29603036.51
48734516.22
25279870.67
29675830.16
81573708.11
16741204.57
81290044.61
48639159.22
26155367.77
50514618.72
81184067.64
45491119.62
81184067.64
81297599.12
24537540.06
17107999.62
45616017.92
25597590.95
50368620.8
45301418.83
50131488.23
49005858.19
29513910.57
81184067.64
50389094.2
27943501.96
81421163.03
29518530.37
50274076.76
45744105.86
26883726.18
81369916.36
48446731.43
25871576.84
50186762.14
25522088.57
81250445.09
27637250.99
25698804.85
81179533.79
50098729.7
27194371.99
45592713.41
48485926.55
30351113.08
16728721.42
24611792.53
27891257.39
17109180.7
29598467.5
81472610.17
48571056.33
50255614.34
50352910.86
81179196.14
45691194.85
81674686.27
81390460.98
81375623.1
81674686.27
16738422.96
50285269.21
29602350.92
50379453.75
81674686.27
81390460.98
26886621.17
45596050.01
81421163.03
25915667.61
50110980.61
49933952.58
28020079.2
29577942.92
81369916.36
50205568.12
50167798.8
81179533.79
24778259.02
30746068.95
26252724.24
27637250.99
45634352.97
81440042.67
30029389.47
45707414.81
27766640.26
50302237.57
45683825.66
48471259.66
50528469.53
50612610.45
48730222.63
45427881.58
24685461.54
25689255.88
81179196.14
48503869.91
45401465.44
50288008.76
26528162.24
27694407.69
50293961.94
48448339.93
17454551.41
26013638.96
45567499.06
50290368.62
81143400.18
81179533.79
50366813.22
48533291.89
26892839.38
24709133.01
27335736.12
50187411.13
26984408.18
29275555.84
81361126.06
48792163.28
16738749.96
45572081.16
50092137.57
48910407.72
50368620.8
29699552.52
48656133.59
81186791.37
50295550.66
28098366.42
48595093.85
81143400.18
48621541.42
81361126.06
50500090.15
50170747.09
27744021.9
45625292.99
26085723.12
80878701.19
30095588.63
81390460.98
81389834.73
29478397.91
50588358.74
50276956.1
50293498.4
50426117.27
24764545.13
81143400.18
48524996.92
45480007.86
45881370.17
45596050.01
25804559.33
81502499.05
48563402.02
30527792.45
81143400.18
81179533.79
25605896.89
25705988.3
49094572.49
17453581.31
50002510.76
29924025.46
50516910.71
81576787.05
48374071.03
81429705.09
16728721.42
48649013.06
29940379.69
16748180.19
50477163.65
30004419.25
81674686.27
30107576.6
26984408.18
45490123.46
50378557.8
25597590.95
26467280.01
81429705.09
50277983.88
50520419.54
45586153.74
48988425.22
81250445.09
81290044.61
27880760.02
26992697.98
48571437.95
24620347.06
45592713.41
48754702.9
48455064.3
29605755.6
48592407.74
48808715.53
50307160.09
28239884.65
50367496.68
50441249.01
45852010.14
81421163.03
29815737.38
50271921.82
45479769.05
81361126.06
50114082.58
81421163.03
81451906.53
48635583.39
48649013.06
30660785.76
81390460.98
45595803.61
50322415.72
25973405.08
27567612.24
28239884.65
45392302.99
45707414.81
81573708.11
27724146.71
25496899.36
27155509.46
50582687.64
81375623.1
50601165.71
29817382.17
50369578.7
81389834.73
29478397.91
50352910.86
50371656.27
48211665.86
24624494.89
49135645.36
48637900.11
81290044.61
81184742.1
25936747.68
50389094.2
49846011.61
81421163.03
24591344.36
48486646.93
81179196.14
45822147.85
81440042.67
46138918.16
46191974.66
81674686.27
48391438.41
81576787.05
81184742.1
81369916.36
29703054.89
50428825.4
29598467.5
81502499.05
29592819.57
50254665.04
50283023.8
50373725.54
16736961.12
81369916.36
46269852.51
27892244.42
27567612.24
81389834.73
81451906.53
27889225.76
46073087.54
50098056.5
48532190.43
50110342.07
50269693.1
48688179.39
50360358.12
17114856.3
16743452.43
48386145.97
27799225.0
45890881.99
16734229.1
27844975.11
81440042.67
29397500.63
46060663.35
81290044.61
17102311.28
16741204.57
48570820.16
45795224.43
17103518.25
30326369.8
48563402.02
48730222.63
27155509.46
27303562.12
50503216.5
81297599.12
45510152.7
81297599.12
27191482.89
27602101.32
25754691.17
50255614.34
81674686.27
48391438.41
81421163.03
45413615.96
27887992.89
27535480.82
25448333.2
81179196.14
17116671.05
50184989.51
24537540.06
81186791.37
27875119.56
27349533.13
50204807.33
81502499.05
81389834.73
50271921.82
50673769.23
45864039.14
81390460.98
25578356.0
45488946.46
17454551.41
50277983.88
81179196.14
24577147.33
81250445.09
81354260.0
45664156.11
45374121.03
81143400.18
50528469.53
25916957.83
50288599.86
16738210.91
81250445.09
45594720.1
29804288.34
45301418.83
27744021.9
50091475.97
30363895.72
81184742.1
81184742.1
81429705.09
81186791.37
81440042.67
27746912.68
50210628.65
25702547.54
81440042.67
30745185.85
50370991.47
81429705.09
50797606.92
45528511.79
29686159.59
17124693.99
17131473.91
16736961.12
50429493.54
29574751.99
16719322.95
81184742.1
27000826.06
81502499.05
17118174.01
48374071.03
50275281.46
25804559.33
29435634.77
27235376.75
81472610.17
50293365.02
45501366.13
27507746.14
81186791.37
81184742.1
48708354.67
50272942.89
81421163.03
50126360.07
48639159.22
50207869.47
45875504.22
81354260.0
30636400.69
81361126.06
81361126.06
50378557.8
16737883.5
27360235.29
50267229.42
50429493.54
45875504.22
81421163.03
49321266.78
45592713.41
29699552.53
81186791.37
27135093.35
45616017.92
50294878.86
29904898.7
27034642.94
45613882.58
29912174.87
45375979.31
29599813.22
81250445.09
24705955.27
48386145.97
26992697.98
49321266.78
50292300.7
48808715.53
27829128.95
29605755.6
48485843.07
16736961.12
81451906.53
81390460.98
50373725.54
45443212.35
29751365.58
81250445.09
81573708.11
50193636.9
48701469.71
27162238.65
50364435.32
17107741.54
81369916.36
81440042.67
50123431.8
16748180.19
45523004.8
50477163.65
50113423.35
80878701.19
81472610.17
27760056.57
16747914.34
28077236.77
50310932.94
81186791.37
17116671.05
50184453.63
81472610.17
45491119.62
50210628.65
45613882.58
27089381.26
29603036.51
81472610.17
50452716.24
81290044.61
45606149.33
81389834.73
81354260.0
81576787.05
81375623.1
50821825.35
50409288.39
81186791.37
50171425.64
48987517.38
81389834.73
81297599.12
50533252.95
27956430.95
50210628.65
49863108.46
81290044.61
25983437.39
50110342.07
27427432.66
27076070.55
27802201.44
27064945.34
50655735.14
24553905.13
45479769.05
29397500.63
26887221.56
30032108.87
24802258.97
27845688.02
81186791.37
81375623.1
48552347.62
81297599.12
29832307.58
26922969.92
26249555.66
81390460.98
81143400.18
50871798.93
49189840.92
45433662.11
25597590.95
26175922.14
29707623.69
45936671.51
30506815.85
80878701.19
81573708.11
81184742.1
45736623.42
81472610.17
16741270.44
29674252.83
30080809.89
81184067.64
48550076.91
50503216.5
50426336.13
50255614.34
45461896.91
50272717.22
50388823.48
48440633.56
26246006.52
80878701.19
81184067.64
50122622.03
48926454.75
24915179.18
81143400.18
29610238.92
81421163.03
48787413.44
28128413.94
28239399.38
16738210.91
81179533.79
50271921.82
81179196.14
81502499.05
50274249.22
50516910.71
81472610.17
50295550.66
81429705.09
45576377.34
50393923.39
81451906.53
50209932.64
81440042.67
27769521.49
48637900.11
50171425.64
26000446.32
48819741.64
27634080.56
28026160.01
26567120.43
81179533.79
49863108.46
81429705.09
45637602.29
29698257.11
26492356.83
16747914.34
48602393.91
27089381.26
48459572.61
50285269.21
29598467.5
24513480.83
29913762.32
28026160.01
29697164.78
27194371.99
30102352.38
81389834.73
48464872.26
50428882.26
46196812.89
26476494.56
48563402.02
29654253.66
16741204.57
45612981.47
50290731.28
50431478.28
81143400.18
81502499.05
45392302.99
50500090.15
17461663.87
50532559.99
48471259.66
81390460.98
25858806.45
17441323.67
81502499.05
50108288.13
26281690.56
27408058.41
49850747.34
48865966.09
48808715.53
50384907.31
50933702.03
28091599.72
49093262.76
17455515.09
50209004.51
30534729.76
27125237.18
81390460.98
81186791.37
27685052.26
29531801.24
48910407.72
29435634.77
45628629.13
29592819.57
50208565.47
50439343.2
50780818.14
81573708.11
81576787.05
81502499.05
81297599.12
50295579.31
49866780.82
26284939.39
30746068.95
81354260.0
50361628.41
81472610.17
81389834.73
50368895.25
81502499.05
29518530.37
48589151.16
81290044.61
29179379.27
45864039.14
81184067.64
46043595.7
25747073.07
81502499.05
27064358.0
25279870.67
27956430.95
49933952.58
81576787.05
26476494.56
81179196.14
16738070.8
27092820.37
81361126.06
48487850.94
50335183.3
50360358.12
81250445.09
50423835.92
48430595.17
27076070.55
81573708.11
17427723.76
