48320519.55
43636240.4
79361126.06
14597697.78
24783378.53
48345183.17
48405866.06
48372732.8
79576787.05
46548520.17
48603301.1
24889182.78
44178493.28
14519465.4
46548520.17
79354260.0
79375623.1
48196716.74
79390460.98
79361126.06
23606529.21
14518818.97
48162319.49
48491549.36
14591305.71
43957999.96
48238178.93
78878701.19
48345183.17
24993121.68
79354260.0
44080630.4
48361802.71
48603059.38
48183020.19
48394244.1
25553573.26
79290044.61
79472610.17
14511251.48
48138169.32
79354260.0
79674686.27
27413048.82
79361126.06
14603069.33
48418138.65
24641384.09
79250445.09
43283216.87
79250445.09
24831118.53
14514001.18
79361126.06
24938316.33
48499954.15
24821658.14
48164611.67
48394373.66
23845512.08
25498730.92
79389834.73
25040048.91
24822066.68
79502499.05
79369916.36
48259964.54
24902562.73
48384697.22
48160901.11
21899252.82
24797196.05
79674686.27
79290044.61
25593782.84
24966055.55
44216572.38
47961628.11
79421163.03
25243202.43
44105197.47
47949636.48
48339170.63
79421163.03
48239578.73
48283546.54
79375623.1
48165431.53
48257678.47
14669352.06
79143400.18
43288798.44
79179533.79
24006633.93
79184742.1
79143400.18
48363675.94
25118313.91
46430748.6
48601365.88
79369916.36
46529280.77
25243202.43
24155256.13
48210027.4
25030515.47
79184742.1
79354260.0
14597151.08
79451906.53
79502499.05
14588477.91
25018721.09
78878701.19
14502986.22
27589090.04
25051069.38
79389834.73
79389834.73
25701942.22
48238178.93
79354260.0
79472610.17
48184444.09
24835788.71
79250445.09
79375623.1
79674686.27
14512690.16
78878701.19
48389182.44
24923512.83
46367142.1
27440978.64
14660181.75
79390460.98
48259964.54
43468178.79
48406703.35
25396017.09
79674686.27
24736917.01
27750327.57
79186791.37
25593782.84
24628989.73
48472310.4
79421163.03
24864293.57
46092294.52
46357248.34
79472610.17
25208377.51
48064228.89
14597151.08
79143400.18
48340886.46
25322225.21
23630979.31
48081512.05
48213931.3
79390460.98
27523737.89
27603579.38
25028722.11
25487698.85
79354260.0
48269428.57
48573296.44
25034201.29
79186791.37
25078357.63
48385685.82
79429705.09
24645191.3
24886530.37
14671927.05
24919805.81
48361418.93
24922996.54
14668850.16
79576787.05
79354260.0
79179196.14
79250445.09
27392871.66
14519465.4
79390460.98
79389834.73
14590191.4
48530101.0
27540577.21
48386758.04
48253630.13
24716801.06
79674686.27
79389834.73
14594434.97
48091343.07
79573708.11
48162319.49
79502499.05
23732978.17
79179533.79
48479543.02
79421163.03
24927247.25
24993022.18
48361802.71
79502499.05
79375623.1
79440042.67
79184067.64
14603087.08
48194353.32
79369916.36
46367142.1
48599984.44
24926806.93
79390460.98
48164611.67
25030355.29
43956518.32
25488727.09
44105197.47
43383572.35
24894542.73
14515190.09
24825573.13
48492364.11
23425427.71
25713699.04
25404685.42
24798894.2
79186791.37
43344043.22
43677292.11
46335405.13
21899252.82
79576787.05
24712370.81
48599984.44
48571105.08
48341715.34
24878181.34
27440978.64
78878701.19
48455918.48
46430748.6
25036248.38
24639978.95
79451906.53
43604239.11
14593354.05
48491691.76
14600536.12
48541529.2
48362237.08
79429705.09
79502499.05
14674703.78
14519476.42
48361355.43
25065914.67
25344376.68
24943100.25
48364016.64
79186791.37
44158772.75
78878701.19
79472610.17
78878701.19
79576787.05
79389834.73
21500838.5
79390460.98
48630764.8
25573765.78
27589090.04
79472610.17
48076082.56
25028355.19
24207924.23
47949636.48
25392423.63
48197536.59
78878701.19
44178493.28
48373120.95
48363284.11
48467614.13
79375623.1
79502499.05
25034434.09
79421163.03
23630979.31
79440042.67
44063079.9
79375623.1
14523870.62
24102872.09
14598100.65
79472610.17
79440042.67
21299060.07
48277465.0
48467605.57
46339913.8
48459644.25
21565920.09
48343103.58
24100523.04
24878181.34
21526075.94
79184742.1
79290044.61
27357013.94
14518742.68
24835788.71
14592748.21
44080991.54
48472310.4
24832678.25
48276617.37
79389834.73
48356232.26
27364379.04
43879049.96
25344376.68
24887780.6
24823325.25
25034434.09
79184742.1
48197580.0
48455918.48
79440042.67
24834328.94
48497744.16
21579867.45
48344734.36
24836664.22
48278818.92
43023770.44
24720618.27
46335405.13
48436401.98
48439664.35
14589625.45
48381836.53
25083100.57
43996030.26
14515431.27
79440042.67
25028355.19
43450744.21
48372732.8
48160901.11
79179533.79
47918523.54
48081512.05
24802863.02
46092294.52
46537006.85
14663059.53
24865644.93
79502499.05
43023770.44
48192996.1
24924863.88
25096580.5
79179196.14
79369916.36
79451906.53
79502499.05
23606529.21
24812289.64
79290044.61
25383662.58
24731598.46
48343103.58
43449752.28
48460077.26
14604267.93
24906272.25
47938021.11
79184742.1
43461141.07
25498730.92
24716801.06
79184742.1
48287138.57
27420438.54
44073543.88
48375489.56
79184067.64
48285112.27
79186791.37
79502499.05
24616128.82
48091343.07
48373946.11
14521394.34
24834328.94
24941620.41
48616407.75
48343103.58
48441898.47
79354260.0
48382120.79
24630945.19
44063079.9
79440042.67
79576787.05
14600995.38
21759117.93
48386173.75
14598858.62
23627406.93
25061161.0
79390460.98
44211136.21
14519465.4
14513666.6
79472610.17
48346132.78
79290044.61
14518742.68
24935380.62
79143400.18
48224789.03
48399024.62
48184444.09
25100146.56
48499954.15
79472610.17
79250445.09
14661784.89
48261415.72
79179196.14
48406470.43
48493762.22
79429705.09
48275765.61
78878701.19
44289800.85
48059689.29
48257816.2
79375623.1
48497744.16
48439664.35
79440042.67
79389834.73
24891611.21
21299060.07
24951253.81
48282514.84
25567037.75
48242507.2
79186791.37
14518664.88
43266621.9
25475503.25
79429705.09
48257816.2
24892141.71
24995180.48
48281379.14
48418768.58
48361418.93
79179533.79
48160095.38
48363675.94
79429705.09
43447777.38
43345570.48
48361802.71
48709830.88
79143400.18
48404793.01
24934000.31
79297599.12
79290044.61
25229470.49
79440042.67
79429705.09
48631608.72
25019954.6
79389834.73
48308335.67
21613274.06
48334966.92
48517999.06
79369916.36
79674686.27
48344734.36
79502499.05
24927740.72
46635072.34
14664787.35
79186791.37
14600536.12
46610630.55
46414002.01
24797196.05
79184742.1
25504795.85
14523870.62
48385821.07
25320601.57
23634697.32
23703836.9
79250445.09
23958620.29
43468723.53
48524205.27
48165431.53
25308476.81
43345570.48
48240262.01
43598867.77
43901237.07
14522693.67
48393668.62
24979547.35
79179533.79
48205296.68
48192128.89
25016577.26
48382120.79
43677292.11
48166832.26
25295343.03
48260868.46
79451906.53
48210027.4
48160901.11
79297599.12
78878701.19
48160095.38
79297599.12
24740294.68
48237318.36
48285112.27
23208416.31
48388386.27
14599216.26
48138169.32
48394185.06
79250445.09
23631245.1
46536601.07
43461141.07
79674686.27
48155057.34
79361126.06
21789112.9
79573708.11
27420438.54
24697577.85
14601579.21
48393513.88
48373946.11
25376812.42
24625173.44
48467355.99
79186791.37
43450744.21
48404163.08
14591639.04
25089098.69
48393936.74
79674686.27
48221163.62
79184742.1
14678850.06
14603087.08
48284645.37
21601050.44
44216572.38
24851256.92
79143400.18
48385685.82
79576787.05
21686575.53
27540577.21
79369916.36
79390460.98
79674686.27
47938021.11
25541024.52
24840373.45
79297599.12
14591305.71
24926968.79
79179533.79
27121784.71
25103119.9
79573708.11
27512577.22
24659203.73
48417696.38
79674686.27
48374624.54
79290044.61
48483710.21
48619776.02
23534591.15
79179533.79
46746382.01
48240262.01
43298438.17
25028130.72
79297599.12
46519377.24
79429705.09
46667457.83
43956518.32
46560866.84
79184742.1
79184742.1
48356232.26
79440042.67
14601963.87
79290044.61
79390460.98
79361126.06
14594246.81
48342964.07
48208691.01
27531214.79
43901237.07
14511251.48
48363284.11
48299363.31
79179196.14
79250445.09
79375623.1
79186791.37
24821658.14
79361126.06
79674686.27
46515921.29
79290044.61
25031718.28
79354260.0
48271319.54
48237352.56
48194353.32
43345570.48
48384697.22
46672570.11
79297599.12
48214983.79
79472610.17
79179196.14
79502499.05
78878701.19
21565920.09
48523390.51
79184742.1
79186791.37
79143400.18
24836664.22
79184067.64
79369916.36
43565972.52
47917723.3
48387000.52
23736125.07
79361126.06
44060115.3
48364016.64
43677292.11
79361126.06
79354260.0
48364072.39
79361126.06
79297599.12
48059689.29
14608439.18
79143400.18
47918523.54
79390460.98
79184067.64
27750327.57
48271319.54
14664634.72
48468437.91
21698082.83
79369916.36
25096580.5
79361126.06
24670182.76
48497744.16
48182209.19
48406703.35
48480690.19
47949392.15
79179533.79
79369916.36
24155256.13
25246349.46
21799590.5
48183020.19
79354260.0
25230788.19
24823325.25
48631018.48
48505040.84
48493762.22
48243687.89
25229470.49
43883848.94
48499954.15
24078424.82
79576787.05
79674686.27
48459644.25
14512690.16
48619776.02
46536601.07
79375623.1
24593570.6
24625173.44
79375623.1
48435569.64
24822066.68
25026775.87
48375347.54
79250445.09
48275765.61
48241899.91
21511183.79
79297599.12
25141962.05
24692481.65
23534591.15
48393366.91
48362619.3
43283216.87
79179196.14
24730326.9
48603059.38
44216572.38
48321656.18
48523390.51
48236215.41
14587446.62
79389834.73
79576787.05
48601365.88
79451906.53
24886530.37
24812289.64
24993022.18
79179533.79
14588517.44
48261415.72
48222296.09
24832678.25
25028722.11
24821658.14
48353993.33
48499170.93
25035553.91
79429705.09
48431026.07
48192938.29
46672570.11
48387871.8
79674686.27
48287381.86
43956518.32
43541966.25
79184742.1
24817872.22
79429705.09
79674686.27
48208958.68
79576787.05
14608937.77
48214172.79
44158772.75
25464329.46
14523870.62
48226151.56
24677664.42
24898553.33
14596411.88
43492816.24
79186791.37
48418523.14
46746382.01
79421163.03
48404163.08
23696995.41
46412560.2
48212436.15
48237352.56
27431783.07
79375623.1
24887780.6
48259964.54
79250445.09
78878701.19
14527111.41
48362237.08
48397888.47
14650221.44
24923512.83
47816425.54
46451772.54
79179196.14
25602753.32
48631018.48
25504795.85
46515921.29
79297599.12
48391865.47
43283216.87
79502499.05
48387000.52
25376812.42
24834328.94
27642338.93
24831118.53
43468723.53
79369916.36
48269181.5
24889182.78
48467355.99
25003155.01
21674143.05
79389834.73
79451906.53
48441898.47
79354260.0
25476432.93
46614889.94
48373946.11
14510943.78
48243687.89
79440042.67
48223979.63
79390460.98
21704599.06
23628768.99
48136877.3
47917723.3
79250445.09
48287953.97
48275765.61
44105197.47
78878701.19
79250445.09
24892141.71
25618478.14
48535623.71
14511630.0
79375623.1
48479812.18
79576787.05
79573708.11
14521394.34
79421163.03
23628768.99
48479812.18
14597697.78
79451906.53
79354260.0
25030355.29
24078424.82
27610831.41
48375640.64
24951253.81
48461833.9
48429892.47
79389834.73
79297599.12
79354260.0
79354260.0
79375623.1
24747843.19
48227271.35
48440473.96
79179533.79
79361126.06
24681471.29
24838284.05
25012679.66
48703678.79
79361126.06
23425427.71
24898350.87
43288798.44
79451906.53
48642962.54
24733073.46
79451906.53
48192128.89
48343786.42
48185089.05
79429705.09
24207924.23
79354260.0
79421163.03
24941804.78
79179196.14
24941620.41
48492364.11
79361126.06
47949392.15
48257678.47
48192128.89
48257816.2
48270254.94
79451906.53
48253630.13
24655382.74
43883848.94
25049202.24
14502986.22
48221163.62
47950192.39
24639978.95
79179533.79
79472610.17
24849890.32
25292198.2
79429705.09
23486900.31
48275765.61
23486900.31
25036248.38
44062101.39
48278818.92
14664634.72
14523246.82
25304389.12
79451906.53
24894542.73
79429705.09
79674686.27
14598316.78
14678496.89
48209206.21
25029715.99
14521394.34
48471500.79
23542439.0
14511630.0
43546295.68
43598867.77
48176138.8
24889182.78
48511792.44
48393427.51
48630764.8
24681471.29
48571912.05
79573708.11
43266621.9
79429705.09
25056403.84
27610434.32
48418523.14
48484850.04
48225027.61
14600419.66
24619926.22
79390460.98
48341715.34
79369916.36
27673893.11
14599438.43
27340508.54
78878701.19
44319024.7
43362319.66
48376446.83
79573708.11
48642962.54
14602193.55
48271560.33
48374908.92
24906945.35
48524446.89
46414002.01
25049202.24
24645191.3
79354260.0
48498557.85
21704599.06
79472610.17
46357248.34
48388997.72
25244507.31
79440042.67
46518207.12
48064228.89
23464760.77
25036248.38
25484950.4
24811987.24
46672570.11
25308476.81
14671788.9
48209812.68
25145974.78
25567037.75
48208958.68
27400678.6
79186791.37
48202571.46
24925624.91
48382120.79
79390460.98
79369916.36
48277465.0
24902562.73
25051069.38
79440042.67
25497093.74
47919938.22
79179196.14
48405040.89
14673242.92
24829204.14
25084469.64
14518675.84
48272379.82
48488996.24
43546295.68
79184742.1
79421163.03
43298438.17
24935380.62
48202571.46
25322225.21
48239714.08
79375623.1
48517999.06
48536744.39
79440042.67
46774681.63
79389834.73
79354260.0
79390460.98
79186791.37
25364681.83
48278818.92
48242507.2
21601050.44
24798894.2
48339170.63
79290044.61
14513666.6
79369916.36
14674205.97
79179196.14
24821692.6
14598858.62
48363675.94
79472610.17
23634697.32
27523737.89
48165431.53
25500876.24
79179533.79
25489150.51
24232574.36
14663048.61
48160095.38
48405618.18
48192996.1
46339913.8
79576787.05
48373317.5
25121382.76
79421163.03
48192190.38
24692481.65
14659831.9
79472610.17
48362619.3
43492816.24
24740294.68
44092512.86
79429705.09
79375623.1
48283546.54
79184067.64
43901237.07
48178072.64
25132025.87
24836467.82
24414002.16
24232574.36
25031718.28
48363284.11
43604239.11
27603579.38
25145974.78
24833948.14
14527111.41
48529522.95
79576787.05
79186791.37
24733073.46
24716801.06
44211136.21
79297599.12
44073543.88
43910949.43
48573888.69
79186791.37
25000078.37
48372488.63
79184067.64
24824649.37
14604701.25
44080630.4
48213931.3
79429705.09
24995180.48
48388386.27
48091343.07
48631862.4
25356864.62
79143400.18
79421163.03
48437769.27
79375623.1
27639564.08
48242507.2
79421163.03
48209206.21
24733073.46
48196473.39
48599140.52
24789302.72
14519476.42
48192938.29
48179437.31
14515431.27
24607967.34
43883848.94
79361126.06
23844108.57
48599984.44
79186791.37
79184067.64
79440042.67
48451782.01
79576787.05
48361355.43
27332134.85
79143400.18
48185089.05
79290044.61
24821872.6
79573708.11
79472610.17
79143400.18
48503906.08
43879049.96
21766535.54
48182209.19
48386887.85
79421163.03
78878701.19
24731598.46
43283216.87
79354260.0
25068037.37
23922627.75
79429705.09
24907611.03
24826031.91
46548520.17
24175842.86
24991849.45
79440042.67
25005918.41
79429705.09
48196716.74
48240533.57
79451906.53
47816425.54
48530101.0
48393513.88
79361126.06
48224789.03
79369916.36
48081512.05
48459644.25
43706818.33
79184742.1
24825697.92
79440042.67
14598316.78
48491549.36
78878701.19
48177251.45
48224218.21
25703260.92
79361126.06
48197536.59
25295343.03
43447777.38
79451906.53
79297599.12
79440042.67
79297599.12
14515916.2
48417015.08
79674686.27
24874368.12
48179437.31
27347897.97
48362619.3
24797196.05
46774681.63
48437769.27
48647563.56
24746826.36
48209812.68
46635072.34
79451906.53
79290044.61
43266621.9
24747843.19
79179533.79
24677664.42
79250445.09
48631862.4
48492505.52
48472557.94
25630486.89
24730326.9
14510943.78
24814795.98
79429705.09
43565972.52
79290044.61
79576787.05
46351861.21
27542316.23
27759522.13
24731598.46
79297599.12
25135611.29
79573708.11
24938316.33
79576787.05
43910949.43
79297599.12
79184067.64
79250445.09
79290044.61
48491549.36
48364072.39
43910949.43
48391865.47
79369916.36
79375623.1
25047851.64
79573708.11
47919938.22
48185089.05
48214983.79
24909359.34
24825469.13
21903538.74
48259964.54
14600419.66
24995335.99
79573708.11
43450744.21
48197580.0
48297244.81
79354260.0
24851278.55
27357013.94
79290044.61
48320519.55
24979547.35
79576787.05
79184067.64
46614889.94
79179533.79
48418138.65
79297599.12
46335405.13
48214742.3
79573708.11
44178493.28
79429705.09
24099100.33
27448545.89
79369916.36
14598424.72
79179196.14
24169071.82
25618478.14
79573708.11
48599984.44
23897463.62
46548520.17
79502499.05
24851278.55
79429705.09
79472610.17
79576787.05
79297599.12
43344043.22
24655382.74
79297599.12
48631608.72
79421163.03
79421163.03
79250445.09
79389834.73
79674686.27
48499170.93
48388003.77
79389834.73
48361418.93
79361126.06
23680194.64
79429705.09
48178072.64
24205055.63
48529287.31
48372058.76
48240533.57
48470617.48
79361126.06
48524205.27
14513666.6
48811724.66
79179196.14
24849980.34
24922996.54
48436401.98
14607172.36
79375623.1
24731598.46
79369916.36
25019954.6
25017310.85
79250445.09
27646500.5
48603866.34
79421163.03
25012679.66
25602753.32
46537006.85
24865644.93
23450551.1
27534647.23
79451906.53
25096324.96
79179196.14
79361126.06
79143400.18
48405656.77
79361126.06
48361418.93
78878701.19
48375347.54
14668816.37
24995335.99
24819520.6
43901237.07
25038274.92
43541966.25
25383662.58
79297599.12
24927247.25
79389834.73
48343103.58
79375623.1
79390460.98
24639978.95
79297599.12
48601365.88
48644104.71
21699277.3
48472557.94
79143400.18
44062101.39
48391865.47
24402968.59
25036248.38
24103199.74
79389834.73
79674686.27
79502499.05
79390460.98
48591179.23
14523246.82
79354260.0
47962738.28
24811987.24
21696099.61
24089693.61
48439664.35
14594543.13
48386173.75
25230788.19
79440042.67
43604239.11
24926838.83
14597552.91
46614889.94
79451906.53
27370316.15
48272873.35
79576787.05
25492493.06
79369916.36
43974666.09
79179196.14
48394244.1
24890274.39
24414002.16
48192751.46
14515190.09
48555889.28
14596411.88
14590191.4
44154523.65
46515921.29
79361126.06
14521416.48
79440042.67
48354818.38
79297599.12
14608937.77
79179196.14
24999470.09
79674686.27
24829391.55
48287381.86
25047851.64
48204166.92
43895833.74
79184067.64
79290044.61
46746382.01
48297244.81
79472610.17
79451906.53
24103199.74
27673893.11
79179533.79
48076082.56
79179196.14
48136877.3
21820358.82
25606028.43
79186791.37
48503906.08
48276617.37
14599438.43
79440042.67
48297244.81
78878701.19
24817872.22
48406762.93
27666619.59
14502986.22
48440473.96
48405338.27
48374908.92
79369916.36
25034434.09
79576787.05
46367142.1
48287138.57
48603866.34
48523632.13
48162319.49
79179196.14
48619776.02
25364681.83
79361126.06
79472610.17
48255448.73
25000078.37
79143400.18
79184742.1
48373561.68
79290044.61
24692481.65
48566386.07
24825697.92
79184742.1
48599140.52
48240262.01
79179196.14
48535623.71
14594246.81
78878701.19
79502499.05
79290044.61
24697577.85
79440042.67
46537006.85
79429705.09
24894542.73
14517894.91
48255448.73
48436401.98
48344734.36
79250445.09
48386173.75
79184742.1
48601365.88
48374624.54
24943100.25
43468723.53
48585404.98
27596935.58
48359375.59
25034434.09
79472610.17
79451906.53
24814795.98
43706818.33
48276617.37
27455872.13
25096324.96
48271560.33
78878701.19
43023770.44
79390460.98
48164611.67
23526059.74
44319024.7
14579319.27
79429705.09
79674686.27
79143400.18
48180280.17
79451906.53
48270254.94
79184067.64
23617939.57
79472610.17
24593570.6
27639564.08
27646500.5
46092294.52
79389834.73
48499170.93
79472610.17
79361126.06
79250445.09
48394485.22
78878701.19
14663048.61
79375623.1
27536941.31
48455918.48
24630945.19
24760691.18
14598857.42
79390460.98
48460077.26
24725474.97
24811987.24
79179196.14
79576787.05
44105197.47
27448538.76
48192128.89
79184067.64
21754045.13
43362319.66
14588606.99
43492816.24
23978780.58
48255448.73
79369916.36
79502499.05
48256264.13
48417015.08
14515190.09
27548157.22
14668888.4
27531214.79
79375623.1
48300483.21
14608439.18
24630945.19
48460458.01
24659203.73
25404685.42
43383572.35
14668729.71
24607967.34
48418768.58
79184742.1
24801026.19
79184067.64
24930614.07
48241899.91
46529280.77
25412322.54
14521826.13
44211136.21
14517894.91
14518664.88
48555116.94
48257678.47
24089693.61
25017310.85
48573704.81
48417696.38
79389834.73
25139647.76
14522693.67
23844108.57
48703678.79
24677664.42
79375623.1
27339454.46
48288197.26
79375623.1
23631245.1
79290044.61
79451906.53
25475503.25
79573708.11
79576787.05
48394373.66
24926806.93
48334966.92
48393936.74
48492752.43
79143400.18
79179533.79
27610434.32
79369916.36
24625173.44
48166832.26
14521394.34
46560866.84
79421163.03
79250445.09
24927324.31
14511251.48
48573296.44
25030515.47
24821872.6
46610630.55
79421163.03
27534647.23
79390460.98
23506857.99
48183020.19
24887905.62
48202571.46
24966055.55
48449532.22
48277465.0
14518675.84
79184742.1
24821658.14
79186791.37
79375623.1
79451906.53
48375347.54
79440042.67
27752052.13
79429705.09
48257816.2
14674205.97
25097638.6
14663059.53
46451772.54
27340508.54
43974666.09
79179196.14
79361126.06
25400229.27
48405656.77
79250445.09
48491938.67
14660181.75
48197580.0
79184742.1
46519377.24
44211136.21
48459644.25
24102872.09
79179533.79
79369916.36
48461833.9
48138169.32
27439420.98
79421163.03
79389834.73
25334599.98
48343786.42
79179533.79
23958620.29
79179196.14
25484950.4
48573704.81
14588477.91
48542621.35
27596935.58
48598535.63
79369916.36
44092512.86
79361126.06
24836467.82
24656194.11
25014005.01
24826031.91
79674686.27
14579319.27
48344734.36
79440042.67
79421163.03
79184067.64
46519377.24
48155057.34
79250445.09
79451906.53
48129814.04
79184742.1
79573708.11
24926806.93
24746826.36
79179196.14
14601679.65
24849890.32
24802863.02
27544309.57
79573708.11
25016577.26
48341715.34
48364016.64
79573708.11
47962738.28
44289800.85
79290044.61
25026775.87
14603485.78
48287953.97
79375623.1
79290044.61
43598867.77
43541966.25
24907611.03
48388997.72
78878701.19
48573296.44
43468723.53
24317393.25
48460458.01
48470617.48
27649843.31
44062101.39
48387871.8
48272139.03
48354818.38
79429705.09
48226151.56
14523870.62
79297599.12
79576787.05
48285112.27
48460077.26
48356232.26
48375888.01
48393118.59
79184742.1
24014325.55
14664787.35
44073543.88
14607701.53
79297599.12
23760677.7
79250445.09
44080630.4
48405618.18
48524446.89
24851256.92
46518207.12
24834328.94
43447777.38
43271368.82
79375623.1
79502499.05
48599140.52
79184742.1
79472610.17
48571912.05
46672570.11
24729280.53
79290044.61
79250445.09
48460458.01
24823334.67
48440473.96
78878701.19
48553210.78
24630945.19
79143400.18
79354260.0
79354260.0
79573708.11
79472610.17
25136992.0
14589720.06
23845512.08
23760677.7
14518675.84
43636240.4
48343928.17
43546295.68
24938316.33
23906381.35
79184067.64
25400229.27
46518207.12
44154523.65
79674686.27
24840373.45
27759522.13
14588606.99
24797196.05
48405338.27
14519476.42
79250445.09
14513666.6
24941804.78
79451906.53
48091343.07
43362319.66
48372058.76
79361126.06
79184742.1
47816425.54
79576787.05
79502499.05
79184067.64
48644104.71
79389834.73
24902290.64
48241899.91
21696099.61
25118313.91
48364016.64
14593404.53
24641384.09
79375623.1
48300483.21
14671788.9
48483710.21
48604108.06
79184742.1
79502499.05
79369916.36
48343786.42
43974666.09
48166832.26
48209779.87
14597335.09
79369916.36
21543532.93
47919938.22
14518664.88
48497744.16
48177251.45
43468178.79
79451906.53
48373120.95
24721884.05
23736125.07
24890274.39
24616128.82
25501123.06
24819520.6
48308335.67
48591179.23
48376809.83
48076082.56
48059689.29
24872105.16
25038274.92
14523246.82
79573708.11
46635072.34
14602193.55
48309430.37
79576787.05
14521416.48
79179533.79
79429705.09
79674686.27
48361802.71
43447777.38
48340886.46
47918523.54
79421163.03
14511251.48
79184067.64
27370316.15
48555889.28
48196473.39
48339170.63
43468178.79
48257678.47
14514001.18
14598330.24
79361126.06
21820358.82
48222296.09
23464760.77
48492364.11
25032301.9
48224218.21
25591011.01
48243687.89
27542316.23
48353993.33
79502499.05
48341715.34
24609368.77
21674143.05
48239578.73
24836467.82
79390460.98
48363675.94
48406470.43
14515431.27
14514001.18
48299363.31
48499954.15
79573708.11
27448538.76
14661784.89
48479812.18
79184067.64
46357248.34
24677664.42
25056403.84
48277465.0
48671477.4
46610630.55
27339454.46
46335405.13
25396017.09
48194353.32
24701406.5
14511630.0
48461833.9
24402968.59
79502499.05
25031856.75
14591351.09
79179533.79
79184742.1
79179196.14
79297599.12
23703836.9
48374624.54
78878701.19
24315944.7
48227271.35
79354260.0
24966055.55
48376446.83
24913780.74
43288798.44
79184067.64
79184067.64
48260868.46
79576787.05
48353993.33
79389834.73
79389834.73
25084469.64
24616128.82
48417941.81
48285112.27
46610630.55
48238178.93
46351861.21
14589720.06
24701406.5
79290044.61
48811724.66
48076082.56
48272873.35
79573708.11
24399170.69
79573708.11
25555035.56
48180280.17
24205055.63
79179533.79
27617733.09
79472610.17
24966055.55
43271368.82
48359375.59
24864293.57
48388386.27
79186791.37
43879049.96
24934000.31
14601679.65
79369916.36
14668729.71
78878701.19
14527111.41
24927740.72
79184742.1
48441898.47
48162319.49
79573708.11
79576787.05
79179533.79
25161316.23
79184067.64
14593354.05
23897463.62
24747843.19
48342964.07
79369916.36
48393513.88
78878701.19
79421163.03
48180280.17
48431026.07
48615292.14
48343786.42
43706818.33
25159954.26
25630486.89
48165431.53
79179533.79
24504528.06
48192938.29
79576787.05
14518818.97
79186791.37
48354818.38
79290044.61
79354260.0
48782884.94
43362319.66
25715467.61
25068625.35
79179196.14
48492505.52
79290044.61
24924863.88
79502499.05
48460077.26
24810648.07
27392871.66
79451906.53
79143400.18
48184444.09
79440042.67
24317393.25
48529522.95
48281379.14
79390460.98
25035553.91
14598330.24
24836664.22
27544309.57
24970888.33
14597678.4
24817872.22
48373120.95
24825469.13
24836467.82
21500838.5
24938316.33
24572550.01
79502499.05
43468178.79
79179196.14
48288197.26
24889182.78
43956518.32
43480227.88
79369916.36
48269428.57
48212436.15
79389834.73
48530336.64
24504528.06
25104503.89
48511792.44
24821872.6
79361126.06
48276617.37
79179533.79
24874368.12
48353993.33
79390460.98
25049202.24
48571912.05
25104503.89
79472610.17
79389834.73
24981803.07
79502499.05
27649843.31
25208377.51
24789302.72
14515916.2
79179533.79
24712370.81
48470617.48
21686575.53
24832678.25
48309183.29
79674686.27
23208416.31
24747843.19
43996030.26
79297599.12
25715467.61
48260868.46
48373317.5
47950192.39
24825573.13
44062101.39
25553573.26
14665194.11
79290044.61
46412560.2
43266621.9
27364379.04
48467605.57
79472610.17
48255448.73
48571912.05
79361126.06
79375623.1
48212436.15
14589625.45
79297599.12
43565972.52
14517894.91
24825573.13
79389834.73
79297599.12
14526771.66
24169071.82
48651789.22
24874368.12
79451906.53
14511630.0
46430748.6
79421163.03
48364072.39
79390460.98
46667457.83
79354260.0
44092512.86
48386758.04
14659831.9
79375623.1
14515190.09
48388003.77
25555035.56
43996030.26
48269181.5
79290044.61
48647563.56
78878701.19
48505040.84
27537676.73
14591639.04
24572550.01
14674703.78
48498557.85
79573708.11
43450744.21
48467614.13
48388386.27
79143400.18
14669352.06
48064228.89
14673242.92
79290044.61
24902562.73
14669659.7
43546295.68
79297599.12
24760691.18
79440042.67
48059689.29
25476432.93
43636240.4
25292198.2
27757320.29
79375623.1
25356864.62
24808495.64
44063079.9
79429705.09
48241899.91
79184067.64
48484850.04
79389834.73
25103119.9
79354260.0
79429705.09
25031856.75
79421163.03
46537006.85
27400678.6
79674686.27
79390460.98
79369916.36
24670182.76
14510943.78
14515916.2
48406703.35
23683398.86
25034201.29
48709830.88
48616407.75
79297599.12
24399170.69
24832678.25
43598867.77
44080630.4
48214742.3
79184742.1
79143400.18
48435569.64
46529280.77
79440042.67
79674686.27
79184067.64
79184067.64
43492816.24
48308582.74
79290044.61
24840373.45
79389834.73
14591351.09
79184742.1
14597335.09
48479812.18
48471748.33
79502499.05
24821872.6
48297244.81
48272873.35
46451772.54
43298438.17
48591179.23
47816425.54
14521826.13
79354260.0
24823325.25
25016242.01
25244507.31
79390460.98
23696995.41
25244964.07
79369916.36
23434556.78
25541024.52
25018721.09
25078357.63
21698082.83
79354260.0
25488727.09
25161316.23
79361126.06
44080991.54
27431783.07
24716801.06
24808495.64
25464329.46
24871147.55
48571105.08
25049202.24
27666619.59
48272873.35
48492364.11
21759117.93
24906945.35
79297599.12
79179533.79
24835302.72
79451906.53
79421163.03
79179196.14
24819520.6
48435569.64
79451906.53
48396868.31
48184444.09
48376694.2
48393427.51
24991728.19
24824649.37
48342964.07
79354260.0
48529287.31
14515431.27
25051069.38
79440042.67
24414002.16
78878701.19
44178493.28
79472610.17
46412560.2
79440042.67
48536744.39
79429705.09
79184067.64
24833948.14
79354260.0
48387000.52
24991849.45
48376809.83
79143400.18
14518818.97
25032301.9
25014005.01
14603485.78
47938021.11
48214172.79
48372488.63
79184067.64
48429892.47
79179533.79
48160901.11
44154523.65
48517999.06
79674686.27
79440042.67
43636240.4
44063079.9
23936448.08
79472610.17
79186791.37
79674686.27
79573708.11
48185089.05
24006633.93
25007239.7
25139647.76
48393513.88
79184742.1
14522693.67
25133387.96
43895833.74
44073543.88
24951253.81
79250445.09
79369916.36
79451906.53
43480227.88
24720618.27
48386510.87
14592748.21
48479543.02
79674686.27
25283287.06
27537676.73
14588517.44
24823334.67
46635072.34
25141962.05
48391865.47
43449752.28
79421163.03
25320601.57
21543532.93
79576787.05
23680194.64
78878701.19
79186791.37
27544888.2
14592367.29
24692481.65
79361126.06
24725474.97
27114072.07
48404793.01
48282514.84
44080991.54
14518664.88
48671477.4
79375623.1
79143400.18
79179196.14
48363284.11
14526771.66
24656194.11
24923512.83
21694512.49
48204166.92
25068625.35
48270007.87
43480227.88
25606028.43
43974666.09
79429705.09
48471748.33
27610831.41
48155057.34
48396868.31
79250445.09
79143400.18
14592367.29
48064228.89
24955067.59
79576787.05
24930661.23
79573708.11
48405866.06
24175842.86
79674686.27
46339913.8
14601579.21
21694512.49
43271368.82
48393366.91
24641384.09
48603301.1
79186791.37
79421163.03
48374667.21
79429705.09
79354260.0
48517999.06
48256264.13
21579867.45
48362237.08
79576787.05
24887905.62
79451906.53
79389834.73
79143400.18
48455918.48
47950436.71
79451906.53
48155057.34
25124684.81
79184742.1
79361126.06
14671927.05
79674686.27
25591011.01
48177251.45
14515916.2
48381836.53
21613274.06
79143400.18
48354818.38
46414002.01
79250445.09
48253630.13
48183020.19
48192190.38
24872105.16
79472610.17
48343928.17
79297599.12
79472610.17
14522693.67
79451906.53
25334599.98
14604701.25
24725474.97
48468188.33
43895833.74
46412560.2
25283287.06
23997834.85
24819802.63
23542439.0
79502499.05
21526075.94
79143400.18
43879049.96
48471500.79
79179196.14
48208691.01
14600995.38
79440042.67
79390460.98
24926806.93
24399170.69
44289800.85
43996030.26
48386173.75
48435569.64
48373561.68
79184067.64
25083100.57
79179533.79
23434556.78
79576787.05
48523632.13
48386887.85
27114072.07
48385932.99
24725474.97
48129814.04
79369916.36
27377984.97
79389834.73
14518742.68
48441898.47
14578343.54
14521416.48
48591179.23
14672123.57
79290044.61
48346132.78
25007239.7
48530336.64
79184067.64
43461141.07
79184067.64
79297599.12
79186791.37
48237352.56
78878701.19
23526059.74
25561715.82
43271368.82
24656194.11
79290044.61
27448545.89
43883848.94
46614889.94
48387000.52
79421163.03
48182209.19
27519900.94
48511792.44
24810648.07
79369916.36
23978780.58
48375347.54
24712370.81
23450551.1
79250445.09
24930614.07
23627406.93
79179533.79
25304389.12
25121382.76
48553210.78
24014325.55
79186791.37
14659531.19
79184742.1
48373946.11
48239714.08
27533229.32
79472610.17
24099100.33
48240533.57
78878701.19
79179196.14
48651789.22
79674686.27
79390460.98
48406703.35
79674686.27
14519476.42
24825573.13
27536941.31
48394185.06
44319024.7
79390460.98
79674686.27
43565972.52
79421163.03
14607172.36
48081512.05
47918523.54
48498557.85
27512577.22
79369916.36
48176138.8
48138169.32
79179533.79
79451906.53
79573708.11
24909359.34
25135611.29
43604239.11
79440042.67
27544888.2
43677292.11
48270007.87
25489150.51
25100146.56
48179437.31
25701942.22
79143400.18
48480690.19
48389182.44
79361126.06
23617939.57
79179196.14
24740294.68
24829204.14
48253630.13
79179196.14
48197293.25
48309430.37
23997834.85
24913780.74
24670182.76
43449752.28
48260868.46
79143400.18
79179533.79
24993121.68
48284645.37
24819802.63
79354260.0
24628989.73
24729280.53
24911311.67
47917723.3
79361126.06
48542621.35
14669659.7
43541966.25
24619926.22
79179533.79
25561715.82
48373120.95
48406762.93
79186791.37
25497093.74
79451906.53
46560866.84
79143400.18
24836664.22
44060115.3
48470617.48
24697577.85
48194353.32
48585404.98
48615292.14
78878701.19
24887780.6
79390460.98
79389834.73
14514001.18
48604108.06
43298438.17
24821692.6
24970888.33
79375623.1
48197580.0
46451772.54
24898553.33
79186791.37
21799590.5
14601963.87
79502499.05
24106667.05
79429705.09
79143400.18
79179533.79
14593404.53
14598100.65
79390460.98
24902290.64
43023770.44
27439420.98
25051069.38
79576787.05
46339913.8
79429705.09
14659531.19
48356232.26
27455872.13
14527111.41
48460458.01
27519900.94
44319024.7
78878701.19
24911311.67
48451782.01
48362619.3
14593122.42
79179533.79
79429705.09
48243687.89
25061161.0
24991728.19
79184742.1
79250445.09
79290044.61
79179196.14
24919805.81
48321656.18
79290044.61
48361355.43
48461833.9
48205296.68
27540568.59
46519377.24
24315944.7
25501123.06
79573708.11
24891611.21
46667457.83
48619776.02
79421163.03
14526771.66
48242507.2
21699277.3
79361126.06
24639978.95
79421163.03
44158772.75
48385821.07
48399024.62
79502499.05
79390460.98
48364072.39
24871147.55
48493762.22
48160095.38
79573708.11
21607815.05
21903538.74
79573708.11
48178072.64
14587446.62
25082343.63
25124684.81
79375623.1
79184067.64
27752052.13
48334966.92
79389834.73
27413048.82
78878701.19
24898350.87
47919938.22
79297599.12
79375623.1
48345183.17
79290044.61
43957999.96
48437769.27
24909359.34
25065914.67
79421163.03
79250445.09
48237318.36
79179196.14
48782884.94
79440042.67
79451906.53
79576787.05
79674686.27
46357248.34
79576787.05
79184742.1
79369916.36
48385932.99
24951253.81
27533229.32
79502499.05
48239714.08
48238178.93
25492493.06
25573765.78
14517894.91
79369916.36
79573708.11
48397888.47
48191945.73
79389834.73
79451906.53
48375489.56
79421163.03
24625173.44
48239578.73
24655382.74
48240262.01
24909359.34
48375731.27
48340886.46
14523246.82
46351861.21
48278818.92
79179196.14
14665194.11
79186791.37
79440042.67
27332134.85
79354260.0
79290044.61
48191945.73
14672123.57
46536601.07
25209398.47
48164611.67
79179533.79
46529280.77
48437769.27
25082343.63
48440473.96
25244964.07
79297599.12
43480227.88
79297599.12
14603069.33
78878701.19
23683398.86
48240533.57
79674686.27
23922627.75
44092512.86
43383572.35
48362237.08
24829391.55
47961628.11
43910949.43
48375640.64
24926968.79
79186791.37
79186791.37
48491549.36
47917723.3
24740294.68
79502499.05
79389834.73
25486326.16
79250445.09
79184067.64
79390460.98
23506857.99
48449532.22
24808495.64
25487698.85
79179196.14
79179196.14
79250445.09
48382120.79
25068037.37
43344043.22
79143400.18
48499170.93
14607701.53
25029715.99
14668850.16
79250445.09
48555116.94
48491938.67
21511183.79
48236215.41
24616128.82
79143400.18
43957999.96
79184742.1
44080991.54
79186791.37
79440042.67
48192938.29
48176138.8
14597678.4
79440042.67
79674686.27
24894542.73
79429705.09
79354260.0
48488996.24
48375888.01
48491691.76
48571105.08
14667665.85
25159954.26
48237352.56
14650221.44
79184742.1
14594543.13
79502499.05
48374667.21
23906381.35
24808495.64
23732978.17
14512690.16
48386510.87
79472610.17
24823325.25
43383572.35
25005918.41
79186791.37
43957999.96
24941620.41
48256264.13
79421163.03
46351861.21
48346132.78
24838284.05
79143400.18
79354260.0
79472610.17
79361126.06
44060115.3
48394485.22
14668816.37
48498557.85
43288798.44
24955067.59
79143400.18
79421163.03
79573708.11
48361355.43
48405040.89
79186791.37
48256264.13
78878701.19
24817872.22
24697577.85
48197293.25
48381836.53
48599140.52
43345570.48
14519465.4
79250445.09
79429705.09
23936448.08
14594434.97
79573708.11
46518207.12
46774681.63
79184067.64
27540568.59
24712370.81
14667665.85
44158772.75
79390460.98
48339170.63
48212436.15
48417941.81
79250445.09
44289800.85
48178072.64
46667457.83
25089098.69
48334966.92
48223979.63
79369916.36
44154523.65
24783378.53
14678850.06
21754045.13
48492752.43
24641384.09
78878701.19
79472610.17
48343928.17
14678496.89
79375623.1
46536601.07
79186791.37
48343928.17
25392423.63
79472610.17
43461141.07
48176138.8
48381836.53
25016242.01
14518742.68
79472610.17
48468437.91
79290044.61
48566386.07
79389834.73
79354260.0
48511792.44
79375623.1
79375623.1
24941620.41
79186791.37
48136877.3
79250445.09
48374624.54
79297599.12
25713699.04
48436401.98
25412322.54
24414002.16
79290044.61
24835302.72
27377984.97
24925624.91
14598424.72
48309183.29
14597552.91
25209398.47
79143400.18
43449752.28
14510943.78
79573708.11
27548157.22
79576787.05
48439664.35
79186791.37
79375623.1
24100523.04
79297599.12
27347897.97
24849980.34
78878701.19
79390460.98
43895833.74
79440042.67
79451906.53
48202571.46
14593122.42
25028130.72
27642338.93
79250445.09
79361126.06
47938021.11
79573708.11
79184742.1
43706818.33
79472610.17
14521416.48
48340886.46
24874368.12
79184067.64
46515921.29
25040048.91
48396868.31
48272379.82
43344043.22
24801026.19
48359375.59
46367142.1
25097638.6
78878701.19
79184067.64
24670182.76
79143400.18
79573708.11
79143400.18
48308582.74
79421163.03
48493762.22
79576787.05
79674686.27
14518818.97
48180280.17
25486326.16
79179196.14
79502499.05
24819520.6
25246349.46
79472610.17
48261415.72
79429705.09
21766535.54
48359375.59
79451906.53
24733073.46
79440042.67
48393118.59
48345183.17
48136877.3
48541529.2
46746382.01
25132025.87
79421163.03
79184742.1
79179533.79
24609368.77
79429705.09
48598535.63
48393668.62
79186791.37
14526771.66
24840373.45
14598857.42
48166832.26
24930661.23
14518675.84
79179533.79
48571105.08
79421163.03
48342964.07
14604267.93
27617733.09
79389834.73
46430748.6
24981803.07
79502499.05
79184067.64
24106667.05
14521826.13
14521826.13
48573888.69
48261415.72
48396868.31
79143400.18
44216572.38
21607815.05
25703260.92
24923512.83
27757320.29
48179437.31
79390460.98
48346132.78
24721884.05
79502499.05
24655382.74
25133387.96
24906272.25
27121784.71
48573296.44
46774681.63
24902562.73
79502499.05
79440042.67
79369916.36
24926838.83
48225027.61
79389834.73
48272139.03
79390460.98
79186791.37
48192751.46
48177251.45
79179533.79
14512690.16
21789112.9
48239714.08
24736917.01
24999470.09
79390460.98
79573708.11
79576787.05
79502499.05
79297599.12
25500876.24
46092294.52
25136992.0
79573708.11
79354260.0
48376694.2
79472610.17
79389834.73
24887780.6
79502499.05
48182209.19
24811987.24
79290044.61
14502986.22
79184067.64
79184067.64
79390460.98
48239578.73
79502499.05
48209779.87
14578343.54
48468188.33
47950436.71
79576787.05
79184067.64
79179196.14
14668888.4
14599216.26
44060115.3
46414002.01
46560866.84
48375731.27
79250445.09
24927324.31
24656194.11
25003155.01
79573708.11
24399170.69
