71509576.43
70227143.96
80543254.78
32188173.69
19441235.4
20833376.63
31958771.75
33624096.92
19412615.21
71869492.37
82117419.7
27881783.58
20997338.3
32824356.06
69777448.52
144682297.43
71900091.52
70335159.78
33833318.16
33741038.42
70367007.78
72053238.35
76663251.47
70886604.47
76083373.34
31247613.99
70549561.23
81010977.18
38423302.29
27346527.39
79966437.45
32708878.32
71077493.03
29969170.98
143735828.55
33291250.47
145663640.3
25217425.91
32606329.74
20710991.48
20387060.53
29536821.22
69126653.18
145670570.43
31587806.67
19370929.26
20453520.83
30151451.29
146440997.89
26832146.83
70446494.79
144414169.55
144712441.29
26239863.11
69968926.39
80111465.22
31794350.13
37062540.87
37030327.17
81041575.0
37562502.04
20419628.2
35915586.35
71753513.94
144898889.35
75458300.85
31399240.34
25141676.57
20804961.39
27836143.95
32205162.17
76556596.89
20770412.2
26732325.37
29758793.44
80388636.99
19277881.75
80469160.01
31554398.96
20682862.82
38728129.3
76065777.92
70868172.12
68551814.42
70869049.3
19302287.5
20428872.44
79935247.85
33177906.43
145135617.21
39307247.28
81533119.28
77369787.51
29543047.9
33730547.79
27907068.06
72100600.38
71215204.29
79719579.63
30296653.48
19240621.62
144434026.75
30407628.37
20864716.71
32027237.35
32606726.74
21164490.15
22026055.11
35663993.36
33544298.38
32805361.58
31538095.11
69873871.76
30002612.61
20565755.72
32200584.85
80485016.41
145096774.26
70895707.94
76804688.32
32272588.36
31752234.08
79036537.3
70741935.03
145469986.35
81581585.95
20880578.44
27456526.17
31058710.78
32753555.4
81605330.84
30024452.57
68360663.32
33288126.39
81751752.43
70787276.68
70702955.34
70230053.34
31613145.25
25974404.93
81090846.52
22085119.13
37785410.42
32931375.49
81348604.02
34899973.48
20713105.27
69147518.88
80381380.61
70420237.16
33993319.7
25958634.95
26313593.08
33919874.64
34181272.94
70359767.92
20857855.33
19453963.09
81969071.25
144916933.35
40293158.34
80426449.52
32959278.55
69056028.75
32079128.97
34329823.88
70899958.61
32843300.73
72518748.17
79566970.13
20415645.52
145795392.89
75960137.51
79837898.78
32525829.79
35689730.62
70445150.55
31320311.61
31733707.98
30906953.91
34194117.43
80433309.7
30615811.39
26203671.73
71183390.94
39840227.09
70286120.57
33108754.19
76445987.26
21013237.3
80091137.07
70858214.84
19544857.46
30737253.78
31813265.94
76692529.55
26531206.21
80426237.79
76234979.21
144665224.97
73113533.06
70364769.63
79674350.79
32795869.15
19402029.38
20857968.3
32207573.76
34609438.31
19416044.95
71918050.4
82153355.89
27545400.8
20963553.64
32763238.78
70069336.66
144930587.7
71984763.06
69374178.3
35102009.31
32707358.2
71118251.44
71815909.49
76194739.05
70314249.18
75483860.57
30159454.47
69882965.58
81599596.17
39008027.09
26822069.72
80832757.26
32841323.31
70788713.41
30154219.83
145279860.08
32867091.34
145819512.2
25117751.24
32223215.6
20727665.4
20408187.44
29474180.98
69067253.42
145191405.59
31625897.66
19394287.18
20439530.45
29977032.92
143925400.44
27608233.0
70312496.88
145322745.67
144622670.7
26283893.83
70573571.69
80199216.28
31851827.59
35338071.29
36431588.36
80609196.92
37177975.28
20434254.99
36182432.0
71401803.98
144192609.2
76827277.11
32059957.56
24851327.0
20759410.56
28679010.35
32175107.3
75853923.25
20724026.72
26360251.17
29261769.35
80259121.16
19237133.56
79710895.64
31871139.89
20699335.12
39483352.05
76039057.8
70463683.77
68712968.81
71003018.01
19280866.43
20422287.51
79659674.87
33118152.36
145686851.57
39929918.98
80374904.02
76830505.08
29524964.09
33819056.41
28101211.93
70734687.0
70283286.92
80448256.48
30713166.16
19233463.99
144716132.86
30422178.5
20846574.77
32504117.22
32438893.14
21158503.38
21965315.66
36412819.04
33256977.62
32800246.38
31197107.52
70434623.36
29377769.51
20601756.91
31882892.91
80113146.74
144081051.72
70211265.46
75336287.8
32896394.38
31890451.77
80120711.41
70957507.96
145200530.64
82350265.14
20881426.1
27515336.75
31175807.36
32848898.79
80668596.25
29804889.39
68150982.11
33012017.15
81763536.98
70957655.4
69520567.23
70055059.02
32319292.05
26728747.2
80997052.97
22151399.57
37498058.87
33550803.83
81617053.55
35181914.08
20731644.37
69433288.89
81630014.52
70423462.98
33192676.68
26740583.09
26464982.56
34428474.32
33673372.75
70820042.63
20844808.29
19393610.58
82213667.97
145133851.02
40132021.05
81831769.17
32559724.54
69786572.95
32507917.63
34717361.06
70432506.43
32246993.06
71576500.21
80391008.22
20438084.96
145382840.13
76629120.11
81444293.89
32963361.43
35802904.61
69545397.51
31226019.7
31816050.64
30292305.48
34709876.76
80587411.5
30403816.98
26874152.64
70648047.39
39956024.79
69371507.47
33970478.86
75244603.8
20990295.1
80338269.15
70211520.0
19532960.87
31053364.84
31979738.18
77720775.46
26563001.88
80574951.76
75498483.67
146198323.42
72449305.44
70157894.45
80175263.04
31767340.9
19404964.13
20837522.1
32406260.02
34267274.28
19414206.73
71721301.72
80616026.52
27769706.74
21056664.18
33070012.83
70442524.73
144835695.56
71473390.32
69861175.8
34397143.61
32426023.05
70753563.49
72011307.54
76087450.11
70524489.46
75746561.06
31022459.78
71055092.91
81536645.8
38348900.15
27217202.95
79926807.23
32762297.87
69465921.17
29990961.72
144303032.06
33360911.45
145250986.34
24876277.03
33017685.99
20707775.41
20415441.98
29333101.95
69815000.77
144238623.44
31847289.69
19424091.69
20444816.99
30257778.46
143981944.19
26043074.51
70769824.01
145028114.06
145412123.66
26967658.7
70357195.77
80736755.41
31721863.61
36173999.28
36914822.85
80495496.81
37484817.15
20468941.11
35224456.42
71032435.14
146025421.17
75759194.63
32214409.44
24924151.51
20753266.09
28429854.32
31981237.24
76633986.89
20731931.99
26127022.6
29032788.68
80320606.34
19257771.83
80767865.09
32411837.79
20722231.42
38717883.11
76735268.04
70638381.62
68320220.51
69618994.36
19268240.02
20426973.57
79745684.51
33459886.24
144896606.82
41282048.69
81700641.29
77520165.92
29691983.69
33413215.78
29493021.05
70933752.66
70971603.98
79581606.8
30839169.13
19262842.59
144957420.18
31073242.59
20896974.59
32277508.53
32925777.01
21163712.16
22027969.73
35767890.58
33677647.71
32708935.34
31497019.42
70241586.15
30217549.69
20591350.72
32532177.61
80310345.81
144528691.34
71038890.64
75996752.66
32774506.69
31936434.42
80249743.37
69588271.11
143812650.22
82067696.63
20884019.68
27517527.56
30117307.68
32891413.63
80842974.08
29173027.25
69028193.41
33278070.28
82132922.42
70372011.87
70863550.14
69852277.3
32311471.19
25707795.78
80226200.11
22153635.01
38519336.37
32498466.53
81004104.09
34331484.85
20693234.62
68408861.21
82753954.72
70488075.37
34382501.18
26572891.7
26330257.08
34720279.04
34638764.76
70659496.16
20888866.81
19432064.37
81445828.84
145570693.59
39604748.97
81384973.03
33135899.88
68571842.89
31432533.77
34845506.49
71113534.7
32716543.3
72061362.19
79531577.9
20392096.95
144753170.42
76260812.28
80861480.03
32492510.96
37233232.65
69453720.86
30946689.2
31310533.79
31313020.38
34686559.6
79778321.78
30593200.8
26694317.47
71221362.08
39478298.39
70413538.72
33457985.1
76016444.85
20994872.07
80842468.42
69779974.49
19547130.21
30979725.88
32131587.81
77386918.86
27142599.03
81023302.91
75842242.83
145559338.54
72426408.57
70652553.29
79794883.55
32140269.19
19414036.64
20860356.18
32186379.14
34558884.87
19407386.45
71852443.71
80903418.07
27663644.51
20996760.06
32909115.88
70274330.48
145895081.63
72330520.0
70582191.85
34838380.21
32875335.68
70495644.28
71985176.71
75871334.24
70403332.5
76026464.05
30869145.77
70169325.0
81489611.31
38094181.16
26515694.81
81169611.6
32609474.95
70010576.25
29901122.53
146155695.97
33341191.94
145810533.44
25434245.66
33392873.73
20740936.38
20415333.94
29477663.17
69153474.79
145345628.39
32055373.16
19429401.86
20458648.98
29566618.74
145345900.42
25973855.67
70757958.44
145992587.29
144434019.38
26363355.95
70332065.89
79787016.2
31478472.58
36236119.74
36164315.57
79073432.31
37349551.89
20456123.88
35499487.91
70946465.83
144666399.09
75425780.98
31411358.3
25620112.19
20735977.01
28183279.46
32207643.71
76186031.77
20745290.04
25763333.18
30070496.16
80669817.84
19259454.11
80614658.58
31910206.9
20738524.67
39096447.72
76814051.19
70474460.86
69174361.82
69639197.62
19275637.29
20470012.02
80828309.39
33417403.18
145167443.03
39951075.08
81610348.14
78129773.95
29117447.15
33447621.88
28560392.8
71938846.68
70580319.33
80364822.01
31013841.57
19267408.67
145460637.94
30399902.28
20857043.65
32109654.8
32148064.43
21186352.37
22029003.16
36783859.22
33642770.67
33669459.54
31750002.85
70552400.09
29912305.24
20558829.47
32429334.06
79818781.32
145879970.88
70304418.54
76115501.39
33287763.98
31735623.08
79724065.85
69755137.43
144474401.96
80966833.35
20809392.76
27101006.12
30647106.01
33752315.49
81586617.56
30095814.71
69073122.77
32897354.25
81131573.49
69980846.64
70253324.24
70026148.38
32120139.18
26508773.19
81109340.27
22181145.54
37395061.0
32759459.07
81992254.57
34424756.91
20718554.13
69062227.2
81316725.6
71293548.1
33483273.27
26285515.63
26424614.2
33588620.83
33694969.03
70478181.99
20880260.03
19454352.32
81692514.48
144814335.44
40144829.67
80499348.3
33281811.0
68831791.39
31932852.84
34189725.32
69605621.66
32949887.33
71553209.94
80542169.32
20379251.44
145744078.04
76044281.97
80802844.51
33170902.11
36168557.01
70428220.81
30976243.11
32199806.55
30321631.88
34552414.75
80551157.36
30685273.13
26173831.82
70711170.66
40407845.4
70062127.69
33668822.56
75489750.03
21032811.92
80984644.2
70966751.97
19560093.56
30574972.89
31995458.98
77503209.54
27413884.07
80284574.55
75052129.54
145294769.6
71619097.64
69542774.51
80237517.52
31667543.22
19440040.81
20856059.24
31630374.05
34516713.57
19373294.33
71713089.12
81079363.82
27922956.13
21066627.38
32587895.14
70349791.93
145222215.58
71717951.36
70152402.04
34041041.46
32802590.52
70556705.93
72660144.46
76346501.08
71161826.55
75753077.42
30548405.4
70240687.43
81238559.01
37883589.45
27243228.82
80741391.47
32988210.56
71221075.79
29827139.62
145346774.49
33071333.11
144264188.06
25254906.15
33538069.6
20675015.72
20402352.82
29857274.22
69243308.92
144126831.86
32233770.46
19397578.58
20442472.8
29224561.86
143728543.13
26619609.26
70070107.49
144714220.45
145218274.49
26933592.29
70857445.57
80563923.38
31938270.37
37101801.7
37489347.82
79449751.44
37138098.03
20451511.85
35443030.5
71787055.15
145159961.1
75648284.84
31731109.77
24953007.19
20736036.39
27978972.2
32293429.84
77310359.4
20781949.83
26545504.16
29108888.86
80684021.95
19249072.57
81525737.64
32060037.08
20680605.34
38393185.89
75759569.8
70370795.82
68248058.74
69959594.46
19300440.8
20455300.25
80268464.07
33705905.05
144675037.35
40500080.38
81234267.15
77482723.1
29462926.8
33741406.8
28580005.89
71723633.45
70501864.97
80363442.88
30424809.95
19266566.79
144494384.53
30833987.85
20885076.83
32364108.53
32504569.89
21190745.95
22036023.63
36647704.87
33621860.84
32894870.49
31982568.92
70602512.18
30108390.05
20557721.51
32815024.69
80428329.04
144733370.71
70887073.93
76192101.55
33516041.98
31974539.47
79901314.57
71409609.2
144157519.81
81368212.31
20896956.75
27244780.57
31227009.2
33145969.51
80723756.74
29620464.67
68382669.27
33272986.02
81932852.46
70181035.38
70818805.29
70787852.28
32018035.17
26177306.78
81200471.45
22181883.68
37927543.57
32882447.37
80824734.22
34436860.22
20741600.76
68290536.16
81794703.78
69978164.95
33524458.18
26072215.8
26642769.23
33809792.94
34229406.73
69336480.37
20901961.24
19397319.19
81713238.34
145941611.63
39970751.44
81417259.2
33078202.41
68811688.44
32240742.36
33837504.67
70434944.1
32978967.52
71738193.21
80283995.02
20439143.97
144731788.08
75516691.43
81099394.01
32288800.39
36383258.03
70601005.04
31686532.02
32161834.77
30375966.75
34887324.44
80462600.77
30413254.78
26539319.26
71514081.45
40670013.88
70546936.97
33363971.51
75712928.32
21007864.3
80874015.54
70163762.95
19512328.51
31304447.39
32090464.96
76326122.85
26804748.85
80135827.57
75969178.74
144773427.73
72138445.61
70506305.03
79499411.44
31817198.76
19436246.44
20857668.6
32079751.41
34268017.0
19453826.54
72476406.81
80459087.73
27371403.1
21018557.74
32688887.2
70057758.66
144851998.73
72169972.12
69664446.17
34389989.44
32729728.4
70460528.83
72028736.18
76225230.66
70454374.75
76367946.97
30719733.34
70413683.85
81235222.55
39160068.81
27392859.87
80202022.63
32987911.76
69915601.53
30212370.88
145172684.31
33295169.29
144954114.67
24860190.94
32816780.97
20701625.56
20365041.85
29614050.76
69614985.4
145910441.05
31760837.95
19422539.37
20447984.04
29643238.32
144828232.08
26447966.39
71681235.48
145370514.16
145134430.31
26550584.21
70628949.01
79973093.08
32415007.98
36141139.07
36773170.11
81051246.11
36383492.49
20478585.57
36669425.83
72490818.38
144578553.02
76149286.93
31448761.93
25541131.38
20747458.94
28889701.39
32547011.64
75815886.77
20758022.14
26398646.24
29292146.38
79859809.96
19234531.17
80784271.63
32106154.62
20683252.9
38240626.81
75421244.66
69781795.54
68435749.84
70996668.31
19230315.0
20458832.86
80003647.88
33734088.27
145677885.01
40557092.22
81000746.24
76757384.56
29783396.74
33261496.62
28249808.28
71233733.12
70696758.42
80876805.94
30553174.47
19311507.87
145409778.12
30712280.69
20919077.66
31672416.72
32471204.67
21187241.11
22044400.95
35727520.35
34066860.9
32618375.56
31748527.4
70754893.56
29385658.74
20590873.95
32716755.22
81329726.46
143370005.34
69553908.54
76113160.28
32747339.66
32052768.88
79891543.75
70480637.81
143803724.9
81630361.98
20878129.28
27127330.13
30946901.96
32673227.89
81121797.58
29246074.27
68774148.36
33473794.55
81369197.88
71103555.61
70726861.74
69382457.69
32136881.67
25625571.03
80577634.47
22150598.36
37939799.73
32672900.94
81761438.98
34437096.08
20704134.72
68836476.73
81607431.77
70756723.86
33285684.01
26351693.69
26666712.74
34344388.35
34017649.35
70609381.62
20882330.98
19398229.41
81293731.02
145244206.82
40119679.21
81470207.74
32151998.57
68656446.41
31984754.39
34415639.75
70028013.1
32663861.25
72167070.99
81072030.88
20403823.9
144933208.4
77194105.05
82069610.87
32770572.15
36884792.76
70955204.39
31125460.64
32073154.04
30630823.62
35187859.38
79116694.05
30805691.01
26952783.98
71810886.92
39738939.86
70742616.21
33099308.2
76063798.87
21043016.26
81658228.15
70446049.45
19543470.38
30779931.45
31763596.75
76493803.28
26716885.48
81043076.44
76271087.24
145642249.84
72265272.38
70449626.05
79907766.92
32686521.35
19389419.32
20891692.6
31658801.03
34407599.6
19400875.98
72734329.66
81912449.0
28081797.85
21036315.79
32922161.67
70587117.54
146002740.02
72120153.01
70350501.04
34635314.29
32212545.29
70609892.83
71642561.75
76543529.07
69962827.54
75754352.84
30444983.69
70790667.75
80791641.4
38341935.25
27368992.0
79566517.19
31893235.44
71286127.46
29946557.55
145413171.81
33267626.5
144367697.74
25061802.57
33000212.15
20689380.09
20448620.69
29658801.34
69580967.27
145585062.87
31589329.98
19439746.74
20437290.97
28894228.16
145004652.79
26918449.33
70354334.0
145070616.75
145064896.24
26200176.71
70106768.68
80686913.6
32606473.84
36223146.4
37572696.23
81394546.56
37037779.35
20455602.37
36573144.77
72153919.82
144009838.58
76415756.86
31553579.38
25399720.92
20730205.88
28444829.84
31978780.36
76895552.77
20755933.62
26917945.41
28891801.1
80741256.27
19283217.39
80055426.6
32153941.73
20714766.86
38763479.86
75667088.92
69919079.3
69317848.09
69951876.73
19283997.81
20431414.54
80740152.43
33635258.44
145525303.94
40040500.27
81252628.96
76750291.19
29722999.17
34045771.7
28487723.46
72395462.37
70460476.99
79696971.37
30318609.05
19229676.47
144986632.13
30428631.82
20914486.02
31972688.02
32455102.51
21163024.09
21999301.96
36482909.03
34030341.28
33143428.0
31404441.35
70042034.71
29796179.87
20565136.13
32173345.85
80189262.61
146510586.96
70764020.34
76008692.23
32526438.25
32193543.33
80102183.06
69515624.84
146028386.47
81725767.72
20883646.27
27517812.77
30622217.54
32853174.31
82045889.33
29942927.29
69133379.58
33042383.47
80980618.03
70642781.8
71096935.65
70921391.91
32094870.27
26954740.11
80784584.75
22128277.31
37725335.08
32688951.44
82021947.2
35050251.71
20737543.14
69468394.66
82060535.55
71218734.56
33641395.27
26192283.88
26540703.43
33948744.4
34017284.58
70570455.68
20870454.77
19369737.16
81890090.75
145086244.53
39955803.18
81523074.0
32491546.47
70122388.54
31764700.23
34563977.86
71056138.5
33020741.38
71782316.02
80784092.4
20409285.92
144502843.36
76296459.04
81372503.8
32194986.6
36078043.25
70549461.96
30841567.97
32636500.52
30752687.4
33758680.09
79696237.85
31256744.52
26279326.21
71076836.69
40004959.01
71080996.19
33478083.57
76726680.84
21005125.06
80590898.82
70196219.39
19516181.13
31235389.1
31240320.7
76886254.03
26482852.07
80978619.91
75464630.63
143877398.32
72298430.96
70427579.11
80143594.65
32273758.61
19440100.8
20872671.98
31875109.83
34138604.05
19390676.86
71510488.59
80852240.39
27996386.85
21004781.44
33110988.76
71076070.39
143999921.83
71129465.75
70344371.04
34828950.7
32999370.08
69700378.76
72835208.12
76474811.71
70576596.91
76160154.95
31183545.18
70844703.05
80851353.17
37970450.43
26904041.04
80266647.15
32126603.12
71069374.86
30236913.86
146126406.3
33279713.06
145650334.85
25850635.41
32590298.47
20712159.7
20446242.18
29732610.41
69393753.44
144338574.8
31820033.02
19428174.08
20429818.85
30214225.12
145870408.85
26686151.73
71207683.81
144034643.77
146728660.5
26116735.62
70681377.24
79762974.2
32046356.62
35784820.63
36885975.98
79783038.99
36911877.22
20466689.95
35856384.85
71610782.05
144349893.91
77212539.96
32329437.62
25093152.79
20739703.24
28308278.88
32421616.13
76547118.18
20769058.13
26615521.44
29424276.23
80681953.09
19320940.67
79627536.05
31983748.13
20706587.0
39424648.88
75868006.58
69772798.62
67760183.59
70802691.56
19269181.48
20445816.44
80830062.24
33794082.15
145616841.18
40572362.69
81964405.44
76486732.74
30030818.66
33421627.46
27748557.68
72300806.47
70094683.74
80904403.07
29847287.68
19221215.42
144457274.56
30226972.23
20868680.38
32261654.19
32702885.41
21156105.68
22043020.56
36491598.12
33468512.75
32831546.25
31181255.13
70428367.62
30025476.78
20576680.17
32316957.57
79781029.3
144767505.3
70661253.5
75836681.88
32539734.01
32490170.98
80279580.68
70703765.32
144639382.97
81007782.04
20805901.64
27118652.05
30956244.06
32874543.22
82184150.21
29692140.29
68592405.29
33491026.95
81432344.11
70660512.31
71160633.43
71172678.2
31738139.64
25847522.59
79543650.75
22132846.45
37561903.29
33070711.73
81874701.7
35307667.19
20694559.51
69271154.46
82569732.0
70903848.77
33723112.97
26178427.85
25969271.83
34445943.78
34395892.87
69606822.81
20832916.54
19423952.48
81514107.8
144339810.43
39480227.92
79976315.4
32519566.17
69417121.93
31585480.67
34848217.84
70260970.62
32426095.03
71831115.17
80994716.83
20433445.2
145699886.01
75464234.94
81252780.67
32784936.97
35950871.82
69623773.31
31581737.61
32160707.01
30691015.35
34040937.64
80618280.21
30631136.74
26579214.45
71092981.2
40623260.25
71080642.87
32918841.67
76182990.44
21030824.23
82037870.79
70843466.79
19508930.49
30550898.83
32180357.61
77793332.22
26408388.3
80446290.95
75949688.92
145978172.78
72972330.05
71214121.54
80260650.39
32065061.73
19446475.59
20828305.28
31537154.6
34627060.09
19413959.56
71519130.8
81125466.3
27938205.25
21021775.67
32903845.09
71743011.64
144061603.29
71313149.28
71160673.35
34794813.73
33133898.89
70081953.79
71430672.74
75861587.78
70813564.91
76412235.5
30945386.67
70388989.34
80813903.75
38475990.68
26985256.58
79687345.73
32752044.14
70693998.69
29322872.89
145290915.31
33834126.24
145567287.82
25619656.86
32780652.19
20698156.74
20389258.11
29412246.45
69240625.36
145214048.5
31650955.46
19345772.4
20460887.45
29641327.02
144733782.95
26874682.34
70183388.7
144976955.01
143499329.59
26183553.63
70156843.41
80200856.29
31710164.63
36038432.73
36884432.73
80235225.18
37460784.72
20422852.78
36210706.05
71452522.13
144333789.26
76736344.07
31753387.11
24739297.56
20755326.29
28459062.38
32179656.6
75148387.81
20770710.41
27192205.44
29175094.81
80781135.3
19260975.41
80579717.03
32300829.41
20698733.97
38630368.28
75416109.18
69869186.8
68855239.53
70146175.39
19280499.99
20417977.67
80899182.08
33071772.83
144457427.74
39526976.87
81022486.51
76831384.17
29806400.27
33793934.83
28803007.28
72339572.85
70564080.88
80719962.29
30922289.23
19272664.94
144497212.12
30922421.87
20865319.43
31360864.62
32583246.41
21185883.11
22042268.02
36915882.77
33285282.13
32357728.97
31367694.44
69500827.19
29927781.29
20596853.17
32599809.48
81438123.88
144967993.22
70001899.1
77005205.79
33712269.83
32137049.57
81226547.85
71284507.67
144087218.93
81219702.13
20819054.03
27890817.89
30537329.21
33216049.45
82186562.67
28931652.6
68989815.43
33902954.19
82177122.43
70233368.4
69995270.1
70094901.49
32128504.23
26146206.5
80334400.23
22112081.22
38349805.23
32711195.96
81246496.74
35270608.29
20679323.08
69767083.08
82181683.69
70536405.19
33625255.88
26359228.36
26649589.96
34077871.68
34430754.76
70068154.27
20841700.04
19450424.97
81053338.07
145481901.35
40825913.33
80743411.55
33265054.35
68718278.49
31508340.02
34850877.43
70189531.62
32454277.88
71581361.03
79993863.75
20395151.6
144367825.8
75718164.94
80637909.81
32921173.44
36484869.0
70670416.44
31373215.18
31588812.9
29844208.99
34924653.45
79521192.19
30466692.52
26561323.32
72200206.2
40580483.73
70460489.78
33316005.05
75994802.44
21003447.79
79918791.62
70513079.76
19503948.29
31684698.7
31327597.95
77421297.94
26470984.61
79958154.02
76167679.4
145541194.22
72737010.87
71466352.0
80127211.06
32192728.62
19467157.89
20886798.69
32684602.73
34553333.8
19446529.15
71766500.81
80693758.77
27116194.33
21041231.16
32984861.59
71081660.78
144946144.8
71449367.64
69797023.74
33973409.39
32702331.9
70826023.2
72131339.98
76415122.99
69946219.31
76929914.54
31297781.07
70376469.88
82089379.85
38911047.74
26733988.13
80635382.82
32361511.57
70299945.54
29754976.58
144700279.74
33417774.31
145179653.51
25301906.96
33020742.12
20701544.05
20444989.53
29651436.99
68526902.28
144187328.61
32562216.42
19433882.14
20467580.83
29899269.91
144471436.68
26273654.73
70180045.04
145913314.36
145009720.17
26159602.67
71326891.8
80541655.38
31628741.66
36202975.65
38018945.03
80584443.64
36643908.72
20402872.96
36322081.28
72242327.11
143995251.12
76411221.04
31549613.12
25234589.38
20708839.37
28946900.55
31844614.59
76999483.12
20791795.18
26457300.23
29544006.7
81741279.98
19276163.47
80677940.79
32199215.94
20690916.03
38852931.74
76003780.26
69956879.12
68799674.05
69906578.53
19270789.14
20434398.47
81366229.43
33864864.11
145422130.74
40796638.71
82407429.53
77418526.54
29933052.13
33430081.83
28466092.33
72254869.89
70665088.73
80283166.63
31092424.17
19264593.98
144911272.09
30370952.27
20823097.07
32083159.43
32509544.91
21168542.11
22013365.2
36391384.57
33835294.8
32610353.19
31504639.57
70972222.82
30392601.03
20623459.25
32693901.38
79513334.24
145320997.21
69741201.73
76037978.56
33397071.92
32028708.11
80694816.97
70430062.1
144331877.61
81830851.29
20850082.16
27199864.68
30838129.26
32359419.24
80802067.95
29400066.42
69384491.86
33333694.25
81532821.53
70554621.78
70360743.64
70201661.14
32207612.8
25702189.84
79560315.72
22158470.65
38281594.54
33143505.89
80964019.42
34443985.59
20698631.04
68435202.68
81828993.47
71257085.77
33494128.39
26319116.4
25976887.83
34535372.11
34778356.15
69670728.08
20842525.41
19399326.19
81752908.58
144981434.96
40862458.49
80882336.56
32799600.51
70159615.78
32038281.81
34675846.09
71025867.16
33187105.3
72460657.2
80025093.31
20430410.57
144917598.38
76170873.96
81182262.24
32942677.05
36144488.45
70108540.15
30929726.66
32714414.79
30934755.81
34579117.13
80170503.73
30692970.19
26573198.02
70346415.16
40462949.55
70439987.83
33720380.4
76362550.85
20977096.16
79811943.44
70637892.91
19558055.57
30729834.57
31735202.0
76941491.6
26519858.66
80660131.77
76069103.19
145121845.26
72633518.16
70984022.93
79973517.02
32584933.19
19389830.56
20881835.26
31918261.71
34152517.54
19400707.79
71399793.13
81315592.58
27740343.99
21048348.33
33618231.83
70313542.26
145412679.2
70401414.44
70342794.96
33973592.94
33093689.62
70031728.59
71610791.9
76664187.69
70512550.88
75640497.55
30452700.59
70292411.14
81070820.04
38803498.07
27064899.53
79854876.86
32612356.22
70189563.32
30697909.03
145705585.9
33648331.46
145831900.11
25225930.11
32789975.03
20665062.84
20377383.31
29622850.66
68955718.95
144647928.11
31782695.83
19449537.67
20397057.54
29684598.11
145423745.84
26758465.49
70154444.15
145665482.47
145267558.84
26353708.79
69916250.17
80209859.74
31978578.87
35803838.23
37657685.0
80778386.94
36811392.74
20485927.64
36069711.54
71987987.93
145236542.19
76379332.11
32015743.02
25586801.95
20773016.01
28587047.87
31667466.07
76377880.56
20778682.93
26457162.16
29815497.63
79521241.15
19275694.91
80122431.54
31724783.27
20717124.82
38517794.99
76123520.61
70497906.17
69430590.88
70643307.97
19282461.11
20470075.72
81111480.18
33399544.2
144125329.71
40273611.29
81694742.28
77071939.73
29557011.68
33468978.38
28014754.03
71542285.23
70777890.98
80526037.38
30188068.97
19299977.21
145377447.09
31220064.44
20923573.49
31733188.84
32653265.79
21209941.38
21978610.79
35843336.75
33752602.54
32824229.16
31305896.22
71015747.0
29947938.55
20552579.67
32554541.55
80445413.09
144230969.52
70708500.49
75230662.1
32966419.91
31641582.6
79972851.11
69625198.43
144353279.92
81398465.77
20828139.09
27629951.13
30770189.03
32679313.01
82328950.91
29075066.03
68627618.19
33374138.68
81201483.52
70559125.45
70267614.42
70559854.95
31975355.84
25728157.36
80991345.13
22162928.58
37203211.62
32104448.31
81551681.42
34743899.54
20713352.66
68430674.44
81743385.7
70609209.33
33937271.75
25899308.86
26405572.11
33934040.06
34219019.11
70718903.16
20904561.64
19430502.07
80794755.0
143764555.7
39647353.61
80595659.89
33439775.03
69384661.27
31653142.64
34203175.1
70616592.15
33240520.9
71167308.7
78899204.34
20411375.56
144791577.83
76016440.57
81243461.28
33386354.72
36112018.99
70880684.7
31463492.87
32253752.18
30713190.24
34024267.18
80258733.96
30515339.82
26382486.02
70884067.13
39811728.95
70355867.6
33638572.49
75345052.36
21038222.25
80470539.03
71253311.74
19470311.99
30696801.24
31189496.91
76511407.67
26972255.17
80902087.8
76184562.94
144533155.04
71912110.89
70770407.77
80150862.52
32059389.63
19409603.28
20854607.88
31433529.23
34391842.22
19413839.31
72143995.21
80972154.72
28072054.93
21034055.01
32545054.86
70207846.74
143827545.01
70859845.73
71076845.71
34262234.21
32275304.93
69615911.37
72420823.7
75743048.11
70142031.23
75944033.35
31173479.39
70939269.4
81630285.13
38151864.49
27384522.09
80775869.14
32451179.89
70612169.93
29911667.4
145478541.86
33493269.3
144229027.39
24970004.3
33119785.49
20674465.13
20403998.81
29812289.5
69078542.49
144955281.59
31757632.68
19433228.01
20480300.64
29522726.56
144784229.93
27218776.0
70578540.88
145071866.82
144963701.88
26887652.72
70376831.68
80383718.53
31802384.9
36085752.78
37159442.59
80106745.15
36489874.26
20449912.08
35900462.2
71658031.54
144867058.43
77022478.78
31285776.19
23961181.01
20784969.35
28368916.04
32513660.05
76674997.36
20762429.19
26628091.93
29539416.55
79839522.85
19279809.36
80329131.66
32142786.02
20694140.2
39306739.76
76248032.35
70343924.62
69196045.73
70783186.7
19318949.91
20433346.86
81064878.2
33567669.39
145834488.22
39719607.85
81055532.79
76938310.93
29423659.04
33334879.28
27902035.01
72003066.37
70116762.41
80798848.7
30342715.29
19267112.65
143563128.39
30378005.99
20897393.12
31785539.97
32436353.4
21223843.07
22006454.76
35721268.23
33730975.88
32981101.94
31616735.74
70991900.97
30041439.79
20562230.09
32268926.53
79951858.6
144449662.11
70290084.58
76308515.72
33194216.1
32350448.55
80640430.73
70836759.09
144440092.31
81604771.78
20906195.18
27346407.42
31255784.82
32424757.27
81394505.85
29191105.6
69365714.44
32703346.0
81695884.54
70376268.85
70245932.61
70130959.67
31811294.69
26346070.11
79984661.86
22132115.47
37116378.42
33489895.76
80255698.91
34688670.1
20704829.86
68786073.45
82774742.91
71045403.99
34005734.17
26444987.89
26425967.27
34268643.74
34239810.04
69641831.17
20868045.87
19425737.43
81325958.91
144391762.78
39721206.88
82111463.0
32511879.4
69422150.93
32070917.76
34734068.57
70221512.0
32851313.38
71793352.39
80571924.87
20398559.63
146105091.59
76190754.81
81088987.09
32377512.14
36025053.18
70675501.75
31661297.45
31416876.48
30257406.43
33462308.95
80489368.0
30258704.49
26490261.74
70667771.34
39868897.4
70313059.45
33250358.08
75625730.12
21052239.07
80499103.56
69490819.3
19491899.02
30981996.04
31574454.71
77604839.34
26920846.21
80065890.2
76628282.99
144925409.34
72542602.4
70100073.71
80923047.0
32430681.63
19459894.74
20887138.03
31657867.17
34606037.92
19407563.92
72168720.8
82024477.06
28072979.01
21010500.58
32656069.71
70531685.8
145497042.32
72195380.88
69999970.76
34515887.78
34424179.34
70175396.93
73167593.92
76160328.96
70990918.0
75718890.55
30784741.88
70703953.55
81994433.45
38467728.76
27277803.04
80717694.19
32584128.46
71423637.56
29986631.68
145491903.32
32926324.39
146291324.28
25445732.32
33446583.25
20721523.18
20404209.46
29638129.34
68006095.23
145141456.86
31375163.3
19417704.06
20439613.45
29546761.43
143160628.77
26013088.25
70685428.98
144354669.02
144955462.21
25960756.28
70624601.59
79854874.13
31539647.54
36427783.95
37199533.22
80021549.44
37286520.25
20457299.95
35529394.99
72105151.55
145125002.86
76004030.15
31559239.64
24830699.28
20746380.15
28810777.96
32364514.55
75581007.79
20766481.96
26571465.95
29141496.75
80641694.3
19294134.26
80328768.97
32216029.9
20714255.1
39286517.37
75584929.95
70575214.27
68840813.93
70079788.97
19265870.2
20448804.46
80479396.96
33444741.97
144420474.15
39786507.9
80913827.76
75468711.94
29750605.02
32963776.52
29092900.71
72863288.4
70988754.91
79540491.99
30451206.09
19271869.35
144862014.65
30298539.72
20877946.17
32025523.53
31873747.84
21169684.29
22004261.44
35658750.0
33779144.0
32638265.15
31552478.01
70426930.78
29325459.78
20571708.35
32470430.13
79623342.5
145265254.34
70263211.1
76586637.85
32573198.17
32301128.61
79975694.86
69803085.65
144928160.33
80971068.92
20844575.65
27624488.31
31337603.02
33047968.62
80416342.17
29533256.23
68559128.9
32471443.84
80887154.0
70666194.9
71415194.45
69488298.91
31496435.99
26321486.02
80026133.74
22146533.13
37599165.76
32973777.29
81726003.62
34621280.85
20730718.9
69303696.98
80636480.51
70109941.49
34205309.51
26834021.84
25840800.22
33615844.63
34274665.54
71073699.48
20854180.86
19419043.78
80870950.66
144369371.83
40021278.77
81417420.73
32909635.64
69441141.26
32148804.7
34824718.24
70470293.03
33209029.1
70438593.62
80320350.53
20361494.75
145811841.39
75394816.02
81169677.83
33002965.35
36282803.44
70529464.57
31075045.85
32611127.28
30684221.31
34597272.03
81005712.24
31007099.95
26586878.97
70957171.12
40618244.22
70960422.78
33607168.52
76386997.27
21013743.81
79689645.0
71224286.9
19544853.2
31004003.9
31739069.39
76856853.17
26540382.34
80360839.61
75383712.34
145039146.61
71633975.87
70595779.51
79475104.78
32197036.58
19409909.2
20827785.74
31483406.69
33945842.85
19391669.23
72271004.67
82157142.95
27535027.39
21004557.73
33195314.93
71225822.61
144285913.23
72284125.88
70185260.07
34052160.54
32871316.68
69640282.32
72519949.84
77152273.51
70182448.12
76594063.78
30760484.03
70513189.39
81086891.36
38356728.31
26904013.56
80770287.39
32903058.44
70862252.41
29527861.37
144211451.0
32846715.07
144134424.72
25226535.52
32902946.53
20716980.68
20407701.04
29501867.26
69594771.2
145819670.04
32191303.29
19391707.98
20486366.2
30062495.49
143989368.37
26236436.88
70636600.19
145415286.57
144356786.52
27081062.15
70463328.88
80555498.21
32136597.92
36106237.62
36815691.39
81467336.63
36423015.52
20431310.19
35467986.29
71912291.09
144843337.96
76112202.01
31640135.14
25273561.71
20761297.94
28750152.77
32362393.07
76776097.09
20776051.47
26566982.45
29300694.86
79877341.61
19250127.01
80091759.14
31948751.09
20676285.18
39241546.95
75333781.86
70356199.7
68505615.63
70444475.31
19260009.3
20442680.35
79518959.27
33444797.09
145619729.19
40072079.81
82109622.46
77402466.98
29662764.04
33403295.16
28844850.82
72035730.75
70528959.35
81512493.38
31142665.5
19261092.96
144746806.98
30689616.63
20885826.46
31786033.84
32703575.33
21146841.98
22007249.94
36064586.85
32672183.09
32165558.44
31824628.48
69678304.38
29694824.67
20542134.6
32151709.74
80027696.26
146546844.98
70725008.58
75999839.73
33452837.69
32308318.31
80976753.02
70019227.35
145026374.84
81618780.0
20823070.8
27106155.89
30658105.87
33760913.82
81302539.88
29024066.62
68580959.96
33730468.85
81679352.75
70620686.51
70279670.83
69949778.77
32112732.21
26516778.99
79739151.7
22159484.86
37896575.97
32617206.5
81737658.38
35577412.69
20724445.35
68880994.56
81576739.34
70189631.13
33166568.71
26273811.78
26062923.41
34779385.07
34055130.3
70220549.29
20857307.31
19427685.06
80567705.41
143926320.65
40054499.03
81994462.76
32578370.23
69080351.93
32212078.63
34412797.69
70168963.3
33070259.62
72016007.49
79299570.7
20417840.29
143774066.07
75890043.42
80794194.0
32052185.93
35576163.02
71036521.71
31505854.88
32123769.61
30518204.44
34064812.23
80797138.18
31169727.36
26661370.01
70775346.41
40061664.45
70758001.53
33568265.35
76794327.71
21007146.38
80626902.15
70784073.74
19551407.26
31205137.75
32042032.94
76500013.12
26791330.74
80246570.78
75135187.38
143665918.39
72321889.68
70335609.39
79920958.41
32070617.18
19397993.34
20826220.4
31648390.8
33767189.26
19418172.01
70825874.82
81322861.82
27628793.52
21002194.27
32646829.38
71144598.72
144795507.34
71994869.41
71121662.72
34068251.96
33544793.87
70287905.81
72198856.58
75570084.76
70709074.21
75654790.31
30602048.99
70961174.15
81443361.64
37877427.78
27431878.97
80700756.39
32872315.1
70690280.3
29808505.63
146124437.89
33637664.8
144327474.88
25031413.65
32701006.39
20667777.23
20409811.88
29053676.5
68339192.36
146190277.79
31413324.25
19447366.73
20422383.51
29579478.44
144451366.11
26181537.73
71054838.34
145738771.82
145123478.9
26500055.01
69854060.08
80552347.49
31858749.46
35882075.37
37089709.28
80663922.03
37552812.18
20456337.64
35668744.11
71211024.94
144836232.1
76111219.52
32057662.44
25259919.23
20746950.16
27896552.66
32519379.46
75918769.45
20792638.89
26651098.69
29640904.72
80485740.74
19282851.77
80892793.2
31862423.89
20690500.91
38696945.02
76154301.91
70078832.95
68249748.98
70592765.9
19234924.11
20460477.88
81188821.03
33217674.23
144571934.07
39996068.57
80900045.04
77084508.02
29303194.94
33645660.59
28657489.68
72694680.78
69895901.45
80469790.37
30356281.49
19266663.45
146090831.16
30293544.17
20873399.92
32296389.76
32162692.29
21158903.43
22058787.66
35127912.45
33382410.17
32957045.51
31540279.7
70138475.64
29354079.63
20603714.0
32713510.48
80322002.78
145523963.81
70795154.57
75739269.85
33054302.69
31798490.59
80979919.34
70515044.05
144506840.15
81052302.93
20852653.98
26536600.02
30872817.21
33407423.44
82092777.62
29180375.8
69476547.84
32899243.14
80912719.96
70982510.52
70776888.41
70411919.29
31624803.27
26063436.18
80827412.65
22133367.63
37699822.86
32677857.63
80991211.14
34505998.55
20712122.81
68829157.05
81011168.01
69806039.68
33399004.71
26408630.06
25790859.22
34094952.78
34106330.06
70026923.62
20894184.13
19423351.81
80728295.75
144883395.26
39897161.83
81103580.54
33173325.19
68949975.36
31840806.07
34626045.31
70015656.66
32850669.23
72327485.45
80834126.46
20373559.89
145985092.98
75882846.2
81977366.82
33043667.93
35707960.01
69872952.75
30815259.51
31978658.95
30547354.06
33903617.56
80717464.59
31668711.26
26604743.74
70587402.66
40678777.66
71170503.77
33863404.03
77037573.7
21022839.84
79915705.3
69876816.65
19528433.03
31052349.19
32507326.17
77256059.8
26146732.01
81023406.12
75786530.31
144700195.42
71574382.53
71460171.13
79604839.54
31999525.22
19412934.58
20864735.59
32904855.88
33661954.64
19413135.41
71027617.06
81875145.19
28046410.12
20994680.58
32782909.15
70087674.59
145563370.82
71503420.16
70583488.73
34208061.93
32326842.56
70230653.13
71485273.26
76332454.07
71101031.67
76023428.37
30885362.75
69775361.94
81281202.96
38675480.81
27183369.39
79810391.32
32269172.12
70507600.59
30074404.49
145214877.05
33658830.05
144615315.96
24462061.83
33113411.0
20693671.77
20386533.38
29384097.37
69163344.23
144643770.49
31942659.66
19428363.24
20427335.57
29390013.97
146486876.8
26438330.94
70089071.65
145960583.89
144879964.1
26552567.84
70491035.52
80464273.0
31790298.27
35684716.25
37187501.55
81362880.55
37218758.46
20429701.98
36215722.79
70801009.08
145996003.9
75971614.16
32072136.22
24938242.01
20713886.16
28347620.57
31959492.57
76076771.41
20760630.5
26564720.44
29686811.06
80126454.22
19260588.6
80992012.65
32333144.65
20692608.33
38876306.23
76322349.48
70409084.81
69346056.98
69647793.03
19241739.01
20440370.63
80896578.43
33296645.25
144386453.3
39416615.29
81231742.57
77116016.63
29648714.74
33422591.66
28767335.81
71864558.2
70310164.5
80398714.72
30354015.13
19286393.39
144452934.95
30751166.19
20901390.17
32003088.35
32544149.9
21152174.68
22051018.38
36062597.87
33149259.5
32239758.07
31439836.64
69752211.04
30354552.4
20609118.7
32336145.41
79911365.97
145621234.28
70342959.73
76203410.74
32911702.2
32302689.45
80669798.62
70767306.98
145787347.25
80879618.49
20885286.89
27369325.94
30876531.75
32946535.75
81558460.25
29727072.02
68673868.74
33228639.25
80702515.95
70002987.2
70522255.63
71936924.61
32182051.87
25789763.09
80208049.34
22171422.04
36939517.41
32575442.82
80532322.08
34585755.99
20664211.71
68762979.34
81531644.5
69930209.43
33264007.5
26246030.86
26049932.05
33573712.6
34008774.06
69796259.75
20874214.64
19412179.55
81189132.69
143988435.06
40265908.25
80822607.27
32890704.73
68519740.72
31866401.02
34354098.8
71758788.66
33373736.58
71632157.3
80290586.0
20406103.17
144157774.45
75799940.4
80899044.96
32604566.0
35589043.41
71041856.14
31325651.22
31980590.38
30233074.35
34871173.68
79665561.71
30934421.55
26227339.33
70234764.61
40298106.06
70532279.2
32952963.74
75829943.66
21026530.82
80818896.13
71068098.77
19513888.25
31070895.09
32309381.03
77688533.01
26528985.21
80845158.51
76000166.86
144563251.09
72415537.73
70039770.28
80227079.73
32225129.83
19428496.0
20908204.63
31765297.13
33914724.57
19410451.54
72113164.21
82149350.38
28226311.89
21016092.56
32476093.95
70630916.72
145092589.98
72184897.66
69866605.48
34561147.06
32617224.91
71307977.18
72284283.82
76138699.27
70082892.05
75916455.41
30439037.18
70888516.34
81081922.09
38469978.32
26817400.08
80633158.56
33028467.44
71587987.07
30407188.69
145214270.46
33357579.43
145233581.55
25191315.77
33096132.48
20731549.99
20419711.25
29772369.27
69622699.88
144160925.63
31493862.24
19454600.89
20481032.33
29431576.75
143194224.93
26986197.82
71036043.85
145242188.41
144883921.66
26406060.53
69675831.36
80546037.06
31964246.19
35471163.87
37095492.66
80334816.94
37634505.48
20435535.86
36773740.75
72044144.71
145733188.14
76387980.47
32057709.46
24855859.0
20741836.98
28431222.53
32510907.22
75775391.65
20715798.15
26501225.84
30439321.76
80743029.12
19255087.52
79608725.07
31860744.14
20679894.76
39186527.83
76267842.63
69806604.47
69049967.19
70547174.1
19293887.94
20419981.79
79996325.84
32403621.43
144279617.55
40970529.71
80939806.26
77358694.91
29617968.65
33723908.2
28508695.91
72233359.24
70489535.0
80784894.31
30353640.41
19279918.15
145401443.3
30967361.21
20878882.11
32270781.24
32517416.19
21220203.61
21970152.29
36064988.59
33300183.63
32624593.9
31368138.71
70170092.3
30023016.16
20570416.11
32051756.24
79475380.39
145434163.48
70771419.35
74796678.17
32899569.25
31254545.32
81044875.82
71257984.56
145191648.91
82039498.23
20866087.11
27959238.82
31105811.63
32425626.19
82324721.49
29555598.87
68401004.65
33327720.63
80759054.8
69893713.75
70181393.54
70152844.33
31695704.39
26303471.92
79471244.82
22178011.77
37463531.19
32934631.74
81664183.59
34478051.75
20709134.68
69102699.26
82438321.46
70726489.25
33426789.8
26204742.75
26505418.41
33927129.42
34177500.8
70166574.09
20823036.83
19423239.8
81407046.69
144673331.74
40953063.38
81070578.38
33305758.43
68971782.34
31606206.73
34642032.5
70270560.21
32319558.18
71800099.88
79835580.56
20416953.54
145695853.2
75865481.51
82038062.45
32308244.49
37336084.74
70551795.07
31189751.82
32296984.17
31185918.22
34403959.76
80578335.91
31518774.84
26410664.03
70968755.51
40129114.06
69862913.89
34537806.58
75419051.77
21004728.49
80611574.39
70456143.13
19521323.82
30753867.2
31419779.97
76916904.92
26852260.48
80523286.97
76090247.03
144804603.89
72727859.0
70894642.98
79793649.66
32069450.99
19407229.56
20837772.35
32574416.95
34313870.62
19416283.91
71623020.58
81232347.14
28328140.54
21023192.18
32948867.64
70357680.74
144378167.21
71595749.13
69905027.44
34871890.47
32617638.39
71239420.57
70999307.84
76430504.93
70718373.51
76371022.84
31352835.5
70704321.15
82155950.07
38029941.33
26786268.36
80486557.77
32491336.53
70768946.98
30015942.76
144451567.02
33854961.82
144658897.75
25173289.14
32811287.69
20693334.83
20404532.96
29084182.87
68971890.79
144438097.61
32060824.03
19393938.44
20478033.87
29902149.99
144286303.48
27281407.64
69732024.72
144551964.08
145682430.82
25961412.2
69990945.59
80515526.51
31883517.37
36015231.23
36613498.4
80624370.93
36831553.41
20454293.9
35762440.47
72472792.08
144942502.58
76748388.98
31686440.39
25525766.57
20748043.87
28398315.82
32665941.59
75128116.48
20775706.92
26793006.39
29611373.11
80115725.62
19256360.38
81056735.77
32060003.11
20710951.07
39422809.26
75896918.37
71121623.79
69174163.91
70259392.84
19302648.6
20448330.12
80403365.97
34071000.8
145159582.94
40124448.48
80958688.74
77698015.58
29816353.65
33675655.18
28336379.72
72567355.76
70459970.71
81356208.22
30856975.58
19270802.28
144796308.43
31208965.68
20861950.85
32973634.82
32900616.57
21174650.67
22018192.99
35880553.72
33486659.81
33133969.11
31692906.9
69438019.28
29846627.63
20539787.02
32278205.12
80206219.55
146238758.22
71150004.65
76306920.73
33075120.21
31830705.51
80097962.43
70235236.55
145266036.06
80855320.89
20853280.65
26962317.76
30410995.25
33138470.54
81707593.62
29169653.37
68726095.88
32861641.34
81461767.78
70132151.08
70879979.0
70626853.29
31616315.79
26018727.18
80497388.92
22128674.21
37522772.78
33019001.12
81287939.59
34644027.21
20709333.85
68892914.69
81057065.66
71204492.05
34036039.64
26402545.24
26256331.24
34085574.98
34304960.76
70318197.93
20839270.52
19403732.48
81631709.12
144599017.92
39849222.81
82083391.15
32951831.49
69023083.59
30964175.36
34296491.3
70052262.72
33402517.17
71537656.14
80181024.46
20414207.44
144303085.52
75789113.73
81534427.73
32244189.46
35842831.1
69639800.56
31104903.06
32124224.93
30819232.86
34015823.84
81521507.73
30185293.14
26166844.21
71215594.64
40279698.41
71608810.45
33621430.15
75158056.19
21012394.04
80150482.69
70616530.55
19548418.15
30927814.53
32008598.49
77355328.92
26683951.59
80433665.97
75651376.84
144472379.25
73054168.98
71708627.91
79411370.52
32564609.51
19432228.58
20844879.66
32199784.21
34215360.12
19415454.09
71569860.68
80647969.23
27488039.95
21049010.73
33262281.69
70691494.54
144793597.41
71365484.79
70477066.61
34619539.47
32879147.57
70663675.03
71985734.41
75653572.63
69582185.63
76963485.5
30526909.43
71025742.43
81664865.91
38603985.87
27532051.98
81175988.52
32383887.57
70332350.59
30300750.06
146109533.87
33578091.6
144385544.04
24792759.01
33159095.39
20725588.24
20415841.45
29541473.21
69025034.91
145003003.03
31289444.56
19435921.69
20450964.0
30158316.29
144528832.74
26984269.18
69838728.4
145195050.85
145241004.33
26562482.08
69946438.2
80932339.02
32100801.79
36317139.21
37370778.98
81189203.54
37195550.77
20429362.8
36353767.07
72451243.95
144948882.97
76352634.64
32348186.26
25464997.19
20748947.72
28608919.92
32791036.13
76257605.62
20730709.88
26777808.83
29365743.41
78969220.1
19274377.99
80056793.71
32434929.84
20697684.77
39340684.35
75853073.34
71355996.74
68583970.63
70265969.78
19274548.02
20445710.46
80973609.87
33066107.16
144789356.3
39356004.4
81374050.27
77218903.84
30035593.25
34053867.02
28276146.15
72546779.27
70829901.52
79863242.02
30689020.21
19247952.26
145395185.91
30735430.15
20852328.83
32114273.77
33183623.53
21212223.53
22062689.83
36540362.27
34478913.84
32815008.06
31379604.0
69706065.58
30044163.99
20596698.97
32107635.54
81104837.89
144854868.72
70367560.54
76060359.94
33018949.49
32264277.07
80209364.55
69975549.18
145005896.71
81664649.55
20850278.25
27326640.82
30977990.07
33466251.75
81343237.01
29038831.72
68060352.24
32956246.84
81811643.04
70711355.74
70700826.11
70235495.76
31646924.15
26326024.71
79841846.59
22141093.99
37832061.18
33306398.33
81071605.17
34911879.94
20685690.73
68874357.41
81642481.25
70584272.66
33691540.33
26444657.41
26173633.48
33867093.51
34136065.98
70858627.72
20819391.62
19391148.74
81430855.78
144627208.34
40376416.93
81093764.98
33087794.54
69793273.68
32005312.39
34471943.68
70598066.04
33031214.3
72508447.17
79943837.55
20395976.6
144967256.39
76438827.97
81303976.98
32194174.79
35685152.57
70959981.42
31278714.56
32734641.62
30517512.34
33932254.65
80958983.63
30893606.65
26832661.77
70800238.59
39954001.74
70136778.09
33188672.46
76200051.47
20992930.92
79683161.99
70431455.38
19503633.23
31051493.97
30945318.76
76819494.9
26812562.79
79937882.66
76259594.78
143912416.6
72314474.06
70582909.8
80254641.71
31470076.22
19428889.85
20849188.33
31248974.58
34571162.73
19401947.06
71712944.07
81215258.21
27140362.78
21016637.6
32957158.84
70835267.79
144916960.42
71387625.45
70282186.86
35048430.31
33259510.55
70455117.99
71615240.05
77033574.94
71173855.23
77510575.67
30944128.91
70676592.2
80889056.12
38224681.11
27444037.86
81425561.75
32555509.29
70548393.12
30369806.85
144687187.84
33110328.76
145767835.63
25067030.41
33258425.09
20671136.72
20404585.95
29263039.54
69093613.03
143301337.43
31994968.67
19425703.87
20398063.99
29307606.28
145276754.45
26475239.12
70223386.47
145077472.94
146101027.95
26532596.98
70796166.43
79680455.06
31599166.45
36128075.65
36393583.54
80297049.69
37855724.17
20438582.84
35681079.83
71854238.04
144733471.07
76602461.67
32052335.8
25303071.66
20745969.94
29010538.92
32430813.02
77047874.76
20768998.13
26428554.98
29218943.34
80861921.22
19262483.92
80095486.92
32676324.61
20731875.96
39041760.05
75810082.89
71029757.33
67477029.52
70631211.56
19315296.11
20423591.5
81813244.27
33049041.77
145553432.71
39636804.36
80992012.45
76722048.12
29706445.42
33408789.66
28428304.11
72711127.78
70601277.54
81274909.0
30380187.44
19271569.87
144919710.66
30539519.63
20844095.32
32260282.53
33065054.85
21232164.84
21994813.76
35918869.98
33484413.12
32704109.61
31629132.85
70374958.78
30023967.77
20566286.68
32188730.72
80129356.11
145095388.66
70709791.67
76402373.04
33112987.96
31921969.4
80175004.55
69941579.29
143926157.39
81143168.25
20850434.18
27911903.66
30432025.87
33118960.3
82567074.58
29526986.97
68813743.08
33329285.26
80811619.99
71133831.19
70341619.51
70455454.84
32450262.69
25960721.22
80237133.08
22146887.68
38119614.59
32404253.63
81583860.29
34668252.46
20734972.79
69317370.34
81937396.19
70118795.37
33907355.68
25906351.08
26644212.65
34119521.52
34103023.55
70378148.22
20839208.86
19407780.49
81682064.8
145987054.74
39505568.21
80944523.81
32059998.86
68242644.17
31052078.49
34204251.69
69768929.5
33351259.25
72532207.76
80121374.02
20387747.06
144556523.53
75794954.94
80631265.44
32219068.03
35731780.02
70126431.72
30859926.27
32180079.76
30759273.14
34199076.08
80589982.58
30497091.8
26938214.7
71017155.66
40414666.01
70244713.38
33357125.88
76748725.72
21049766.0
79687744.73
70699237.7
19545812.52
30299244.02
31356151.53
77605236.15
26836780.61
81204210.84
76220073.83
145202950.22
72947318.34
70990870.08
80815679.87
32191687.56
19425320.11
20865161.24
32166315.87
34455476.41
19388026.51
71662262.87
81651931.03
27926128.66
21099554.9
32961357.29
70516572.21
145537958.23
71903222.48
70401944.27
34277877.49
34000874.62
70721436.06
71031606.97
76070640.52
70420572.78
75622716.12
30410505.15
70341939.08
81443600.94
38399334.56
27516226.73
80368783.85
32575388.02
71279315.99
30380331.85
145068899.45
33160171.85
144035492.44
25346645.33
33329011.53
20698037.23
20436131.17
30148946.85
69692628.0
144962357.28
31738481.44
19417513.1
20470688.67
29365826.6
145120436.82
26822009.95
70626542.73
145613192.08
144618218.53
25624150.19
70701129.69
79607990.95
31607553.34
35859125.38
37412943.23
80472987.74
37013151.54
20422464.94
36094617.4
72386621.9
144046385.97
76207106.29
32593772.55
24432019.71
20725566.51
28428719.18
32292586.71
75135354.91
20746235.1
26466259.72
29453877.38
80030082.05
19273797.97
80127203.9
32495914.71
20688211.62
38859138.29
75286453.26
70277395.75
68969417.11
68938036.61
19266334.38
20418916.82
79619577.92
33902682.75
144942675.15
40418811.18
80113359.49
76618469.32
29311166.62
33616249.49
28327600.82
71594598.16
69899276.14
79823943.42
30577170.43
19271861.29
143831343.01
29706936.65
20854374.42
31771303.47
31960452.45
21228690.31
21980004.34
36329239.43
32982089.23
33077084.59
31469683.78
70449589.3
29988849.97
20570245.64
32300429.18
79918534.19
144427643.12
70727919.16
76409866.57
33505769.71
31750373.25
80077137.47
71525065.07
145402597.2
81043885.61
20898048.96
26974446.7
31110718.08
32843112.68
81898533.53
29207636.93
69354516.7
32793121.95
81030718.31
70866016.77
70262244.11
71170689.11
32010166.55
25784545.77
80279031.05
22108827.68
38181230.62
33349123.83
81144532.66
34349075.34
20699813.93
68666378.17
81530501.1
69862288.07
34086336.29
26290445.56
26680704.68
34707301.4
34115454.59
69568839.33
20812014.09
19407266.42
82257157.06
146868127.18
40052415.35
81102193.76
32961290.81
68917277.27
31917498.55
34582219.32
70698434.85
32633333.51
71764358.29
80728533.68
20434769.03
145544288.22
75617103.34
81367036.72
33015913.4
35738667.19
70065688.57
30739905.19
32190409.54
30254025.47
34397637.05
79750607.44
31292664.94
26306784.29
70954158.76
39895645.1
70607027.55
33083977.83
76080033.92
21039884.02
81417934.15
69866583.44
19557490.68
30403301.38
31905356.74
76628136.55
26288259.53
80636099.78
75965807.96
144126952.53
71727402.01
70775791.69
80265338.16
32181941.16
19453788.86
20861882.57
31969035.33
35459172.98
19388958.01
72421047.62
80983011.8
28092219.63
21009413.53
32834117.41
70289726.16
145047083.93
71233234.75
70604494.02
34982774.89
32859687.38
70666202.08
71698632.72
75621280.53
69560573.83
76080870.9
31334777.19
70486634.41
82002190.14
37860773.59
27367533.93
80316898.07
32441621.72
71178036.65
29701447.11
145151869.68
33317952.25
144379719.69
25095775.11
32853598.97
20685500.89
20442174.37
29306444.24
68787546.27
144501613.95
31957895.39
19411361.4
20487120.86
29300445.08
145156446.3
26655865.14
70512649.08
144490185.38
144930498.64
26674727.93
69560649.59
79911043.99
31881639.61
35840244.2
37146937.28
80796674.75
37098227.44
20447382.5
36151322.08
71834754.7
144539820.03
75815484.57
31946030.64
25224506.52
20756156.52
28219710.34
31931277.76
76529828.2
20741964.25
26302530.78
29982631.88
80549904.18
19261843.98
80534099.65
32463427.22
20713276.4
38946836.35
75988379.4
70382787.58
69076653.49
71313401.65
19317689.69
20427054.23
80111045.1
33672262.17
145023300.33
40079789.91
80885354.67
76606763.38
29893231.51
33856277.43
29171520.1
72638078.27
70503122.48
80498948.41
30957011.62
19266666.73
144451542.63
31123911.34
20848653.04
32132888.71
32535956.67
21161908.97
21976653.54
35676717.77
34180559.14
32952770.26
31672848.15
70943087.93
29327124.85
20515868.76
32664421.65
80540468.75
146217937.31
70917795.02
76405056.84
33390962.0
31266610.34
80717821.25
70435115.61
146322700.19
80668255.35
20841667.79
27128471.52
31241607.96
33023784.44
81522852.39
29929716.72
68750810.28
32770729.14
81874490.29
69360363.42
70600514.38
70206502.79
31710873.88
26313279.02
80816017.06
22130839.91
38501200.1
33058017.72
81144558.29
34808530.93
20723640.34
68759479.99
81444308.19
71073894.2
33012942.3
26019629.33
26448486.04
33611100.89
34101339.61
70966701.35
20820073.55
19448706.05
81586307.7
143956451.65
40096825.67
80332793.31
32833794.38
68942219.1
31493445.62
35003314.47
70360344.73
32912600.56
72010665.76
79356876.05
20410354.71
145207052.5
75776180.98
81571707.37
32620959.24
35491874.62
70611476.86
30978005.35
32508633.24
30305154.69
34661013.85
80278206.22
30702564.2
26601701.56
70430100.67
39666661.86
70590421.5
33204389.5
76501548.47
20982155.34
79839321.18
71041529.85
19555078.9
30634008.43
30898157.14
76409364.73
26458408.74
81271882.93
75736167.98
144600310.01
70914870.17
70019197.38
79646879.2
31667205.19
19401088.6
20874356.68
31648647.42
34047914.15
19435209.41
71095515.67
80654811.14
27693790.53
20987593.2
32757514.01
70190526.12
145406847.61
71599948.14
70178461.15
33963560.79
32934582.7
70776452.86
72638178.4
76396048.17
70655494.5
75821869.14
30860363.78
70691238.55
80590168.76
38582492.61
27584593.87
80909282.83
32480934.45
70623213.75
29616312.68
145902309.05
33221821.02
144933474.95
25144191.17
33329531.31
20691856.37
20396692.71
29190524.22
69118270.79
145655033.48
32110719.57
19401217.29
20438241.46
29458980.06
144927444.55
27147580.66
71009916.84
144716692.71
145705217.76
26276177.62
70877496.08
79704621.18
31416921.84
35860534.07
37360249.58
79093576.66
37272174.69
20453631.8
35802898.89
71628059.26
144999539.67
75894943.57
32156727.47
24956120.4
20736940.12
28592935.68
32487427.6
76441138.94
20761556.85
26793586.91
29179214.24
79948125.57
19266198.03
80456150.61
32361268.7
20743157.36
38418370.43
76473700.36
71510927.0
68468742.07
70555534.29
19258681.04
20457866.97
80896776.53
33438663.14
145263528.38
39521766.91
81479651.37
76650167.79
30147552.05
33390164.04
28425112.51
72454273.74
70494077.89
80799669.98
30715672.41
19261697.12
145584954.07
30602423.05
20880092.41
31780456.98
32315130.71
21177289.2
22020236.6
35539243.62
33380904.11
32714152.68
31189203.33
69886787.97
29834449.07
20538691.96
32590263.84
80061745.63
145090741.67
70752093.01
76306495.07
32653852.92
31856554.02
80864744.16
70215356.64
145786331.45
81184632.98
20837088.74
27870230.2
30992304.06
33303675.56
82737176.66
29777987.6
69526831.13
32769559.15
81325492.79
70654058.37
69705276.11
70523031.57
31758240.96
26361114.47
80423296.32
22173458.56
37459968.87
33248620.34
80850317.04
34939655.63
20731541.35
69208692.32
80936340.17
71025265.66
34069528.96
26634278.92
26341145.18
34249729.77
34512661.93
70514200.36
20841660.54
19437675.69
81653393.29
144792674.43
40174675.61
81389487.37
32590030.42
69054064.9
31813902.65
34657084.04
70559405.06
32869360.74
72040111.01
80207854.33
20422237.72
144488952.81
76034108.75
81419303.33
32765905.41
35972605.32
69913052.88
30826462.42
32142221.04
30581632.84
34269331.03
80940985.63
31330943.45
26385190.44
72109068.06
40205838.18
70373203.85
33285075.86
75959496.93
21016420.49
80128246.71
69998923.61
19565917.41
30925039.84
31642926.42
76835177.17
26293215.05
79522335.63
76696847.12
144451796.67
72687568.67
70094235.39
80774774.88
32015721.15
19417676.2
20830446.98
31556067.41
34280893.22
19366640.06
71643665.59
81854080.23
27490893.73
21029709.2
32877692.74
70114741.69
145505438.53
71591423.3
70633463.58
34448282.23
32830652.45
70850490.02
71301463.41
76811651.24
69803409.04
76679632.09
30645682.94
71307497.41
80887584.19
38583200.41
27196193.24
79036013.21
32189569.88
70232707.47
29627259.79
144438812.37
33327775.0
144585805.64
24942252.85
32730112.69
20742403.03
20421686.26
29521913.9
69389805.4
145693093.04
32383663.83
19386695.0
20503120.57
29899183.72
145878338.48
27244714.55
71085470.37
145601686.32
143806435.84
26317869.34
69570848.65
80063054.93
31376031.65
35766344.92
37503262.4
80401484.64
37354073.65
20419687.55
36762577.86
71497130.44
143941449.97
76452733.9
31636462.28
24924266.17
20749902.55
28415906.13
32304413.15
76691517.6
20770399.84
26353600.49
29376944.81
80951337.45
19256038.24
79149304.39
32109202.94
20718878.01
39251024.35
76736748.48
70574341.55
68789389.77
69840313.91
19266087.46
20429229.1
80013502.44
32744480.81
144649574.79
40858818.54
81502803.03
77031564.31
29809993.0
33130759.98
28551457.32
72080251.56
70808131.61
80290444.83
30542018.24
19292206.78
144514364.37
30135788.29
20876210.21
32024252.78
33041525.44
21123178.52
22053322.8
36215092.69
34496700.25
32637778.65
31406630.91
70569918.93
29912739.55
20609879.19
32146347.3
81008417.95
144469025.69
71398255.32
76023049.24
32494913.0
32210914.41
80604654.19
69919569.44
144057343.47
81322190.04
20838680.33
27845950.36
31445960.06
32619950.23
82412931.35
30271798.14
69969879.53
33333986.7
81587206.23
70281041.09
70028109.89
70491129.23
32583125.85
25712809.73
81047006.44
22129057.34
38131935.03
33277294.14
79725617.34
34971740.91
20676242.68
69068806.9
82368975.37
70374604.64
33259970.99
26166977.25
25885143.72
34271415.89
33831702.45
70229200.42
20818801.1
19449933.6
80548820.32
143584215.55
39946269.71
81302446.12
32636868.33
69330599.6
32343867.72
34678636.77
70285692.29
32977239.05
72709272.49
80139081.54
20401604.95
145843401.55
74934444.16
80840897.58
32890990.66
36370256.97
69732638.55
30864414.59
32133504.89
30458865.81
34121123.82
81359940.43
31162618.51
26962404.41
71101009.69
39467102.11
70406979.64
33861410.84
76450398.82
20976057.7
80662471.04
70560090.75
19518139.08
30747210.4
31950123.7
77329499.18
26870008.07
80920669.71
75001677.64
144317370.79
71897492.0
70565010.56
79426398.32
32583125.69
19459234.7
20841844.68
32276063.5
34164008.9
19398233.5
72374545.65
81107621.72
27862481.75
21004674.58
33003796.12
70151035.25
146000699.22
72442031.09
70006936.32
33521805.19
32709359.24
69949946.02
71276302.8
76049002.64
70186137.06
75964254.55
31499840.1
70393508.89
81111625.1
38801569.93
27118566.77
80741041.9
32607138.93
71692374.13
30084748.18
142986127.74
33476674.89
144798549.25
25022872.73
32948839.87
20728335.71
20423316.04
29233461.52
68766555.05
145180844.55
31608846.95
19390994.07
20423804.93
29497792.52
145199730.9
26943403.8
69385911.67
145185554.47
145506363.93
26274621.59
71007501.2
80672881.71
31864853.94
36806960.71
37526689.5
80324480.73
38124503.15
20461018.03
36700047.87
71318735.02
144596943.74
75592072.43
32070949.61
25631698.86
20743061.41
28438207.6
32231100.68
74677477.67
20768229.83
26344864.44
29516162.12
81533538.64
19278796.27
80276422.0
31745090.17
20701414.8
39565938.23
75546962.96
70718389.38
68904011.45
70353100.92
19271352.75
20448153.13
80535481.53
32936621.02
145658610.72
40706868.47
81862475.81
77276547.18
29723077.16
32893922.54
28433276.83
72453594.98
70401256.54
80675359.02
30198006.58
19232551.53
144367248.5
30632393.46
20892871.0
31862483.24
32454369.88
21162301.23
22067399.16
36296831.92
32920924.48
32920689.66
31668162.97
71575957.15
29173403.01
20586410.62
32595908.37
80156957.37
145640492.16
69964995.15
77017481.06
32940374.4
32732512.67
80149398.46
69827554.55
145040075.52
81325829.01
20884278.16
27115462.0
30636255.54
33245946.66
82490930.68
29952667.3
69367918.66
33363870.64
81297337.46
70134500.48
69880715.32
70453675.98
32190830.86
26566470.07
80595864.31
22142924.69
37561123.69
32893782.68
80979246.87
34862981.46
20717765.68
69681110.72
81012499.0
70983952.42
33820141.18
26234474.57
26230389.37
34169683.56
34448977.75
69460055.04
20846636.29
19403846.35
80200047.69
145886590.48
39586905.68
82553167.27
32501653.85
69224154.01
31372240.35
34512179.75
71011508.35
33031850.6
72442368.72
81649860.19
20389255.75
145796153.83
75801974.14
82002186.37
32522634.41
36318341.56
70336597.75
31584359.2
31824751.33
30121817.76
34543321.72
80055671.07
30227629.49
27110505.85
69840625.7
40733688.12
70480220.69
33378887.91
75410980.3
21038709.68
80191546.67
71035096.82
19531229.81
30621615.96
32352706.55
77762124.56
26889796.43
80521681.75
75969890.13
145520003.5
