67853576.43
66571143.96
76887254.78
29107295.12
16052238.46
28528297.66
28302771.75
139562981.53
28177579.62
141451217.86
142000296.33
67137928.82
28682125.58
29634758.72
66121448.52
141026297.43
68824140.98
66679159.78
140343757.58
67831631.45
76456412.45
141552000.21
73037356.26
67230604.47
72427373.34
28766807.22
66893561.23
140878357.41
141425238.75
66778664.88
76310437.45
29052878.32
67421493.03
29018827.69
140079828.55
76551869.18
142007640.3
21710311.01
66335356.1
28944116.05
22602167.41
25880821.22
76986156.64
142014570.43
27931806.67
15877414.36
66919108.61
67656888.33
142784997.89
23176146.83
66790494.79
140758169.55
141056441.29
23016546.35
66312926.39
76455465.22
28138350.13
33406540.87
76538357.51
77385575.0
67338947.16
22540702.09
32259586.35
141534849.54
141242889.35
76097234.48
66095317.85
21634565.74
29586095.24
24230034.77
28912604.09
72920730.42
29067593.44
23076325.37
28506200.35
76732636.99
28283265.36
76813160.01
66083946.76
28519314.49
66673856.84
72429911.46
67212172.12
64895814.42
67213049.3
15926436.51
22642741.02
76279247.85
29895726.97
141479617.21
75801430.95
141662574.31
141854035.43
66711846.85
67140069.73
24321415.43
141522421.72
67559204.29
76063579.63
66433215.26
27632152.53
140778026.75
27153039.55
28927426.05
28371237.35
28950726.74
28805154.26
66870489.21
32007993.36
76806613.79
29616700.52
66873016.81
66217871.76
29291331.5
23005834.16
66430650.42
76829016.41
141440774.26
67333585.17
73148688.32
29086483.97
66548959.4
75380537.3
67085935.03
141813986.35
78474502.84
77001593.14
67022932.98
27402710.78
29475755.09
141345554.0
28859815.83
64720982.74
76713661.79
141941287.32
67131276.68
67046955.34
66574053.34
28450977.02
66468478.22
77434846.52
65684910.02
34129410.42
66809040.32
141392659.8
66899989.38
28970368.64
76980816.37
139984630.2
66764237.16
67199316.65
22904119.85
66990154.88
66341596.59
141341995.31
67279596.48
28878451.25
28860486.01
78860967.49
141260933.35
76964532.14
140223508.8
29303278.55
65518023.05
28423128.97
66357350.89
67243958.61
66636607.76
142169296.54
75910970.13
22972657.31
142139392.89
72304137.51
76733416.02
28869829.79
32033730.62
66789150.55
27664311.61
28465740.88
67344722.73
140862946.78
76777309.7
26982968.67
28674106.47
67527390.94
76436793.25
66630120.57
76254983.18
72789987.26
28822012.34
76435137.07
67202214.84
16060527.26
66522285.3
28157265.94
73608656.88
22875206.21
76770237.79
72578979.21
141009224.97
69457533.06
66708769.63
76018350.79
29719224.22
16000884.01
28863828.96
28551573.76
141484791.37
28253210.15
141490643.97
142120084.19
66575154.52
28230624.07
29574718.52
66413336.66
141274587.7
68908554.84
65718178.3
142653226.47
66477008.13
77253356.7
141263982.26
72568843.84
66658249.18
71827860.57
27675349.01
66226965.58
141761003.51
142397531.41
66119392.29
77176757.26
29185323.31
67132713.41
29207707.21
141623860.08
75913758.79
142163512.2
21610693.62
65811153.51
29199822.76
22908765.35
25818180.98
76921810.52
141535405.59
27969897.66
15904969.39
66600944.58
67442672.34
140269400.44
23952233.0
66656496.88
141666745.67
140966670.7
23060001.44
66917571.69
76543216.28
28195827.59
31682071.29
75780404.3
76953196.92
66893159.61
22737020.53
32526432.0
141075334.58
140536609.2
77467228.38
67012408.14
21344214.69
28935954.38
25072901.16
28881312.58
72218056.79
28411034.7
22704251.17
28008138.67
76603121.16
27586386.07
76054895.64
66608138.81
28764872.18
67590248.06
72403191.34
66807683.77
65056968.81
67347018.01
15898304.84
22599129.41
76003674.87
29834479.92
142030851.57
76515388.83
140089138.8
141009829.94
66628449.16
67251079.89
24515559.29
139597349.95
66627286.92
76792256.48
67108658.68
27554315.43
141060132.86
27169269.9
28649284.0
28848117.22
28782893.14
28731910.18
65762248.94
32756819.04
76355209.18
29610626.53
66398730.57
66778623.36
28656084.24
23613064.39
66046305.96
76457146.74
140425051.72
66647017.27
71680287.8
29706702.16
66777487.98
76464711.41
67301507.96
141544530.64
79242027.68
77019952.97
67123482.9
27519807.36
29570631.37
140159194.22
28571303.0
64511301.54
76259604.01
142068581.92
67301655.4
65864567.23
66399059.02
29154409.55
67561493.86
77341052.97
66910791.06
33842058.87
67602423.49
141738116.12
67330302.18
29268025.86
77267279.91
141745137.61
66767462.98
66081861.05
23685208.44
67150147.92
67104068.82
140178269.07
67739971.07
28684379.37
27943023.59
79105753.83
141477851.02
76782882.18
141820053.67
28903724.54
66248093.41
28851917.63
66914159.89
66776506.43
65917603.35
140866511.33
76735008.22
23356714.04
141726840.13
72973120.11
78337136.94
29307361.43
32146904.61
65889397.51
27570019.7
28547866.59
66499657.79
142075728.66
76931411.5
26770974.27
29353253.54
66992047.39
76560953.54
65715507.47
77544614.93
71588603.8
28514681.67
76682269.15
66555520.0
16046207.13
66937270.11
28323738.18
74635571.23
22907001.88
76918951.76
71842483.67
142542323.42
68793305.44
66501894.45
76519263.04
28684767.0
16004633.84
28594274.38
28750260.02
140970748.07
28216645.54
141178097.81
139965624.13
66908253.75
29468433.19
29878904.93
66786524.73
141179695.56
68397585.54
66205175.8
141379845.6
66099308.15
76894849.79
141443348.56
72461554.9
66868489.46
72090561.06
28539407.76
67399092.91
141734839.44
141307889.04
66628178.73
76270807.23
29106297.87
65809921.17
29041791.66
140647032.06
76664019.71
141594986.34
21369197.45
66862810.69
28908552.49
23005170.14
25677101.95
77736950.8
140582623.44
28191289.69
15940016.01
66711630.25
67813556.43
140325944.19
22387074.51
67113824.01
141372114.06
141756123.66
23746414.01
66701195.77
77080755.41
28065863.61
32517999.28
76395949.14
76839496.81
67247224.02
23270287.87
31568456.42
140607229.72
142369421.17
76398291.92
67268725.82
21417047.51
28837068.72
24823745.13
28686908.19
72998120.43
28530959.81
22471022.6
27778691.73
76664606.34
27928509.05
77111865.09
67307128.47
29116054.47
66660068.47
73099401.57
66982381.62
64664220.51
65962994.36
15880524.22
22662373.08
76089684.51
30178551.12
141240606.82
78070720.61
141794598.67
141837445.14
66844296.74
66693211.74
25907368.42
139906073.67
67315603.98
75925606.8
67261921.23
28022541.25
141301420.18
27821278.58
29402755.09
28621508.53
29269777.01
28800949.58
66931384.07
32111890.58
76988921.28
29519983.99
66798280.13
66585586.15
29507059.33
23414898.31
66905611.57
76654345.81
140872691.34
67475906.76
72340752.66
29585124.02
66762302.43
76593743.37
65932271.11
140156650.22
78959689.57
77181700.8
67037095.71
26461307.68
29613971.44
140340654.47
27936702.74
65388512.83
76746296.39
142386861.42
66716011.87
67207550.14
66196277.3
29147358.41
66137989.81
76570200.11
66975310.42
34863336.37
66216011.24
140839682.68
66160543.47
28679678.57
76157707.5
143186505.51
66832075.37
67788379.78
23518029.07
66981192.2
67420318.8
142155079.79
67579731.19
29295363.99
28471950.24
78338504.16
141914693.59
76165715.71
141347428.23
29479899.88
65033603.34
27776533.77
67090189.94
67457534.7
66539217.8
141541661.51
75875577.9
22629527.23
141097170.42
72604812.28
77755003.66
28836510.96
33577232.65
65797720.86
27290689.2
28040723.78
67895293.03
141992316.74
76122321.78
26960358.09
29169649.4
67565362.08
76020329.45
66757538.72
76817743.04
72360444.85
28569645.32
77186468.42
66123974.49
16063336.71
66836492.72
28475587.81
74302585.22
23486599.03
77367302.91
72186242.83
141903338.54
68770408.57
66996553.29
76138883.55
29061064.8
16017525.82
28899962.56
28530379.14
141425533.27
28115147.42
141436859.26
140422882.51
66772791.07
28666687.08
29720831.64
66618330.48
142239081.63
69253487.31
66926191.85
142217617.09
66770754.05
76597337.15
141419554.18
72245439.04
66747332.5
72370464.05
28385799.62
66513325.0
141589811.83
140832202.31
65684840.64
77513611.6
28953474.95
66354576.25
28952298.92
142499695.97
76624533.01
142154533.44
21927151.58
67394863.86
29404816.91
23014589.5
25821663.17
77026241.02
141689628.39
28399373.16
15946259.04
67000613.7
66862889.65
141689900.42
22317855.67
67101958.44
142336587.29
140778019.38
23139627.66
66676065.89
76131016.2
27822472.58
32580119.74
75447291.01
75417432.31
67119224.49
23057216.29
31843487.91
140404339.34
141010399.09
76064613.94
66080193.78
22112879.8
28573837.68
24577170.27
28914239.83
72550165.3
28708102.41
22107333.18
28874680.23
77013817.84
27974030.96
76958658.58
66673293.32
29368882.51
67084570.92
73178184.72
66818460.86
65518361.82
65983197.62
15890902.86
23260428.85
77172309.39
30135198.11
141511443.03
76543789.77
141737658.91
142702983.59
66039887.17
66766004.5
24974740.16
141317623.26
66924319.33
76708822.01
67489950.85
28099168.4
141804637.94
27145278.32
28805729.57
28453654.8
28492064.43
29080082.55
66972666.74
33127859.22
76918019.82
30477854.08
67172225.85
66896400.09
29196852.45
22943560.96
66797514.85
76162781.32
142223970.88
66740818.73
72459501.39
30096971.91
66513425.27
76068065.85
66099137.43
140818401.96
77860040.44
75346885.35
66480492.1
26991106.01
30477263.31
141318023.37
28928073.78
65433442.19
76146374.9
141237657.74
66324846.64
66597324.24
66370148.38
28955716.93
67284376.44
77453340.27
67436514.79
33739061.0
66548873.62
142149725.39
66255567.94
29067089.2
76870546.05
141305870.71
67637548.1
66569102.53
23233438.69
67158019.99
65893956.63
140234552.62
67399015.38
29186188.57
28857538.06
78585141.78
141158335.44
76764508.19
140233901.22
29625811.0
65292952.33
28276852.84
66147682.4
65949621.66
66841711.34
140777636.47
76886169.32
22448910.48
142088078.04
72388281.97
77696673.45
29514902.11
32512557.01
66772220.81
27320243.11
28932392.04
66529343.14
141803419.85
76895157.36
27052430.41
28644370.49
67055170.66
77084992.2
66406127.69
77138112.09
71833750.03
29061645.65
77328644.2
67310751.97
16078989.2
66252660.99
28339458.98
74418035.07
23757884.07
76628574.55
71396129.54
141638769.6
67963097.64
65886774.51
76581517.52
28582675.06
16051490.12
28846779.47
27974374.05
141421612.35
27592260.54
141004278.97
140669753.1
67167786.4
29588651.1
29398927.1
66693791.93
141566215.58
68641127.49
66496402.04
140839319.18
66636075.43
76658280.79
142380283.03
72720605.87
67505826.55
72097077.42
28064858.68
66584687.43
141102486.92
140621133.14
66698442.72
77085391.47
29332210.56
67565075.79
28876837.48
141690774.49
76248823.75
140608188.06
21747827.22
67550559.8
28368972.41
22793734.75
26201274.22
77124396.76
140470831.86
28577770.46
15908752.95
66678186.85
66376364.17
140072543.13
22963609.26
66414107.49
141058220.45
141562274.49
23712172.64
67201445.57
76907923.38
28282270.37
33445801.7
77166456.79
75793751.44
66854061.29
23025482.67
31787030.5
141691238.99
141503961.1
76287366.59
66563784.02
21445896.91
28595266.95
24372863.02
28998962.75
73674492.93
29262628.43
22889504.16
27855170.83
77028021.95
27779087.6
77869737.64
66859842.89
28461158.24
66284613.08
72123703.34
66714795.82
64592058.74
66303594.46
15924171.06
23082613.45
76612464.07
30424722.69
141019037.35
77171470.69
141224446.06
141702893.24
66541730.42
67150988.27
24994353.25
141104505.88
66845864.97
76707442.88
66632293.4
28114662.03
140838384.53
27582606.72
29219709.28
28708108.53
28848569.89
29138654.65
67034847.12
32991704.87
76858370.88
29705235.02
67516260.92
66946512.18
29396699.89
22916938.87
67323175.63
76772329.04
141077370.71
67323169.58
72536101.55
30324261.24
66864131.94
76245314.57
67753609.2
140501519.81
78260609.73
77341100.73
66700694.93
27571009.2
29869596.76
140243931.35
28384614.55
64742988.7
76661841.93
142187289.59
66525035.38
67162805.29
67131852.28
28854537.62
66780867.72
77544471.45
67516142.42
34271543.57
66773924.11
140724287.2
66284558.38
29428662.1
76030815.8
141893393.02
66322164.95
66557950.27
23019359.75
67383275.92
66164885.3
141419976.2
66256542.73
29479749.37
27985296.91
78605643.67
142285611.63
76564331.26
141405392.83
29422202.41
65271685.47
28584742.36
65682696.85
66778944.1
66876652.16
141109293.85
76627995.02
23348575.36
141075788.08
71860691.43
77992864.57
28632800.39
32727258.03
66945005.04
28030532.02
28895395.5
66648568.59
142171640.84
76806600.77
26780412.07
29015284.31
67858081.45
77398602.56
66890936.97
76675540.2
72056928.32
28748761.0
77218015.54
66507762.95
16022212.73
67370942.97
28434464.96
73243390.7
23148748.85
76479827.57
72313178.74
141117427.73
68482445.61
66850305.03
75843411.44
28736842.94
16046000.32
28860561.74
28423751.41
140863163.83
28841882.55
142307955.46
139844658.68
66414151.67
28982765.45
29500783.31
66401758.66
141195998.73
69093813.88
66008446.17
141367728.83
66557180.05
76575756.09
141387692.61
72599335.45
66798374.75
72711946.97
28236335.38
66757683.85
141149265.36
142668976.95
66981904.42
76546022.63
29331911.76
66259601.53
29264938.26
141516684.31
76614215.81
141298114.67
21353064.99
66606094.29
28789688.67
22221817.94
25958050.76
77516971.96
142254441.05
28104837.95
15938462.33
66831356.55
66942159.56
141172232.08
22791966.39
68025235.48
141714514.16
141478430.31
23328204.5
66972949.01
76317093.08
28759007.98
32485139.07
76187315.31
77395246.11
65965096.72
23388819.02
33013425.83
142583920.74
140922553.02
76788886.04
66131025.88
22033927.9
28755589.25
25283592.21
29253504.37
72180020.3
28917167.46
22742646.24
28038639.44
76203809.96
27506004.92
77128271.63
66919230.28
28518378.96
66096333.92
71785378.2
66125795.54
64779749.84
67340668.31
15829937.51
23051490.84
76347647.88
30453462.55
142021885.01
77272242.77
140891845.75
141037073.62
67010796.96
66518887.63
24664155.65
140297567.88
67040758.42
77220805.94
66827819.1
28940575.14
141753778.12
27459797.53
29733035.69
28016416.72
28815204.67
29099442.87
67193672.28
32071520.35
77562569.77
29429367.94
67179755.09
67098893.56
28665796.44
23368626.97
67191607.12
77673726.46
139714005.34
65990675.99
72457160.28
29557647.02
66965354.12
76235543.75
66824637.81
140147724.9
78522027.68
76912967.07
66539294.08
27290901.96
29395603.61
140664991.46
28009664.69
65134467.79
77044136.59
141523261.31
67447555.61
67070861.74
65726457.69
28972494.74
65997699.27
76921634.47
66904991.25
34283799.73
66497813.44
141810390.65
66301857.01
28834820.6
76627784.57
141725304.96
67100723.86
66206919.79
23297178.31
67460532.16
66910849.84
140966054.47
67529656.13
29201446.11
28003951.73
78186830.47
141588206.82
76762861.52
141476330.24
28495998.57
65117606.21
28328754.39
66518712.37
66372013.1
66464611.27
141909807.9
77416030.88
22812149.78
141277208.4
73538105.05
78961233.84
29114572.15
33228792.76
67299204.39
27469460.64
28804610.86
66959324.65
142773205.88
75460694.05
27172848.29
29431024.34
68154886.92
76324389.05
67086616.21
76260944.66
72407798.87
29221484.3
78002228.15
66790049.45
16059264.25
66584211.38
28107596.75
73410438.29
23060885.48
77387076.44
72615087.24
141986249.84
68609272.38
66793626.05
76251766.92
29609995.85
15984512.45
29339469.43
28002801.03
141156772.63
28042705.1
142563658.45
141667121.37
67406997.49
29187354.14
29734624.08
66931117.54
142346740.02
69044006.53
66694501.04
141878501.6
65794285.79
76722350.71
140883713.91
72917633.87
66306827.54
72098352.84
27961333.39
67134667.75
140635916.36
141371806.91
66859804.2
75910517.19
28237235.44
67630127.46
28997238.21
141757171.81
76503834.83
140711697.74
21554721.31
66917393.11
28611019.62
23501172.59
26002801.34
77467814.21
141929062.87
27933329.98
15958664.83
66539649.08
65910442.59
141348652.79
23262449.33
66698334.0
141414616.75
141408896.24
22976566.85
66450768.68
77030913.6
28950473.84
32567146.4
77238543.8
77738546.56
66737542.34
23077079.96
32917144.77
142197875.25
140353838.58
77055532.83
66324972.34
21892570.96
28510908.7
24838720.66
28684986.92
73259686.3
28872962.5
23261945.41
27637347.37
77085256.27
28355742.75
76399426.6
67001100.14
28997760.73
66704736.36
72031222.46
66263079.3
65661848.09
66295876.73
15901088.28
22718096.58
77084152.43
30354408.65
141869303.94
76636043.37
141200383.95
140984049.5
66936851.82
67518505.12
24902070.83
141895647.05
66804476.99
76040971.37
66451571.28
27451768.66
141330632.13
27175929.81
29679131.18
28316688.02
28799102.51
28781669.05
66418938.48
32826909.03
77459143.87
29953818.76
66732749.65
66386034.71
29080010.96
23032626.46
66413383.16
76533262.61
142854586.96
67199895.11
72352692.23
29338162.71
67160234.09
76446183.06
65859624.84
142372386.47
78617772.96
77107478.63
67054170.9
26966217.54
29574968.55
141986934.34
28760739.2
65493699.01
76324742.34
140959145.12
66986781.8
67440935.65
67265391.91
28929987.91
67813045.04
77128584.75
66483308.25
34069335.08
66493550.34
142211835.14
67178958.85
29347013.13
77332957.18
142188306.06
67562734.56
66727939.54
23139526.7
67246256.36
66360321.51
140800344.55
67490265.07
29041756.16
27537851.67
78781945.8
141430244.53
76570064.35
141476785.63
28835546.47
66583033.15
28108700.23
66697156.77
67400138.5
66928596.38
141176437.83
77128092.4
22916891.79
140846843.36
72640459.04
78264747.61
28538986.6
32422043.25
66893461.96
27185567.97
29370391.32
67113252.89
140184083.68
76040237.85
27623901.8
28752448.81
67420836.69
76629158.32
67424996.19
76846088.93
73070680.84
28713941.97
76934898.82
66540219.39
16026772.49
67237282.28
27584320.7
73802177.84
22826852.07
77322619.91
71808630.63
140221398.32
68642430.96
66771579.11
76487594.65
29194272.02
16052001.27
29072136.25
28219109.83
140563829.8
27878339.02
140874266.94
140286160.52
67279841.65
28766509.04
29920897.35
67420070.39
140343921.83
68052569.4
66688371.04
142161749.87
66872353.45
75725044.02
142541868.12
72848916.51
66920596.91
72504154.95
28705185.56
67188703.05
140722545.34
140888408.42
66157832.43
76610647.15
28470603.12
67413374.86
29289814.98
142470406.3
76555074.67
141994334.85
22343465.96
66323371.3
28973440.26
23532589.89
26076610.41
77274066.88
140682574.8
28164033.02
15945013.85
66387163.39
67774530.19
142214408.85
23030151.73
67551683.81
140378643.77
143072660.5
22892793.06
67025377.24
76106974.2
28390356.62
32128820.63
76375841.57
76127038.99
66581220.05
23207395.29
32200384.85
141492173.9
140693893.91
77853083.62
67417222.15
21586096.64
28644845.2
24702169.69
29128898.89
72911251.72
29072856.46
22959521.44
28171117.03
77025953.09
29135373.77
75971536.05
66714021.85
28881681.3
67504080.45
72232140.12
66116798.62
64104183.59
67146691.56
15881896.69
22926060.05
77174062.24
30514079.48
141960841.18
77286076.47
142222718.21
140556855.87
67330823.77
66659560.23
24162905.05
141811927.52
66438683.74
77248403.07
65852237.05
27322322.83
140801274.56
26972947.17
28975406.15
28605654.19
29046885.41
28685358.23
67200361.05
32835598.12
76704895.39
29642095.01
66364443.31
66772367.62
29311302.75
23216374.44
66629254.67
76125029.3
141111505.3
67097918.73
72180681.88
29352925.15
67567081.41
76623580.68
67047765.32
140983382.97
77901202.86
75327232.33
66551114.63
27300244.06
29597476.37
142121236.11
28456735.58
64952724.72
77037808.34
141466932.08
67004512.31
67504633.43
67516678.2
28574861.12
66293648.81
75887650.75
66566377.62
33905903.29
66971248.96
142023354.29
67481583.75
28708407.0
77105594.96
142950936.74
67247848.77
66887564.73
23126027.76
66497435.21
67055078.19
141554607.64
66526252.72
28527929.13
28357010.38
78406487.96
140683810.43
76011631.63
139587407.86
28863566.17
65877922.69
27929480.67
67069621.26
66604970.62
66120357.16
141401062.39
77338716.83
23294941.25
142043886.01
71808234.94
78145572.51
29128936.97
32294871.82
65967773.31
27925737.61
28893613.51
67033815.48
140684750.25
76962280.21
26998294.02
29052517.93
67436981.2
77350067.61
67424642.87
76031964.02
72526990.44
29049589.22
78381870.79
67187466.79
16017823.1
66251471.76
28524357.61
74707566.52
22752388.3
76790290.95
72293688.92
142322172.78
69316330.05
67558121.54
76604650.39
28983835.59
16060532.49
28460109.18
27881154.6
141578969.83
28186123.66
140811186.46
140665993.22
67171930.48
28997392.59
29715436.5
68087011.64
140405603.29
68237013.02
67504673.35
142140406.84
67094243.59
76142369.89
140591914.53
72235692.58
67157564.91
72756235.5
28462319.37
66732989.34
140731465.57
141508029.13
66295555.61
76031345.73
29096044.14
67037998.69
28370374.99
141634915.31
77383772.47
141911287.82
22112497.3
66624269.59
28745914.3
22625790.72
25756246.45
77116037.23
141558048.5
27994955.46
15847264.79
67046623.69
67028337.61
141077782.95
23218682.34
66527388.7
141320955.01
139843329.59
22960678.37
66500843.41
76544856.29
28054164.63
32382432.73
76373652.16
76579225.18
67247537.35
22553046.68
32554706.05
141279079.99
140677789.26
77376469.01
66587800.92
21232184.8
28867763.27
24852953.19
28885937.7
71512521.35
29085911.01
23536205.44
27920962.3
77125135.3
27990813.34
76923717.03
67195711.67
28750485.55
66549110.75
71780242.72
66213186.8
65199239.53
66490175.39
15896971.62
22468896.07
77243182.08
29789864.86
140801427.74
76067373.74
140918973.15
140932834.07
67010046.76
67165294.8
25217354.65
141825606.89
66908080.88
77063962.29
67328351.2
28198259.17
140841212.12
27670976.42
28926611.72
27704864.62
28927246.41
29083227.89
67166403.38
33259882.77
76356044.82
29171042.88
66632204.74
65844827.19
29212489.52
23486873.67
67019828.43
77782123.88
141311993.22
66439255.57
73349205.79
30519970.51
67092986.2
77570547.85
67628507.67
140431218.93
78112269.17
75680360.42
67628245.77
26881329.21
29939406.43
142194634.61
27694596.39
65350134.85
77558042.47
142462754.03
66577368.4
66339270.1
66438901.49
28963906.39
66725537.89
76678400.23
66195395.05
34693805.23
66503941.17
141180444.68
67434413.43
28435061.85
77643882.04
142465021.18
66880405.19
66685483.51
23304877.25
67421410.87
66562279.93
141774733.08
66989148.83
28635008.22
28782933.16
77947006.36
141825901.35
77561579.04
140508306.75
29609054.35
65180412.74
27852340.02
67053738.47
66533531.62
66172781.03
140923605.9
76337863.75
22688854.25
140711825.8
72062164.94
77531577.29
29265173.44
32828869.0
67014416.44
27717215.18
28318630.4
65881608.22
142340205.55
75865192.19
26833849.8
29036231.39
68544206.2
77289111.46
66804489.78
76607179.04
72338802.44
28690341.69
76262791.62
66857079.76
16012147.66
67852547.64
27671597.95
74336638.55
22814984.61
76302154.02
72511679.4
141885194.22
69081010.87
67810352.0
76471211.06
29114102.16
16087673.18
29270784.92
29028602.73
141356990.14
28704783.92
141249383.75
140194104.34
65998577.66
29259509.77
29795915.52
67425660.78
141290144.8
68372712.02
66141023.74
140501177.74
66507135.67
76969221.03
141609620.85
72789227.79
66290219.31
73273914.54
28846017.7
66720469.88
142466405.29
142374206.83
65980457.88
76979382.82
28705511.57
66643945.54
28804070.28
141044279.74
76828611.19
141523653.51
21794759.59
66918575.96
28814644.88
23483320.63
25995436.99
76344624.76
140531328.61
28906216.42
15951612.49
67155099.32
67315735.61
140815436.68
22617654.73
66524045.04
142257314.36
141353720.17
22936972.74
67670891.8
76885655.38
27972741.66
32546975.65
77835079.14
76928443.64
66265974.23
22277938.52
32666081.28
142332094.9
140339251.12
77051011.39
66317843.96
21727514.48
28183914.09
25340791.36
28549835.32
73363616.65
29405527.72
22801300.23
28291315.85
78085279.98
28249307.28
77021940.79
67001294.41
28645032.43
66827966.71
72367913.8
66300879.12
65143674.05
66250578.53
15883225.54
22702217.72
77710229.43
30584194.02
141766130.74
77523524.68
142769121.14
141776368.68
67245929.46
66726743.6
24880439.7
141820050.05
67009088.73
76627166.63
67591329.99
28078615.89
141255272.09
27117357.88
28318441.79
28427159.43
28853544.91
28846635.6
66638432.08
32735384.57
77178680.15
29422860.58
66843193.23
67316222.82
29680972.45
23879782.74
67135840.02
75857334.24
141664997.21
66179172.44
72381978.56
30205518.46
66975832.0
77038816.97
66774062.1
140675877.61
78722500.36
76320358.91
66632084.04
27182129.26
29079814.82
140300929.01
28164047.33
65744811.29
76780395.81
141629533.62
66898621.78
66704743.64
66545661.14
29042537.59
66094513.41
75904315.72
67059818.09
34625594.54
67071671.32
140723661.19
66357649.71
28772905.56
76188170.28
141960969.53
67601085.77
66552866.48
23263901.85
66493812.01
67225684.37
142435932.11
66590029.72
28655429.55
27997522.75
78644725.55
141325434.96
77611464.1
140744978.15
29143600.51
66619662.21
28382281.81
66819462.89
67369867.16
67170536.12
142110711.33
76369093.31
23185189.75
141261598.38
72514873.96
78075767.89
29286677.05
32488488.45
66452540.15
27273726.66
29447822.08
67430426.07
141792815.17
76514503.73
27060127.47
29047031.2
66690415.16
77183324.76
66783987.83
77199990.85
72706550.85
28330126.99
76155943.44
66981892.91
16076227.22
66542906.13
28079202.0
73857085.07
22863858.66
77004131.77
72413103.19
141465845.26
68977518.16
67328022.93
76317517.02
29507653.73
15985029.81
29211595.86
28262261.71
141018852.37
28005394.68
140863890.76
140988131.65
66890968.14
29346504.45
30425529.73
66657542.26
141756679.2
67324492.7
66686794.96
140507926.12
67034093.68
76099185.43
140819527.29
73038292.49
66856550.88
71984497.55
27968853.04
66636411.14
141036394.69
141977333.41
66445709.05
76198876.86
28956356.22
66533563.32
29753435.25
142049585.9
77156281.46
142175900.11
21718790.08
66561123.22
28224808.42
22398587.33
25966850.66
76803286.88
140991928.11
28126695.83
15970039.81
65705615.35
67030070.51
141767745.84
23102465.49
66498444.15
142009482.47
141611558.84
23131225.72
66260250.17
76553859.74
28322578.87
32147838.23
77343550.27
77122386.94
66462554.95
23518984.07
32413711.54
141811316.12
141580542.19
77019122.04
66931306.79
22079646.46
29119459.3
24980938.68
28370459.24
72742014.09
29200292.46
22801162.16
28563139.0
75865241.15
28279371.53
76466431.54
66383263.93
29038634.91
66425611.93
72487654.15
66841906.17
65774590.88
66987307.97
15900079.33
23247680.81
77455480.18
30117952.07
140469329.71
76943997.58
141855849.45
141356208.86
66701426.36
66737767.16
24429101.4
140845784.55
67121890.98
76870037.38
66350734.58
28694230.95
141721447.09
27968104.57
29792063.62
28077188.84
28997265.79
29382339.63
66039964.3
32187336.75
77141293.83
29635294.6
66561717.07
67359747.0
29233959.03
22839999.21
66889994.0
76789413.09
140574969.52
67145372.79
71574662.1
29777245.33
66443301.3
76316851.11
65969198.43
140697279.92
78291254.13
75863495.06
67247497.08
27114189.03
29400968.57
142160357.64
27838137.98
64987937.61
76897454.54
141138145.12
66903125.45
66611614.42
66903854.95
28811334.14
66136655.72
77335345.13
67129984.46
33547211.62
65655359.69
141593696.63
66718026.33
28993590.72
76186622.97
141691863.4
66953209.33
67189194.9
22846362.38
67091291.87
66368092.86
141156450.17
67639104.4
29533854.12
28432648.94
77688877.0
140108555.7
76185394.68
140344562.04
29783775.03
65845156.39
27997142.64
66210847.05
66960592.15
67193598.8
140483840.59
75243204.34
22953004.97
141135577.83
72360440.57
78137131.91
29730354.72
32456018.99
67224684.7
27807492.87
28986439.25
67027840.03
140728929.57
76602733.96
26882497.11
28855279.45
67228067.13
76397687.32
66699867.6
77091524.95
71689052.36
29150847.0
76814539.03
67597311.74
15972518.45
66463906.14
27533496.91
73427495.32
23316255.17
77246087.8
72528562.94
140877155.04
68256110.89
67114407.77
76494862.52
28978335.53
16011802.1
28815443.58
27777529.23
141174140.55
28212080.83
141691071.64
140467169.92
67427305.43
29161228.35
29356390.44
66551846.74
140171545.01
67783105.02
67420845.71
141206353.11
65929236.3
75640955.89
142096041.44
72117152.9
66486031.23
72288033.35
28702048.33
67283269.4
141701607.65
141141348.47
66858605.67
77119869.14
28795179.89
66956169.93
28962134.49
141822541.86
76887912.22
140573027.39
21462844.65
67070825.46
28375072.62
22840635.88
26156289.5
76930072.55
141299281.59
28101632.68
15950910.77
67414590.62
66809439.63
141128229.93
23562776.0
66922540.88
141415866.82
141307701.88
23667462.99
66720831.68
76727718.53
28146384.9
32429752.78
76706657.88
76450745.15
66076277.35
22956195.37
32244462.2
141489494.95
141211058.43
77662800.55
65892011.46
20454100.09
29289922.02
24762806.85
29220979.85
73039130.9
28973228.48
22972091.93
28286828.64
76183522.85
28342914.77
76673131.66
66936249.82
28689431.32
67367752.65
72612165.89
66687924.62
65540045.73
67127186.7
15948708.13
22736904.94
77408878.2
30286077.88
142178488.22
76272734.17
140980960.18
141145016.35
66481353.57
66563588.13
24316382.38
141384779.54
66460762.41
77142848.7
66531651.19
28098771.59
139907128.39
27124801.98
29403773.18
28129539.97
28780353.4
29553792.43
66495806.56
32065268.23
77081231.75
29791907.61
67035444.04
67335900.97
29328114.72
22987939.1
66556597.51
76295858.6
140793662.11
66727069.49
72652515.72
30003521.27
67367596.96
76984430.73
67180759.09
140784092.31
78496541.28
77609163.53
66872342.44
27599784.82
29145554.45
141039624.73
27954133.55
65726033.86
75855468.28
141915988.44
66720268.85
66589932.61
66474959.67
28648900.83
67017965.85
76328661.86
66573079.19
33460378.42
67525594.92
139897850.84
66664853.2
28841988.19
76572810.99
143249226.9
67389403.99
67251765.68
23390074.83
67161738.78
66845302.33
141534318.19
66560651.4
29010173.6
28403933.77
78218868.72
140735762.78
76259974.9
142393691.63
28855879.4
65883008.38
28414917.76
66922950.55
66565512.0
66721433.89
141212578.68
76915924.87
22734301.13
142449091.59
72534754.81
77982277.1
28721512.14
32369053.18
67019501.75
28005297.45
28148713.31
66433010.42
139597340.29
76833368.0
26625861.77
28964653.37
67011771.34
76486651.27
66657059.45
76527687.22
71969730.12
29341013.23
76843103.56
65834819.3
15998291.74
66875522.91
27918454.71
74519875.54
23264846.21
76409890.2
72972282.99
141269409.34
68886602.4
66444073.71
77267047.0
29353694.58
16077121.26
29279866.87
28001867.17
141682476.25
28103828.46
141692466.17
141854496.2
67309876.31
28852408.12
29468657.16
66875685.8
141841042.32
69119054.31
66343970.76
141777757.54
68637117.45
76264176.46
142918159.02
72534433.75
67334918.0
72062890.55
28301325.5
67047953.55
142193536.39
141449367.13
66688487.61
77061694.19
28928128.46
67767637.56
29038045.88
141835903.32
76025912.08
142635324.28
21938585.66
67476428.0
29118935.35
22820086.54
25982129.34
75767600.57
141485456.86
27719163.3
15932463.13
66618824.67
66833761.25
139504628.77
22357088.25
67029428.98
140698669.02
141299462.21
22737452.9
66968601.59
76198874.13
27883647.54
32771783.95
76771228.84
76365549.44
67022851.35
23107031.62
31873394.99
142054728.05
141469002.86
76643513.46
66272542.03
21323633.27
28748117.33
25204668.77
29071958.49
71945141.32
29020511.9
22915465.95
27887864.3
76985694.3
28590811.49
76672768.97
67069226.76
29001521.96
67331764.25
71949063.48
66919214.27
65184813.93
66423788.97
15877485.04
22961911.56
76823396.96
30162864.62
140764474.15
76331238.8
140860201.42
139203331.59
66974055.88
66073799.97
25507248.08
142583376.13
67332754.91
75884491.99
66678858.43
28186942.99
141206014.65
27046118.1
29124334.1
28369523.53
28217747.84
28866736.7
66490010.25
32002750.0
77140715.21
29449860.21
66900890.04
66770930.78
28605951.65
23111382.47
66809175.62
75967342.5
141609254.34
66699327.24
72930637.85
29385843.34
67314448.07
76319694.86
66147085.65
141272160.33
77865416.23
76204655.06
67231572.22
27681603.02
29770043.64
139858959.11
28297701.08
64919448.32
75443151.18
140723764.53
67010194.9
67759194.45
65832298.91
28334332.49
67007560.71
76370133.74
66875617.43
33943165.76
66882437.89
141754458.67
66562308.71
29261107.14
77136928.04
140424927.36
66453941.49
67522540.01
23778259.63
66364512.4
65940347.79
141472395.61
67993726.84
28820255.24
28279409.41
77764542.55
140713371.83
76650925.87
141400701.75
29253635.64
65901933.82
28492804.7
67048223.69
66814293.03
67185623.68
139506992.8
76664350.53
22178117.98
142155841.39
71738816.02
78062796.09
29346965.35
32626803.44
66873464.57
27419045.85
29345071.24
67056004.31
141786556.68
77349712.24
27374257.24
29061366.79
67301171.12
77338809.32
67304422.78
77091030.07
72730997.27
28821975.24
76033645.0
67568286.9
16060514.57
66911860.35
28083069.39
73772980.97
22884382.34
76704839.61
71727712.34
141383146.61
67977975.87
66939779.51
75819104.78
29118264.15
16011226.31
28440373.02
27827406.69
140452798.75
27872642.25
141873500.62
142088035.18
66628443.86
28782402.92
30004823.36
67569822.61
140629913.23
69208705.16
66529260.07
140804499.25
66748991.65
75661051.52
142190020.09
73526378.3
66526448.12
72938063.78
28277194.01
66857189.39
140988191.83
141229285.2
66179639.67
77114287.39
29247058.44
67206252.41
28577662.76
140555451.0
75889717.33
140478424.72
21719514.12
66739008.9
29041337.97
22912043.66
25845867.26
77500076.14
142163670.04
28535303.29
15901703.62
67588061.18
67517151.47
140333368.37
22580436.88
66980600.19
141759286.57
140700786.52
23861138.35
66807328.88
76899498.21
28480597.92
32450237.62
76284089.05
77811336.63
66006667.35
22692867.09
31811986.29
141803769.33
141187337.96
76751875.35
66390949.2
21766469.02
28945838.25
25144043.59
29070420.07
73140230.62
29186390.93
22910982.45
28047188.15
76221341.61
27791566.6
76435759.14
66729715.97
28421018.54
67282305.93
71697915.39
66700199.7
64849615.63
66788475.31
15869713.29
22887267.59
75862959.27
30163618.22
141963729.19
76701517.13
142420785.79
141678272.89
66838149.26
66668426.69
25259198.19
141507413.75
66872959.35
77856493.38
67628713.88
27984065.04
141090806.98
27436004.93
29226935.83
28130033.84
29047575.33
28566728.28
66531928.38
32408586.85
75417674.34
28978729.02
67282966.89
66022304.38
28978169.25
22651054.95
66389101.31
76371696.26
142890844.98
67162602.97
72343839.73
30261347.8
67347070.16
77320753.02
66363227.35
141370374.84
78511168.08
75671894.99
66531856.13
27002105.87
30485764.13
140885303.55
27787143.01
64941279.39
77338565.22
141856132.46
66964686.51
66623670.83
66293778.77
28948020.81
67280724.66
76083151.7
67039864.54
34240575.97
66377993.4
141863366.26
67814585.44
29145620.93
76681932.74
141675709.12
66533631.13
66063272.49
23220586.92
66633574.99
67502172.4
141114061.19
67139596.49
28859405.88
28436535.61
77461847.21
140270320.65
76708702.92
142094389.26
28922370.23
65540974.54
28556078.63
66457762.75
66512963.3
66986080.22
141534204.69
75643570.7
23006279.5
140118066.07
72234043.42
77688556.21
28396185.93
31920163.02
67380521.71
27849854.88
28855456.12
66786275.43
140774078.71
77141138.18
27536884.64
29139043.54
67119346.41
76714109.88
67102001.53
77009139.52
73138327.71
28729398.36
76970902.15
67128073.74
16068513.21
67183945.82
28386032.94
73416653.99
23135330.74
76590570.78
71479187.38
140009918.39
68665889.68
66679609.39
76264958.41
28988849.72
15994975.42
28438451.98
27992390.8
139882926.78
28269991.41
139736253.02
140862051.15
66763423.15
28736498.48
29457493.62
67488598.72
141139507.34
68918634.58
67465662.72
140773765.55
67598997.45
76381032.21
141757526.07
71944189.55
67053074.21
71998790.31
28118432.48
67305174.15
141494598.18
140587317.48
66949527.7
77044756.39
29216315.1
67034280.3
28857945.42
142468437.89
77129867.69
140671474.88
21524275.21
66448218.49
28272518.5
22968913.65
25397676.5
76151633.01
142534277.79
27757324.25
15967808.4
66245365.83
66832294.14
140795366.11
22525537.73
67398838.34
142082771.82
141467478.9
23277756.51
66198060.08
76896347.49
28202749.46
32226075.37
76633105.68
77007922.03
67354508.06
23045286.24
32012744.11
140777073.78
141180232.1
76750750.38
66943861.23
21752745.37
28741679.72
24290443.48
29227290.72
72282902.98
29432164.06
22995098.69
28388382.98
76829740.74
28344975.16
77236793.2
66590392.89
28622480.9
66640450.93
72518435.44
66422832.95
64593748.98
66936765.9
15835434.64
23128486.07
77532821.03
29935601.32
140915934.07
76604265.53
140824080.58
141302233.45
66332126.54
67026709.76
25071837.05
142339718.58
66239901.45
76813790.37
66583672.82
28105678.09
142434831.16
27040028.35
29055711.31
28640389.76
28506692.29
28728410.79
67470487.44
31471912.45
76549007.89
29768079.68
66925695.89
66482475.64
28635977.01
23624315.25
67146648.57
76666002.78
141867963.81
67231718.23
72083269.85
29865281.4
66590183.49
77323919.34
66859044.05
140850840.15
77945231.97
76343900.31
65695427.6
27216817.21
30130680.6
141889665.87
27943680.35
65836867.27
76151363.05
140869608.72
67326510.52
67120888.41
66755919.29
28462231.08
66643871.14
77171412.65
66584912.54
34043822.86
66461519.8
140884556.67
66385339.09
28954875.62
76632209.23
140819178.01
66150039.68
66400937.9
23354751.85
66249627.51
66583657.58
141183453.24
66946515.11
29370906.61
28354389.21
77620890.05
141227395.26
76528835.88
141018260.18
29517325.19
65411733.95
28184806.07
66780521.38
66359656.66
66687499.44
141949643.02
77178126.46
22323618.51
142329092.98
72226846.2
78868138.51
29387667.93
32051960.01
66216952.75
27159259.51
28710766.25
66840903.82
140402112.86
77061464.59
28035868.54
29077669.03
66931402.66
77413227.45
67514503.77
77375970.5
73381573.7
28943172.14
76259705.3
66220816.65
16041166.16
66976202.56
28851326.17
74171544.34
22490732.01
77367406.12
72130530.31
141044195.42
67918382.53
67804171.13
75948839.54
28919526.88
16015652.85
28952618.91
29248855.88
139695953.77
28187170.29
140119204.47
141728739.99
67336216.73
28661403.42
29593964.51
66431674.59
141907370.82
68427390.2
66927488.73
141075229.0
65962083.08
76306851.07
140542839.98
72706558.86
67445031.67
72367428.37
28402193.25
66119361.94
141266551.51
141861241.82
66610707.97
76154391.32
28613172.12
66851600.59
29126675.31
141558877.05
77179313.59
140959315.96
20955052.39
67065562.15
28682051.25
22580845.24
25728097.37
77035129.42
140987770.49
28286659.66
15945043.94
66330483.99
66633012.0
142830876.8
22782330.94
66433071.65
142304583.89
141223964.1
23330621.84
66835035.52
76808273.0
28134298.27
32028716.25
76717253.7
77706880.55
66943717.35
22628296.42
32559722.79
140266056.88
142340003.9
76610900.9
67017209.93
21431032.02
28277388.73
24741511.38
28664660.43
72440904.94
28963029.57
22908720.44
28438488.6
76470454.22
27950587.76
77336012.65
67228636.83
28649964.34
66859121.71
72686483.01
66753084.81
65690056.98
65991793.03
15844443.53
22848536.51
77240578.43
30014256.72
140730453.3
75923233.6
141229780.93
141404462.87
66784851.16
66678302.32
25181683.18
141262865.62
66654164.5
76742714.72
66581171.02
28414983.12
140796934.95
27499046.51
29464150.12
28347088.35
28888149.9
28634026.78
67258264.98
32406597.87
76214702.16
29052135.38
66706614.99
66096211.04
29646292.85
23677018.54
66627242.8
76255365.97
141965234.28
66780095.14
72547410.74
29722950.57
67256761.42
77013798.62
67111306.98
142131347.25
77773708.76
77065969.18
66863745.69
27220531.75
29667959.08
141244685.35
28491766.93
65034188.17
76643509.43
140703499.24
66346987.2
66866255.63
68280924.61
29017328.46
66280273.32
76552049.34
67306345.5
33283517.41
66359159.0
140314016.05
66502102.11
28208635.21
76549519.8
141631957.26
66274209.43
66195370.94
23192127.37
66592499.58
65850362.94
140879514.4
66716591.48
29074745.45
28190293.89
78081791.41
140332435.06
76905603.78
140597755.1
29234704.73
64981645.88
28210401.02
66346769.82
68102788.66
67416207.26
141032100.24
76634586.0
22820936.9
140501774.45
72143940.4
77793372.79
28948566.0
31933043.41
67385856.14
27669651.22
28714298.23
66411694.51
142157341.91
76009561.71
27301578.83
28697034.78
66578764.61
76959092.88
66876279.2
76069105.35
72173943.66
28995143.42
77162896.13
67412098.77
16024113.58
66944662.15
28653381.03
74602644.15
22872985.21
77189158.51
72344166.86
140907251.09
68759537.73
66383770.28
76571079.73
29144599.8
16035739.19
29553198.55
28109297.13
140047367.48
28170698.36
141669778.09
141958375.29
67538682.46
28935886.71
29289216.84
66974916.72
141436589.98
69108044.18
66210605.48
141688006.95
66382244.68
77484819.31
141855761.84
72512804.07
66426892.05
72260455.41
27955278.2
67232516.34
141076096.17
141533762.19
66162563.23
76977158.56
29372467.44
67931987.07
29460387.37
141558270.46
76684756.54
141577581.55
21684169.65
66951441.16
29256342.3
23181586.29
26116369.27
77529213.87
140504925.63
27837862.24
15976204.8
67474052.45
66717889.04
139538224.93
23330197.82
67380043.85
141586188.41
141227921.66
23183260.33
66019831.36
76890037.06
28308246.19
31815163.87
76665948.01
76678816.94
67435923.38
22741267.79
33117740.75
142068044.38
142077188.14
77027637.72
67019795.9
21348831.81
28665502.79
24825113.34
29218580.08
72139525.18
28291856.53
22845225.84
29307951.86
77087029.12
27877321.1
75952725.07
66524671.01
28457069.68
67222318.26
72631976.17
66150604.47
65393967.19
66891174.1
15914668.55
22522900.78
76340325.84
29118471.48
140623617.55
77733873.5
140868569.28
141613253.81
66737642.54
67135834.22
24923043.28
141836045.9
66833535.0
77128894.31
66599339.07
28327436.64
141745443.3
27715186.82
29133485.0
28614781.24
28861416.19
29512235.26
65867016.89
32408988.59
76460347.73
29434758.54
66642176.66
66514092.3
29311951.96
23082851.07
66224765.09
75819380.39
141778163.48
67207550.41
71140678.17
29710627.87
65890216.83
77388875.82
67601984.56
141535648.91
78930958.7
76724897.74
67661395.85
27449811.63
29146022.99
142233956.86
28319849.18
64761324.08
76782208.8
140651375.68
66237713.75
66525393.54
66496844.33
28533759.89
66967966.44
75815244.82
67408298.73
33807531.19
66787067.98
141848327.31
66351627.93
28901594.83
76919837.13
142768905.9
67070489.25
66462726.31
23150096.92
67194501.61
66373835.99
141179157.74
67085826.63
28374935.83
28355585.86
78299460.95
141017331.74
77701042.99
140943651.79
29649758.43
65433572.51
27950206.73
66830041.51
66614560.21
65944823.12
141208295.49
76179580.56
23030304.35
142039853.2
72209481.51
78929162.03
28652244.49
33680084.74
66895795.07
27533751.82
29030330.9
67735604.7
141371775.18
76922335.91
27885932.13
28881156.03
67312755.51
76752119.68
66206913.89
78276807.64
71763051.77
28707843.27
76955574.39
66800143.13
16032917.1
66562720.91
27763779.97
73832639.6
23196260.48
76867286.97
72434247.03
141148603.89
69071859.0
67238642.98
76137649.66
28987442.88
16007727.8
28592441.01
28918416.95
140835598.24
28271897.36
141127174.15
140888648.79
67736647.53
29034639.96
29758917.48
66701680.74
140722167.21
68520103.2
66249027.44
142228507.39
66384758.59
77407920.48
140135905.16
72804609.72
67062373.51
72715022.84
28895949.7
67048321.15
142455170.69
140790401.17
66058204.67
76830557.77
28835336.53
67112946.98
29066458.71
140795567.02
77427988.82
141002897.75
21666262.86
66622019.43
28678091.28
22836241.94
25428182.87
76834697.09
140782097.61
28404824.03
15904382.86
67403162.29
67331291.23
140630303.48
23625407.64
66076024.72
140895964.08
142026430.82
22738174.48
66334945.59
76859526.51
28227517.37
32359231.23
75997199.42
76968370.93
66504011.29
23066172.76
32106440.47
142650868.98
141286502.58
77388606.51
66507289.22
22018686.72
28764739.0
24792206.64
29374022.53
71492250.02
29173232.46
23137006.39
28358852.23
76459725.62
27938622.07
77400735.77
66849699.02
28928394.67
67506133.15
72261051.9
67465623.79
65518163.91
66603392.84
15926972.68
22911794.88
76747365.97
30793031.66
141503582.94
76726352.55
140879849.58
142202592.05
67027124.31
67047129.96
24750727.09
142228678.08
66803970.71
77700208.22
67240015.99
28161498.39
141140308.43
27957671.17
28892573.02
29317634.82
29244616.57
28930473.06
66797613.5
32224553.72
76733433.44
29944592.55
67086985.5
65782019.28
29132573.82
22622285.16
66546727.13
76550219.55
142582758.22
67586087.23
72650920.73
29884390.71
66692998.87
76441962.43
66579236.55
141610036.06
77749549.02
76472328.84
66352301.71
26754995.25
29861743.85
141489022.47
27933045.31
65086415.31
76043514.89
141542480.2
66476151.08
67223979.0
66970853.29
28453095.4
66578332.83
76841388.92
66512732.83
33866772.78
66932858.82
141268737.73
66584075.77
28915893.24
76694864.17
140941658.37
67548492.05
67296261.57
23350191.77
66858179.41
66558358.95
141591667.24
67237925.51
28604420.39
28072045.85
78522987.88
140943017.92
76445844.93
142306089.52
29295831.49
65485194.24
27308175.36
66365475.02
66396262.72
67423656.14
140852163.46
76525024.46
22997836.8
140647085.52
72133113.73
78427526.42
28588189.46
32186831.1
65983800.56
27448903.06
28857163.11
67183841.81
140712920.21
77865507.73
26552450.42
28634152.57
67559594.64
76946217.99
67952810.45
77093436.62
71502056.19
28810453.75
76494482.69
66960530.55
16065197.49
66790349.4
28352598.49
74270965.91
23027951.59
76777665.97
71995376.84
140816379.25
69398168.98
68052627.91
75755370.52
29490478.95
16040434.34
28696176.62
28543784.21
140918202.74
28207816.09
140917976.07
140088885.28
66517688.28
29370466.82
30071686.09
67035494.54
141137597.41
68288800.2
66821066.61
141897628.56
66756683.39
76782281.74
141283541.14
72027677.43
65926185.63
73307485.5
28043222.64
67369742.43
141806166.73
141881697.06
67158847.4
77519988.52
28727887.57
66676350.59
29352713.41
142453533.87
76980184.61
140729544.04
21285683.94
67085041.24
29167758.15
22984958.55
25885473.21
76873918.95
141347003.03
27633444.56
15954197.84
66832651.61
67717405.74
140872832.74
23328269.18
66182728.4
141539050.85
141585004.33
23340809.42
66290438.2
77276339.02
28444801.79
32661139.21
77005872.34
77533203.54
66924787.51
22630428.73
32697767.07
142488826.06
141292882.97
76992368.35
67474261.32
21957906.84
28763327.96
25002810.74
29500197.45
72621739.15
28519557.52
23121808.83
28112330.76
75313220.1
28248909.13
76400793.71
67350939.05
28753393.8
67398532.85
72217206.87
67699996.74
64927970.63
66609969.78
15889430.41
22905934.83
77317609.87
29783183.94
141133356.3
75837923.07
141443342.34
141468899.03
67348917.31
67585909.08
24690493.51
142111264.21
67173901.52
76207242.02
67034827.25
27820247.97
141739185.91
27483197.59
28752691.81
28458273.77
29527623.53
29416182.18
67560871.92
32884362.27
78063321.54
29625613.22
66632398.95
66050065.58
29329199.79
23511445.49
66376087.64
77448837.89
141198868.72
66804465.82
72404359.94
29827860.34
67284481.47
76553364.55
66319549.18
141349896.71
78556790.33
76302388.8
66811962.22
27321990.07
30190383.08
140956842.67
27801826.24
64420671.66
76235877.23
141969928.33
67055355.74
67044826.11
66579495.76
28483455.31
66960451.58
76185846.59
66738718.44
34176061.18
67319545.3
140952373.01
66991816.98
28555888.21
76668759.98
141702494.44
66928272.66
66821609.43
23390146.15
66776095.74
66307558.96
141055998.97
67778634.67
28328889.52
27850629.32
78323113.93
140971208.34
77054360.67
141020961.26
29431794.54
66253593.36
28349312.39
66535165.05
66942066.04
66914498.51
142224892.43
76287837.55
22717510.05
141311256.39
72782827.97
78196658.88
28538174.79
32029152.57
67303981.42
27622714.56
29468439.29
66820065.32
140662780.29
77302983.63
27260763.94
29311877.12
67144238.59
76571617.38
66480778.09
76430023.16
72544051.47
28546234.78
76027161.99
66775455.38
16011756.75
66964922.21
27289318.76
73735264.19
23156562.79
76281882.66
72603594.78
140256416.6
68658474.06
66926909.8
76598641.71
28385755.61
16037187.08
28727891.79
27592974.58
141534380.82
28048452.38
141021497.04
140804575.43
66043031.14
28945055.22
29768459.54
67179267.79
141260960.42
68312205.77
66626186.86
142578355.15
67243559.01
76564888.07
140931841.61
73407679.73
67517855.23
73854575.67
28461026.39
67020592.2
140736915.43
141177452.98
66945699.92
77769561.75
28899509.29
66892393.12
29422027.74
141031187.84
76284978.37
142111835.63
21559863.94
67228562.49
28288416.98
22868211.38
25607039.54
76943154.76
139645337.43
28338968.67
15941854.91
65716618.66
66470403.55
141620754.45
22819239.12
66567386.47
141421472.94
142445027.95
23310806.93
67140166.43
76024455.06
27943166.45
32472075.65
75742035.65
76641049.69
67705193.4
22800985.43
32025079.83
141597461.2
141077471.07
77242522.18
67028865.08
21795987.26
28738133.55
25404429.74
29137984.95
73412008.29
29071162.9
22772554.98
27965502.54
77205921.22
28008997.77
76439486.92
67733261.14
29272425.14
67045327.71
72174216.43
67373757.33
63821029.52
66975211.56
15944595.36
22564128.25
78157244.27
29767652.09
141897432.71
76162209.57
140961896.47
140936558.51
66846273.54
66643456.08
24842651.48
142397201.67
66945277.54
77618909.0
66580446.1
28152406.78
141263710.66
27287542.98
28635576.14
28604282.53
29409054.85
29671276.55
66348261.93
32262869.98
76682119.65
29515702.91
67041162.47
66718958.78
29312217.58
23060612.4
66456541.86
76473356.11
141439388.66
67146035.86
72746373.04
29923221.32
66729047.74
76519004.55
66285579.29
140270157.39
78036994.67
76294593.04
67641941.11
26776025.87
29841184.02
142519690.44
28291461.8
65174062.5
76832960.48
140738957.2
67477831.19
66685619.51
66799454.84
29284801.95
66470486.09
76581133.08
66852684.92
34463614.59
66094329.44
141662204.21
66617198.19
29313574.35
77161374.1
142179267.9
66462795.37
67113465.4
22852838.33
67455739.91
66649251.52
140894245.84
67297933.8
28613650.21
28131781.38
78574606.22
142331054.74
76045083.66
140816163.1
28403998.86
64704434.83
27396078.49
66140239.75
66112929.5
67373354.3
142245160.32
76465374.02
22597211.12
140900523.53
72138954.94
77525557.06
28563068.03
32075780.02
66470431.72
27203926.27
28912512.53
67100274.58
140999880.73
76933982.58
26864249.08
29415824.62
67361155.66
77110882.89
66588713.38
76708457.02
73092725.72
29302369.19
76031744.73
67043237.7
16061948.24
65892584.14
27700151.53
74520332.53
23180780.61
77548210.84
72564073.83
141546950.22
69291318.34
67334870.08
77159679.87
29113874.52
16033005.94
28979574.67
28510315.87
141372959.76
27849568.6
141138641.25
141301613.93
67148489.67
30034295.29
29770823.14
66860572.21
141881958.23
68826830.25
66745944.27
141490303.15
68145487.72
76854618.39
139995206.76
72444745.31
66764572.78
71966716.12
27926814.2
66685939.08
141583441.84
141472667.92
67080760.82
76712783.85
28919388.02
67623315.99
29433241.82
141412899.45
76375679.25
140379492.44
21839492.8
67326364.48
28756616.75
23325485.54
26492946.85
77591811.86
141306357.28
28082481.44
15932510.0
67258499.24
66600354.02
141464436.82
23166009.95
66970542.73
141957192.08
140962218.53
22399512.01
67045129.69
75951990.95
27951553.34
32203125.38
77083999.83
76816987.74
66713043.24
22578663.2
32438617.4
142478867.68
140390385.97
76846834.52
67782960.03
20925087.1
28426482.25
24822610.0
28999336.82
71499488.44
28740692.16
22810259.72
28200837.27
76374082.05
28229788.99
76471203.9
67481364.07
28567821.13
66823539.02
71650586.79
66621395.75
65313417.11
65282036.61
15876992.69
22534976.76
75963577.92
30622487.79
141286675.15
77092125.5
139846666.91
140690060.33
66315354.37
67019102.94
24741948.18
140887287.26
66243276.14
76167943.42
66877079.92
28159154.96
140175343.01
26451076.31
28773054.47
28115303.47
28304452.45
29621588.35
66076474.77
32673239.43
75970759.15
29888805.69
66792850.04
66793589.3
29276601.01
23074006.67
66599121.11
76262534.19
140771643.12
67164419.22
72753866.57
30315561.75
66495179.59
76421137.47
67869065.07
141746597.2
77937088.91
77432581.37
66340732.14
27454718.08
29564554.55
141701401.97
27971069.28
65714836.12
75931016.19
141041939.12
67210016.77
66606244.11
67514689.11
28846256.74
66237218.64
76623031.05
66149930.31
34525230.62
67366754.03
141029138.34
66142927.7
28760686.52
76448305.62
141584151.79
66206288.07
67348704.22
23235810.03
67454401.21
67412278.47
141148931.49
66488686.99
28227155.33
28099264.96
79148488.04
143212127.18
76677222.59
140949692.6
29305290.81
65378362.08
28261498.55
66672680.67
67042434.85
66380251.19
141148148.12
77072533.68
23380169.69
141888288.22
71961103.34
78259741.05
29359913.4
32082667.19
66409688.57
27083905.19
28923665.24
66433045.81
141422057.03
76094607.44
27659822.22
28776933.48
67298158.76
76495785.84
66951027.55
76250796.24
72424033.92
29173879.16
77761934.15
66210583.44
16075686.02
66044302.28
28249356.74
73545351.14
22632259.53
76980099.78
72309807.96
140470952.53
68071402.01
67119791.69
76609338.16
29103711.62
16069703.08
28917894.25
28313035.33
143176553.32
27846323.86
142093730.32
140584811.41
67390988.53
28841424.4
29644574.48
66633726.16
141391083.93
68156510.67
66948494.02
142493099.48
66727340.13
76791437.35
141007189.74
71995385.33
65904573.83
72424870.9
28873279.13
66830634.41
142186990.73
140412878.34
66801978.98
76660898.07
28785621.72
67522036.65
28752557.72
141495869.68
76606705.7
140723719.69
21588741.18
66677267.37
28550468.74
23406055.63
25650444.24
76640247.58
140845613.95
28301895.39
15925170.23
67570111.65
66529166.32
141500446.3
22999865.14
66856649.08
140834185.38
141274498.64
23452871.0
65904649.59
76255043.99
28225639.61
32184244.2
76728480.41
77140674.75
66799407.71
22926660.66
32495322.08
141651922.66
140883820.03
76454946.62
66841298.59
21717292.91
28892748.16
24613601.15
28635987.74
72893961.74
28684326.71
22646530.78
28772256.59
76893904.18
28049986.59
76878099.65
67465368.85
28975262.32
66940525.58
72352512.93
66726787.58
65420653.49
67657401.65
15946740.52
22624217.86
76455045.1
30391879.99
141367300.33
76699618.26
140813933.74
140679746.74
67163157.1
67323263.17
25585867.46
142332673.38
66847122.48
76842948.41
67410484.45
28079905.27
140795542.63
27872409.01
28687409.42
28476888.71
28879956.67
28772951.86
65988334.17
32020717.77
77671271.02
29762063.95
67084470.1
67287087.93
28608158.24
22237044.62
67117884.29
76884468.75
142561937.31
67353595.1
72749056.84
30200160.63
65873262.75
77061821.25
66779115.61
142666700.19
77561932.02
76153186.21
66542552.29
27585607.96
29745693.58
141187817.92
28732097.71
65111129.7
75951046.9
142048573.54
65704363.42
66944514.38
66550502.79
28547746.52
66962207.43
77160017.06
66529390.89
34845200.1
66976511.5
141046767.82
66825960.92
29152401.86
76547001.46
141402400.24
67417894.2
65878272.5
22967090.11
67146689.79
65900102.57
141095118.41
67886657.03
28348316.83
28747940.25
78478415.98
140300451.65
76727697.81
140053624.44
29177794.38
65402554.98
27837445.62
67307913.29
66704344.73
66817262.39
141504470.71
75700876.05
22926377.31
141551052.5
72120180.98
78464515.77
28964959.24
31835874.62
66955476.86
27322005.35
29243001.87
66471552.75
142034024.0
76622206.22
27069721.48
29077342.17
66774100.67
76227023.07
66934421.5
76412030.94
72845548.47
28400878.43
76183321.18
67385529.85
16072559.45
66361897.17
27242157.14
73326298.96
22802408.74
77615882.93
72080167.98
140944310.01
67258870.17
66363197.38
75990879.2
28585939.19
15999946.61
29090718.42
27992647.42
140498645.14
28521978.36
140326383.11
140028096.36
66837096.82
28557235.91
29568212.89
66534526.12
141750847.61
68523572.24
66522461.15
140681731.83
66840169.14
76892710.02
142276107.12
72770152.96
66999494.5
72165869.14
28377021.98
67035238.55
140371667.92
141722885.78
67205022.55
77253282.83
28824934.45
66967213.75
28665787.99
142246309.05
76429300.39
141277474.95
21637057.93
67336585.18
28657544.61
22717511.77
25534524.22
76985228.66
141999033.48
28454719.57
15912688.83
66588688.33
66739783.34
141271444.55
23491580.66
67353916.84
141060692.71
142049217.76
23054489.9
67221496.08
76048621.18
27760921.84
32204534.07
76958703.04
75437576.66
67005593.87
22995637.31
32146898.89
141362012.96
141343539.67
76534405.05
67102280.57
21448957.87
28611280.45
24986826.49
29196077.07
72805272.48
28957463.84
23137586.91
27925416.6
76292125.57
28096288.78
76800150.61
67220227.91
29423494.0
66315007.31
72837833.89
67854927.0
64812742.07
66899534.29
15866852.46
23116315.11
77240776.53
30157451.3
141607528.38
76057175.5
141641050.34
140765447.63
67445449.15
66665561.82
24839459.88
142116734.68
66838077.89
77143669.98
67022073.44
28018262.27
141928954.07
27350214.5
29136469.68
28124456.98
28659130.71
28960234.48
66757728.88
31883243.62
76491596.51
29524853.48
66430904.46
66230787.97
29120633.77
22609380.74
66993735.74
76405745.63
141434741.67
67188043.0
72650495.07
29465363.3
66674790.8
77208744.16
66559356.64
142130331.45
78077364.79
76087418.86
67573236.49
27336304.06
30026710.87
142817502.3
28542656.8
65887150.56
75911220.93
141350596.31
66998058.37
66049276.11
66867031.57
28594202.36
67059531.97
76767296.32
67295131.5
33803968.87
67247429.31
140702620.16
67039768.18
29270314.9
77047209.34
140810085.27
67369265.66
67334358.27
23579491.39
66970956.32
66804106.25
141809803.59
67433073.82
28647069.34
28563768.6
78545613.78
141136674.43
76801801.61
141314635.38
28934030.42
65514121.02
28157902.65
66821384.78
66903405.06
66709638.58
141651582.3
76551854.33
23094229.39
140832952.81
72378108.75
78311572.01
29109905.41
32316605.32
66257052.88
27170462.42
28876303.59
66839263.1
141043544.86
77284985.63
27698100.73
28856973.88
68453068.06
76840499.24
66717203.85
76573876.21
72303496.93
28855573.99
76472246.71
66342923.61
16085740.33
66810769.67
27986926.42
73751013.41
22637215.05
75866335.63
73040847.12
140795796.67
69031568.67
66438235.39
77118774.88
28935322.12
16022124.64
28490928.65
27900067.41
140926469.5
27496412.43
140951047.45
141677844.39
66529401.12
29105074.76
29689643.58
66458741.69
141849438.53
68515332.77
66977463.58
141646665.26
66655906.53
76976720.31
140415629.46
73185756.03
66147409.04
73023632.09
28162235.74
67651497.41
140799656.31
141741580.05
66627020.63
75380013.21
28533569.88
66576707.47
28674608.88
140782812.37
76625475.07
140929805.64
21435237.58
66491157.49
29440987.06
23100642.83
25865913.9
77276290.23
142037093.04
28727663.83
15895771.08
67931511.06
67332470.85
142222338.48
23588714.55
67429470.37
141945686.32
140150435.84
23094780.29
65914848.65
76407054.93
27720031.65
32110344.92
77141501.99
76745484.64
67110244.92
22483287.73
33106577.86
141235334.84
140285449.97
77092509.33
66442130.15
21417185.42
28795617.9
24809796.95
29010635.21
73055651.13
29078032.65
22697600.49
28123831.06
77295337.45
27902116.72
75493304.39
66896509.02
29061992.53
67295727.33
73100882.01
66918341.55
65133389.77
66184313.91
15877899.72
22642640.41
76357502.44
29461607.14
140993574.79
77598260.91
141502074.56
141356317.42
67018289.88
66289506.66
24965804.69
141476727.56
67152131.61
76634444.83
66826486.75
28544909.34
140858364.37
26881484.34
29095483.57
28368252.78
29385525.44
28269329.64
67355943.72
32559092.69
78052333.67
29448021.99
66654932.74
66913918.93
29198312.43
23682293.71
66391822.8
77352417.95
140813025.69
67834110.84
72367049.24
29307080.99
67181309.46
76948654.19
66263569.44
140401343.47
78214528.65
76057205.17
67546240.59
27789960.06
29341242.81
142340143.59
29139039.73
66330198.95
76805292.63
141649510.98
66625041.09
66372109.89
66835129.23
29416868.88
66191665.25
77391006.44
66487360.84
34475935.03
67277266.79
139190816.86
67065036.07
28414932.28
76885200.8
142664608.4
66718604.64
66198723.35
23113099.67
66390665.86
66826138.84
140605105.76
67149349.76
28331416.72
28776326.37
77443443.83
139928215.55
76547798.23
141263836.27
28980868.33
65791206.05
28687867.72
66832021.94
66629692.29
66863064.6
142528538.67
76483081.54
22851208.79
142187401.55
71278444.16
77734577.27
29234990.66
32714256.97
66076638.55
27208414.59
28867199.82
66739934.67
140751071.92
77703940.43
27529775.79
29442631.09
67445009.69
75963608.23
66750979.64
77420370.25
72794398.82
28313033.31
77006471.04
66904090.75
16028713.5
66509454.13
28294123.7
74244382.6
23214008.07
77264669.71
71345677.64
140661370.79
68241492.0
66909010.56
75770398.32
29506135.8
16077318.3
28651805.19
28620063.5
140619622.7
27977331.98
141967517.2
140661987.57
67011009.58
28779180.46
29813970.55
66495035.25
142344699.22
69365123.08
66350936.32
139709825.98
66521584.34
76011085.95
140413987.94
72423107.44
66530137.06
72308254.55
29058183.06
66737508.89
141084375.53
142026441.9
66495209.09
77085041.9
28951138.93
68036374.13
29134993.78
139330127.74
76841755.94
141142549.25
21515779.57
66775510.63
29220758.56
23090194.78
25577461.52
76613084.87
141524844.55
27952846.95
15901247.3
66274031.84
66721436.62
141543730.9
23287403.8
65729911.67
141529554.47
141850363.93
23052218.36
67351501.2
77016881.71
28208853.94
33150960.71
77195920.83
76668480.73
68020406.86
23131154.4
33044047.87
140946168.4
140940943.74
76231098.44
67016862.34
22124525.32
28683490.55
24832098.42
28937968.77
71041611.21
29061756.04
22688864.44
28263467.47
77877538.64
28334272.16
76620422.0
66389686.09
28811634.3
67637696.12
71911096.5
67062389.38
65248011.45
66697100.92
15885245.7
22961360.44
76879481.53
29652530.84
142002610.72
77451209.44
142107283.49
141574704.87
66873515.72
65985745.43
24847624.2
142091983.27
66745256.54
77019359.02
66363664.49
27515067.49
140711248.5
27379731.2
29318450.81
28206483.24
28798369.88
28760749.14
67615107.69
32640831.92
75825429.24
29730423.84
67049739.66
67919957.15
28452829.6
23310106.9
67060151.46
76500957.37
141984492.16
66401923.2
73361481.06
29751453.1
67877931.68
76493398.46
66171554.55
141384075.52
78218362.54
77084804.07
66537687.62
26980255.54
29968716.23
142512982.37
28753057.0
65728238.09
76845482.88
141309567.18
66478500.48
66224715.32
66797675.98
29025541.72
67328631.89
76939864.31
66790259.72
33905123.69
66765821.39
140921816.51
66866489.05
29042520.96
77538031.14
140815562.06
67327952.42
66947638.04
23181436.75
66809099.68
66719172.06
141800697.39
66379645.76
28709699.89
28075612.14
77095012.04
142230590.48
76133645.05
142984649.75
28845653.85
65685124.48
27716240.35
66624369.6
67355508.35
66963899.63
142120558.06
77993860.19
22587467.92
142140153.83
72145974.14
78893677.88
28866634.41
32662341.56
66680597.75
27928359.2
28555852.52
66195209.76
141615963.4
76399671.07
26594786.77
29590671.26
66184625.7
77465873.56
66824220.69
76680732.35
71754980.3
29147034.42
76535546.67
67379096.82
16044662.53
66392455.54
28696706.55
74676612.61
23233796.43
76865681.75
72313890.13
141864003.5
