13300242.67
14421702.01
24507600.35
23691645.25
13276048.21
13167195.35
13010375.24
24781945.46
13130916.77
14250546.13
22578281.34
13409235.17
16800471.35
22735236.24
17886874.65
13882446.13
15395755.07
19220915.09
31973619.63
12880918.25
13384986.26
15286120.94
13288145.15
13166395.79
13412689.04
13494763.35
14500602.83
33311120.97
13034201.62
13191382.22
13336541.84
13010375.24
13544215.69
21833578.17
13384986.26
13239758.71
14098356.35
23836935.0
12967113.64
24476491.24
17782250.31
23326223.29
29839586.64
19550509.58
13457942.78
13288145.15
13300242.67
13718014.44
13421367.97
17565261.2
42811111.34
12880918.25
13215569.97
27594642.1
13263951.69
13068462.12
16150289.87
13124360.49
18433238.64
17999244.03
27699914.64
26035075.84
13705583.16
12977911.27
20383533.41
19870432.14
13203476.02
14853856.31
18216239.83
20539054.74
19437331.81
13155102.42
13082549.64
13239758.71
14962203.55
13668307.16
13227664.13
12806547.87
29039585.62
13094641.34
22483906.68
12829626.41
48868941.74
13239758.71
13372865.05
17490975.98
13191382.22
47262884.6
17999244.03
12913168.18
20855937.29
12838407.31
27619497.02
13568990.18
13022117.37
13276048.21
13556600.69
29512815.6
12977911.27
16046535.93
28566068.38
14998980.97
28513503.11
31626971.03
14098356.35
26802768.26
13034201.62
29702159.77
48366818.15
21564693.49
19675381.73
16697376.05
13276048.21
22892103.67
13507090.65
14746229.44
24781945.46
13482156.95
24073171.78
13360754.36
13433508.39
49713750.64
14935960.64
13630269.25
12913168.18
13094641.34
12806547.87
25018223.33
16024690.3
12988726.87
15934734.08
13106733.04
13022117.37
15806927.02
24637318.92
24507600.35
15178855.68
32463245.99
12838407.31
13046287.83
22651084.58
12967113.64
29363486.57
16727454.5
25004031.68
26872571.1
14098356.35
12827780.02
13046287.83
13631037.15
13357525.2
12827780.02
13203476.02
24073171.78
12849034.6
15286120.94
12838407.31
17058823.52
27345832.79
13010375.24
32790642.99
13288145.15
24781945.46
13118824.8
13519459.33
17565261.2
13312342.06
13010375.24
20068982.73
18139544.19
13384986.26
13409235.17
12838407.31
17452278.05
13312342.06
28292695.66
28566068.38
30067493.63
19810588.6
37348873.9
19323835.69
24873774.05
48651505.85
34623235.15
18638713.98
30332762.14
18139544.19
13643459.33
13249039.64
12829626.41
53086265.11
12902392.88
24379771.62
20147409.33
13010375.24
13239758.71
34152443.3
27002542.72
53396905.31
24062741.27
25346735.14
13384986.26
13034201.62
12795931.98
13276048.21
20770185.0
31149588.32
13593783.41
15178855.68
32511204.5
17348280.39
14530264.9
12934734.32
13191382.22
13022117.37
34895759.91
14098356.35
13191382.22
24980283.25
14314305.01
14962203.55
16798817.47
31413145.8
14314305.01
12838407.31
13385050.73
17923306.62
13034201.62
28304369.4
13643459.33
13643459.33
26138024.42
13167195.35
13046287.83
13531837.44
18638713.98
36803671.83
23905693.91
13239758.71
15395755.07
13227664.13
12988726.87
25945440.78
13336541.84
13082549.64
23827430.26
18216239.83
16653811.0
27462563.45
49210296.95
12923948.74
27800485.71
24400872.95
12923948.74
13421367.97
14898500.23
13279966.41
12880918.25
13010375.24
13288145.15
23905693.91
13357525.2
13643459.33
12902392.88
13279966.41
13643459.33
16046535.93
18216239.83
22886307.43
13348645.32
14388654.98
13445719.03
12988726.87
23562475.74
25926134.14
14962203.55
13155102.42
55715970.92
36059172.98
14746229.44
13618618.51
13668307.16
15829603.29
17565261.2
15395755.07
23052679.69
12870289.97
24781945.46
13191382.22
17452278.05
16263473.9
14746229.44
13409235.17
22710908.46
13360754.36
13082549.64
13251855.16
13300242.67
12807680.25
16263473.9
12817163.76
13215569.97
12891629.98
33898110.2
17348280.39
20256430.36
31082753.37
13208851.44
13070460.7
16046535.93
16480419.66
13118824.8
17782250.31
13581379.7
19810588.6
13227664.13
13179288.43
17565261.2
13618618.51
20087292.5
12838407.31
13070460.7
17348280.39
13445719.03
13203476.02
12797056.86
19439543.68
13070460.7
12977911.27
17113599.21
13010375.24
12859661.89
31239388.83
13372865.05
12870289.97
17131299.59
14065370.48
19728914.94
23718802.01
13118824.8
13155102.42
13022117.37
13106733.04
13398860.36
29995380.87
13556600.69
13143009.5
28304369.4
13239758.71
24545670.28
21062987.04
16678009.91
29487418.94
15178855.68
31701288.15
17565261.2
12795931.98
13360754.36
30177783.73
13774159.63
14139435.09
13384986.26
27582485.79
21328425.09
15114502.94
13718014.44
12827780.02
13882446.13
13288145.15
26399342.37
13631037.15
12891629.98
16480419.66
14746229.44
16626709.11
12999550.62
12859661.89
13143009.5
13643459.33
14530264.9
35969718.82
13034201.62
13167195.35
17782250.31
12891629.98
12967113.64
13618618.51
12945524.62
14250546.13
14314305.01
13130916.77
13494763.35
22247035.34
19967066.14
13070460.7
13118824.8
15829603.29
29113563.87
12891629.98
13179288.43
13034201.62
22010179.18
24271304.76
13372865.05
13130916.77
13384986.26
13882446.13
14530264.9
21299739.47
14314305.01
12827780.02
14206083.45
27856098.71
19705043.94
13155102.42
21392630.93
22273551.07
30315821.45
13239758.71
14962203.55
22103951.07
16697376.05
23379675.96
57433234.65
13470184.66
13068462.12
31354840.57
15612672.1
14134882.87
17782250.31
20770185.0
26276478.94
18757067.86
17348280.39
22651084.58
43093149.43
17782250.31
13445719.03
13409235.17
13055170.49
13433508.39
13680732.24
13215569.97
29723674.48
20770185.0
13022117.37
13433508.39
13348645.32
13179288.43
23121573.52
12859661.89
40644834.46
19074713.83
17999244.03
28055938.81
13531837.44
13251496.85
17923306.62
20256430.36
53955286.54
18718918.72
15395755.07
13568990.18
33149334.06
12795931.98
16914333.09
17565261.2
36386564.49
15286120.94
13155102.42
13482457.9
19870432.14
17923306.62
16697376.05
23600705.6
17131299.59
13470184.66
12988726.87
18216239.83
32736458.52
13312342.06
13705583.16
13544215.69
16079229.07
25216693.04
13568990.18
27475914.47
13421367.97
21866815.03
30538943.59
30345878.23
30612045.36
16697376.05
13312342.06
13618618.51
13239758.71
12849034.6
13581379.7
16410662.92
21773335.52
14250546.13
18321733.31
14898500.23
15178855.68
16914333.09
32190034.49
18638713.98
13718014.44
12967113.64
13680732.24
18856706.55
15178855.68
36315594.28
31156646.6
12870289.97
15178855.68
20410937.09
12945524.62
36877690.28
51790011.52
13312342.06
15934244.77
13058374.19
13618618.51
13556600.69
12859661.89
14530264.9
12945524.62
13058374.19
12806547.87
13384986.26
27594642.1
29487418.94
40636710.65
12902392.88
18788301.1
13118824.8
13143009.5
16150289.87
17565261.2
13251855.16
12795931.98
13372865.05
26673153.52
14530264.9
13693157.33
24062741.27
13010375.24
13191382.22
13324441.89
13426552.86
13288145.15
12902392.88
13357525.2
14962203.55
12977911.27
19155485.34
13531837.44
31100140.11
15114502.94
12988726.87
15829603.29
13130916.77
13106733.04
12956317.73
18139544.19
13046287.83
13203476.02
13167195.35
13531837.44
13312342.06
13593783.41
13130916.77
17879394.58
32736458.52
13058374.19
13705583.16
13618618.51
13556600.69
12923948.74
12808038.82
13680732.24
12880918.25
17375834.47
31033222.99
33600584.01
16914333.09
21240271.19
13324441.89
13324441.89
13179288.43
17782250.31
14530264.9
18433238.64
13130916.77
23836935.0
28125531.17
17191726.63
13482457.9
13847813.4
13143009.5
16800471.35
22651084.58
16101405.39
17707102.49
13227664.13
12849034.6
33335344.08
13655882.07
21092173.29
29226655.94
13593783.41
18433238.64
22710908.46
12913168.18
12923948.74
13680732.24
13470184.66
34432188.48
13433508.39
24035012.28
34623235.15
12849034.6
12913168.18
13300242.67
12945524.62
32463245.99
13010375.24
24781945.46
24238791.36
25945440.78
12849034.6
15883371.99
13336541.84
12913168.18
23052679.69
24035012.28
31428962.69
13300242.67
20678397.71
15330510.82
38560946.91
17131299.59
14098356.35
13179288.43
13312342.06
12902392.88
25453138.79
31082753.37
13046287.83
23928037.57
13593783.41
13300242.67
26529382.91
12999550.62
14098356.35
12913168.18
21244338.23
13118824.8
35027867.04
15395755.07
13010375.24
13336541.84
23194662.71
13094641.34
13348645.32
22655924.92
18139544.19
13203476.02
15153673.53
33607703.93
13384986.26
25328058.57
20087292.5
36331860.08
13348645.32
14746229.44
15829603.29
17348280.39
13485791.03
20063343.07
12923948.74
32463245.99
22815470.28
13631037.15
21672752.17
19203749.01
13239758.71
13118824.8
20466620.12
14530264.9
14962203.55
14682505.94
12977911.27
13655882.07
13276048.21
12988726.87
13507090.65
12913168.18
34756189.65
12806547.87
13010375.24
13348645.32
12967113.64
12859661.89
19592151.55
16480419.66
12806547.87
13046287.83
16480419.66
13544215.69
34342741.31
30315821.45
13034201.62
13668307.16
13082549.64
30177783.73
17565261.2
12967113.64
14530264.9
13096410.81
24309415.86
13348645.32
24309415.86
25900634.83
31459570.54
19810588.6
12870289.97
16697376.05
12859661.89
14098356.35
12923948.74
16480419.66
13544215.69
13143009.5
15612672.1
12988726.87
13485791.03
15546522.69
23526480.58
13034201.62
36804702.64
21908912.7
17565261.2
16366353.62
13336541.84
29039585.62
31033222.99
13312342.06
13336541.84
17348280.39
42275873.86
21908912.7
17565261.2
13372865.05
13208851.44
17348280.39
45902696.79
13203476.02
35713389.14
13054489.36
34697212.78
13357525.2
15502306.52
17348280.39
13348645.32
12988726.87
18216239.83
16895799.1
17348280.39
13324441.89
13215569.97
21005218.44
31966534.23
54253258.74
13618618.51
13215569.97
15612672.1
16914333.09
21536526.22
28838253.17
15829603.29
13606200.57
13556600.69
13227664.13
27712646.65
16150289.87
12923948.74
13082549.64
13312342.06
41551529.95
47855473.8
22509862.47
41980295.52
13118824.8
30612045.36
13643459.33
18757067.86
13336541.84
43319956.76
23356839.97
21720652.11
13106733.04
16263473.9
13556600.69
13070460.7
28329375.63
13421367.97
13276048.21
13371255.0
13034201.62
35027867.04
13618618.51
29250749.68
13300242.67
13271059.78
12977911.27
17348280.39
16263473.9
13251855.16
12945524.62
20885056.19
21999039.7
12806547.87
30810823.97
13568990.18
13482457.9
30884338.78
26887237.37
18539395.62
12870289.97
13215569.97
16046535.93
13718014.44
16674343.21
13668307.16
13457942.78
14466514.62
28888485.86
20147409.33
19550509.58
13010375.24
13445719.03
13312342.06
26938059.78
12806547.87
20964475.17
13096732.71
16242456.93
13918895.44
13433508.39
53396905.31
15395755.07
25110244.75
16319450.2
12795931.98
13556600.69
19106859.67
20728445.81
23431655.01
17886874.65
13445719.03
13312342.06
13227664.13
34078260.53
26039360.68
36386564.49
16697376.05
12795931.98
16150289.87
13426552.86
19550509.58
12945524.62
13106733.04
13251855.16
19947030.09
13094641.34
13953574.02
26292843.31
49484778.61
13568990.18
29379267.97
12902392.88
27345832.79
12902392.88
15286120.94
24164441.48
17549207.73
13593783.41
12838407.31
13703648.15
15011274.57
16678009.91
30622187.64
26529382.91
12806547.87
13130916.77
53724191.8
12956317.73
13544215.69
13324441.89
16914333.09
21908912.7
13010375.24
34417657.09
13655882.07
12934734.32
13409235.17
15114502.94
16046535.93
12967113.64
13556600.69
33328232.49
32360953.22
28777539.32
13581379.7
20619711.21
12883597.41
12977911.27
16263473.9
28292695.66
13126444.52
17999244.03
23562475.74
12977911.27
13348645.32
13251855.16
18539395.62
22415903.23
13409235.17
13094641.34
14314305.01
13421367.97
13179288.43
12956317.73
13372865.05
14206083.45
16697376.05
40587865.74
16697376.05
13155102.42
22381306.27
13397109.55
29226655.94
13412689.04
13251855.16
13918895.44
16697376.05
14530264.9
13251855.16
25963662.3
21536526.22
24918627.49
15395755.07
38166722.19
12880918.25
13457942.78
16480419.66
13251855.16
16366353.62
12934734.32
13531837.44
13022117.37
13227664.13
20964475.17
13531837.44
34969598.27
32463245.99
13130916.77
16582418.35
24951190.33
49434468.03
13094641.34
33055881.62
26416232.25
13010375.24
13372865.05
12891629.98
13409235.17
24980283.25
12988726.87
12883597.41
12988726.87
13360754.36
33669678.32
14638069.53
18104234.57
13288145.15
13421367.97
13215569.97
13556600.69
17131299.59
17159663.07
55691263.91
13167195.35
13494763.35
13203476.02
26200111.47
15395755.07
14098356.35
