1.106084770599000426e-07
8.063357977666717170e-05
8.959286641851906837e-06
9.954762935391003832e-07
8.063357977666717170e-05
8.959286641851906837e-06
8.063357977666717170e-05
8.959286641851906837e-06
5.290369169147138839e-01
8.959286641851906837e-06
8.959286641851906837e-06
9.954762935391003832e-07
6.531319961910044512e-03
1.106084770599000426e-07
8.959286641851906837e-06
6.531319961910044512e-03
8.959286641851906837e-06
8.959286641851906837e-06
1.228983078443333292e-08
1.106084770599000426e-07
9.954762935391003832e-07
7.257022179900047892e-04
8.959286641851906837e-06
8.959286641851906837e-06
8.959286641851906837e-06
8.063357977666717170e-05
6.531319961910044512e-03
1.106084770599000426e-07
7.257022179900047892e-04
9.954762935391003832e-07
8.959286641851906837e-06
8.959286641851906837e-06
8.959286641851906837e-06
8.063357977666717170e-05
8.959286641851906837e-06
8.959286641851906837e-06
8.959286641851906837e-06
8.959286641851906837e-06
8.959286641851906837e-06
9.954762935391003832e-07
6.531319961910044512e-03
9.954762935391003832e-07
1.228983078443333292e-08
6.531319961910044512e-03
7.257022179900047892e-04
8.959286641851906837e-06
9.954762935391003832e-07
1.106084770599000426e-07
1.106084770599000426e-07
8.063357977666717170e-05
8.959286641851906837e-06
7.257022179900047892e-04
9.954762935391003832e-07
1.106084770599000426e-07
8.063357977666717170e-05
8.063357977666717170e-05
9.954762935391003832e-07
1.106084770599000426e-07
1.365536753825925420e-09
9.954762935391003832e-07
9.954762935391003832e-07
9.954762935391003832e-07
8.959286641851906837e-06
8.959286641851906837e-06
8.063357977666717170e-05
8.063357977666717170e-05
9.954762935391003832e-07
7.257022179900047892e-04
7.257022179900047892e-04
9.954762935391003832e-07
6.531319961910044512e-03
8.063357977666717170e-05
8.959286641851906837e-06
1.106084770599000426e-07
8.063357977666717170e-05
8.063357977666717170e-05
8.063357977666717170e-05
8.063357977666717170e-05
7.257022179900047892e-04
5.878187965719041536e-02
8.063357977666717170e-05
7.257022179900047892e-04
1.106084770599000426e-07
7.257022179900047892e-04
9.954762935391003832e-07
7.257022179900047892e-04
6.531319961910044512e-03
9.954762935391003832e-07
9.954762935391003832e-07
8.959286641851906837e-06
9.954762935391003832e-07
8.063357977666717170e-05
8.959286641851906837e-06
1.106084770599000426e-07
8.063357977666717170e-05
1.106084770599000426e-07
8.959286641851906837e-06
8.959286641851906837e-06
8.063357977666717170e-05
8.063357977666717170e-05
6.531319961910044512e-03
5.878187965719041536e-02
8.959286641851906837e-06
8.063357977666717170e-05
1.106084770599000426e-07
8.959286641851906837e-06
9.954762935391003832e-07
1.106084770599000426e-07
7.257022179900047892e-04
8.959286641851906837e-06
9.954762935391003832e-07
8.959286641851906837e-06
9.954762935391003832e-07
9.954762935391003832e-07
9.954762935391003832e-07
1.106084770599000426e-07
9.954762935391003832e-07
9.954762935391003832e-07
8.063357977666717170e-05
9.954762935391003832e-07
9.954762935391003832e-07
8.959286641851906837e-06
8.959286641851906837e-06
8.063357977666717170e-05
8.959286641851906837e-06
8.063357977666717170e-05
8.959286641851906837e-06
8.959286641851906837e-06
1.106084770599000426e-07
7.257022179900047892e-04
1.106084770599000426e-07
7.257022179900047892e-04
7.257022179900047892e-04
7.257022179900047892e-04
8.959286641851906837e-06
6.531319961910044512e-03
8.063357977666717170e-05
8.959286641851906837e-06
1.106084770599000426e-07
8.959286641851906837e-06
8.959286641851906837e-06
1.228983078443333292e-08
8.063357977666717170e-05
1.228983078443333292e-08
8.959286641851906837e-06
9.954762935391003832e-07
9.954762935391003832e-07
8.959286641851906837e-06
1.106084770599000426e-07
8.063357977666717170e-05
9.954762935391003832e-07
1.106084770599000426e-07
9.954762935391003832e-07
8.063357977666717170e-05
1.228983078443333292e-08
8.959286641851906837e-06
1.106084770599000426e-07
1.106084770599000426e-07
8.063357977666717170e-05
8.959286641851906837e-06
1.365536753825925420e-09
9.954762935391003832e-07
8.959286641851906837e-06
7.257022179900047892e-04
8.959286641851906837e-06
8.063357977666717170e-05
1.106084770599000426e-07
8.959286641851906837e-06
9.954762935391003832e-07
9.954762935391003832e-07
7.257022179900047892e-04
8.959286641851906837e-06
8.959286641851906837e-06
8.959286641851906837e-06
8.959286641851906837e-06
9.954762935391003832e-07
8.959286641851906837e-06
8.959286641851906837e-06
8.063357977666717170e-05
8.959286641851906837e-06
7.257022179900047892e-04
9.954762935391003832e-07
6.531319961910044512e-03
1.228983078443333292e-08
9.954762935391003832e-07
8.063357977666717170e-05
7.257022179900047892e-04
8.063357977666717170e-05
8.063357977666717170e-05
6.531319961910044512e-03
6.531319961910044512e-03
6.531319961910044512e-03
8.959286641851906837e-06
8.063357977666717170e-05
8.959286641851906837e-06
8.063357977666717170e-05
8.959286641851906837e-06
7.257022179900047892e-04
8.063357977666717170e-05
8.959286641851906837e-06
1.106084770599000426e-07
9.954762935391003832e-07
7.257022179900047892e-04
8.959286641851906837e-06
7.257022179900047892e-04
7.257022179900047892e-04
8.959286641851906837e-06
7.257022179900047892e-04
1.106084770599000426e-07
5.878187965719041536e-02
9.954762935391003832e-07
8.959286641851906837e-06
8.959286641851906837e-06
8.959286641851906837e-06
9.954762935391003832e-07
1.106084770599000426e-07
8.063357977666717170e-05
1.106084770599000426e-07
9.954762935391003832e-07
8.959286641851906837e-06
6.531319961910044512e-03
7.257022179900047892e-04
9.954762935391003832e-07
8.959286641851906837e-06
8.063357977666717170e-05
8.959286641851906837e-06
8.959286641851906837e-06
8.959286641851906837e-06
8.063357977666717170e-05
8.959286641851906837e-06
7.257022179900047892e-04
1.106084770599000426e-07
8.063357977666717170e-05
9.954762935391003832e-07
9.954762935391003832e-07
7.257022179900047892e-04
9.954762935391003832e-07
9.954762935391003832e-07
9.954762935391003832e-07
8.959286641851906837e-06
8.959286641851906837e-06
8.959286641851906837e-06
7.257022179900047892e-04
7.257022179900047892e-04
7.257022179900047892e-04
8.063357977666717170e-05
8.959286641851906837e-06
9.954762935391003832e-07
8.959286641851906837e-06
7.257022179900047892e-04
1.106084770599000426e-07
8.063357977666717170e-05
8.063357977666717170e-05
1.228983078443333292e-08
1.228983078443333292e-08
8.063357977666717170e-05
1.106084770599000426e-07
8.959286641851906837e-06
8.959286641851906837e-06
8.959286641851906837e-06
8.063357977666717170e-05
8.063357977666717170e-05
1.106084770599000426e-07
8.959286641851906837e-06
1.106084770599000426e-07
8.063357977666717170e-05
8.063357977666717170e-05
8.063357977666717170e-05
8.063357977666717170e-05
8.959286641851906837e-06
9.954762935391003832e-07
8.063357977666717170e-05
1.106084770599000426e-07
8.959286641851906837e-06
1.106084770599000426e-07
7.257022179900047892e-04
8.959286641851906837e-06
8.959286641851906837e-06
8.959286641851906837e-06
6.531319961910044512e-03
7.257022179900047892e-04
8.063357977666717170e-05
8.959286641851906837e-06
8.959286641851906837e-06
7.257022179900047892e-04
7.257022179900047892e-04
8.959286641851906837e-06
8.063357977666717170e-05
8.063357977666717170e-05
9.954762935391003832e-07
1.106084770599000426e-07
1.228983078443333292e-08
9.954762935391003832e-07
8.959286641851906837e-06
1.106084770599000426e-07
8.959286641851906837e-06
1.106084770599000426e-07
9.954762935391003832e-07
8.063357977666717170e-05
8.063357977666717170e-05
7.257022179900047892e-04
9.954762935391003832e-07
6.531319961910044512e-03
9.954762935391003832e-07
8.063357977666717170e-05
8.959286641851906837e-06
1.228983078443333292e-08
7.257022179900047892e-04
8.959286641851906837e-06
1.106084770599000426e-07
8.959286641851906837e-06
8.063357977666717170e-05
9.954762935391003832e-07
6.531319961910044512e-03
9.954762935391003832e-07
8.959286641851906837e-06
8.063357977666717170e-05
9.954762935391003832e-07
9.954762935391003832e-07
7.257022179900047892e-04
9.954762935391003832e-07
8.063357977666717170e-05
7.257022179900047892e-04
6.531319961910044512e-03
9.954762935391003832e-07
8.063357977666717170e-05
9.954762935391003832e-07
8.959286641851906837e-06
9.954762935391003832e-07
8.063357977666717170e-05
8.063357977666717170e-05
5.878187965719041536e-02
9.954762935391003832e-07
8.063357977666717170e-05
9.954762935391003832e-07
8.063357977666717170e-05
6.531319961910044512e-03
8.959286641851906837e-06
9.954762935391003832e-07
1.106084770599000426e-07
8.063357977666717170e-05
8.063357977666717170e-05
8.063357977666717170e-05
7.257022179900047892e-04
8.063357977666717170e-05
8.959286641851906837e-06
9.954762935391003832e-07
9.954762935391003832e-07
8.959286641851906837e-06
9.954762935391003832e-07
8.959286641851906837e-06
7.257022179900047892e-04
9.954762935391003832e-07
1.106084770599000426e-07
6.531319961910044512e-03
1.228983078443333292e-08
7.257022179900047892e-04
8.063357977666717170e-05
8.959286641851906837e-06
9.954762935391003832e-07
7.257022179900047892e-04
8.959286641851906837e-06
1.106084770599000426e-07
8.959286641851906837e-06
1.106084770599000426e-07
1.106084770599000426e-07
1.106084770599000426e-07
8.959286641851906837e-06
9.954762935391003832e-07
7.257022179900047892e-04
8.959286641851906837e-06
8.959286641851906837e-06
8.959286641851906837e-06
8.063357977666717170e-05
9.954762935391003832e-07
1.228983078443333292e-08
8.959286641851906837e-06
5.878187965719041536e-02
9.954762935391003832e-07
9.954762935391003832e-07
7.257022179900047892e-04
1.365536753825925420e-09
8.959286641851906837e-06
8.959286641851906837e-06
8.959286641851906837e-06
8.959286641851906837e-06
8.063357977666717170e-05
8.959286641851906837e-06
9.954762935391003832e-07
1.106084770599000426e-07
8.959286641851906837e-06
8.959286641851906837e-06
6.531319961910044512e-03
8.063357977666717170e-05
8.959286641851906837e-06
8.959286641851906837e-06
9.954762935391003832e-07
1.106084770599000426e-07
8.063357977666717170e-05
8.063357977666717170e-05
