1.845489259708183686e-04
2.278381802108867791e-06
1.845489259708183686e-04
1.494846300363629650e-02
1.494846300363629650e-02
1.494846300363629650e-02
1.845489259708183686e-04
1.845489259708183686e-04
1.845489259708183686e-04
1.845489259708183686e-04
2.050543621897980969e-05
1.660940333737365507e-03
2.050543621897980969e-05
1.345361670327266945e-01
2.278381802108867791e-06
1.660940333737365507e-03
1.660940333737365507e-03
1.845489259708183686e-04
1.660940333737365507e-03
1.660940333737365507e-03
1.845489259708183686e-04
2.050543621897980969e-05
2.278381802108867791e-06
1.345361670327266945e-01
2.278381802108867791e-06
1.845489259708183686e-04
1.494846300363629650e-02
1.660940333737365507e-03
1.494846300363629650e-02
1.660940333737365507e-03
1.845489259708183686e-04
2.278381802108867791e-06
1.660940333737365507e-03
2.050543621897980969e-05
1.494846300363629650e-02
1.660940333737365507e-03
2.278381802108867791e-06
2.278381802108867791e-06
2.050543621897980969e-05
1.845489259708183686e-04
2.050543621897980969e-05
2.278381802108867791e-06
2.278381802108867791e-06
1.845489259708183686e-04
1.494846300363629650e-02
2.278381802108867791e-06
1.660940333737365507e-03
2.050543621897980969e-05
1.660940333737365507e-03
2.050543621897980969e-05
1.660940333737365507e-03
1.845489259708183686e-04
1.660940333737365507e-03
1.845489259708183686e-04
1.660940333737365507e-03
2.050543621897980969e-05
1.845489259708183686e-04
2.050543621897980969e-05
1.845489259708183686e-04
1.345361670327266945e-01
1.845489259708183686e-04
2.278381802108867791e-06
1.660940333737365507e-03
2.278381802108867791e-06
2.050543621897980969e-05
1.494846300363629650e-02
1.845489259708183686e-04
1.345361670327266945e-01
1.660940333737365507e-03
1.660940333737365507e-03
1.845489259708183686e-04
2.050543621897980969e-05
1.345361670327266945e-01
1.494846300363629650e-02
1.660940333737365507e-03
1.845489259708183686e-04
1.660940333737365507e-03
1.660940333737365507e-03
2.050543621897980969e-05
1.845489259708183686e-04
2.050543621897980969e-05
1.845489259708183686e-04
2.050543621897980969e-05
2.050543621897980969e-05
2.050543621897980969e-05
1.660940333737365507e-03
2.050543621897980969e-05
1.845489259708183686e-04
2.050543621897980969e-05
2.050543621897980969e-05
1.660940333737365507e-03
1.494846300363629650e-02
1.845489259708183686e-04
1.845489259708183686e-04
1.660940333737365507e-03
2.050543621897980969e-05
2.050543621897980969e-05
2.278381802108867791e-06
1.345361670327266945e-01
2.278381802108867791e-06
