2.205855334408944263e-05
1.447261684905709889e-01
1.985269800968050141e-04
1.985269800968050141e-04
1.786742820871245994e-03
1.985269800968050141e-04
1.985269800968050141e-04
1.786742820871245994e-03
2.205855334408944263e-05
2.450950371565492731e-06
2.450950371565492731e-06
1.786742820871245994e-03
1.985269800968050141e-04
2.723278190628325139e-07
1.786742820871245994e-03
2.205855334408944263e-05
2.450950371565492731e-06
2.450950371565492731e-06
1.985269800968050141e-04
2.450950371565492731e-06
2.723278190628325139e-07
2.723278190628325139e-07
1.786742820871245994e-03
2.450950371565492731e-06
2.205855334408944263e-05
3.735635378090978435e-10
1.786742820871245994e-03
1.608068538784121482e-02
2.723278190628325139e-07
2.205855334408944263e-05
3.362071840281880901e-09
2.723278190628325139e-07
1.985269800968050141e-04
2.723278190628325139e-07
2.205855334408944263e-05
1.786742820871245994e-03
2.723278190628325139e-07
2.450950371565492731e-06
2.450950371565492731e-06
3.025864656253694011e-08
2.450950371565492731e-06
1.985269800968050141e-04
2.450950371565492731e-06
2.205855334408944263e-05
1.786742820871245994e-03
1.786742820871245994e-03
2.723278190628325139e-07
2.450950371565492731e-06
1.985269800968050141e-04
2.205855334408944263e-05
2.723278190628325139e-07
1.985269800968050141e-04
1.786742820871245994e-03
1.985269800968050141e-04
2.205855334408944263e-05
2.450950371565492731e-06
3.362071840281880901e-09
1.985269800968050141e-04
2.723278190628325139e-07
2.205855334408944263e-05
1.608068538784121482e-02
2.205855334408944263e-05
2.205855334408944263e-05
2.205855334408944263e-05
2.205855334408944263e-05
2.205855334408944263e-05
1.985269800968050141e-04
1.608068538784121482e-02
1.786742820871245994e-03
2.450950371565492731e-06
2.205855334408944263e-05
2.205855334408944263e-05
1.786742820871245994e-03
3.025864656253694011e-08
1.608068538784121482e-02
1.447261684905709889e-01
2.723278190628325139e-07
2.205855334408944263e-05
2.723278190628325139e-07
1.786742820871245994e-03
2.450950371565492731e-06
2.450950371565492731e-06
3.362071840281880901e-09
2.450950371565492731e-06
2.723278190628325139e-07
1.985269800968050141e-04
1.786742820871245994e-03
2.205855334408944263e-05
3.025864656253694011e-08
2.450950371565492731e-06
3.362071840281880901e-09
1.985269800968050141e-04
1.985269800968050141e-04
1.985269800968050141e-04
2.450950371565492731e-06
2.723278190628325139e-07
2.205855334408944263e-05
1.985269800968050141e-04
2.205855334408944263e-05
2.450950371565492731e-06
1.786742820871245994e-03
2.205855334408944263e-05
1.985269800968050141e-04
2.205855334408944263e-05
2.450950371565492731e-06
2.723278190628325139e-07
2.205855334408944263e-05
1.608068538784121482e-02
2.450950371565492731e-06
1.786742820871245994e-03
2.723278190628325139e-07
1.985269800968050141e-04
1.447261684905709889e-01
1.786742820871245994e-03
1.786742820871245994e-03
2.450950371565492731e-06
1.786742820871245994e-03
2.205855334408944263e-05
1.985269800968050141e-04
2.205855334408944263e-05
1.786742820871245994e-03
2.205855334408944263e-05
2.205855334408944263e-05
3.362071840281880901e-09
2.205855334408944263e-05
1.985269800968050141e-04
2.723278190628325139e-07
1.608068538784121482e-02
2.450950371565492731e-06
1.985269800968050141e-04
2.723278190628325139e-07
1.608068538784121482e-02
1.985269800968050141e-04
2.450950371565492731e-06
1.985269800968050141e-04
1.608068538784121482e-02
3.362071840281880901e-09
2.205855334408944263e-05
1.985269800968050141e-04
2.450950371565492731e-06
2.723278190628325139e-07
2.205855334408944263e-05
1.786742820871245994e-03
2.205855334408944263e-05
2.205855334408944263e-05
1.985269800968050141e-04
2.450950371565492731e-06
2.205855334408944263e-05
2.450950371565492731e-06
1.985269800968050141e-04
1.985269800968050141e-04
1.985269800968050141e-04
2.450950371565492731e-06
2.205855334408944263e-05
2.450950371565492731e-06
1.985269800968050141e-04
2.723278190628325139e-07
2.450950371565492731e-06
2.205855334408944263e-05
2.205855334408944263e-05
1.786742820871245994e-03
1.985269800968050141e-04
1.985269800968050141e-04
1.985269800968050141e-04
2.723278190628325139e-07
1.786742820871245994e-03
2.450950371565492731e-06
1.786742820871245994e-03
2.205855334408944263e-05
2.723278190628325139e-07
1.985269800968050141e-04
1.985269800968050141e-04
2.205855334408944263e-05
2.723278190628325139e-07
2.450950371565492731e-06
2.205855334408944263e-05
2.205855334408944263e-05
1.985269800968050141e-04
1.985269800968050141e-04
1.985269800968050141e-04
1.985269800968050141e-04
2.450950371565492731e-06
1.985269800968050141e-04
2.450950371565492731e-06
1.985269800968050141e-04
1.985269800968050141e-04
1.985269800968050141e-04
2.205855334408944263e-05
1.786742820871245994e-03
2.205855334408944263e-05
2.450950371565492731e-06
1.985269800968050141e-04
2.205855334408944263e-05
2.723278190628325139e-07
2.450950371565492731e-06
1.786742820871245994e-03
1.985269800968050141e-04
1.985269800968050141e-04
1.786742820871245994e-03
1.985269800968050141e-04
2.450950371565492731e-06
2.450950371565492731e-06
2.450950371565492731e-06
1.786742820871245994e-03
2.723278190628325139e-07
2.723278190628325139e-07
1.985269800968050141e-04
1.985269800968050141e-04
2.205855334408944263e-05
1.608068538784121482e-02
1.985269800968050141e-04
2.205855334408944263e-05
1.608068538784121482e-02
2.450950371565492731e-06
1.786742820871245994e-03
3.025864656253694011e-08
1.985269800968050141e-04
2.205855334408944263e-05
2.205855334408944263e-05
2.205855334408944263e-05
1.786742820871245994e-03
2.450950371565492731e-06
1.985269800968050141e-04
2.205855334408944263e-05
2.723278190628325139e-07
1.985269800968050141e-04
2.205855334408944263e-05
2.205855334408944263e-05
1.786742820871245994e-03
2.205855334408944263e-05
2.205855334408944263e-05
1.447261684905709889e-01
2.205855334408944263e-05
2.205855334408944263e-05
1.786742820871245994e-03
1.985269800968050141e-04
2.723278190628325139e-07
1.985269800968050141e-04
1.985269800968050141e-04
1.608068538784121482e-02
2.205855334408944263e-05
2.205855334408944263e-05
2.205855334408944263e-05
2.205855334408944263e-05
2.205855334408944263e-05
1.786742820871245994e-03
1.985269800968050141e-04
2.450950371565492731e-06
2.205855334408944263e-05
1.985269800968050141e-04
2.450950371565492731e-06
1.786742820871245994e-03
3.362071840281880901e-09
2.205855334408944263e-05
2.205855334408944263e-05
1.985269800968050141e-04
2.205855334408944263e-05
1.447261684905709889e-01
2.723278190628325139e-07
2.723278190628325139e-07
2.450950371565492731e-06
2.450950371565492731e-06
2.205855334408944263e-05
2.205855334408944263e-05
1.786742820871245994e-03
1.985269800968050141e-04
3.025864656253694011e-08
2.205855334408944263e-05
2.450950371565492731e-06
2.205855334408944263e-05
3.025864656253694011e-08
1.608068538784121482e-02
1.985269800968050141e-04
2.723278190628325139e-07
2.723278190628325139e-07
2.205855334408944263e-05
1.786742820871245994e-03
2.723278190628325139e-07
1.985269800968050141e-04
2.205855334408944263e-05
1.985269800968050141e-04
2.723278190628325139e-07
1.985269800968050141e-04
2.205855334408944263e-05
2.450950371565492731e-06
1.985269800968050141e-04
1.985269800968050141e-04
3.025864656253694011e-08
1.786742820871245994e-03
2.205855334408944263e-05
1.985269800968050141e-04
3.025864656253694011e-08
1.985269800968050141e-04
2.205855334408944263e-05
2.450950371565492731e-06
2.205855334408944263e-05
2.723278190628325139e-07
2.450950371565492731e-06
2.205855334408944263e-05
1.786742820871245994e-03
