5.340155918488205754e-06
5.933506576098006746e-07
4.325526293975448804e-04
4.806140326639386957e-05
5.340155918488205754e-06
4.806140326639386957e-05
3.503676298120116106e-02
5.340155918488205754e-06
3.892973664577905821e-03
4.325526293975448804e-04
4.325526293975448804e-04
4.325526293975448804e-04
3.892973664577905821e-03
5.933506576098006746e-07
5.340155918488205754e-06
4.325526293975448804e-04
4.806140326639386957e-05
4.325526293975448804e-04
7.325316760614817843e-09
4.325526293975448804e-04
6.592785084553338623e-08
3.503676298120116106e-02
5.933506576098006746e-07
6.592785084553338623e-08
4.806140326639386957e-05
5.933506576098006746e-07
4.806140326639386957e-05
4.325526293975448804e-04
5.340155918488205754e-06
4.325526293975448804e-04
4.325526293975448804e-04
6.592785084553338623e-08
3.892973664577905821e-03
3.892973664577905821e-03
4.325526293975448804e-04
5.340155918488205754e-06
4.325526293975448804e-04
5.933506576098006746e-07
5.340155918488205754e-06
3.892973664577905821e-03
4.806140326639386957e-05
5.340155918488205754e-06
5.340155918488205754e-06
3.503676298120116106e-02
4.806140326639386957e-05
4.806140326639386957e-05
6.592785084553338623e-08
5.340155918488205754e-06
5.340155918488205754e-06
4.806140326639386957e-05
4.806140326639386957e-05
4.325526293975448804e-04
4.325526293975448804e-04
4.325526293975448804e-04
4.806140326639386957e-05
4.806140326639386957e-05
5.340155918488205754e-06
5.340155918488205754e-06
3.892973664577905821e-03
6.592785084553338623e-08
5.933506576098006746e-07
5.933506576098006746e-07
5.340155918488205754e-06
4.325526293975448804e-04
5.933506576098006746e-07
5.340155918488205754e-06
3.503676298120116106e-02
5.340155918488205754e-06
4.806140326639386957e-05
3.892973664577905821e-03
4.806140326639386957e-05
4.325526293975448804e-04
4.806140326639386957e-05
4.325526293975448804e-04
6.592785084553338623e-08
4.806140326639386957e-05
3.892973664577905821e-03
5.933506576098006746e-07
4.806140326639386957e-05
3.892973664577905821e-03
5.340155918488205754e-06
4.806140326639386957e-05
4.806140326639386957e-05
5.340155918488205754e-06
5.933506576098006746e-07
7.325316760614817843e-09
5.933506576098006746e-07
5.340155918488205754e-06
4.806140326639386957e-05
5.933506576098006746e-07
3.892973664577905821e-03
4.325526293975448804e-04
4.806140326639386957e-05
4.806140326639386957e-05
5.340155918488205754e-06
4.806140326639386957e-05
4.325526293975448804e-04
5.933506576098006746e-07
5.933506576098006746e-07
4.806140326639386957e-05
5.933506576098006746e-07
4.325526293975448804e-04
4.806140326639386957e-05
5.933506576098006746e-07
4.325526293975448804e-04
5.340155918488205754e-06
3.892973664577905821e-03
4.325526293975448804e-04
5.933506576098006746e-07
4.325526293975448804e-04
3.892973664577905821e-03
6.592785084553338623e-08
5.340155918488205754e-06
5.340155918488205754e-06
4.325526293975448804e-04
3.892973664577905821e-03
4.325526293975448804e-04
4.325526293975448804e-04
5.340155918488205754e-06
4.325526293975448804e-04
5.933506576098006746e-07
3.892973664577905821e-03
5.933506576098006746e-07
4.325526293975448804e-04
5.933506576098006746e-07
5.933506576098006746e-07
4.325526293975448804e-04
4.325526293975448804e-04
5.340155918488205754e-06
3.503676298120116106e-02
5.933506576098006746e-07
4.325526293975448804e-04
3.892973664577905821e-03
4.325526293975448804e-04
4.806140326639386957e-05
4.806140326639386957e-05
4.325526293975448804e-04
4.806140326639386957e-05
3.892973664577905821e-03
4.325526293975448804e-04
7.325316760614817843e-09
3.892973664577905821e-03
7.325316760614817843e-09
5.933506576098006746e-07
5.933506576098006746e-07
5.340155918488205754e-06
5.933506576098006746e-07
5.340155918488205754e-06
5.340155918488205754e-06
5.340155918488205754e-06
4.325526293975448804e-04
4.806140326639386957e-05
5.340155918488205754e-06
4.806140326639386957e-05
4.325526293975448804e-04
4.806140326639386957e-05
5.340155918488205754e-06
4.806140326639386957e-05
5.933506576098006746e-07
4.806140326639386957e-05
5.340155918488205754e-06
4.325526293975448804e-04
6.592785084553338623e-08
4.806140326639386957e-05
4.325526293975448804e-04
3.503676298120116106e-02
5.340155918488205754e-06
3.503676298120116106e-02
3.892973664577905821e-03
5.340155918488205754e-06
4.325526293975448804e-04
6.592785084553338623e-08
4.325526293975448804e-04
3.892973664577905821e-03
4.806140326639386957e-05
5.933506576098006746e-07
4.806140326639386957e-05
5.933506576098006746e-07
4.325526293975448804e-04
4.325526293975448804e-04
5.933506576098006746e-07
5.933506576098006746e-07
3.892973664577905821e-03
5.340155918488205754e-06
4.806140326639386957e-05
3.892973664577905821e-03
4.806140326639386957e-05
4.806140326639386957e-05
4.806140326639386957e-05
5.340155918488205754e-06
5.933506576098006746e-07
4.325526293975448804e-04
4.806140326639386957e-05
5.340155918488205754e-06
3.503676298120116106e-02
4.806140326639386957e-05
4.806140326639386957e-05
4.325526293975448804e-04
3.153308668308105189e-01
5.340155918488205754e-06
4.325526293975448804e-04
5.340155918488205754e-06
5.340155918488205754e-06
4.806140326639386957e-05
5.340155918488205754e-06
4.806140326639386957e-05
4.806140326639386957e-05
5.933506576098006746e-07
5.340155918488205754e-06
6.592785084553338623e-08
4.325526293975448804e-04
5.340155918488205754e-06
4.806140326639386957e-05
5.340155918488205754e-06
3.892973664577905821e-03
4.325526293975448804e-04
5.340155918488205754e-06
5.340155918488205754e-06
5.340155918488205754e-06
5.340155918488205754e-06
6.592785084553338623e-08
5.933506576098006746e-07
5.340155918488205754e-06
3.892973664577905821e-03
5.933506576098006746e-07
3.892973664577905821e-03
3.892973664577905821e-03
4.325526293975448804e-04
5.340155918488205754e-06
3.892973664577905821e-03
4.325526293975448804e-04
6.592785084553338623e-08
3.892973664577905821e-03
6.592785084553338623e-08
4.806140326639386957e-05
4.325526293975448804e-04
4.806140326639386957e-05
4.806140326639386957e-05
3.503676298120116106e-02
3.892973664577905821e-03
4.325526293975448804e-04
4.806140326639386957e-05
6.592785084553338623e-08
4.806140326639386957e-05
5.340155918488205754e-06
4.806140326639386957e-05
5.340155918488205754e-06
4.806140326639386957e-05
5.340155918488205754e-06
3.892973664577905821e-03
4.806140326639386957e-05
4.325526293975448804e-04
5.340155918488205754e-06
4.806140326639386957e-05
3.892973664577905821e-03
4.806140326639386957e-05
3.503676298120116106e-02
4.325526293975448804e-04
4.806140326639386957e-05
6.592785084553338623e-08
5.933506576098006746e-07
5.340155918488205754e-06
4.325526293975448804e-04
4.806140326639386957e-05
5.340155918488205754e-06
4.325526293975448804e-04
5.340155918488205754e-06
3.892973664577905821e-03
3.503676298120116106e-02
6.592785084553338623e-08
5.340155918488205754e-06
3.503676298120116106e-02
3.892973664577905821e-03
5.340155918488205754e-06
4.325526293975448804e-04
5.933506576098006746e-07
4.806140326639386957e-05
4.806140326639386957e-05
5.340155918488205754e-06
5.933506576098006746e-07
4.325526293975448804e-04
5.340155918488205754e-06
6.592785084553338623e-08
6.592785084553338623e-08
5.340155918488205754e-06
4.325526293975448804e-04
4.325526293975448804e-04
3.892973664577905821e-03
3.503676298120116106e-02
5.340155918488205754e-06
3.503676298120116106e-02
4.806140326639386957e-05
4.325526293975448804e-04
5.340155918488205754e-06
5.340155918488205754e-06
4.806140326639386957e-05
3.503676298120116106e-02
4.325526293975448804e-04
4.325526293975448804e-04
5.933506576098006746e-07
