3.333140050836188619e-07
3.703488945373542101e-08
3.333140050836188619e-07
2.429859097059582735e-04
2.999826045752569704e-06
2.186873187353625438e-03
2.186873187353625438e-03
2.999826045752569704e-06
2.699843441177313962e-05
2.999826045752569704e-06
3.333140050836188619e-07
2.429859097059582735e-04
2.999826045752569704e-06
2.429859097059582735e-04
2.429859097059582735e-04
2.429859097059582735e-04
2.429859097059582735e-04
2.699843441177313962e-05
2.429859097059582735e-04
2.186873187353625438e-03
2.999826045752569704e-06
2.699843441177313962e-05
2.699843441177313962e-05
2.699843441177313962e-05
2.999826045752569704e-06
2.429859097059582735e-04
2.429859097059582735e-04
2.699843441177313962e-05
2.999826045752569704e-06
3.333140050836188619e-07
3.703488945373542101e-08
2.699843441177313962e-05
2.699843441177313962e-05
3.703488945373542101e-08
3.703488945373542101e-08
2.699843441177313962e-05
2.999826045752569704e-06
1.968185868618263501e-02
3.703488945373542101e-08
2.429859097059582735e-04
2.699843441177313962e-05
2.699843441177313962e-05
2.699843441177313962e-05
2.999826045752569704e-06
2.429859097059582735e-04
2.186873187353625438e-03
2.699843441177313962e-05
1.968185868618263501e-02
2.699843441177313962e-05
2.429859097059582735e-04
2.999826045752569704e-06
1.968185868618263501e-02
2.186873187353625438e-03
3.333140050836188619e-07
2.699843441177313962e-05
3.333140050836188619e-07
2.429859097059582735e-04
2.999826045752569704e-06
2.186873187353625438e-03
2.429859097059582735e-04
2.429859097059582735e-04
3.333140050836188619e-07
2.699843441177313962e-05
2.429859097059582735e-04
3.333140050836188619e-07
2.186873187353625438e-03
2.699843441177313962e-05
1.968185868618263501e-02
2.186873187353625438e-03
2.699843441177313962e-05
2.699843441177313962e-05
2.699843441177313962e-05
2.699843441177313962e-05
2.699843441177313962e-05
1.968185868618263501e-02
2.999826045752569704e-06
2.429859097059582735e-04
2.699843441177313962e-05
2.699843441177313962e-05
3.703488945373542101e-08
2.186873187353625438e-03
2.429859097059582735e-04
2.699843441177313962e-05
2.429859097059582735e-04
2.699843441177313962e-05
2.699843441177313962e-05
2.699843441177313962e-05
4.114987717081711608e-09
3.333140050836188619e-07
2.999826045752569704e-06
2.429859097059582735e-04
2.429859097059582735e-04
2.186873187353625438e-03
2.429859097059582735e-04
3.333140050836188619e-07
3.703488945373542101e-08
2.429859097059582735e-04
2.699843441177313962e-05
3.333140050836188619e-07
2.186873187353625438e-03
2.999826045752569704e-06
3.333140050836188619e-07
2.699843441177313962e-05
2.999826045752569704e-06
2.999826045752569704e-06
2.186873187353625438e-03
2.429859097059582735e-04
2.699843441177313962e-05
2.999826045752569704e-06
2.429859097059582735e-04
3.333140050836188619e-07
2.429859097059582735e-04
2.999826045752569704e-06
2.186873187353625438e-03
2.999826045752569704e-06
2.186873187353625438e-03
3.333140050836188619e-07
3.703488945373542101e-08
2.999826045752569704e-06
2.699843441177313962e-05
2.999826045752569704e-06
2.999826045752569704e-06
1.968185868618263501e-02
2.429859097059582735e-04
2.999826045752569704e-06
2.999826045752569704e-06
2.699843441177313962e-05
2.999826045752569704e-06
2.699843441177313962e-05
2.999826045752569704e-06
2.186873187353625438e-03
2.999826045752569704e-06
2.429859097059582735e-04
2.999826045752569704e-06
2.699843441177313962e-05
2.186873187353625438e-03
2.699843441177313962e-05
2.699843441177313962e-05
3.703488945373542101e-08
2.999826045752569704e-06
2.186873187353625438e-03
3.333140050836188619e-07
2.699843441177313962e-05
2.999826045752569704e-06
2.699843441177313962e-05
2.699843441177313962e-05
2.429859097059582735e-04
2.429859097059582735e-04
2.699843441177313962e-05
4.114987717081711608e-09
1.771367281756437428e-01
2.429859097059582735e-04
2.999826045752569704e-06
4.114987717081711608e-09
2.699843441177313962e-05
2.999826045752569704e-06
2.186873187353625438e-03
2.186873187353625438e-03
2.699843441177313962e-05
2.999826045752569704e-06
2.699843441177313962e-05
2.186873187353625438e-03
2.999826045752569704e-06
3.333140050836188619e-07
3.333140050836188619e-07
2.429859097059582735e-04
2.699843441177313962e-05
2.699843441177313962e-05
2.999826045752569704e-06
3.703488945373542101e-08
3.333140050836188619e-07
2.699843441177313962e-05
1.968185868618263501e-02
2.429859097059582735e-04
3.333140050836188619e-07
2.999826045752569704e-06
3.333140050836188619e-07
2.999826045752569704e-06
3.333140050836188619e-07
2.699843441177313962e-05
2.699843441177313962e-05
2.186873187353625438e-03
2.429859097059582735e-04
2.429859097059582735e-04
2.429859097059582735e-04
3.333140050836188619e-07
2.429859097059582735e-04
2.999826045752569704e-06
2.699843441177313962e-05
2.999826045752569704e-06
2.429859097059582735e-04
2.699843441177313962e-05
2.999826045752569704e-06
2.699843441177313962e-05
2.429859097059582735e-04
2.999826045752569704e-06
2.186873187353625438e-03
2.699843441177313962e-05
2.429859097059582735e-04
2.999826045752569704e-06
2.699843441177313962e-05
3.333140050836188619e-07
2.699843441177313962e-05
2.699843441177313962e-05
3.333140050836188619e-07
2.699843441177313962e-05
2.699843441177313962e-05
2.186873187353625438e-03
2.699843441177313962e-05
2.699843441177313962e-05
2.429859097059582735e-04
2.699843441177313962e-05
3.333140050836188619e-07
3.333140050836188619e-07
2.999826045752569704e-06
2.429859097059582735e-04
3.333140050836188619e-07
2.999826045752569704e-06
2.186873187353625438e-03
3.333140050836188619e-07
2.699843441177313962e-05
2.999826045752569704e-06
3.333140050836188619e-07
2.699843441177313962e-05
2.429859097059582735e-04
2.699843441177313962e-05
2.186873187353625438e-03
2.186873187353625438e-03
2.429859097059582735e-04
3.333140050836188619e-07
1.771367281756437428e-01
2.699843441177313962e-05
2.429859097059582735e-04
3.703488945373542101e-08
3.333140050836188619e-07
2.186873187353625438e-03
2.999826045752569704e-06
2.699843441177313962e-05
2.699843441177313962e-05
2.699843441177313962e-05
2.429859097059582735e-04
2.999826045752569704e-06
2.429859097059582735e-04
2.429859097059582735e-04
3.703488945373542101e-08
3.333140050836188619e-07
2.186873187353625438e-03
2.429859097059582735e-04
2.429859097059582735e-04
2.699843441177313962e-05
2.999826045752569704e-06
2.699843441177313962e-05
2.429859097059582735e-04
2.699843441177313962e-05
2.999826045752569704e-06
2.699843441177313962e-05
3.333140050836188619e-07
2.186873187353625438e-03
4.572208574535235062e-10
3.333140050836188619e-07
2.699843441177313962e-05
2.699843441177313962e-05
2.699843441177313962e-05
3.333140050836188619e-07
2.699843441177313962e-05
1.968185868618263501e-02
4.114987717081711608e-09
3.703488945373542101e-08
2.999826045752569704e-06
2.699843441177313962e-05
2.429859097059582735e-04
1.968185868618263501e-02
2.186873187353625438e-03
2.186873187353625438e-03
2.999826045752569704e-06
1.968185868618263501e-02
2.999826045752569704e-06
2.699843441177313962e-05
2.999826045752569704e-06
2.186873187353625438e-03
2.999826045752569704e-06
2.999826045752569704e-06
1.968185868618263501e-02
2.699843441177313962e-05
2.429859097059582735e-04
2.999826045752569704e-06
2.429859097059582735e-04
2.429859097059582735e-04
2.429859097059582735e-04
2.429859097059582735e-04
2.186873187353625438e-03
2.186873187353625438e-03
2.699843441177313962e-05
2.429859097059582735e-04
2.999826045752569704e-06
3.333140050836188619e-07
2.999826045752569704e-06
2.999826045752569704e-06
2.999826045752569704e-06
2.699843441177313962e-05
3.333140050836188619e-07
2.999826045752569704e-06
2.699843441177313962e-05
2.999826045752569704e-06
2.186873187353625438e-03
2.699843441177313962e-05
2.699843441177313962e-05
2.429859097059582735e-04
1.968185868618263501e-02
2.699843441177313962e-05
2.999826045752569704e-06
2.429859097059582735e-04
3.333140050836188619e-07
3.703488945373542101e-08
2.699843441177313962e-05
2.999826045752569704e-06
2.999826045752569704e-06
2.699843441177313962e-05
2.429859097059582735e-04
4.114987717081711608e-09
2.699843441177313962e-05
2.429859097059582735e-04
2.429859097059582735e-04
2.186873187353625438e-03
2.999826045752569704e-06
2.429859097059582735e-04
2.999826045752569704e-06
3.333140050836188619e-07
1.968185868618263501e-02
2.699843441177313962e-05
3.333140050836188619e-07
3.333140050836188619e-07
2.429859097059582735e-04
2.429859097059582735e-04
2.429859097059582735e-04
3.333140050836188619e-07
3.333140050836188619e-07
2.186873187353625438e-03
2.699843441177313962e-05
2.429859097059582735e-04
2.999826045752569704e-06
2.186873187353625438e-03
2.699843441177313962e-05
3.333140050836188619e-07
3.703488945373542101e-08
3.333140050836188619e-07
2.999826045752569704e-06
2.699843441177313962e-05
2.999826045752569704e-06
2.999826045752569704e-06
2.186873187353625438e-03
2.999826045752569704e-06
2.429859097059582735e-04
2.429859097059582735e-04
2.999826045752569704e-06
4.114987717081711608e-09
3.333140050836188619e-07
2.699843441177313962e-05
3.333140050836188619e-07
3.703488945373542101e-08
2.186873187353625438e-03
2.186873187353625438e-03
2.999826045752569704e-06
2.999826045752569704e-06
2.999826045752569704e-06
2.699843441177313962e-05
3.333140050836188619e-07
2.429859097059582735e-04
2.186873187353625438e-03
3.703488945373542101e-08
2.429859097059582735e-04
3.703488945373542101e-08
2.699843441177313962e-05
2.429859097059582735e-04
2.186873187353625438e-03
2.999826045752569704e-06
3.333140050836188619e-07
2.699843441177313962e-05
2.699843441177313962e-05
2.429859097059582735e-04
2.429859097059582735e-04
2.429859097059582735e-04
2.999826045752569704e-06
3.333140050836188619e-07
2.999826045752569704e-06
2.699843441177313962e-05
2.429859097059582735e-04
2.429859097059582735e-04
2.999826045752569704e-06
2.699843441177313962e-05
2.429859097059582735e-04
2.429859097059582735e-04
2.429859097059582735e-04
2.999826045752569704e-06
3.333140050836188619e-07
2.429859097059582735e-04
3.703488945373542101e-08
2.699843441177313962e-05
2.999826045752569704e-06
2.429859097059582735e-04
2.699843441177313962e-05
2.999826045752569704e-06
3.333140050836188619e-07
2.186873187353625438e-03
3.333140050836188619e-07
3.703488945373542101e-08
3.333140050836188619e-07
2.429859097059582735e-04
2.999826045752569704e-06
2.186873187353625438e-03
3.333140050836188619e-07
2.699843441177313962e-05
2.186873187353625438e-03
2.429859097059582735e-04
2.429859097059582735e-04
2.999826045752569704e-06
1.968185868618263501e-02
2.186873187353625438e-03
2.186873187353625438e-03
2.186873187353625438e-03
2.699843441177313962e-05
2.429859097059582735e-04
2.186873187353625438e-03
2.699843441177313962e-05
3.333140050836188619e-07
3.333140050836188619e-07
2.429859097059582735e-04
2.699843441177313962e-05
2.429859097059582735e-04
2.999826045752569704e-06
2.699843441177313962e-05
2.186873187353625438e-03
2.429859097059582735e-04
3.333140050836188619e-07
3.703488945373542101e-08
2.429859097059582735e-04
2.699843441177313962e-05
2.429859097059582735e-04
3.703488945373542101e-08
2.429859097059582735e-04
2.429859097059582735e-04
3.703488945373542101e-08
2.186873187353625438e-03
2.699843441177313962e-05
3.333140050836188619e-07
2.429859097059582735e-04
1.968185868618263501e-02
2.186873187353625438e-03
2.186873187353625438e-03
2.429859097059582735e-04
2.429859097059582735e-04
2.429859097059582735e-04
2.999826045752569704e-06
3.333140050836188619e-07
2.429859097059582735e-04
2.429859097059582735e-04
2.699843441177313962e-05
2.429859097059582735e-04
3.333140050836188619e-07
2.999826045752569704e-06
2.186873187353625438e-03
2.699843441177313962e-05
2.999826045752569704e-06
1.771367281756437428e-01
2.699843441177313962e-05
3.333140050836188619e-07
3.703488945373542101e-08
3.703488945373542101e-08
2.699843441177313962e-05
2.429859097059582735e-04
2.999826045752569704e-06
2.999826045752569704e-06
2.999826045752569704e-06
1.968185868618263501e-02
2.999826045752569704e-06
2.699843441177313962e-05
3.703488945373542101e-08
2.699843441177313962e-05
3.333140050836188619e-07
2.999826045752569704e-06
2.999826045752569704e-06
2.186873187353625438e-03
2.699843441177313962e-05
2.429859097059582735e-04
3.333140050836188619e-07
2.699843441177313962e-05
3.333140050836188619e-07
2.999826045752569704e-06
2.999826045752569704e-06
2.999826045752569704e-06
3.333140050836188619e-07
2.699843441177313962e-05
2.429859097059582735e-04
2.999826045752569704e-06
2.999826045752569704e-06
2.429859097059582735e-04
2.186873187353625438e-03
2.999826045752569704e-06
2.699843441177313962e-05
2.999826045752569704e-06
