9.891624282742644684e-07
9.891624282742644684e-07
8.012215669021546598e-05
8.012215669021546598e-05
8.902461854468383604e-06
6.489894691907457068e-03
8.902461854468383604e-06
9.891624282742644684e-07
8.902461854468383604e-06
8.902461854468383604e-06
8.012215669021546598e-05
9.891624282742644684e-07
8.012215669021546598e-05
9.891624282742644684e-07
9.891624282742644684e-07
7.210994102119395056e-04
9.891624282742644684e-07
9.891624282742644684e-07
8.012215669021546598e-05
8.902461854468383604e-06
8.012215669021546598e-05
8.902461854468383604e-06
8.902461854468383604e-06
8.012215669021546598e-05
8.902461854468383604e-06
8.902461854468383604e-06
8.902461854468383604e-06
1.221188183054647222e-08
8.902461854468383604e-06
5.840905222716712142e-02
8.012215669021546598e-05
8.012215669021546598e-05
7.210994102119395056e-04
1.099069364749182831e-07
8.902461854468383604e-06
8.902461854468383604e-06
7.210994102119395056e-04
8.902461854468383604e-06
8.902461854468383604e-06
8.902461854468383604e-06
8.902461854468383604e-06
8.902461854468383604e-06
9.891624282742644684e-07
7.210994102119395056e-04
9.891624282742644684e-07
1.099069364749182831e-07
8.902461854468383604e-06
6.489894691907457068e-03
8.902461854468383604e-06
9.891624282742644684e-07
8.902461854468383604e-06
7.210994102119395056e-04
1.221188183054647222e-08
9.891624282742644684e-07
6.489894691907457068e-03
1.221188183054647222e-08
6.489894691907457068e-03
1.099069364749182831e-07
9.891624282742644684e-07
9.891624282742644684e-07
1.099069364749182831e-07
1.099069364749182831e-07
8.012215669021546598e-05
8.012215669021546598e-05
8.902461854468383604e-06
7.210994102119395056e-04
1.099069364749182831e-07
7.210994102119395056e-04
7.210994102119395056e-04
1.099069364749182831e-07
9.891624282742644684e-07
7.210994102119395056e-04
1.099069364749182831e-07
9.891624282742644684e-07
7.210994102119395056e-04
1.221188183054647222e-08
8.902461854468383604e-06
8.012215669021546598e-05
9.891624282742644684e-07
9.891624282742644684e-07
9.891624282742644684e-07
9.891624282742644684e-07
8.902461854468383604e-06
7.210994102119395056e-04
1.099069364749182831e-07
7.210994102119395056e-04
7.210994102119395056e-04
8.902461854468383604e-06
8.012215669021546598e-05
7.210994102119395056e-04
9.891624282742644684e-07
9.891624282742644684e-07
9.891624282742644684e-07
8.902461854468383604e-06
8.012215669021546598e-05
9.891624282742644684e-07
7.210994102119395056e-04
1.099069364749182831e-07
8.012215669021546598e-05
9.891624282742644684e-07
9.891624282742644684e-07
7.210994102119395056e-04
8.012215669021546598e-05
9.891624282742644684e-07
8.012215669021546598e-05
7.210994102119395056e-04
8.902461854468383604e-06
9.891624282742644684e-07
8.012215669021546598e-05
1.099069364749182831e-07
8.902461854468383604e-06
9.891624282742644684e-07
8.012215669021546598e-05
9.891624282742644684e-07
8.902461854468383604e-06
1.099069364749182831e-07
1.221188183054647222e-08
8.012215669021546598e-05
1.221188183054647222e-08
9.891624282742644684e-07
8.012215669021546598e-05
8.012215669021546598e-05
1.099069364749182831e-07
7.210994102119395056e-04
8.902461854468383604e-06
1.221188183054647222e-08
9.891624282742644684e-07
8.902461854468383604e-06
8.902461854468383604e-06
5.840905222716712142e-02
8.012215669021546598e-05
8.012215669021546598e-05
1.099069364749182831e-07
6.489894691907457068e-03
5.840905222716712142e-02
8.012215669021546598e-05
8.902461854468383604e-06
7.210994102119395056e-04
9.891624282742644684e-07
5.840905222716712142e-02
1.099069364749182831e-07
9.891624282742644684e-07
9.891624282742644684e-07
9.891624282742644684e-07
1.099069364749182831e-07
8.902461854468383604e-06
8.012215669021546598e-05
9.891624282742644684e-07
1.221188183054647222e-08
7.210994102119395056e-04
9.891624282742644684e-07
1.099069364749182831e-07
1.099069364749182831e-07
1.221188183054647222e-08
7.210994102119395056e-04
8.902461854468383604e-06
8.012215669021546598e-05
8.012215669021546598e-05
7.210994102119395056e-04
8.902461854468383604e-06
9.891624282742644684e-07
9.891624282742644684e-07
8.902461854468383604e-06
1.507639732166230322e-10
8.902461854468383604e-06
7.210994102119395056e-04
1.221188183054647222e-08
9.891624282742644684e-07
1.099069364749182831e-07
8.012215669021546598e-05
1.099069364749182831e-07
8.012215669021546598e-05
1.221188183054647222e-08
9.891624282742644684e-07
8.012215669021546598e-05
9.891624282742644684e-07
7.210994102119395056e-04
1.221188183054647222e-08
8.012215669021546598e-05
8.902461854468383604e-06
8.902461854468383604e-06
8.012215669021546598e-05
8.902461854468383604e-06
9.891624282742644684e-07
9.891624282742644684e-07
8.012215669021546598e-05
8.902461854468383604e-06
9.891624282742644684e-07
8.012215669021546598e-05
5.840905222716712142e-02
9.891624282742644684e-07
9.891624282742644684e-07
8.902461854468383604e-06
8.012215669021546598e-05
7.210994102119395056e-04
9.891624282742644684e-07
9.891624282742644684e-07
8.902461854468383604e-06
8.902461854468383604e-06
8.012215669021546598e-05
9.891624282742644684e-07
7.210994102119395056e-04
7.210994102119395056e-04
8.902461854468383604e-06
8.902461854468383604e-06
8.902461854468383604e-06
8.012215669021546598e-05
9.891624282742644684e-07
8.012215669021546598e-05
7.210994102119395056e-04
1.221188183054647222e-08
8.902461854468383604e-06
5.256814700445042732e-01
1.099069364749182831e-07
8.012215669021546598e-05
8.902461854468383604e-06
8.012215669021546598e-05
1.221188183054647222e-08
8.012215669021546598e-05
8.902461854468383604e-06
9.891624282742644684e-07
8.902461854468383604e-06
9.891624282742644684e-07
9.891624282742644684e-07
9.891624282742644684e-07
9.891624282742644684e-07
8.902461854468383604e-06
9.891624282742644684e-07
1.221188183054647222e-08
8.012215669021546598e-05
8.902461854468383604e-06
9.891624282742644684e-07
1.099069364749182831e-07
7.210994102119395056e-04
1.099069364749182831e-07
6.489894691907457068e-03
7.210994102119395056e-04
7.210994102119395056e-04
9.891624282742644684e-07
8.902461854468383604e-06
9.891624282742644684e-07
9.891624282742644684e-07
8.012215669021546598e-05
7.210994102119395056e-04
8.902461854468383604e-06
8.902461854468383604e-06
1.221188183054647222e-08
9.891624282742644684e-07
8.902461854468383604e-06
1.099069364749182831e-07
1.221188183054647222e-08
8.902461854468383604e-06
1.099069364749182831e-07
6.489894691907457068e-03
6.489894691907457068e-03
8.902461854468383604e-06
8.012215669021546598e-05
9.891624282742644684e-07
7.210994102119395056e-04
8.902461854468383604e-06
1.099069364749182831e-07
8.902461854468383604e-06
1.221188183054647222e-08
9.891624282742644684e-07
6.489894691907457068e-03
8.012215669021546598e-05
9.891624282742644684e-07
9.891624282742644684e-07
8.012215669021546598e-05
8.902461854468383604e-06
1.099069364749182831e-07
1.099069364749182831e-07
8.012215669021546598e-05
8.012215669021546598e-05
1.099069364749182831e-07
8.012215669021546598e-05
8.902461854468383604e-06
6.489894691907457068e-03
1.099069364749182831e-07
9.891624282742644684e-07
1.099069364749182831e-07
8.012215669021546598e-05
8.902461854468383604e-06
7.210994102119395056e-04
7.210994102119395056e-04
9.891624282742644684e-07
8.902461854468383604e-06
8.902461854468383604e-06
7.210994102119395056e-04
9.891624282742644684e-07
8.902461854468383604e-06
7.210994102119395056e-04
9.891624282742644684e-07
6.489894691907457068e-03
8.012215669021546598e-05
1.099069364749182831e-07
1.099069364749182831e-07
8.902461854468383604e-06
8.902461854468383604e-06
8.902461854468383604e-06
8.902461854468383604e-06
8.902461854468383604e-06
8.902461854468383604e-06
8.902461854468383604e-06
8.902461854468383604e-06
8.012215669021546598e-05
9.891624282742644684e-07
7.210994102119395056e-04
8.902461854468383604e-06
7.210994102119395056e-04
8.012215669021546598e-05
8.012215669021546598e-05
9.891624282742644684e-07
1.099069364749182831e-07
9.891624282742644684e-07
9.891624282742644684e-07
7.210994102119395056e-04
9.891624282742644684e-07
1.221188183054647222e-08
1.221188183054647222e-08
1.099069364749182831e-07
8.012215669021546598e-05
1.099069364749182831e-07
8.012215669021546598e-05
8.012215669021546598e-05
9.891624282742644684e-07
8.902461854468383604e-06
8.902461854468383604e-06
9.891624282742644684e-07
1.221188183054647222e-08
1.221188183054647222e-08
1.221188183054647222e-08
9.891624282742644684e-07
7.210994102119395056e-04
8.012215669021546598e-05
1.099069364749182831e-07
9.891624282742644684e-07
1.099069364749182831e-07
8.902461854468383604e-06
1.099069364749182831e-07
9.891624282742644684e-07
8.902461854468383604e-06
8.902461854468383604e-06
6.489894691907457068e-03
8.902461854468383604e-06
9.891624282742644684e-07
8.012215669021546598e-05
1.221188183054647222e-08
8.012215669021546598e-05
7.210994102119395056e-04
9.891624282742644684e-07
8.902461854468383604e-06
8.012215669021546598e-05
8.902461854468383604e-06
1.221188183054647222e-08
9.891624282742644684e-07
8.012215669021546598e-05
9.891624282742644684e-07
8.902461854468383604e-06
9.891624282742644684e-07
8.902461854468383604e-06
9.891624282742644684e-07
7.210994102119395056e-04
8.012215669021546598e-05
9.891624282742644684e-07
7.210994102119395056e-04
9.891624282742644684e-07
7.210994102119395056e-04
7.210994102119395056e-04
6.489894691907457068e-03
9.891624282742644684e-07
1.356875758949607496e-09
8.902461854468383604e-06
8.902461854468383604e-06
9.891624282742644684e-07
8.902461854468383604e-06
1.099069364749182831e-07
8.012215669021546598e-05
8.902461854468383604e-06
1.099069364749182831e-07
9.891624282742644684e-07
1.356875758949607496e-09
9.891624282742644684e-07
8.902461854468383604e-06
1.099069364749182831e-07
8.902461854468383604e-06
9.891624282742644684e-07
1.099069364749182831e-07
8.902461854468383604e-06
1.099069364749182831e-07
8.902461854468383604e-06
8.012215669021546598e-05
9.891624282742644684e-07
8.902461854468383604e-06
1.099069364749182831e-07
9.891624282742644684e-07
5.840905222716712142e-02
9.891624282742644684e-07
8.012215669021546598e-05
9.891624282742644684e-07
