1.609128584251145680e-05
1.173054737919086363e-02
1.609128584251145680e-05
1.303394153243428617e-03
1.173054737919086363e-02
1.173054737919086363e-02
1.173054737919086363e-02
1.303394153243428617e-03
1.448215725826031586e-04
1.609128584251145680e-05
1.609128584251145680e-05
1.448215725826031586e-04
1.609128584251145680e-05
1.303394153243428617e-03
1.787920649167939644e-06
1.609128584251145680e-05
1.448215725826031586e-04
1.303394153243428617e-03
1.448215725826031586e-04
1.055749264127177900e-01
1.609128584251145680e-05
1.787920649167939644e-06
1.609128584251145680e-05
1.609128584251145680e-05
1.055749264127177900e-01
1.448215725826031586e-04
1.787920649167939644e-06
1.173054737919086363e-02
1.448215725826031586e-04
1.303394153243428617e-03
1.303394153243428617e-03
1.609128584251145680e-05
1.303394153243428617e-03
1.609128584251145680e-05
1.986578499075487788e-07
1.609128584251145680e-05
1.448215725826031586e-04
2.207309443417208065e-08
1.448215725826031586e-04
1.448215725826031586e-04
1.448215725826031586e-04
1.173054737919086363e-02
1.609128584251145680e-05
1.609128584251145680e-05
1.173054737919086363e-02
1.303394153243428617e-03
1.609128584251145680e-05
1.448215725826031586e-04
1.173054737919086363e-02
1.303394153243428617e-03
1.303394153243428617e-03
1.448215725826031586e-04
1.448215725826031586e-04
1.173054737919086363e-02
1.448215725826031586e-04
1.303394153243428617e-03
1.173054737919086363e-02
1.173054737919086363e-02
1.609128584251145680e-05
1.609128584251145680e-05
1.448215725826031586e-04
1.787920649167939644e-06
1.986578499075487788e-07
1.609128584251145680e-05
1.609128584251145680e-05
1.303394153243428617e-03
1.303394153243428617e-03
1.448215725826031586e-04
2.207309443417208065e-08
1.448215725826031586e-04
1.609128584251145680e-05
1.787920649167939644e-06
1.173054737919086363e-02
1.787920649167939644e-06
1.173054737919086363e-02
1.448215725826031586e-04
1.173054737919086363e-02
1.986578499075487788e-07
1.448215725826031586e-04
1.609128584251145680e-05
1.609128584251145680e-05
1.173054737919086363e-02
1.787920649167939644e-06
1.609128584251145680e-05
1.609128584251145680e-05
1.303394153243428617e-03
1.986578499075487788e-07
1.448215725826031586e-04
1.303394153243428617e-03
1.448215725826031586e-04
1.448215725826031586e-04
1.303394153243428617e-03
1.609128584251145680e-05
1.448215725826031586e-04
1.303394153243428617e-03
1.303394153243428617e-03
1.173054737919086363e-02
1.448215725826031586e-04
1.609128584251145680e-05
1.303394153243428617e-03
1.448215725826031586e-04
1.303394153243428617e-03
1.303394153243428617e-03
1.173054737919086363e-02
1.173054737919086363e-02
1.173054737919086363e-02
1.448215725826031586e-04
1.055749264127177900e-01
1.303394153243428617e-03
1.303394153243428617e-03
1.055749264127177900e-01
2.207309443417208065e-08
1.448215725826031586e-04
1.448215725826031586e-04
1.173054737919086363e-02
1.303394153243428617e-03
1.787920649167939644e-06
1.448215725826031586e-04
1.448215725826031586e-04
1.303394153243428617e-03
1.609128584251145680e-05
1.787920649167939644e-06
1.448215725826031586e-04
1.173054737919086363e-02
1.609128584251145680e-05
1.609128584251145680e-05
1.173054737919086363e-02
1.448215725826031586e-04
1.055749264127177900e-01
1.787920649167939644e-06
2.207309443417208065e-08
1.448215725826031586e-04
1.448215725826031586e-04
1.986578499075487788e-07
1.609128584251145680e-05
1.609128584251145680e-05
1.448215725826031586e-04
1.609128584251145680e-05
1.303394153243428617e-03
1.787920649167939644e-06
1.787920649167939644e-06
1.609128584251145680e-05
1.448215725826031586e-04
1.609128584251145680e-05
1.173054737919086363e-02
1.787920649167939644e-06
1.787920649167939644e-06
1.448215725826031586e-04
1.787920649167939644e-06
1.787920649167939644e-06
1.448215725826031586e-04
1.303394153243428617e-03
1.173054737919086363e-02
1.448215725826031586e-04
1.787920649167939644e-06
1.609128584251145680e-05
1.986578499075487788e-07
1.448215725826031586e-04
1.609128584251145680e-05
1.448215725826031586e-04
1.173054737919086363e-02
1.303394153243428617e-03
1.303394153243428617e-03
1.787920649167939644e-06
1.303394153243428617e-03
1.448215725826031586e-04
1.448215725826031586e-04
1.609128584251145680e-05
1.986578499075487788e-07
1.609128584251145680e-05
1.448215725826031586e-04
1.303394153243428617e-03
1.055749264127177900e-01
1.303394153243428617e-03
1.448215725826031586e-04
1.448215725826031586e-04
1.448215725826031586e-04
1.303394153243428617e-03
1.303394153243428617e-03
1.609128584251145680e-05
1.303394153243428617e-03
1.609128584251145680e-05
1.448215725826031586e-04
1.303394153243428617e-03
1.303394153243428617e-03
1.609128584251145680e-05
1.609128584251145680e-05
1.787920649167939644e-06
1.303394153243428617e-03
1.609128584251145680e-05
1.448215725826031586e-04
1.787920649167939644e-06
1.448215725826031586e-04
1.448215725826031586e-04
1.303394153243428617e-03
1.173054737919086363e-02
1.303394153243428617e-03
1.303394153243428617e-03
1.986578499075487788e-07
1.787920649167939644e-06
