1.581249632572147293e-06
1.581249632572147293e-06
1.037457883930587021e-02
1.152730982145096618e-03
1.581249632572147293e-06
1.756944036191275006e-07
1.280812202383439964e-04
1.581249632572147293e-06
1.152730982145096618e-03
1.152730982145096618e-03
1.581249632572147293e-06
1.152730982145096618e-03
1.952160040212527122e-08
1.952160040212527122e-08
1.581249632572147293e-06
1.280812202383439964e-04
1.423124669314933199e-05
1.581249632572147293e-06
1.280812202383439964e-04
1.756944036191275006e-07
1.280812202383439964e-04
1.423124669314933199e-05
1.280812202383439964e-04
1.756944036191275006e-07
1.423124669314933199e-05
1.152730982145096618e-03
1.756944036191275006e-07
1.581249632572147293e-06
1.756944036191275006e-07
1.152730982145096618e-03
1.756944036191275006e-07
1.152730982145096618e-03
1.581249632572147293e-06
1.756944036191275006e-07
1.581249632572147293e-06
9.337120955375285969e-02
1.756944036191275006e-07
1.280812202383439964e-04
1.152730982145096618e-03
1.423124669314933199e-05
1.756944036191275006e-07
1.152730982145096618e-03
1.037457883930587021e-02
9.337120955375285969e-02
1.581249632572147293e-06
1.423124669314933199e-05
1.280812202383439964e-04
1.423124669314933199e-05
1.037457883930587021e-02
1.280812202383439964e-04
1.581249632572147293e-06
1.952160040212527122e-08
1.280812202383439964e-04
1.423124669314933199e-05
1.037457883930587021e-02
1.581249632572147293e-06
1.581249632572147293e-06
1.756944036191275006e-07
1.423124669314933199e-05
1.423124669314933199e-05
1.037457883930587021e-02
1.756944036191275006e-07
1.280812202383439964e-04
1.581249632572147293e-06
1.581249632572147293e-06
1.423124669314933199e-05
1.152730982145096618e-03
1.952160040212527122e-08
1.952160040212527122e-08
1.423124669314933199e-05
1.280812202383439964e-04
1.581249632572147293e-06
1.280812202383439964e-04
1.152730982145096618e-03
1.423124669314933199e-05
1.423124669314933199e-05
1.423124669314933199e-05
1.423124669314933199e-05
1.152730982145096618e-03
1.581249632572147293e-06
1.581249632572147293e-06
1.423124669314933199e-05
2.169066711347251669e-09
1.756944036191275006e-07
1.952160040212527122e-08
1.581249632572147293e-06
1.423124669314933199e-05
1.280812202383439964e-04
1.423124669314933199e-05
1.280812202383439964e-04
1.952160040212527122e-08
1.423124669314933199e-05
1.581249632572147293e-06
1.280812202383439964e-04
1.280812202383439964e-04
1.152730982145096618e-03
1.152730982145096618e-03
1.952160040212527122e-08
1.423124669314933199e-05
1.280812202383439964e-04
1.581249632572147293e-06
1.581249632572147293e-06
1.280812202383439964e-04
1.756944036191275006e-07
1.581249632572147293e-06
1.756944036191275006e-07
1.581249632572147293e-06
1.280812202383439964e-04
1.280812202383439964e-04
1.280812202383439964e-04
1.280812202383439964e-04
1.280812202383439964e-04
1.152730982145096618e-03
1.152730982145096618e-03
1.152730982145096618e-03
1.280812202383439964e-04
1.280812202383439964e-04
1.423124669314933199e-05
1.152730982145096618e-03
1.423124669314933199e-05
1.756944036191275006e-07
1.280812202383439964e-04
1.423124669314933199e-05
1.280812202383439964e-04
1.152730982145096618e-03
1.037457883930587021e-02
1.423124669314933199e-05
1.152730982145096618e-03
1.423124669314933199e-05
1.152730982145096618e-03
1.581249632572147293e-06
1.423124669314933199e-05
1.280812202383439964e-04
1.037457883930587021e-02
1.280812202383439964e-04
1.952160040212527122e-08
1.423124669314933199e-05
1.423124669314933199e-05
1.152730982145096618e-03
1.423124669314933199e-05
1.756944036191275006e-07
1.280812202383439964e-04
1.152730982145096618e-03
1.581249632572147293e-06
1.423124669314933199e-05
1.756944036191275006e-07
1.581249632572147293e-06
1.280812202383439964e-04
1.280812202383439964e-04
1.280812202383439964e-04
1.581249632572147293e-06
1.280812202383439964e-04
1.423124669314933199e-05
1.581249632572147293e-06
1.152730982145096618e-03
1.423124669314933199e-05
1.423124669314933199e-05
1.280812202383439964e-04
1.581249632572147293e-06
1.756944036191275006e-07
1.423124669314933199e-05
1.423124669314933199e-05
1.037457883930587021e-02
1.152730982145096618e-03
1.581249632572147293e-06
1.280812202383439964e-04
1.581249632572147293e-06
1.756944036191275006e-07
1.423124669314933199e-05
1.756944036191275006e-07
1.423124669314933199e-05
1.423124669314933199e-05
1.280812202383439964e-04
1.152730982145096618e-03
1.423124669314933199e-05
1.756944036191275006e-07
1.581249632572147293e-06
1.152730982145096618e-03
1.581249632572147293e-06
1.280812202383439964e-04
1.280812202383439964e-04
1.581249632572147293e-06
1.952160040212527122e-08
1.423124669314933199e-05
1.423124669314933199e-05
1.152730982145096618e-03
1.581249632572147293e-06
1.423124669314933199e-05
9.337120955375285969e-02
1.280812202383439964e-04
1.581249632572147293e-06
1.756944036191275006e-07
1.280812202383439964e-04
1.423124669314933199e-05
1.152730982145096618e-03
1.756944036191275006e-07
9.337120955375285969e-02
1.152730982145096618e-03
1.423124669314933199e-05
9.337120955375285969e-02
1.581249632572147293e-06
9.337120955375285969e-02
1.280812202383439964e-04
1.423124669314933199e-05
1.756944036191275006e-07
1.152730982145096618e-03
1.581249632572147293e-06
1.423124669314933199e-05
1.152730982145096618e-03
1.152730982145096618e-03
1.423124669314933199e-05
1.423124669314933199e-05
1.581249632572147293e-06
1.280812202383439964e-04
1.152730982145096618e-03
1.581249632572147293e-06
1.152730982145096618e-03
1.280812202383439964e-04
1.280812202383439964e-04
1.280812202383439964e-04
1.423124669314933199e-05
1.152730982145096618e-03
1.952160040212527122e-08
1.423124669314933199e-05
1.280812202383439964e-04
1.423124669314933199e-05
1.280812202383439964e-04
1.280812202383439964e-04
2.169066711347251669e-09
1.152730982145096618e-03
1.152730982145096618e-03
1.423124669314933199e-05
1.581249632572147293e-06
1.423124669314933199e-05
1.423124669314933199e-05
1.423124669314933199e-05
1.756944036191275006e-07
1.280812202383439964e-04
1.423124669314933199e-05
1.280812202383439964e-04
9.337120955375285969e-02
1.423124669314933199e-05
1.152730982145096618e-03
1.952160040212527122e-08
1.280812202383439964e-04
1.581249632572147293e-06
1.756944036191275006e-07
1.037457883930587021e-02
2.169066711347251669e-09
1.581249632572147293e-06
1.423124669314933199e-05
1.423124669314933199e-05
1.423124669314933199e-05
1.280812202383439964e-04
1.037457883930587021e-02
1.152730982145096618e-03
1.423124669314933199e-05
1.423124669314933199e-05
1.581249632572147293e-06
1.152730982145096618e-03
1.423124669314933199e-05
1.581249632572147293e-06
1.423124669314933199e-05
1.756944036191275006e-07
1.280812202383439964e-04
1.280812202383439964e-04
1.423124669314933199e-05
1.280812202383439964e-04
1.280812202383439964e-04
1.280812202383439964e-04
2.410074123719168004e-10
1.423124669314933199e-05
1.581249632572147293e-06
1.423124669314933199e-05
1.152730982145096618e-03
1.280812202383439964e-04
1.756944036191275006e-07
1.280812202383439964e-04
1.423124669314933199e-05
1.581249632572147293e-06
1.280812202383439964e-04
9.337120955375285969e-02
1.952160040212527122e-08
1.152730982145096618e-03
1.423124669314933199e-05
1.581249632572147293e-06
1.581249632572147293e-06
1.280812202383439964e-04
1.423124669314933199e-05
1.280812202383439964e-04
1.280812202383439964e-04
1.280812202383439964e-04
1.423124669314933199e-05
1.581249632572147293e-06
1.581249632572147293e-06
1.423124669314933199e-05
1.152730982145096618e-03
1.756944036191275006e-07
1.280812202383439964e-04
1.756944036191275006e-07
1.423124669314933199e-05
1.280812202383439964e-04
1.423124669314933199e-05
1.756944036191275006e-07
1.581249632572147293e-06
1.581249632572147293e-06
1.756944036191275006e-07
1.152730982145096618e-03
1.581249632572147293e-06
1.037457883930587021e-02
1.423124669314933199e-05
1.280812202383439964e-04
1.423124669314933199e-05
1.152730982145096618e-03
1.152730982145096618e-03
1.756944036191275006e-07
1.037457883930587021e-02
1.152730982145096618e-03
1.280812202383439964e-04
1.756944036191275006e-07
1.952160040212527122e-08
1.581249632572147293e-06
1.152730982145096618e-03
1.581249632572147293e-06
1.423124669314933199e-05
1.152730982145096618e-03
1.756944036191275006e-07
1.756944036191275006e-07
1.152730982145096618e-03
1.280812202383439964e-04
1.581249632572147293e-06
1.423124669314933199e-05
1.756944036191275006e-07
1.152730982145096618e-03
1.423124669314933199e-05
1.581249632572147293e-06
1.152730982145096618e-03
1.423124669314933199e-05
1.037457883930587021e-02
1.037457883930587021e-02
1.280812202383439964e-04
1.423124669314933199e-05
1.037457883930587021e-02
1.152730982145096618e-03
1.423124669314933199e-05
1.756944036191275006e-07
1.280812202383439964e-04
1.280812202383439964e-04
1.423124669314933199e-05
1.152730982145096618e-03
1.280812202383439964e-04
1.152730982145096618e-03
1.423124669314933199e-05
1.280812202383439964e-04
1.152730982145096618e-03
1.423124669314933199e-05
1.280812202383439964e-04
1.581249632572147293e-06
1.423124669314933199e-05
1.280812202383439964e-04
1.756944036191275006e-07
1.423124669314933199e-05
1.423124669314933199e-05
1.423124669314933199e-05
1.423124669314933199e-05
1.280812202383439964e-04
1.423124669314933199e-05
1.756944036191275006e-07
1.280812202383439964e-04
1.423124669314933199e-05
1.037457883930587021e-02
1.952160040212527122e-08
1.581249632572147293e-06
1.280812202383439964e-04
1.152730982145096618e-03
1.756944036191275006e-07
1.952160040212527122e-08
1.423124669314933199e-05
1.581249632572147293e-06
1.952160040212527122e-08
1.423124669314933199e-05
1.581249632572147293e-06
1.756944036191275006e-07
1.423124669314933199e-05
1.152730982145096618e-03
1.152730982145096618e-03
1.280812202383439964e-04
1.756944036191275006e-07
1.581249632572147293e-06
1.280812202383439964e-04
1.152730982145096618e-03
1.581249632572147293e-06
1.152730982145096618e-03
1.423124669314933199e-05
1.756944036191275006e-07
1.280812202383439964e-04
1.152730982145096618e-03
1.756944036191275006e-07
1.152730982145096618e-03
1.152730982145096618e-03
