2.933288715165439497e-03
4.023715658663150518e-06
3.259209683517153250e-04
2.933288715165439497e-03
4.023715658663150518e-06
4.023715658663150518e-06
3.621344092796836568e-05
3.621344092796836568e-05
3.259209683517153250e-04
3.259209683517153250e-04
4.023715658663150518e-06
3.259209683517153250e-04
3.621344092796836568e-05
2.639959843648895937e-02
4.470795176292389641e-07
4.023715658663150518e-06
2.933288715165439497e-03
3.621344092796836568e-05
3.259209683517153250e-04
3.621344092796836568e-05
2.933288715165439497e-03
3.259209683517153250e-04
2.933288715165439497e-03
3.621344092796836568e-05
3.259209683517153250e-04
3.259209683517153250e-04
2.933288715165439497e-03
3.621344092796836568e-05
3.259209683517153250e-04
2.933288715165439497e-03
4.470795176292389641e-07
3.621344092796836568e-05
2.933288715165439497e-03
3.259209683517153250e-04
3.621344092796836568e-05
3.621344092796836568e-05
2.933288715165439497e-03
4.470795176292389641e-07
3.621344092796836568e-05
3.259209683517153250e-04
4.470795176292389641e-07
2.933288715165439497e-03
2.933288715165439497e-03
4.023715658663150518e-06
3.259209683517153250e-04
2.933288715165439497e-03
4.470795176292389641e-07
3.259209683517153250e-04
4.967550195880431538e-08
4.023715658663150518e-06
3.259209683517153250e-04
4.470795176292389641e-07
2.933288715165439497e-03
3.621344092796836568e-05
3.621344092796836568e-05
4.470795176292389641e-07
4.470795176292389641e-07
3.259209683517153250e-04
4.967550195880431538e-08
4.023715658663150518e-06
3.621344092796836568e-05
4.470795176292389641e-07
3.621344092796836568e-05
4.023715658663150518e-06
3.259209683517153250e-04
3.621344092796836568e-05
4.023715658663150518e-06
3.621344092796836568e-05
4.023715658663150518e-06
2.933288715165439497e-03
3.621344092796836568e-05
4.023715658663150518e-06
4.470795176292389641e-07
4.023715658663150518e-06
4.023715658663150518e-06
2.933288715165439497e-03
2.375963859284006829e-01
3.259209683517153250e-04
3.621344092796836568e-05
2.639959843648895937e-02
4.023715658663150518e-06
4.470795176292389641e-07
4.470795176292389641e-07
4.470795176292389641e-07
4.470795176292389641e-07
3.621344092796836568e-05
4.470795176292389641e-07
3.621344092796836568e-05
4.023715658663150518e-06
3.259209683517153250e-04
3.621344092796836568e-05
3.259209683517153250e-04
3.621344092796836568e-05
2.639959843648895937e-02
3.621344092796836568e-05
3.259209683517153250e-04
2.639959843648895937e-02
2.933288715165439497e-03
2.639959843648895937e-02
4.470795176292389641e-07
3.259209683517153250e-04
4.470795176292389641e-07
3.621344092796836568e-05
4.470795176292389641e-07
4.470795176292389641e-07
4.967550195880431538e-08
3.621344092796836568e-05
3.259209683517153250e-04
4.470795176292389641e-07
3.621344092796836568e-05
3.259209683517153250e-04
3.621344092796836568e-05
3.621344092796836568e-05
4.023715658663150518e-06
3.259209683517153250e-04
4.023715658663150518e-06
2.639959843648895937e-02
3.621344092796836568e-05
2.933288715165439497e-03
4.023715658663150518e-06
4.023715658663150518e-06
3.621344092796836568e-05
3.621344092796836568e-05
2.375963859284006829e-01
3.621344092796836568e-05
3.621344092796836568e-05
3.259209683517153250e-04
4.023715658663150518e-06
3.259209683517153250e-04
4.967550195880431538e-08
3.621344092796836568e-05
3.259209683517153250e-04
4.470795176292389641e-07
4.967550195880431538e-08
4.470795176292389641e-07
3.259209683517153250e-04
3.621344092796836568e-05
4.023715658663150518e-06
3.621344092796836568e-05
5.519500217644921633e-09
4.023715658663150518e-06
4.470795176292389641e-07
3.621344092796836568e-05
3.621344092796836568e-05
2.639959843648895937e-02
3.259209683517153250e-04
3.259209683517153250e-04
4.023715658663150518e-06
4.023715658663150518e-06
4.470795176292389641e-07
3.621344092796836568e-05
3.621344092796836568e-05
3.621344092796836568e-05
4.470795176292389641e-07
3.621344092796836568e-05
3.621344092796836568e-05
4.023715658663150518e-06
3.621344092796836568e-05
3.621344092796836568e-05
3.621344092796836568e-05
2.933288715165439497e-03
3.259209683517153250e-04
4.470795176292389641e-07
4.470795176292389641e-07
4.023715658663150518e-06
4.023715658663150518e-06
4.470795176292389641e-07
3.621344092796836568e-05
2.933288715165439497e-03
4.470795176292389641e-07
4.023715658663150518e-06
3.621344092796836568e-05
3.621344092796836568e-05
3.259209683517153250e-04
3.621344092796836568e-05
4.023715658663150518e-06
4.470795176292389641e-07
4.023715658663150518e-06
2.933288715165439497e-03
3.259209683517153250e-04
3.621344092796836568e-05
2.639959843648895937e-02
3.621344092796836568e-05
4.023715658663150518e-06
3.259209683517153250e-04
3.621344092796836568e-05
2.933288715165439497e-03
4.470795176292389641e-07
3.621344092796836568e-05
3.621344092796836568e-05
3.621344092796836568e-05
3.259209683517153250e-04
3.621344092796836568e-05
3.259209683517153250e-04
3.621344092796836568e-05
4.023715658663150518e-06
3.621344092796836568e-05
3.621344092796836568e-05
2.375963859284006829e-01
3.259209683517153250e-04
