4.750704930465634326e-05
3.848070993677166467e-03
4.275634437419071504e-04
5.865067815389670099e-07
3.463263894309449864e-02
5.278561033850703301e-06
4.750704930465634326e-05
4.275634437419071504e-04
3.848070993677166467e-03
4.750704930465634326e-05
4.750704930465634326e-05
4.750704930465634326e-05
4.275634437419071504e-04
4.275634437419071504e-04
4.750704930465634326e-05
5.278561033850703301e-06
5.865067815389670099e-07
5.278561033850703301e-06
3.848070993677166467e-03
5.865067815389670099e-07
5.278561033850703301e-06
5.278561033850703301e-06
4.275634437419071504e-04
5.865067815389670099e-07
3.848070993677166467e-03
5.278561033850703301e-06
4.275634437419071504e-04
4.750704930465634326e-05
5.865067815389670099e-07
5.278561033850703301e-06
4.750704930465634326e-05
4.750704930465634326e-05
4.750704930465634326e-05
5.865067815389670099e-07
5.865067815389670099e-07
4.275634437419071504e-04
3.848070993677166467e-03
5.865067815389670099e-07
4.750704930465634326e-05
4.275634437419071504e-04
5.865067815389670099e-07
6.516742017099631679e-08
3.848070993677166467e-03
3.463263894309449864e-02
5.278561033850703301e-06
3.848070993677166467e-03
5.278561033850703301e-06
5.278561033850703301e-06
5.278561033850703301e-06
4.750704930465634326e-05
5.278561033850703301e-06
5.865067815389670099e-07
5.865067815389670099e-07
5.278561033850703301e-06
4.275634437419071504e-04
5.278561033850703301e-06
4.275634437419071504e-04
4.750704930465634326e-05
4.275634437419071504e-04
5.278561033850703301e-06
4.750704930465634326e-05
4.275634437419071504e-04
4.750704930465634326e-05
5.278561033850703301e-06
3.848070993677166467e-03
5.865067815389670099e-07
4.750704930465634326e-05
5.865067815389670099e-07
4.750704930465634326e-05
5.865067815389670099e-07
4.275634437419071504e-04
4.750704930465634326e-05
3.848070993677166467e-03
5.278561033850703301e-06
5.278561033850703301e-06
3.848070993677166467e-03
5.865067815389670099e-07
4.275634437419071504e-04
5.865067815389670099e-07
3.848070993677166467e-03
3.848070993677166467e-03
5.278561033850703301e-06
5.278561033850703301e-06
3.848070993677166467e-03
3.848070993677166467e-03
5.865067815389670099e-07
4.275634437419071504e-04
3.463263894309449864e-02
5.865067815389670099e-07
3.848070993677166467e-03
4.750704930465634326e-05
5.865067815389670099e-07
5.278561033850703301e-06
4.750704930465634326e-05
5.865067815389670099e-07
4.750704930465634326e-05
5.278561033850703301e-06
5.865067815389670099e-07
4.750704930465634326e-05
5.865067815389670099e-07
4.275634437419071504e-04
5.278561033850703301e-06
6.516742017099631679e-08
4.275634437419071504e-04
4.275634437419071504e-04
5.278561033850703301e-06
4.275634437419071504e-04
4.750704930465634326e-05
4.750704930465634326e-05
4.750704930465634326e-05
3.848070993677166467e-03
3.848070993677166467e-03
5.278561033850703301e-06
5.278561033850703301e-06
3.463263894309449864e-02
4.275634437419071504e-04
4.275634437419071504e-04
4.750704930465634326e-05
4.750704930465634326e-05
4.750704930465634326e-05
5.278561033850703301e-06
3.848070993677166467e-03
4.750704930465634326e-05
5.865067815389670099e-07
5.865067815389670099e-07
4.275634437419071504e-04
5.865067815389670099e-07
5.865067815389670099e-07
4.275634437419071504e-04
4.750704930465634326e-05
3.463263894309449864e-02
3.848070993677166467e-03
5.865067815389670099e-07
3.463263894309449864e-02
4.750704930465634326e-05
6.516742017099631679e-08
5.278561033850703301e-06
3.848070993677166467e-03
3.848070993677166467e-03
3.463263894309449864e-02
3.848070993677166467e-03
4.275634437419071504e-04
5.865067815389670099e-07
5.278561033850703301e-06
5.278561033850703301e-06
3.463263894309449864e-02
3.848070993677166467e-03
4.750704930465634326e-05
5.278561033850703301e-06
4.275634437419071504e-04
3.848070993677166467e-03
4.750704930465634326e-05
4.275634437419071504e-04
4.275634437419071504e-04
5.278561033850703301e-06
5.865067815389670099e-07
3.463263894309449864e-02
5.278561033850703301e-06
4.750704930465634326e-05
6.516742017099631679e-08
6.516742017099631679e-08
4.275634437419071504e-04
6.516742017099631679e-08
4.275634437419071504e-04
3.463263894309449864e-02
5.278561033850703301e-06
6.516742017099631679e-08
5.865067815389670099e-07
3.848070993677166467e-03
4.750704930465634326e-05
5.865067815389670099e-07
3.848070993677166467e-03
5.865067815389670099e-07
7.240824463444032901e-09
5.865067815389670099e-07
4.750704930465634326e-05
4.750704930465634326e-05
5.865067815389670099e-07
4.750704930465634326e-05
5.865067815389670099e-07
5.865067815389670099e-07
4.275634437419071504e-04
4.750704930465634326e-05
4.750704930465634326e-05
5.278561033850703301e-06
5.278561033850703301e-06
4.750704930465634326e-05
5.278561033850703301e-06
4.275634437419071504e-04
5.278561033850703301e-06
3.116937504878505849e-01
4.750704930465634326e-05
4.275634437419071504e-04
5.278561033850703301e-06
5.865067815389670099e-07
5.278561033850703301e-06
4.275634437419071504e-04
4.750704930465634326e-05
3.848070993677166467e-03
5.865067815389670099e-07
4.750704930465634326e-05
5.865067815389670099e-07
4.750704930465634326e-05
5.278561033850703301e-06
4.750704930465634326e-05
6.516742017099631679e-08
5.278561033850703301e-06
3.463263894309449864e-02
5.278561033850703301e-06
3.848070993677166467e-03
5.865067815389670099e-07
3.463263894309449864e-02
4.750704930465634326e-05
4.750704930465634326e-05
3.848070993677166467e-03
5.865067815389670099e-07
5.278561033850703301e-06
6.516742017099631679e-08
5.278561033850703301e-06
4.275634437419071504e-04
5.278561033850703301e-06
4.275634437419071504e-04
4.750704930465634326e-05
5.865067815389670099e-07
4.275634437419071504e-04
5.278561033850703301e-06
4.750704930465634326e-05
5.278561033850703301e-06
4.275634437419071504e-04
5.865067815389670099e-07
6.516742017099631679e-08
5.865067815389670099e-07
4.275634437419071504e-04
5.278561033850703301e-06
4.750704930465634326e-05
5.278561033850703301e-06
5.278561033850703301e-06
3.848070993677166467e-03
4.750704930465634326e-05
4.275634437419071504e-04
5.865067815389670099e-07
5.865067815389670099e-07
4.275634437419071504e-04
3.463263894309449864e-02
3.848070993677166467e-03
4.750704930465634326e-05
4.750704930465634326e-05
5.278561033850703301e-06
4.750704930465634326e-05
4.275634437419071504e-04
5.278561033850703301e-06
4.275634437419071504e-04
4.750704930465634326e-05
4.275634437419071504e-04
3.848070993677166467e-03
4.750704930465634326e-05
4.750704930465634326e-05
4.750704930465634326e-05
4.750704930465634326e-05
4.750704930465634326e-05
4.275634437419071504e-04
5.278561033850703301e-06
4.750704930465634326e-05
4.275634437419071504e-04
4.275634437419071504e-04
5.278561033850703301e-06
4.275634437419071504e-04
5.278561033850703301e-06
4.275634437419071504e-04
4.750704930465634326e-05
3.848070993677166467e-03
5.278561033850703301e-06
5.865067815389670099e-07
4.750704930465634326e-05
4.275634437419071504e-04
4.275634437419071504e-04
3.463263894309449864e-02
5.278561033850703301e-06
5.278561033850703301e-06
4.750704930465634326e-05
4.750704930465634326e-05
3.463263894309449864e-02
4.750704930465634326e-05
4.750704930465634326e-05
3.848070993677166467e-03
4.750704930465634326e-05
3.848070993677166467e-03
5.865067815389670099e-07
3.848070993677166467e-03
5.278561033850703301e-06
4.275634437419071504e-04
5.865067815389670099e-07
3.848070993677166467e-03
5.278561033850703301e-06
4.750704930465634326e-05
5.278561033850703301e-06
4.750704930465634326e-05
4.275634437419071504e-04
4.750704930465634326e-05
4.275634437419071504e-04
