1.344110673680897049e-05
2.048636905473092133e-09
1.659395893433205658e-07
1.493456304089885092e-06
1.493456304089885092e-06
1.209699606312807530e-04
1.209699606312807530e-04
1.493456304089885092e-06
1.344110673680897049e-05
1.209699606312807530e-04
1.493456304089885092e-06
1.209699606312807530e-04
1.344110673680897049e-05
1.209699606312807530e-04
1.088729645681527211e-03
1.493456304089885092e-06
1.209699606312807530e-04
2.048636905473092133e-09
1.493456304089885092e-06
1.088729645681527211e-03
1.209699606312807530e-04
1.209699606312807530e-04
1.659395893433205658e-07
1.344110673680897049e-05
1.209699606312807530e-04
1.344110673680897049e-05
1.843773214925783292e-08
9.798566811133746848e-03
1.659395893433205658e-07
9.798566811133746848e-03
1.209699606312807530e-04
1.344110673680897049e-05
1.659395893433205658e-07
1.344110673680897049e-05
1.088729645681527211e-03
1.209699606312807530e-04
1.493456304089885092e-06
1.088729645681527211e-03
1.209699606312807530e-04
1.088729645681527211e-03
1.493456304089885092e-06
1.088729645681527211e-03
1.493456304089885092e-06
1.493456304089885092e-06
1.209699606312807530e-04
1.344110673680897049e-05
1.209699606312807530e-04
7.936839117018338330e-01
1.344110673680897049e-05
1.209699606312807530e-04
1.088729645681527211e-03
1.344110673680897049e-05
1.209699606312807530e-04
1.493456304089885092e-06
1.344110673680897049e-05
1.344110673680897049e-05
1.088729645681527211e-03
1.344110673680897049e-05
1.344110673680897049e-05
1.209699606312807530e-04
9.798566811133746848e-03
1.843773214925783292e-08
1.493456304089885092e-06
1.209699606312807530e-04
1.344110673680897049e-05
9.798566811133746848e-03
1.493456304089885092e-06
1.493456304089885092e-06
1.088729645681527211e-03
1.344110673680897049e-05
1.493456304089885092e-06
1.344110673680897049e-05
1.493456304089885092e-06
1.659395893433205658e-07
1.209699606312807530e-04
1.209699606312807530e-04
1.493456304089885092e-06
1.659395893433205658e-07
1.493456304089885092e-06
1.493456304089885092e-06
1.344110673680897049e-05
1.344110673680897049e-05
1.493456304089885092e-06
1.209699606312807530e-04
1.344110673680897049e-05
9.798566811133746848e-03
1.344110673680897049e-05
1.209699606312807530e-04
1.209699606312807530e-04
1.088729645681527211e-03
1.493456304089885092e-06
1.493456304089885092e-06
1.493456304089885092e-06
1.209699606312807530e-04
1.209699606312807530e-04
1.209699606312807530e-04
1.659395893433205658e-07
1.493456304089885092e-06
1.843773214925783292e-08
1.209699606312807530e-04
1.493456304089885092e-06
1.659395893433205658e-07
1.209699606312807530e-04
1.209699606312807530e-04
1.088729645681527211e-03
1.344110673680897049e-05
1.344110673680897049e-05
1.088729645681527211e-03
1.209699606312807530e-04
1.088729645681527211e-03
1.493456304089885092e-06
1.493456304089885092e-06
9.798566811133746848e-03
1.493456304089885092e-06
1.088729645681527211e-03
1.493456304089885092e-06
1.088729645681527211e-03
1.209699606312807530e-04
1.209699606312807530e-04
1.209699606312807530e-04
1.209699606312807530e-04
1.659395893433205658e-07
1.493456304089885092e-06
1.493456304089885092e-06
1.209699606312807530e-04
1.344110673680897049e-05
1.493456304089885092e-06
1.493456304089885092e-06
1.209699606312807530e-04
1.344110673680897049e-05
1.209699606312807530e-04
1.493456304089885092e-06
1.493456304089885092e-06
1.493456304089885092e-06
1.088729645681527211e-03
1.344110673680897049e-05
1.209699606312807530e-04
1.088729645681527211e-03
1.493456304089885092e-06
1.493456304089885092e-06
1.659395893433205658e-07
9.798566811133746848e-03
1.209699606312807530e-04
1.209699606312807530e-04
1.493456304089885092e-06
1.209699606312807530e-04
1.843773214925783292e-08
1.088729645681527211e-03
1.659395893433205658e-07
1.493456304089885092e-06
1.209699606312807530e-04
1.209699606312807530e-04
1.209699606312807530e-04
1.659395893433205658e-07
1.209699606312807530e-04
2.276263228303435215e-10
1.209699606312807530e-04
1.209699606312807530e-04
1.209699606312807530e-04
1.088729645681527211e-03
1.209699606312807530e-04
1.209699606312807530e-04
1.088729645681527211e-03
1.088729645681527211e-03
1.088729645681527211e-03
1.344110673680897049e-05
1.344110673680897049e-05
1.659395893433205658e-07
1.344110673680897049e-05
1.088729645681527211e-03
1.344110673680897049e-05
1.493456304089885092e-06
1.088729645681527211e-03
8.818710130020374072e-02
1.493456304089885092e-06
1.659395893433205658e-07
1.493456304089885092e-06
1.088729645681527211e-03
1.344110673680897049e-05
1.209699606312807530e-04
1.088729645681527211e-03
1.344110673680897049e-05
1.493456304089885092e-06
1.088729645681527211e-03
1.344110673680897049e-05
1.209699606312807530e-04
1.659395893433205658e-07
1.209699606312807530e-04
1.493456304089885092e-06
1.493456304089885092e-06
1.209699606312807530e-04
1.493456304089885092e-06
1.493456304089885092e-06
1.344110673680897049e-05
1.344110673680897049e-05
1.088729645681527211e-03
9.798566811133746848e-03
1.088729645681527211e-03
1.493456304089885092e-06
1.088729645681527211e-03
