13764012.16
13746520.26
19682434.18
19536772.93
25488482.92
25388639.12
63436868.07
63726650.37
26329013.05
26123458.88
64300433.64
63970550.19
74125202.36
74917482.67
139207126.98
139295833.09
20398461.03
21191394.2
20498754.52
20750694.38
25660954.33
26962137.96
63397004.54
63138614.65
27176298.26
27671721.9
65774631.77
65057065.13
75512360.06
75123080.78
139345255.56
139933053.82
25654313.88
26526435.24
26468676.2
26582472.47
26691457.82
25798151.82
62547802.53
63257600.45
27308944.75
27511060.94
65131555.61
65822782.01
75928038.94
74785509.44
140213480.32
140573608.64
64440278.91
63692411.6
62931740.23
64237028.13
64143011.56
64066975.91
64127366.16
64439488.22
63854727.06
63355158.64
64553959.79
66287781.02
75159243.03
76368878.36
140300053.98
140296478.18
26659677.37
26264571.82
26337071.01
27239286.06
26833347.59
26321843.73
63304782.96
62969782.83
26564746.06
26323244.22
65240044.35
65052282.91
74386338.98
74579497.73
138674214.32
139358004.8
65396765.23
64749361.73
65413925.96
64645453.63
64784017.48
65288813.93
65358058.81
64085745.87
66229893.23
65715477.5
65825573.24
65004227.92
74679720.72
75168111.42
140110032.43
139466273.88
74675558.6
75110857.67
74943115.78
74532623.04
74246069.47
74444802.64
75325591.77
74228830.31
74306027.38
74806470.4
73973929.9
75023680.35
74621071.76
74599388.37
139650879.74
139262397.64
139398368.3
140069753.74
139222969.24
139031021.69
139345130.07
140014910.55
139968398.71
140737739.29
139718729.71
139459091.37
139845872.67
139577717.08
139158227.5
139773967.17
140091051.05
139381480.3
13743021.46
13773902.42
19976193.08
19760522.71
24958594.16
24658078.42
64310773.27
63476418.44
26257558.05
26536423.5
65491715.79
64896330.4
73962998.63
75250268.63
139424529.72
138582475.86
19925302.83
20290417.03
20207980.68
20015627.74
26137130.69
26172659.1
62981380.98
62779294.59
27510887.96
26949905.02
64556688.12
65004218.49
74954616.16
75245260.55
138347709.64
139914733.19
26480509.69
26094398.43
26562812.8
26536892.46
26433058.78
26789001.93
63366346.61
63407450.64
27685173.47
27130811.55
64511206.25
65535082.81
74034788.5
74648925.15
139536731.33
139470706.32
63677986.9
63907655.54
64650007.01
63990117.27
64266306.94
64035502.69
63330599.41
64733639.86
63639813.49
63286646.8
65822134.66
66261642.13
75836188.12
75300851.34
140000170.77
139612758.55
26778710.8
25762324.75
26199804.33
26708291.99
27187260.5
27256784.3
63112213.59
63743749.86
26671992.62
26485972.48
65255684.09
64612021.19
74644346.1
75263650.44
139471043.51
139610291.11
64532756.42
64264633.98
65091768.74
65288825.65
64402428.79
64615652.54
65649510.88
65547184.82
66086764.54
64961718.0
64823742.36
64635640.88
75042319.92
75579726.99
140110571.84
140293146.02
75030132.33
74254368.38
74684250.07
74688845.91
74452886.01
75271663.34
74423056.76
74817756.89
74594201.29
74481722.69
75129594.56
74807337.44
74577435.76
75554097.72
138871081.5
139386311.54
139979628.69
139259471.16
140418470.87
140573872.44
137815297.24
139202510.38
139075019.93
139971042.02
140204424.61
139083059.21
139485423.95
139901382.57
139477199.26
139216690.17
139356572.34
139473232.26
13769841.73
13768731.61
19423804.87
19356940.49
26101894.13
25309636.31
64232251.77
64019366.27
26368432.35
26494908.19
64738919.04
65230063.17
74906207.19
74513869.76
139981420.98
140126762.58
20500145.52
20263538.06
20041847.89
20649024.9
25613642.77
26622555.13
64170188.72
63804128.82
27237643.32
27114601.41
64541261.98
65291295.34
74612523.67
75634962.78
139489796.07
138055228.24
26449383.53
26034061.61
25961154.51
26939614.56
26700575.3
26228658.83
63609600.57
62844503.38
27075845.71
27634959.62
65473638.93
64219506.72
74494504.14
75304145.21
140514879.34
139323164.59
63426561.78
64230016.28
64217048.67
64352084.47
63622948.48
64233137.05
64799038.44
64464832.19
63303640.75
63704591.65
65863321.04
66101316.0
74386448.51
75535370.25
142256610.14
139822889.54
27091784.68
26769718.39
26448336.5
26728841.76
26677331.86
26562685.74
63353252.36
62850989.95
26479172.35
26407118.8
64216629.91
64567122.81
74408866.01
75070655.24
140774626.84
140219505.59
64593690.94
64587509.39
63509279.68
64933654.82
64803406.09
65590347.47
65789991.72
66003668.41
64871387.89
65759761.91
65018655.38
64471598.44
75388449.1
75965511.07
139408341.32
139445111.27
75886464.86
74075863.35
74350044.28
74628259.45
75056869.91
74800404.34
74864436.63
74380776.78
75136293.75
75009469.75
74148875.57
74807431.11
74811000.96
75190313.79
139871538.48
139758504.32
139684394.63
139932903.96
139913037.21
139870823.8
138907089.7
139437702.34
140283464.23
140756736.85
140295959.6
139288821.38
139315132.48
140527369.88
139667364.23
139548840.77
138818814.18
139940323.09
13760686.01
13769985.35
19660578.98
20029630.17
25584565.42
25811558.32
63620751.6
64248989.88
26182804.37
27121611.02
65250206.62
64454206.45
74401620.08
75165600.18
140442146.35
140445024.67
20533966.3
19831451.16
20555711.47
20313765.99
26083529.68
27014510.92
63671959.7
63934446.47
27608050.0
27189735.39
65469790.56
65171110.65
75206643.23
74289247.34
138834089.83
139772256.46
25997129.55
25829300.45
26549569.94
26543337.16
25607606.3
26272089.83
64728753.9
63724084.13
27029837.3
27301421.68
65654477.39
65877826.07
75358053.4
74468995.36
139716806.98
140311519.69
64464722.97
64555267.12
64209631.25
63591906.05
65015649.6
64171297.87
63717450.0
64523149.82
63550594.2
63400044.73
66373665.52
65288116.85
75632922.07
75437418.06
139970441.45
139563321.51
26611334.91
26629679.42
26398746.56
26122778.51
25828774.51
26109300.29
63752683.64
63320757.0
25700365.78
26870555.34
65292262.81
65090956.92
74472336.62
74431689.62
140301204.42
138441915.46
65240530.57
65056997.9
65089811.64
65374287.16
64540985.31
64790412.69
64681066.8
65717725.65
65317163.09
65216154.07
64546947.88
65126601.13
74802537.12
74475201.42
139810748.63
139544789.94
75222612.76
75947845.2
75060088.31
74509219.9
75282749.15
74132162.11
74394055.26
75132281.85
74797241.63
75703537.67
74582004.86
75261108.35
75286515.54
74270598.26
137984220.38
139592949.42
140961543.43
140677407.09
139738258.82
140363671.37
139378667.34
138701675.55
139462931.18
138741569.56
139656466.72
138952631.14
140520097.94
139188599.08
139723332.59
138814451.02
140221556.17
138433917.31
13715206.22
13741496.9
19187159.11
19247433.6
25393805.66
24611597.4
63037391.2
62015624.11
26466021.38
26222622.55
64337796.3
64919756.43
74608289.28
74114896.92
139892304.38
139722344.72
19766087.01
20274528.43
20038810.71
20471818.35
26619491.89
26444887.83
62425976.11
62949739.31
26804133.44
27959306.67
65810893.37
66316543.82
75547999.54
74645033.72
139067705.81
139344135.69
26169907.31
25924627.56
25991023.3
26390659.3
25724880.38
26260725.55
63677869.32
63976259.33
27392049.9
26905185.51
64508991.92
66005774.34
74760234.68
75052217.37
138873484.62
139277837.76
63590298.8
64333134.38
64186372.75
63234782.28
64141481.93
64823464.0
64193386.15
64404018.12
63962610.35
63333933.66
65655092.59
66178587.98
75003532.79
74647674.15
139507898.54
139488859.77
26160141.98
26130574.22
26967646.83
26346848.11
26287216.54
26271671.9
63049345.19
63314443.45
26018657.52
26155607.87
65252873.97
64973811.51
74890200.96
76243045.68
139354176.78
138089765.36
65479877.28
64777712.35
64614907.98
65284117.96
65363555.02
65044291.39
65417270.54
64848412.58
65302202.59
64830055.97
65202462.84
64636764.84
74898250.16
74447474.78
139032433.46
139325783.87
74392976.85
75077391.37
75052509.69
75017903.83
74784834.59
75548132.14
74656159.56
75168334.8
75637919.23
73971056.21
74435782.71
74749372.25
74766255.94
74899179.69
139659986.82
138962740.23
140774763.2
139395398.23
139973185.48
139537362.43
139040083.17
139630119.46
139275456.13
138789556.58
139905964.01
138701847.52
139472454.53
137905091.4
139987318.87
140060449.82
140149227.7
139085593.92
13751204.16
13764409.19
19578554.2
19864237.62
25750373.05
25968190.09
63502380.43
63351171.09
26490736.65
26316622.26
64341157.27
64974766.06
75439729.1
74889852.24
138876489.85
139265957.75
20047780.37
19534615.14
19821241.41
20745944.13
26208102.12
26360830.92
63507996.62
64670740.89
27383837.39
27755772.41
63918036.57
65128643.38
75242526.4
75704095.64
140697706.83
140466726.82
26343356.93
26174807.3
26042340.33
26450907.41
27005087.32
25599427.62
64274813.72
63375122.04
27379051.73
28056520.51
65651764.83
66090345.74
74481282.78
74824394.45
139962519.38
138607920.13
64474311.83
63342578.06
63837766.03
64640706.62
64547966.84
63800978.88
65365091.8
63946130.04
63432526.71
63887439.99
65441338.73
66582334.87
75570970.13
75343053.04
138502834.25
139568449.9
26522493.47
26780927.27
26012339.64
25900259.43
26912452.22
26236538.66
63223580.19
62553907.13
26612456.97
26679102.45
65230563.68
64822237.03
75670516.01
75409021.54
140263503.47
139619889.81
64613060.68
65269565.98
64605936.96
65240682.57
64417962.46
65022046.44
65881553.34
65929310.21
65111282.1
65188583.19
65008401.93
64198046.48
74312849.0
75006453.94
139659256.94
139201417.48
74392255.58
75563066.61
74970553.91
75738441.82
74417758.7
75195537.24
75316853.85
75701795.28
75641609.05
74366797.57
74035719.46
73681538.81
75433246.64
75065791.97
139840538.54
138923338.94
138641442.68
139946778.75
140867238.37
138965156.89
141034307.71
138552167.16
140024551.14
139043358.45
139383560.02
139687530.24
139108325.91
139215728.29
139407309.86
138068601.03
139554561.36
139545187.14
13767208.33
13765072.95
20106744.56
20060298.57
25424814.94
25455193.39
62870946.47
64367722.68
26211247.25
26120374.06
64734108.72
65219110.78
75402071.5
75322220.26
139651910.39
139623414.03
20154041.66
19820220.57
20599175.12
20850566.54
26145957.32
26946873.83
63363196.26
63755265.92
27407503.54
27399513.16
65342892.22
64195942.93
75999569.89
75173505.14
139432311.55
139336144.17
26425827.27
26170155.5
26008863.35
25869408.94
26518815.83
26300812.45
63380093.36
62913961.76
27339957.36
27366632.83
65093118.56
65142272.9
75101802.68
75187774.1
140443894.55
139771039.69
64814552.77
64018137.1
64318405.03
64191953.68
63125447.02
63997101.55
63952289.11
64588553.32
63380943.77
63992870.68
66021225.24
65570613.29
74751518.93
76367608.91
138597378.49
138623327.99
25616987.6
26313082.27
25757181.24
26157326.54
27139543.18
27054875.0
63495260.83
63652664.2
26624458.98
25892973.97
64780586.71
65082603.07
73958347.26
75056241.75
139903446.7
140294101.47
65218764.4
64619797.15
65515326.62
64345543.66
65110542.7
65134417.37
65208087.63
65066384.79
65351797.88
65357923.39
65744629.66
64902663.72
75705385.69
74999767.53
140518615.71
139600612.73
74350399.75
74909184.16
75000426.21
74598750.66
75344282.81
74904266.54
75063872.12
74416337.98
74675802.78
74346302.1
74013681.21
75205339.06
74992248.11
75341085.42
140116083.43
138828685.66
139168343.18
138816478.62
140371277.13
140462943.68
139357516.69
140243289.89
139314132.68
139082352.28
138536408.29
138794705.72
138929983.04
139049313.08
139570657.8
139065870.34
139096146.53
139123305.25
13726692.44
13744150.34
19165611.38
19612077.26
26353916.94
25510156.71
62575531.7
63808787.78
26332858.38
26988064.95
64978658.23
64855438.95
75270318.38
74665674.12
139636937.44
139471081.44
20085667.3
20038152.01
20573691.39
20899799.34
25793594.84
26595411.27
63560831.32
63465873.98
27723336.92
27023170.78
65172579.01
65376936.3
74918411.3
75918829.95
140072081.77
139390281.93
25639986.86
25222255.6
26488422.56
26228622.88
26472077.17
26334659.25
63604066.1
63606421.33
27185439.99
27027640.66
64520682.35
64457488.46
74655101.9
74891135.81
139982851.52
139817387.39
64438299.76
64670687.82
64291554.63
63790145.85
64529624.1
63157363.86
64007207.34
64008138.39
63993542.04
63676730.72
65605289.05
65525834.0
76499528.8
77170537.6
139426287.95
138735487.1
26126529.08
26600444.49
26602894.73
26694574.81
26710299.16
26622582.15
63997028.17
63371885.37
26460660.35
26401312.4
64465252.1
64713501.63
74460687.75
75491301.84
139659573.8
139591944.96
64841928.49
64709669.86
63808136.09
65443156.77
64872842.33
64803118.85
65617746.19
64926914.07
65640815.91
64968877.8
65091775.86
65955050.77
74970110.95
74649913.5
138673216.42
139647135.87
74899735.06
75088067.08
76104578.11
74854185.93
74401378.93
75751640.8
75498942.11
75420301.08
75306685.57
74940861.58
75274647.6
75273763.56
75261433.01
75054546.86
140151834.93
140090461.8
139714900.1
140618989.26
139428510.26
139792803.27
139295481.13
139849081.85
139732191.6
139194275.52
139222519.1
139984586.2
140330441.54
139285321.67
138919988.02
139323438.48
139543097.52
139700520.5
