32711514.99
63600344.17
33073733.11
74995636.38
66856141.94
57001801.16
88298293.7
39042388.84
41191777.63
48408523.04
35774907.95
85519866.68
33157135.64
48702157.14
57325270.38
14666681.37
43389836.86
86909080.19
76297955.49
33900307.28
46170824.63
75321216.15
82741439.66
78251434.15
25972447.22
39598643.9
14610711.74
12788729.07
24179985.24
25332219.23
20955872.87
75646795.93
43123988.48
26683064.38
14883798.26
83436046.41
67181721.72
36595650.69
18435085.95
12775246.6
67181721.72
73367737.49
34424713.01
65553822.83
24847446.23
45052045.45
21714763.49
26870729.8
54097875.63
83436046.41
33585408.05
24315808.61
46491461.24
16596703.76
82046832.9
92465934.22
74995636.38
84825259.92
13258027.52
44585446.47
42816246.17
66530562.16
34994027.76
42453738.4
33626887.85
34447164.42
43375195.06
53196183.34
82046832.9
70111939.71
80310316.01
71414258.82
26279501.05
49540115.83
81352226.15
20120020.47
87950990.32
48281568.07
24788969.21
74344476.82
83783349.79
90729417.34
83436046.41
90729417.34
44221149.64
13514193.89
87950990.32
36062154.6
38459977.39
33080172.02
12905144.17
85867170.05
41318907.16
92813237.6
45052987.83
72716577.93
42407677.2
53175000.44
26633747.72
83436046.41
25084014.43
81004922.77
51202081.84
53852400.51
13711506.75
21773780.4
72716577.93
52891980.63
19447648.81
47256736.78
26867723.95
74995636.38
54398478.49
48968943.27
62949184.61
74018897.04
90729417.34
32341908.54
67832881.27
56893298.19
64251503.72
13653648.89
47287896.9
55547388.91
12848289.26
71088679.05
84825259.92
13020934.14
56903622.16
35604584.09
53732670.92
48374781.75
33089200.16
36554844.32
70111939.71
68484040.83
62298025.06
43120893.34
33623821.32
58018672.99
31446559.65
12835286.79
40940766.33
44585446.47
12919490.17
70111939.71
54097875.63
12656525.31
33073733.11
64577083.5
62623604.83
60995705.95
33843307.78
56215384.7
60670126.17
22491732.38
70437519.49
36420683.85
35790528.38
32031175.61
17129005.47
81699529.52
32806860.3
60018966.61
45402247.0
53257150.27
28798129.61
70111939.71
33613485.64
61321285.72
12624192.56
39276509.35
29952786.3
54530347.22
16814660.38
91771327.47
36291913.04
40142833.47
40124527.44
44213619.63
60995705.95
39042388.84
43951072.59
83088743.03
34751061.5
51909418.91
91424024.09
33428962.05
19189040.75
92118630.85
42453738.4
32517742.9
15724973.31
66204982.39
25683279.8
69135200.38
63600344.17
87950990.32
88992900.45
41686470.02
30924563.65
14393318.27
47581931.35
36420683.85
81699529.52
84477956.54
21301165.46
48980382.78
81352226.15
73367737.49
33347465.96
74018897.04
37408085.07
19310795.63
53513428.17
77274694.82
87603686.94
28000937.16
32957785.55
47850338.99
65553822.83
53797272.78
93160540.98
37133489.42
12793570.15
36420683.85
36084756.48
18309951.78
12930094.0
13453729.01
30104080.24
69460780.16
45052045.45
90034810.58
12790254.14
38782436.79
18316691.59
53438683.03
78251434.15
30955850.96
20866493.93
13716517.74
84825259.92
38692398.01
86214473.43
52013436.91
35527019.2
39820879.0
20866493.93
88992900.45
43133433.78
71414258.82
50380331.72
92118630.85
60018966.61
66204982.39
13005747.5
75972375.71
25600931.63
16480118.43
36291913.04
26870729.8
38263357.59
33797195.08
38510392.5
14367860.99
14739191.06
12645665.57
16539618.26
59955714.96
69460780.16
64251503.72
39413729.83
29359255.75
81699529.52
88298293.7
44500599.76
27022396.76
72716577.93
27578853.93
50938417.06
75646795.93
35781262.28
88992900.45
37442408.27
68484040.83
31757873.69
24499809.54
47183379.89
46177455.77
60670126.17
48686305.63
84825259.92
29063869.01
23911746.89
49112484.55
48686305.63
38741525.71
12778008.03
87950990.32
45055932.84
74995636.38
60670126.17
48832844.8
32564721.35
49820248.98
74995636.38
22049585.75
89340203.83
75321216.15
41414262.49
29100507.3
88992900.45
23790186.4
63925923.94
32025071.15
39036536.51
35247113.58
88645597.07
12765814.16
24858666.0
62298025.06
25600931.63
54869320.57
45338982.22
43375195.06
68484040.83
52835502.05
29952786.3
30961528.11
60018966.61
38236397.57
60995705.95
75321216.15
39052196.14
55901972.02
14087833.02
16403961.37
92118630.85
44213619.63
67832881.27
16785884.52
48406794.67
22610671.8
42044885.65
90382113.96
24788969.21
65553822.83
57679714.65
40547732.32
25127211.38
34431493.7
18970543.01
64902663.28
64902663.28
30126948.39
85867170.05
23233012.36
28874768.42
40909631.48
35776847.16
89340203.83
34340391.18
29359255.75
50083909.61
87950990.32
47155184.86
93160540.98
55414892.01
90034810.58
80657619.39
72065418.38
22134948.91
25095434.81
36964802.26
75321216.15
37692699.16
79963012.64
48654313.03
45052987.83
58599125.18
54013874.26
77274694.82
80310316.01
34706237.14
72065418.38
23317209.92
69460780.16
14666681.37
27971777.67
53174465.11
39781053.84
83088743.03
77600274.6
32290425.89
88645597.07
89687507.21
14308303.77
84477956.54
53997958.34
84130653.17
12778008.03
34516589.71
44313210.11
16914827.32
27818928.97
15923115.79
25837805.39
29595372.9
30392773.48
88992900.45
87256383.56
28532395.71
36836206.46
72065418.38
75972375.71
69460780.16
90034810.58
56225474.14
52476087.08
39855954.65
43677763.69
36334356.72
50380331.72
71739838.6
16785884.52
66204982.39
51389101.67
92118630.85
45498360.42
30658663.99
73693317.27
48374781.75
40502365.49
35800631.03
28697619.6
70437519.49
66856141.94
33879825.39
13468834.37
32563730.49
18061937.39
76623535.26
74670056.6
48561735.7
35540898.38
32254597.26
79268405.88
43668367.15
33110529.44
12788729.07
49400511.64
40637439.76
32031175.61
18746456.65
13333182.44
93507844.36
33700831.3
25805816.13
21576322.47
44225017.92
37139157.58
90034810.58
36347873.83
23675048.37
32563730.49
87256383.56
48841023.2
74995636.38
83088743.03
41775496.92
31211283.71
54564713.99
14417722.53
31221663.8
90729417.34
18217210.81
49392152.79
30344143.48
15535221.41
23553696.29
88298293.7
75646795.93
30104080.24
31099025.77
38187807.28
79268405.88
25320584.5
55601251.5
79268405.88
53649315.48
67181721.72
63925923.94
29100507.3
45946846.66
68809620.6
91076720.71
50052144.43
85519866.68
41757046.35
37694300.21
35332564.04
75972375.71
47850338.99
17567254.4
71414258.82
33930782.41
13711506.75
26977651.82
17349702.4
80310316.01
53852400.51
65553822.83
60344546.39
49804381.28
88645597.07
47036122.61
79963012.64
55132459.25
81352226.15
50510858.28
67181721.72
25332219.23
58681651.21
37876005.26
34516589.71
42319790.36
28563707.24
45335347.68
82394136.28
88298293.7
50370014.94
30688328.47
37168769.06
84825259.92
47256736.78
88645597.07
41775496.92
25212719.34
37680022.96
81004922.77
78921102.5
28266663.78
63274764.39
48688732.98
34872301.84
74344476.82
38469320.13
17032618.02
41181831.71
70437519.49
52196475.24
28400013.73
54293148.22
15236425.27
61972445.28
32786787.96
80657619.39
45129980.16
44500599.76
54549247.62
72065418.38
66204982.39
30648013.04
38369656.31
30331599.06
48141172.5
32484016.13
60634085.04
33157135.64
48933872.8
75646795.93
52289132.01
78251434.15
35505056.53
54097875.63
43097858.57
44493094.9
53196183.34
36692729.77
79963012.64
30391650.69
82394136.28
31211283.71
72390998.16
15698026.95
17490760.19
42952087.18
72390998.16
73693317.27
87256383.56
72716577.93
87603686.94
49809585.75
55716309.85
28969201.33
63600344.17
48095262.35
33064799.24
68484040.83
25127211.38
31697491.55
82046832.9
33628891.53
28448054.38
52750075.53
31485847.74
39186419.89
61646865.5
20156827.07
27022396.76
30331599.06
69460780.16
81699529.52
19771761.53
62298025.06
35876604.41
34159779.22
56986185.59
22847135.95
74995636.38
39413729.83
20835612.43
42591949.8
62949184.61
73693317.27
25212719.34
40956467.84
33052932.57
80657619.39
47308453.52
72065418.38
23428582.11
33082617.23
90382113.96
92813237.6
86909080.19
68809620.6
71088679.05
21072169.29
18091947.27
63925923.94
36595650.69
23665033.66
16756909.17
34432660.53
24416772.19
67507301.49
54836890.39
65553822.83
34974972.89
20156827.07
37680022.96
51689111.78
30104080.24
41488314.47
46366113.88
39004330.52
71414258.82
53720483.35
49261199.51
47815742.95
31150889.99
34979821.74
91076720.71
19232773.68
32304483.38
42301275.56
90382113.96
53175000.44
86561776.81
90382113.96
42135479.18
82394136.28
86214473.43
30771636.74
34159087.2
12865310.48
13288063.84
72716577.93
43952828.76
79963012.64
67181721.72
18715489.94
39548693.22
43662003.69
25262237.02
31493282.51
36606297.42
19014675.38
22847135.95
15019270.23
60995705.95
16568290.01
56013744.29
34147285.39
74670056.6
32802374.31
91076720.71
51217968.51
45313796.44
58588114.73
82741439.66
20533145.44
35466237.67
51172444.57
75972375.71
25793816.56
38369656.31
91771327.47
86909080.19
32520690.33
37989696.25
73042157.71
68158461.05
26393845.85
31753299.11
37380538.85
35647305.49
39852514.34
37133489.42
17656404.24
41726239.0
40940766.33
17273300.07
34204204.91
42047632.25
12948401.79
18871243.98
33353489.75
69786359.94
54005388.8
49804381.28
61646865.5
23469734.42
75321216.15
87256383.56
27925678.23
62298025.06
33487953.04
93507844.36
34244648.67
23842805.35
42542886.65
36554844.32
65228243.05
41503361.58
81699529.52
50331728.73
64577083.5
19669093.0
87256383.56
90034810.58
49804381.28
23201675.16
36463983.84
61972445.28
76297955.49
79615709.26
80310316.01
29557551.31
38187807.28
82741439.66
48968943.27
51629683.74
63600344.17
28579291.8
48095262.35
82394136.28
53797272.78
49680800.39
44225017.92
32803796.65
44368198.74
66856141.94
76949115.04
41757046.35
46732505.8
78579757.48
61646865.5
35604584.09
24973070.97
92813237.6
32815437.63
32549465.24
15071238.11
13544473.06
34416947.18
92118630.85
13333182.44
55416913.23
46138823.56
33231209.99
28827651.5
17686519.32
16568290.01
88298293.7
74344476.82
38420262.11
34416947.18
29366358.04
16042226.7
77600274.6
88298293.7
14522059.55
21005732.97
87603686.94
48141172.5
61972445.28
43654669.88
69786359.94
12850297.77
79963012.64
36692729.77
28290101.27
60995705.95
65553822.83
51771098.16
44772570.17
47304601.83
62298025.06
30163921.0
17564167.52
82741439.66
12737424.93
81699529.52
74018897.04
51210661.21
82046832.9
35466237.67
65553822.83
40093064.79
17468549.24
28568829.59
34703215.44
47291415.42
64577083.5
40502365.49
91424024.09
79268405.88
39413729.83
13436566.85
53852400.51
17999469.42
50379326.38
40365252.25
43768748.61
86214473.43
87256383.56
42029160.92
35800631.03
46732505.8
81004922.77
54549247.62
35790528.38
46325070.74
64251503.72
93160540.98
28400013.73
68484040.83
36787647.25
22187559.04
68158461.05
22286240.27
43768748.61
43542920.94
33362846.32
77600274.6
65228243.05
76297955.49
39458678.36
37643473.36
63925923.94
83436046.41
14742574.9
61394918.31
39598643.9
38220753.33
27226967.13
56029648.58
41591095.06
39958034.09
25837805.39
89687507.21
34974972.89
58003439.96
26030500.63
14417722.53
30924563.65
60995705.95
27688602.61
83088743.03
38869458.12
35790461.61
67832881.27
45674539.36
84477956.54
12682881.26
55208346.3
65553822.83
49249157.43
12778532.96
21103088.24
89687507.21
53734239.1
27496532.78
49213432.56
61972445.28
69135200.38
35699655.2
48128313.11
13183097.77
61321285.72
57664355.17
38869458.12
64251503.72
65553822.83
50645342.1
34979821.74
82741439.66
67507301.49
30392773.48
88992900.45
44494147.08
86561776.81
22049585.75
68484040.83
33880930.82
21192219.0
89687507.21
71414258.82
50100190.43
51867618.02
62623604.83
46219153.95
42861284.67
51768394.67
53725726.21
14610711.74
13453729.01
16596703.76
51483936.32
64902663.28
86909080.19
89687507.21
21339699.28
12762557.21
35781262.28
44769401.49
73693317.27
37410966.75
34994027.76
54000097.43
46093699.6
84825259.92
26683064.38
68158461.05
13408473.18
36836206.46
89340203.83
36062427.61
22955698.23
44230496.86
19887288.88
13318142.55
48420793.07
49820248.98
70437519.49
85867170.05
34975487.99
59616529.92
79615709.26
78251434.15
67832881.27
48420793.07
48409280.82
44187159.92
40959128.03
29861136.46
18309951.78
21951152.89
53935076.39
50365816.85
46697772.6
40102681.28
48688732.98
87603686.94
50370014.94
84130653.17
32830761.08
34706237.14
39186419.89
17663698.13
27578853.93
19824571.63
30658663.99
30648013.04
60995705.95
37150271.04
54836890.39
62298025.06
42952087.18
25557156.78
18970543.01
90729417.34
50650229.75
74018897.04
43677763.69
62949184.61
77274694.82
47155184.86
35800631.03
60670126.17
38236397.57
91076720.71
28648958.19
65228243.05
35776847.16
14449570.68
16476757.3
85519866.68
75646795.93
31484577.46
12850297.77
30104080.24
13711506.75
78579757.48
71414258.82
91076720.71
30126948.39
45627696.06
13499069.78
36589967.85
35518629.14
47008398.08
54285051.39
39958034.09
68158461.05
50099781.04
35527019.2
73693317.27
91424024.09
32244274.27
89687507.21
42029160.92
29240801.21
25600931.63
18061937.39
50929654.1
16186751.74
49772560.13
62298025.06
58938247.36
56647122.36
70111939.71
65553822.83
30347170.65
43952828.76
47036122.61
12819795.74
78921102.5
42181443.27
40909631.48
25683279.8
75646795.93
40597642.54
17881323.5
18653118.57
69135200.38
12709530.29
47025097.53
46884213.77
33345097.68
49540724.25
50967908.64
88645597.07
30832932.45
61972445.28
24890380.01
33231209.99
77925854.37
42317005.33
69460780.16
81352226.15
71088679.05
63925923.94
74995636.38
28697619.6
43320003.29
27104745.86
49260249.3
52496538.98
62623604.83
90034810.58
78921102.5
89687507.21
34922037.1
19774525.37
29361066.08
60716548.22
13499069.78
14828108.69
15607817.5
50089800.13
33362846.32
35647305.49
39596173.97
69786359.94
50668008.29
61972445.28
58599125.18
16045647.02
87256383.56
20244213.24
16568290.01
52895849.97
17686519.32
92465934.22
33345097.68
56564537.37
31986941.67
35427721.09
77925854.37
52051316.64
65553822.83
61321285.72
72716577.93
81352226.15
31710582.08
71088679.05
56662844.41
12820275.82
50231165.52
74670056.6
39004330.52
34706237.14
34068668.79
31970871.08
39820879.0
64251503.72
85519866.68
39276509.35
22371376.67
50658871.72
17925914.6
47434775.41
38226515.34
46177455.77
53174465.11
33628891.53
28266663.78
61646865.5
23469734.42
42270667.6
28637340.8
12749991.06
74344476.82
56564537.37
47011953.63
60294900.0
32440250.86
31710582.08
34516589.71
92813237.6
47288773.39
28448054.38
48688732.98
77925854.37
45041598.96
77274694.82
69786359.94
61312497.92
92118630.85
48688732.98
13222789.21
12645665.57
84825259.92
40674717.48
52043011.39
34695942.5
72065418.38
12765814.16
29906137.37
20629915.52
48134117.72
39685874.8
25364061.29
34244648.67
24179985.24
32291048.33
49245339.14
62623604.83
35738387.07
69460780.16
47570877.2
33851710.56
32032829.42
53172202.51
34979821.74
76623535.26
33525722.05
44772570.17
71414258.82
84477956.54
51202081.84
19920360.87
61972445.28
25320584.5
50521062.48
27341796.68
45946846.66
77600274.6
35155855.17
17874106.35
77600274.6
65228243.05
47861551.92
75321216.15
13439856.94
52589142.12
34689780.9
28969201.33
26548445.89
77925854.37
85172563.3
87256383.56
45859353.61
16358180.71
45765953.34
31697491.55
34703215.44
74344476.82
65879402.61
60670126.17
37136147.18
32563730.49
67507301.49
37236874.75
86909080.19
23793091.12
83783349.79
86561776.81
17273300.07
78251434.15
44776550.11
48561295.63
36878261.22
35024493.57
77925854.37
40053236.03
37966320.78
74670056.6
86561776.81
55716309.85
92465934.22
93160540.98
32885343.85
26074683.51
72390998.16
55570657.82
83088743.03
79963012.64
91076720.71
70763099.27
56903622.16
71088679.05
70111939.71
54285051.39
78921102.5
74995636.38
45331522.78
50090944.28
27259459.61
87950990.32
18871243.98
48002553.0
47015992.49
33880930.82
78921102.5
71739838.6
21714763.49
77274694.82
14584989.58
81004922.77
33397727.2
40919492.94
87603686.94
87950990.32
23083613.87
64577083.5
43389836.86
29527358.84
27259459.61
86214473.43
81699529.52
44221149.64
14525431.28
75972375.71
78579757.48
85867170.05
57581791.74
41092282.86
26267202.06
74344476.82
34154157.85
91424024.09
69460780.16
34159087.2
55547388.91
16322381.14
13363297.54
78579757.48
49260249.3
90034810.58
18527966.2
25600931.63
54573387.52
20296874.88
13681132.32
55272337.48
59359895.58
31167035.23
39326570.18
31983874.55
39311884.07
51777083.47
28834667.75
41181831.71
31424151.77
30028232.54
35503236.54
46596018.89
63925923.94
64577083.5
60344546.39
40956467.84
13197965.38
49531838.03
20953063.58
76623535.26
36334356.72
73367737.49
12880323.43
46736477.27
29524309.07
79963012.64
76623535.26
52013436.91
36589967.85
55716309.85
55272337.48
85519866.68
30913999.27
44040979.36
91424024.09
20362594.5
45611897.89
34447164.42
92813237.6
31099025.77
73693317.27
76623535.26
47434775.41
61734146.14
30070862.05
60018966.61
79963012.64
49529371.59
50331728.73
34384358.38
18098964.96
85867170.05
73367737.49
36515609.68
73693317.27
37643473.36
76297955.49
83783349.79
29524309.07
45348233.46
27259459.61
19774525.37
63274764.39
45897956.87
68809620.6
50331728.73
74995636.38
69786359.94
90034810.58
75321216.15
34695942.5
69786359.94
13620389.5
29112208.38
86214473.43
18220339.82
19447648.81
13711506.75
79268405.88
40647213.83
76297955.49
17708330.99
48972739.04
15969568.24
46173619.06
66530562.16
32484016.13
76623535.26
25569014.58
39820879.0
91424024.09
33585408.05
88645597.07
37150271.04
89687507.21
85519866.68
38325254.18
25498936.78
85867170.05
13741628.5
17438756.66
68484040.83
19683947.37
28699020.26
30347170.65
63274764.39
44230496.86
86909080.19
37603886.97
67507301.49
71088679.05
43952828.76
85867170.05
12645665.57
57232254.94
92118630.85
35876604.41
18796682.92
14610711.74
84130653.17
55272337.48
79615709.26
75646795.93
36148639.07
62949184.61
48561295.63
16914827.32
15453590.79
47861551.92
28874768.42
12850297.77
34872301.84
65879402.61
79963012.64
48933872.8
15698026.95
46884213.77
38495919.08
71739838.6
33299475.6
27393968.74
83436046.41
68484040.83
62949184.61
42845542.48
34703215.44
18746456.65
50892122.69
93507844.36
44497167.37
38869458.12
12808607.4
52879493.9
40130500.22
25095434.81
62298025.06
66204982.39
40374947.55
50239290.58
74344476.82
61394918.31
13168261.96
33338370.86
64251503.72
67832881.27
66204982.39
38420262.11
60995705.95
73367737.49
36564054.69
71088679.05
14367860.99
75321216.15
30955850.96
81004922.77
53852400.51
34974972.89
74344476.82
15607817.5
47183379.89
68158461.05
72716577.93
28052998.79
32613624.37
31365120.48
42047632.25
30890708.16
33754328.24
30969448.84
82741439.66
91076720.71
15825008.18
45614767.61
42998329.47
88645597.07
42591949.8
25920090.03
55886431.52
20126137.99
37643473.36
30826117.09
29830811.29
15670765.02
64577083.5
60018966.61
14522059.55
14232461.55
74670056.6
66204982.39
42825553.56
28411887.14
54097875.63
50668008.29
15607817.5
31624285.39
16621198.32
48409280.82
36318277.14
43496524.1
90034810.58
67507301.49
51763473.85
77925854.37
91076720.71
44497207.07
51204398.78
33885514.27
13005747.5
21425758.04
77600274.6
80657619.39
55547388.91
54999810.46
40400048.62
67507301.49
49112484.55
13581196.82
89340203.83
61646865.5
12833847.57
88992900.45
41484945.96
36074249.94
77274694.82
34922037.1
52595516.61
53734239.1
30070862.05
47443378.01
34431493.7
12895336.39
28697619.6
28105122.18
54613022.08
67181721.72
35238447.41
56169460.01
30225685.58
56564537.37
12736487.29
27463842.88
59699017.77
53720483.35
56893298.19
69786359.94
36736210.08
32260245.69
91076720.71
52056640.95
76623535.26
46138823.56
64251503.72
39324170.76
92118630.85
31988695.79
42319790.36
64251503.72
42032491.74
30913999.27
30604610.75
64577083.5
37405272.19
43047735.06
83088743.03
18656282.99
42503200.58
43270625.11
17844255.04
14828108.69
65553822.83
34147285.39
65228243.05
66856141.94
90729417.34
35518629.14
35604584.09
31163997.88
41142054.96
41998453.3
46418293.51
60018966.61
32298767.43
13393414.0
57001801.16
52607194.63
57571213.28
31897897.79
15535221.41
24385177.88
37168769.06
67832881.27
75646795.93
89340203.83
16262872.35
38053155.59
41318907.16
39598643.9
70437519.49
83783349.79
18435085.95
48832844.8
42679875.21
20716776.17
30604610.75
23369822.52
54557233.65
79963012.64
45821300.25
72065418.38
61312497.92
34418146.08
50089800.13
25837805.39
89340203.83
28765003.16
78921102.5
46736477.27
77600274.6
30877671.47
43642502.97
25793816.56
91076720.71
51867618.02
12753218.6
70437519.49
23790186.4
28886138.68
78921102.5
63600344.17
81004922.77
13620389.5
44780049.88
25320584.5
30771636.74
71414258.82
33895240.84
68809620.6
43136286.6
33888076.84
36046587.06
17409142.63
43396170.57
32815437.63
49820049.14
37331768.68
81004922.77
60038178.14
90382113.96
12736487.29
39039891.72
46138823.56
56893298.19
56015718.36
33345097.68
44857713.31
88645597.07
33585408.05
36048650.84
28052998.79
33843307.78
42270667.6
83436046.41
12793570.15
43952828.76
82741439.66
72390998.16
35194116.26
66530562.16
22896876.73
39685874.8
68158461.05
52589142.12
16621198.32
81004922.77
70437519.49
30058658.06
41591095.06
29800626.26
58249147.58
12890807.56
12775246.6
87256383.56
54191373.86
44681453.98
92813237.6
13439856.94
30560124.96
26156960.06
67832881.27
83088743.03
41958712.98
42553248.56
87256383.56
61646865.5
46418293.51
73693317.27
36606297.42
48001840.51
15045551.35
68484040.83
40093064.79
70437519.49
78251434.15
41046720.91
56554341.45
28448054.38
91771327.47
61972445.28
43224305.64
28834667.75
45226054.48
53196183.34
69135200.38
38741525.71
21064879.7
57325270.38
25923067.29
35427721.09
23606311.57
72065418.38
62949184.61
87950990.32
35811309.54
61972445.28
77274694.82
32982787.51
25557156.78
48841327.42
66204982.39
60670126.17
53161286.89
42864109.56
35776847.16
51210661.21
87603686.94
52289132.01
82394136.28
79615709.26
93507844.36
31864240.89
49806779.53
53257150.27
90034810.58
36019785.73
60018966.61
34516589.71
17191686.92
60670126.17
50380331.72
82046832.9
60995705.95
35518629.14
60995705.95
33383944.49
92118630.85
17003497.26
14175982.47
87256383.56
55300530.98
92813237.6
21901366.96
40325437.65
93160540.98
23080736.0
31197218.25
88298293.7
50650084.16
51497525.99
67507301.49
76949115.04
28842908.74
18061937.39
68809620.6
66530562.16
50086291.6
24502750.66
29785773.71
61321285.72
50331728.73
37948873.93
35604584.09
69786359.94
84477956.54
20629915.52
12696179.34
68809620.6
31986941.67
91771327.47
16911537.93
86214473.43
32070205.35
66856141.94
15270684.04
84477956.54
37150271.04
33338370.86
69786359.94
13123834.77
20769435.8
63274764.39
55208346.3
34384358.38
50645342.1
65228243.05
83783349.79
70111939.71
14959725.53
20356147.21
80310316.01
67507301.49
68484040.83
39413729.83
40637439.76
21812946.58
92118630.85
15915565.83
35194116.26
50052144.43
54293148.22
54573387.52
34325185.43
38492649.23
82741439.66
72716577.93
33885514.27
30028232.54
59020773.4
33797195.08
91424024.09
45891355.47
51481635.64
65553822.83
53513428.17
28530450.11
40668684.28
71739838.6
86214473.43
22246488.34
49252288.53
43123988.48
31044721.07
63925923.94
48933872.8
67507301.49
87256383.56
49540724.25
88992900.45
90034810.58
13802719.03
65228243.05
12722891.06
90034810.58
31221663.8
85519866.68
36964802.26
92813237.6
12666785.81
58018672.99
43408463.64
18975331.72
79963012.64
75321216.15
81699529.52
52322565.99
31988507.61
43405591.88
68158461.05
52599904.01
13227995.87
37989696.25
91771327.47
77925854.37
91424024.09
70111939.71
48981674.78
37405272.19
13483945.87
73367737.49
30832932.45
28798129.61
60018966.61
64577083.5
17663698.13
22049585.75
93507844.36
47308453.52
24610948.08
18098964.96
35503236.54
35738387.07
15698026.95
29762340.51
33299475.6
34159779.22
22965013.81
31190493.38
42851815.89
32017122.33
84825259.92
41998453.3
50370514.22
81352226.15
60995705.95
29359255.75
34418146.08
64902663.28
68158461.05
69135200.38
63274764.39
56021356.88
48832844.8
82394136.28
13094260.9
15176884.19
33585408.05
53174465.11
72390998.16
35238447.41
31970871.08
30392773.48
18527966.2
31743819.32
12624192.56
88645597.07
56893298.19
34979821.74
78921102.5
27259459.61
12645665.57
53349568.83
28579291.8
60018966.61
20156827.07
43914828.42
34931363.4
18656282.99
71414258.82
34159779.22
16697439.19
38597352.83
14304944.37
77600274.6
37954607.66
45618469.54
64577083.5
33671045.66
13726699.67
86214473.43
65879402.61
43642502.97
43864574.3
13006420.59
48968265.11
69135200.38
12962889.63
26042654.79
78251434.15
34612202.02
47714365.97
40909631.48
87603686.94
22759601.9
62298025.06
56554341.45
31717565.09
77600274.6
25212719.34
20393347.04
27937773.52
42576683.94
51267811.77
50922534.15
30422504.92
51481635.64
27344810.81
93507844.36
37825162.37
34884024.97
78579757.48
71739838.6
15724973.31
24026682.83
69786359.94
18309951.78
36861716.9
32688968.02
60995705.95
37951973.26
37716052.26
32815437.63
75972375.71
90034810.58
47567913.87
61321285.72
33081447.12
89687507.21
31717565.09
62298025.06
68484040.83
13002464.03
92813237.6
82394136.28
18746456.65
18091947.27
80657619.39
44040979.36
14183911.33
47455817.79
83088743.03
27925678.23
66530562.16
32017572.08
46910942.44
21812946.58
70111939.71
12737424.93
30620447.64
68484040.83
21339699.28
30437787.73
19920360.87
17999469.42
79963012.64
13590018.57
48980382.78
47581931.35
32613624.37
61321285.72
72716577.93
46638528.16
50380331.72
48968943.27
55969037.13
82046832.9
68809620.6
45041598.96
63925923.94
59359895.58
13468834.37
50801310.76
32851102.43
55721895.78
47847774.9
15071238.11
40687028.96
85867170.05
17656404.24
27815919.32
64902663.28
56049689.89
67507301.49
34994027.76
21308733.4
61972445.28
54274048.73
51452766.46
71088679.05
93160540.98
23201675.16
57325270.38
85172563.3
56564537.37
84130653.17
86561776.81
33504654.47
32531015.51
57571213.28
70111939.71
12862302.05
92465934.22
21664962.18
39583914.31
61972445.28
32031175.61
85172563.3
12848289.26
88992900.45
21714763.49
32259851.46
60344546.39
92813237.6
76297955.49
49540724.25
33614607.79
30294161.76
28816521.53
33611942.57
25837805.39
62623604.83
15289141.8
66530562.16
29240801.21
26446170.98
39236703.52
32019121.06
39326570.18
18497482.34
21662122.14
80657619.39
40325437.65
91424024.09
37694300.21
20769435.8
83088743.03
60018966.61
85867170.05
28563707.24
85172563.3
31470518.33
63925923.94
76949115.04
57242706.95
77274694.82
88992900.45
78921102.5
83783349.79
71414258.82
42998329.47
60018966.61
19089415.7
91771327.47
29100507.3
16480118.43
85519866.68
88645597.07
74344476.82
68809620.6
32577792.91
14522059.55
28056010.26
91771327.47
72065418.38
40127996.71
61972445.28
64577083.5
74018897.04
18578913.94
67507301.49
32806860.3
36010537.62
70763099.27
80310316.01
81352226.15
51689111.78
82394136.28
90034810.58
72065418.38
83783349.79
73367737.49
46466119.87
33930782.41
51567714.89
56349823.69
45313796.44
88645597.07
63274764.39
45674539.36
90382113.96
50100190.43
31484577.46
64251503.72
22996303.09
91424024.09
79963012.64
54012909.57
50650229.75
76949115.04
42304585.96
78579757.48
54191373.86
37682787.19
46977254.69
28000937.16
26030500.63
80657619.39
47163790.52
90382113.96
30617425.67
32684365.59
19211468.58
85519866.68
63274764.39
56564537.37
92465934.22
56903622.16
32885343.85
40414929.89
12669703.25
91771327.47
54836890.39
45674539.36
70111939.71
57001801.16
26630751.14
71088679.05
48408523.04
24653568.32
76297955.49
71088679.05
13741628.5
70763099.27
91424024.09
71739838.6
60018966.61
68158461.05
28000937.16
39285943.63
17129005.47
73367737.49
19653441.26
88645597.07
34961489.6
23469734.42
22965013.81
31424151.77
32830761.08
12765814.16
54853634.31
16568290.01
35738387.07
91424024.09
91424024.09
75646795.93
72716577.93
33778140.25
38097405.17
68158461.05
54699089.94
12793570.15
77274694.82
44497207.07
91424024.09
13499419.25
68484040.83
78579757.48
36964802.26
48933872.8
86909080.19
52331536.88
90034810.58
27733749.3
19417280.48
50086291.6
69135200.38
77600274.6
78921102.5
20393347.04
86561776.81
80657619.39
50642992.64
57581791.74
68484040.83
79615709.26
56647122.36
54849263.75
70763099.27
27226967.13
36010537.62
38914161.42
22759601.9
19683947.37
54012909.57
50798482.66
88645597.07
30171958.86
63274764.39
30658663.99
67507301.49
66856141.94
56893298.19
71739838.6
47011953.63
18217210.81
16974297.42
86561776.81
62949184.61
32156611.1
28448054.38
20866493.93
27226967.13
78579757.48
59035574.44
31437289.98
65879402.61
39013731.35
20156827.07
51777083.47
40687028.96
46745606.57
51763473.85
45068775.84
58696607.29
86561776.81
49820049.14
40127996.71
37099151.39
33613485.64
44214726.7
78251434.15
60995705.95
13393414.0
29240801.21
88992900.45
34689780.9
92465934.22
51172444.57
31590998.4
50100190.43
25837805.39
54293509.42
47308453.52
14015365.87
17925914.6
22255118.34
33338370.86
77274694.82
53797272.78
33887758.74
45276552.58
34444096.36
13665946.42
17999469.42
84477956.54
48702157.14
53196183.34
44187159.92
25793816.56
68809620.6
71088679.05
91424024.09
22522911.25
51070243.81
48408523.04
38964550.76
33064799.24
84130653.17
62949184.61
60344546.39
29512936.0
27971777.67
89340203.83
50967908.64
68158461.05
60344546.39
62623604.83
28056010.26
74018897.04
66856141.94
35253408.35
16539618.26
85172563.3
31424151.77
38764567.01
13378355.16
39730937.94
52895405.65
29005630.77
86561776.81
28827651.5
81699529.52
84477956.54
25446498.72
12762557.21
75646795.93
36895134.16
89687507.21
35738387.07
53196183.34
35527019.2
34650700.79
23469734.42
51490879.69
13716517.74
20060649.63
33700831.3
12778008.03
17708330.99
24499809.54
33616462.92
92813237.6
68158461.05
75646795.93
67832881.27
77274694.82
51867618.02
40919492.94
48700516.25
52295183.24
34650700.79
29861136.46
65553822.83
51567714.89
88645597.07
92813237.6
31864240.89
88645597.07
74670056.6
54398478.49
44313210.11
39870737.05
34688436.03
43941700.82
86909080.19
26630751.14
51761189.44
82741439.66
87950990.32
35475542.78
88298293.7
13590018.57
27700794.84
17656404.24
23233012.36
47854580.01
39236703.52
40230193.37
69135200.38
38782436.79
42573400.13
51490879.69
71739838.6
91076720.71
72716577.93
32484016.13
77925854.37
25972447.22
50365816.85
25095434.81
65553822.83
37915637.18
73693317.27
46450305.64
31167035.23
64251503.72
12876554.8
82046832.9
76623535.26
27451555.49
75321216.15
61321285.72
44953751.6
44493094.9
75972375.71
63600344.17
16133130.24
57679714.65
43375195.06
79615709.26
61646865.5
34558508.96
70111939.71
74344476.82
54699089.94
19232773.68
92118630.85
31437289.98
49252288.53
70437519.49
92465934.22
27631009.51
78921102.5
35024493.57
44769401.49
33338370.86
34703215.44
45611000.11
86214473.43
65879402.61
35102859.59
39830429.32
12991907.09
16568290.01
31717565.09
32440250.86
55601251.5
14091181.54
76623535.26
27815919.32
24788969.21
33319164.15
73042157.71
13303103.19
89340203.83
12740623.04
12778532.96
76623535.26
46219153.95
27688602.61
32520690.33
91771327.47
28290101.27
90034810.58
32254597.26
87256383.56
92465934.22
67507301.49
17663698.13
35919531.54
12962889.63
34159779.22
74018897.04
61646865.5
69786359.94
19669093.0
29890871.83
28448054.38
47011953.63
37236874.75
73693317.27
61321285.72
88992900.45
42280945.36
13050119.31
15488143.2
27393968.74
36736210.08
69786359.94
24079299.74
31988695.79
50924867.35
59035574.44
23556596.12
20480490.82
80310316.01
81699529.52
88298293.7
67507301.49
48413657.69
35466237.67
31235283.98
74344476.82
60995705.95
48700516.25
13726699.67
33027649.13
60973270.09
32557041.47
16621198.32
31743819.32
43496524.1
52468915.93
79615709.26
36019785.73
36864252.57
79268405.88
34516589.71
85519866.68
26867723.95
49392152.79
51210661.21
16259454.76
51210661.21
90729417.34
43677763.69
39324170.76
85867170.05
13423532.36
17468549.24
55716309.85
40959128.03
65228243.05
35527019.2
32244274.27
72065418.38
29005630.77
80310316.01
39036536.51
29595372.9
35332564.04
15071238.11
43270625.11
64902663.28
73042157.71
34706237.14
72716577.93
30913999.27
57920880.8
30877671.47
14449570.68
74670056.6
52295183.24
40396605.86
14232461.55
16133130.24
87603686.94
85867170.05
64902663.28
62623604.83
14449570.68
47008398.08
36867354.8
89687507.21
20007949.53
84825259.92
66530562.16
88992900.45
43680640.68
21898525.73
35264415.67
17904499.75
45627696.06
51483936.32
34287157.98
84477956.54
13653648.89
18653118.57
13348239.99
20866493.93
43768748.61
17010887.09
48143124.3
52331536.88
44230496.86
74018897.04
12750252.35
20007949.53
59277369.55
52320314.11
30961528.11
12736487.29
74018897.04
81352226.15
91771327.47
51689111.78
12634929.06
36420683.85
40946829.73
89687507.21
13138627.53
91076720.71
81352226.15
28829491.39
16042226.7
29002584.36
44313210.11
46169956.22
31424151.77
15887956.79
31440334.51
39054496.46
70763099.27
35246798.53
12775246.6
13378355.16
32955272.29
42317005.33
93160540.98
64902663.28
81352226.15
23706467.89
56308079.74
20835612.43
36010537.62
20955872.87
47536223.55
61321285.72
72716577.93
76297955.49
89687507.21
13749747.66
51210661.21
13499069.78
15828430.7
18746456.65
34884024.97
42589135.56
27631009.51
70763099.27
81699529.52
28637340.8
87603686.94
43662003.69
33157135.64
17438756.66
19211468.58
28827651.5
13798279.62
78579757.48
80310316.01
89687507.21
38782436.79
87603686.94
40919492.94
50801310.76
12722891.06
72390998.16
52835502.05
17874106.35
35518769.44
91771327.47
25332219.23
68809620.6
20010718.85
79963012.64
62949184.61
89340203.83
87603686.94
13436566.85
59035574.44
91771327.47
41318907.16
53596113.33
60670126.17
12696179.34
27868050.47
74018897.04
28969201.33
70763099.27
43408463.64
22719282.84
47815742.95
12753218.6
42319790.36
35264415.67
40400048.62
36052722.02
37133489.42
60344546.39
92813237.6
40396605.86
86561776.81
29108706.88
90729417.34
46186633.16
34444096.36
45859353.61
36148639.07
24552387.37
29230654.15
47863610.44
45859353.61
41775496.92
33887758.74
92118630.85
38187807.28
57910180.43
72065418.38
55124083.53
91076720.71
19535652.73
66204982.39
82741439.66
46728915.27
41181831.71
22522911.25
13316259.67
54249231.48
73042157.71
26516362.74
51567714.89
77274694.82
90382113.96
21812946.58
66856141.94
12880323.43
15705620.8
72390998.16
26503956.79
76623535.26
22374221.44
83436046.41
44493094.9
15480516.7
85867170.05
52047976.89
79268405.88
20010718.85
32688968.02
82394136.28
48693197.67
40053236.03
58588114.73
32156611.1
29679921.02
47025097.53
31970871.08
88298293.7
88645597.07
23793091.12
14853340.84
29361066.08
84825259.92
23369822.52
35505056.53
43642502.97
17446084.11
44368198.74
51989121.89
19889726.42
43375195.06
73693317.27
60038178.14
90382113.96
23233012.36
92118630.85
83436046.41
45611000.11
46697772.6
69786359.94
79963012.64
35231602.4
83436046.41
47581931.35
55570657.82
85519866.68
19447648.81
16785884.52
42032491.74
25557156.78
33611942.57
23320104.96
48688768.93
41636856.85
16358180.71
50379326.38
42181443.27
39596173.97
13958757.95
75972375.71
77274694.82
52895405.65
33671045.66
37643473.36
35604584.09
40919492.94
30331599.06
70763099.27
72065418.38
51488812.44
13219504.65
42230956.78
28266663.78
75321216.15
72065418.38
23080736.0
33626887.85
69135200.38
12876554.8
84477956.54
61321285.72
52895405.65
80657619.39
48129808.83
13438623.68
16911537.93
67832881.27
43393007.73
58938247.36
29785773.71
83088743.03
52886813.03
31766969.25
30954157.6
90382113.96
42407677.2
77600274.6
43642502.97
71088679.05
87603686.94
67832881.27
47163790.52
77925854.37
63274764.39
31456451.09
33851710.56
27735234.27
78579757.48
16133130.24
42573400.13
67507301.49
49959696.38
84477956.54
12865310.48
74344476.82
77274694.82
82741439.66
23901506.52
47008398.08
51217968.51
38097405.17
12634929.06
19211468.58
52468915.93
79615709.26
29349667.73
61972445.28
56349823.69
29005630.77
50100190.43
23320104.96
79615709.26
45041598.96
74995636.38
66856141.94
68158461.05
71739838.6
46093699.6
76949115.04
13653648.89
42851815.89
41726239.0
37603886.97
76297955.49
26867723.95
34432660.53
51567714.89
32830761.08
58588114.73
25557156.78
81699529.52
17346585.25
74018897.04
31697491.55
14308303.77
22610671.8
90729417.34
14828108.69
64577083.5
35264415.67
86909080.19
14666681.37
49249157.43
41318907.16
43662003.69
54713054.96
34159779.22
29134230.03
73042157.71
12740623.04
45486401.13
83783349.79
17032618.02
70763099.27
82046832.9
68484040.83
67832881.27
20126137.99
48001840.51
67507301.49
87256383.56
75972375.71
70437519.49
45890477.44
84477956.54
62298025.06
73693317.27
31180259.2
41218949.64
33077111.96
42845542.48
72716577.93
44647748.77
92465934.22
41318907.16
52476087.08
48981674.78
75646795.93
33052932.57
22049585.75
78251434.15
24416772.19
50929654.1
13468834.37
45946846.66
58003439.96
75321216.15
27818928.97
47993961.21
35966545.02
68158461.05
40142833.47
48282143.98
92813237.6
30382028.18
29595372.9
32823120.55
35814345.79
27469535.94
60670126.17
68158461.05
50650084.16
49820049.14
30225685.58
20120020.47
83436046.41
74670056.6
33611942.57
63274764.39
36895134.16
69135200.38
23133341.12
87256383.56
36592377.64
41454031.94
30560124.96
37508961.63
40547732.32
40647213.83
72390998.16
26311564.1
90382113.96
77925854.37
34967191.33
67507301.49
76297955.49
53594555.97
39870737.05
67181721.72
23317209.92
75972375.71
13006420.59
88298293.7
35419418.71
82394136.28
76949115.04
29797583.23
64577083.5
29626855.65
63925923.94
57001801.16
26159956.78
33585408.05
31590998.4
65879402.61
54992696.22
15263024.41
54005388.8
60018966.61
27156928.62
18361175.16
70111939.71
35375081.69
50518886.62
18527966.2
12656525.31
16378749.13
27496532.78
49252288.53
13590018.57
48413657.69
25923067.29
57664355.17
77600274.6
37924912.19
63600344.17
12790254.14
68809620.6
85867170.05
43665136.92
31235283.98
54279711.51
59035574.44
13874066.67
91771327.47
43097858.57
76623535.26
86214473.43
33885514.27
27578853.93
81699529.52
64577083.5
82394136.28
24890380.01
67181721.72
44313210.11
15670765.02
90729417.34
73693317.27
34170666.71
84825259.92
63274764.39
32786787.96
64902663.28
36826997.85
43665136.92
52496538.98
70111939.71
35264415.67
43952828.76
17925914.6
60716548.22
29800626.26
22844268.0
46453062.43
38459977.39
32802374.31
38764567.01
26042654.79
70763099.27
32341908.54
24266169.41
71739838.6
71739838.6
52611758.76
60995705.95
70437519.49
21339699.28
50052144.43
44780049.88
30294161.76
93507844.36
37331768.68
90729417.34
23675048.37
39308506.01
64902663.28
36282690.97
27107769.93
41228563.8
46453062.43
15270684.04
22996303.09
72065418.38
61055733.27
50930444.56
63600344.17
29254102.98
82741439.66
63600344.17
77600274.6
66204982.39
66530562.16
33621369.8
90034810.58
85519866.68
52167521.14
43136286.6
27463842.88
88992900.45
60038178.14
54852799.56
13749747.66
33254254.78
78921102.5
66530562.16
25600931.63
40230193.37
30058658.06
40140208.78
26074683.51
27341796.68
44493094.9
36864252.57
39276509.35
45338982.22
60344546.39
85172563.3
46729786.65
17663698.13
12820275.82
73042157.71
28342199.54
38767899.37
47009272.63
18279691.05
24179985.24
91424024.09
42542886.65
90729417.34
31227404.67
74995636.38
15942891.7
18527966.2
66204982.39
34340391.18
53454603.95
39830429.32
20393347.04
49820049.14
84825259.92
69135200.38
24736392.89
72390998.16
27818928.97
82394136.28
23706467.89
18975331.72
36347873.83
61972445.28
18527966.2
58249147.58
47847774.9
43592288.8
73693317.27
46638528.16
86909080.19
80310316.01
17132235.22
31424151.77
84825259.92
40687028.96
45041598.96
40402608.81
67832881.27
50611831.21
88298293.7
16186751.74
82046832.9
78579757.48
51567714.89
25449434.07
40102681.28
45486401.13
73693317.27
20007949.53
39004330.52
82394136.28
84477956.54
20356147.21
28577111.77
78579757.48
49245339.14
73042157.71
49529371.59
70763099.27
68484040.83
22896876.73
28964835.32
45331522.78
68809620.6
33157135.64
49680800.39
34688436.03
75321216.15
79268405.88
50518886.62
45055932.84
83436046.41
29093448.03
34650700.79
35738387.07
57232254.94
64577083.5
35774907.95
32786787.96
37989696.25
38782436.79
55629994.52
33616462.92
50668008.29
65228243.05
12883224.18
66204982.39
30382028.18
78921102.5
28342199.54
61972445.28
54699089.94
40668684.28
53314935.71
52051316.64
13656956.74
18970543.01
68158461.05
56215384.7
83436046.41
79963012.64
35466237.67
67507301.49
42047632.25
85172563.3
83088743.03
69135200.38
14232461.55
66530562.16
13168261.96
87603686.94
52047976.89
87603686.94
41736355.57
69460780.16
42573400.13
75321216.15
68809620.6
42270667.6
86214473.43
34516589.71
90034810.58
66530562.16
44731835.4
90729417.34
33353489.75
43665136.92
34154157.85
12740623.04
44221149.64
16262872.35
91424024.09
77600274.6
14304944.37
52755703.29
83436046.41
67181721.72
48968943.27
16621198.32
36347873.83
33797195.08
28969201.33
40230193.37
47287896.9
31864240.89
34204204.91
40502365.49
88298293.7
52167521.14
44857713.31
43224305.64
76949115.04
77925854.37
39413729.83
67507301.49
54853634.31
78921102.5
60344546.39
74018897.04
13138627.53
44225017.92
63600344.17
45765953.34
13453729.01
89340203.83
50930444.56
40959128.03
67832881.27
43941700.82
51909418.91
76949115.04
21189409.2
33851710.56
70111939.71
91771327.47
82046832.9
70763099.27
58938247.36
43396170.57
53454603.95
82046832.9
25735651.52
39958034.09
54433429.01
35692979.16
48968265.11
70437519.49
12805264.84
84130653.17
40637439.76
92118630.85
86561776.81
89687507.21
36318277.14
42047632.25
52611758.76
47567913.87
47584106.14
47815742.95
38187807.28
53720483.35
91771327.47
32533551.56
76297955.49
17999469.42
31501120.44
78579757.48
20480490.82
21072169.29
67507301.49
47155184.86
63925923.94
28969201.33
88298293.7
36148639.07
45276552.58
39583914.31
76949115.04
85172563.3
37149096.17
37781058.61
46169956.22
30391650.69
67181721.72
86909080.19
55714312.21
13153426.15
38223946.17
45890477.44
75646795.93
47287896.9
17032618.02
43375195.06
39685874.8
13147107.88
46729786.65
48553216.94
50090944.28
41231227.09
84130653.17
31190493.38
31487477.69
68809620.6
43496524.1
47570877.2
19653441.26
30126948.39
57910180.43
19089415.7
72065418.38
34788546.19
64577083.5
17010887.09
60670126.17
53725726.21
45585998.44
70111939.71
27022396.76
85867170.05
40672100.52
53596113.33
59277369.55
71088679.05
56215384.7
71414258.82
66204982.39
73367737.49
44497207.07
40637439.76
18975331.72
25025553.94
71739838.6
83783349.79
77274694.82
33616462.92
87603686.94
35267462.09
32531015.51
12778532.96
25498936.78
92118630.85
51172444.57
29625063.64
28000937.16
19824571.63
16694131.56
51389101.67
59277369.55
90729417.34
65228243.05
34325185.43
40668684.28
68809620.6
47570877.2
32517742.9
60344546.39
84130653.17
55290968.79
54398478.49
50379326.38
73693317.27
43270625.11
85172563.3
45498360.42
39042388.84
88992900.45
53314935.71
20629915.52
13499419.25
38223946.17
88645597.07
38498441.34
53452432.27
75646795.93
49260249.3
43654669.88
31150889.99
32684365.59
54613022.08
28105122.18
13559654.74
18220339.82
22134948.91
64577083.5
36692729.77
76623535.26
47848107.83
79615709.26
88298293.7
30058658.06
15942891.7
14183911.33
33879825.39
55969037.13
26630751.14
52476087.08
32823120.55
31988695.79
16697439.19
92118630.85
68484040.83
32070205.35
37149096.17
51089094.32
39276509.35
61646865.5
72716577.93
31092119.5
63925923.94
21103088.24
24029593.23
30344143.48
84825259.92
31743819.32
64577083.5
85519866.68
35876604.41
86909080.19
45332440.31
16042226.7
44773567.45
38498441.34
47848107.83
44213619.63
36019785.73
19920360.87
13303103.19
74344476.82
12808607.4
42775467.16
37099151.39
79268405.88
12624192.56
60995705.95
80310316.01
16350702.09
16793305.55
91424024.09
24739338.51
30331599.06
77925854.37
60344546.39
93160540.98
12709530.29
31227404.67
28209845.84
55601251.5
37948873.93
48841023.2
54433429.01
38782436.79
47455817.79
12778008.03
70111939.71
54951995.44
87603686.94
14584989.58
32244274.27
32982787.51
89340203.83
31710582.08
38236397.57
17003497.26
47304601.83
71088679.05
27631009.51
48134117.72
55132459.25
50938417.06
70437519.49
55714312.21
81004922.77
84477956.54
75972375.71
70437519.49
37694300.21
15705620.8
47256736.78
41998453.3
33626887.85
25600931.63
33345097.68
53159083.8
37692699.16
34431493.7
57581791.74
42135479.18
65879402.61
16914827.32
66530562.16
50363451.13
15270684.04
37236874.75
78921102.5
80657619.39
65228243.05
12749991.06
17228472.33
39141593.97
87256383.56
25793816.56
68809620.6
66204982.39
69135200.38
39308506.01
32791230.22
84825259.92
40687028.96
63274764.39
24653568.32
31753299.11
52891980.63
39508871.65
63925923.94
41503361.58
76297955.49
80657619.39
45859353.61
22286240.27
53440869.27
74670056.6
74670056.6
12895336.39
49400826.88
31190493.38
43320003.29
84825259.92
49260249.3
90729417.34
76297955.49
14401145.5
24890380.01
37422280.86
32802374.31
54573387.52
60344546.39
52189154.08
47256736.78
48409280.82
39958034.09
35155855.17
33124411.96
74995636.38
51989121.89
83088743.03
40944161.0
60018966.61
74018897.04
16358180.71
32290425.89
63600344.17
23469734.42
68158461.05
50922534.15
93507844.36
32531015.51
26516362.74
37954607.66
76949115.04
76949115.04
88992900.45
13258027.52
83088743.03
74018897.04
40959128.03
54277596.0
13378355.16
87950990.32
24552387.37
14087833.02
64902663.28
35540898.38
84130653.17
53732670.92
62298025.06
82741439.66
12669703.25
24315808.61
16694131.56
30664825.21
93507844.36
93507844.36
33073733.11
31358195.42
29093448.03
63925923.94
17784854.55
65879402.61
45338982.22
61321285.72
81352226.15
12833847.57
81352226.15
45897956.87
52595516.61
82741439.66
76949115.04
46042976.84
46173619.06
64902663.28
55300530.98
82394136.28
12991907.09
26785405.88
13529318.01
62623604.83
44585446.47
27815919.32
91424024.09
40230193.37
78251434.15
77274694.82
52496538.98
31365120.48
48408523.04
15507055.4
78251434.15
58938247.36
85519866.68
49772560.13
78251434.15
56215384.7
20719576.74
42407677.2
62949184.61
65553822.83
31446559.65
67181721.72
32982787.51
52835502.05
33885514.27
28266663.78
70437519.49
92118630.85
14853340.84
87256383.56
51771098.16
66856141.94
15100933.63
17003497.26
34432660.53
34431493.7
12645665.57
12634929.06
86561776.81
20010718.85
64251503.72
48972739.04
64577083.5
36554844.32
78921102.5
16814660.38
81699529.52
17132235.22
41046720.91
35518629.14
40597642.54
30648013.04
57910180.43
20599088.42
22482879.76
85172563.3
79963012.64
34340391.18
91424024.09
69786359.94
85519866.68
77925854.37
24026682.83
13438623.68
39598643.9
18874424.04
34717531.88
35876604.41
40142833.47
13605204.03
79615709.26
37371310.16
41772765.98
88298293.7
80657619.39
19211468.58
33525722.05
88992900.45
90034810.58
43952828.76
44585446.47
13741628.5
68809620.6
48374781.75
24026682.83
78251434.15
53452432.27
14175982.47
18002585.39
33525722.05
29785773.71
48128313.11
73042157.71
74670056.6
78921102.5
18746456.65
75646795.93
48980382.78
32017122.33
86909080.19
74995636.38
19232773.68
66856141.94
87603686.94
93160540.98
38508298.6
50645342.1
60344546.39
54013874.26
85867170.05
15045551.35
30913999.27
42825553.56
44225017.92
63925923.94
36048650.84
69460780.16
40142833.47
12820275.82
63600344.17
32803796.65
58696607.29
33383944.49
47722965.51
30924563.65
55730216.63
29291695.48
30938012.16
91076720.71
32803796.65
44494147.08
37989696.25
80657619.39
50100190.43
79268405.88
35790528.38
49671821.02
36420683.85
58018672.99
87603686.94
16911537.93
42679875.21
84825259.92
65553822.83
79963012.64
86214473.43
26740785.2
50668008.29
70437519.49
63925923.94
66530562.16
90729417.34
26633747.72
40547732.32
75646795.93
85172563.3
43592288.8
36826997.85
60018966.61
35466237.67
63600344.17
29002584.36
28829491.39
12948401.79
14956330.53
71414258.82
51867618.02
71088679.05
63600344.17
38597352.83
31751704.32
66204982.39
66204982.39
39236703.52
69135200.38
72716577.93
35811309.54
26867723.95
54398478.49
46219153.95
44187159.92
13605204.03
45891355.47
65228243.05
72716577.93
37552919.57
45611897.89
22728365.6
76949115.04
43095720.47
41181831.71
34884024.97
79268405.88
13258027.52
15507055.4
13870734.85
45052987.83
13532919.94
85519866.68
36333858.56
81004922.77
49540115.83
84477956.54
29329614.37
35971594.28
51490879.69
83783349.79
61972445.28
30826117.09
24858666.0
33338370.86
77600274.6
84825259.92
19189040.75
63600344.17
42679875.21
65228243.05
77925854.37
41760397.52
43654669.88
38510392.5
47009272.63
36243601.98
60670126.17
28052998.79
61055733.27
43123988.48
37677073.06
72390998.16
28561856.36
86214473.43
81004922.77
80310316.01
69786359.94
65879402.61
36692729.77
36878261.22
72390998.16
39054496.46
13802719.03
39858457.0
86909080.19
81352226.15
21662122.14
87256383.56
46418293.51
40127996.71
93160540.98
37964511.87
52013436.91
15698026.95
63274764.39
16259454.76
84477956.54
62949184.61
79615709.26
92465934.22
67181721.72
74344476.82
55116551.66
53797272.78
15045551.35
40275459.39
58249147.58
37694300.21
86909080.19
79615709.26
81004922.77
44681453.98
81352226.15
29063869.01
75646795.93
85519866.68
38770389.22
48282143.98
69460780.16
39039891.72
43396170.57
89687507.21
28532395.71
76297955.49
64577083.5
81004922.77
52013436.91
13787499.92
60995705.95
36243601.98
74344476.82
41454031.94
33096801.11
37059696.42
68158461.05
37781058.61
60344546.39
16259454.76
49540115.83
46450305.64
41212856.15
34990971.9
81699529.52
75321216.15
31722460.96
51204398.78
81699529.52
43047735.06
37099151.39
37108359.37
41092282.86
31365120.48
31759171.21
17438756.66
62949184.61
28162761.24
70763099.27
21189409.2
56554341.45
78579757.48
30560124.96
57571213.28
36621499.26
23943212.78
50379326.38
14091181.54
45052987.83
13529318.01
21576322.47
26311564.1
67181721.72
33895240.84
15019270.23
36334356.72
52336216.07
63600344.17
56049689.89
88298293.7
73693317.27
39830429.32
30331599.06
21103088.24
36282690.97
79268405.88
54852799.56
84130653.17
51452766.46
32244274.27
66530562.16
35332564.04
25569014.58
30126948.39
23317209.92
42952087.18
80310316.01
63600344.17
88992900.45
16378749.13
24374465.3
48841327.42
86561776.81
14828108.69
70437519.49
18975331.72
36564054.69
31717565.09
60995705.95
12883224.18
48841023.2
44136859.81
79268405.88
53513428.17
58249147.58
58599125.18
42503200.58
61646865.5
45821300.25
37408085.07
55901972.02
36048650.84
54852799.56
48968265.11
12696179.34
25923067.29
36046587.06
70437519.49
42453738.4
54713054.96
57920880.8
61312497.92
70437519.49
75646795.93
13499419.25
79268405.88
21064879.7
88992900.45
46316440.47
41228563.8
60344546.39
77925854.37
32290425.89
50668008.29
62949184.61
62623604.83
26548445.89
74995636.38
61646865.5
57910180.43
55901972.02
13364141.78
52322565.99
80310316.01
92813237.6
44789349.51
38053155.59
44769401.49
32422781.43
37954607.66
37951973.26
38869458.12
46596018.89
32791230.22
41364569.85
35527019.2
34170666.71
21189409.2
39820879.0
51204398.78
39013731.35
32613624.37
13514193.89
27463842.88
69460780.16
71088679.05
23553696.29
60018966.61
77274694.82
85172563.3
29349667.73
76949115.04
83783349.79
79615709.26
40003198.14
56308079.74
53725726.21
67832881.27
64902663.28
32257176.49
33700831.3
53874180.32
15724973.31
13147107.88
22759601.9
40674717.48
18091947.27
26311564.1
88298293.7
90034810.58
13656956.74
89687507.21
13468834.37
12753218.6
44497167.37
91424024.09
78579757.48
76949115.04
74995636.38
78579757.48
21103088.24
93160540.98
20007949.53
13282350.78
17409142.63
23943212.78
90034810.58
73367737.49
82741439.66
14175982.47
82741439.66
34204204.91
44497207.07
30877671.47
33897240.37
80310316.01
60973270.09
50099781.04
92813237.6
73693317.27
15318073.27
61321285.72
52295183.24
21898525.73
66530562.16
35060555.11
60670126.17
18746456.65
44776550.11
60294900.0
71739838.6
33064799.24
71739838.6
50231165.52
87950990.32
62949184.61
29361066.08
53166432.68
19683947.37
27022396.76
89340203.83
33355284.95
18279691.05
78251434.15
56349823.69
64577083.5
75321216.15
14308303.77
30924563.65
35375081.69
38226515.34
32837118.01
25320584.5
84130653.17
63274764.39
28209845.84
35297927.53
43934144.69
77600274.6
16140635.35
38226515.34
30163921.0
54999810.46
16575738.9
93160540.98
87950990.32
76297955.49
43375195.06
13650760.52
17221123.27
43864574.3
18143501.06
64902663.28
82741439.66
22759601.9
21425758.04
61321285.72
28798129.61
66530562.16
20362594.5
72716577.93
49120919.27
52750075.53
51488812.44
62298025.06
42679875.21
45129980.16
82394136.28
52040743.24
20629915.52
40325437.65
36826997.85
83088743.03
35267462.09
60670126.17
22371376.67
64577083.5
12765814.16
47722965.51
68158461.05
14635444.97
49260249.3
91076720.71
88298293.7
18061937.39
55300530.98
73042157.71
33972731.31
78251434.15
47256736.78
42542886.65
73042157.71
55416913.23
76623535.26
22049585.75
86561776.81
41760397.52
35419418.71
35060555.11
13983286.84
12805264.84
50650229.75
74995636.38
74995636.38
12634929.06
27496532.78
53732670.92
62949184.61
20483281.46
80657619.39
63925923.94
54844396.4
45332440.31
60670126.17
57242706.95
62623604.83
88992900.45
35692979.16
36877318.62
66856141.94
45004178.75
33073733.11
16575738.9
54573144.58
33885514.27
14417722.53
13870734.85
91076720.71
17032618.02
72716577.93
92118630.85
58588114.73
47584106.14
43136286.6
34477631.61
62298025.06
14828108.69
49809585.75
30073898.11
15705620.8
65879402.61
62298025.06
38732151.68
42726033.83
70763099.27
67832881.27
13559654.74
79963012.64
36867354.8
20010718.85
30695658.27
54293148.22
48001840.51
13079477.31
45946846.66
65553822.83
24976019.0
38741525.71
80310316.01
19151773.26
22374221.44
51567714.89
13665946.42
21901366.96
82046832.9
77600274.6
33350427.85
88992900.45
15045551.35
72065418.38
34173733.21
92813237.6
44497207.07
78921102.5
45859353.61
29374515.97
33052932.57
31493282.51
63600344.17
60344546.39
35297927.53
39052196.14
36787647.25
74670056.6
17784854.55
46453062.43
40687028.96
38498441.34
21339699.28
37099151.39
20533145.44
32422781.43
28563707.24
43935307.62
73042157.71
80310316.01
41760397.52
28174826.23
40414929.89
80657619.39
56021356.88
31456451.09
32070205.35
77925854.37
32530481.58
21812946.58
86561776.81
27104745.86
58249147.58
61646865.5
32291048.33
31493282.51
21005732.97
56013744.29
82046832.9
40396605.86
70437519.49
82046832.9
72390998.16
67832881.27
65228243.05
13741628.5
19920360.87
32169011.69
64577083.5
85867170.05
47536223.55
55570657.82
54530347.22
34922037.1
46316440.47
46456966.52
35203426.86
32169011.69
52327576.22
67507301.49
46138823.56
29329614.37
42307488.8
49400826.88
17003497.26
49392152.79
85867170.05
60018966.61
25837805.39
24739338.51
43117684.82
84825259.92
75646795.93
34598743.6
76623535.26
15019270.23
41503361.58
16838526.58
43270625.11
12933928.85
49680800.39
60294900.0
48700516.25
51172444.57
25262237.02
86909080.19
92465934.22
46042976.84
38767899.37
92118630.85
60344546.39
28886138.68
49249157.43
86214473.43
33887758.74
35971594.28
74018897.04
40959128.03
27496532.78
18438232.4
12634929.06
34159779.22
18796682.92
90729417.34
83088743.03
12749991.06
91771327.47
33157135.64
50231165.52
31317815.08
54869320.57
37964511.87
28448054.38
65553822.83
15724973.31
38508298.6
76949115.04
14150743.89
41181831.71
32032829.42
40672100.52
64902663.28
46045505.56
46045505.56
64577083.5
44769401.49
20866493.93
30392773.48
62623604.83
77600274.6
17003497.26
73693317.27
76297955.49
30771636.74
29557551.31
44213619.63
60344546.39
12624192.56
13716517.74
80657619.39
40230193.37
79963012.64
42270667.6
30650635.7
77274694.82
12819795.74
41500659.76
73693317.27
21901366.96
74018897.04
49260249.3
18871243.98
39870737.05
62298025.06
36964802.26
45627696.06
26753228.06
58938247.36
32791230.22
28697619.6
29407065.55
87950990.32
63925923.94
46466119.87
89340203.83
27393968.74
48002553.0
31424151.77
53496669.92
53594555.97
13532919.94
91771327.47
21005732.97
37371310.16
29496490.4
47848107.83
43542920.94
35604584.09
22423982.3
34961489.6
71414258.82
27735234.27
42319790.36
17409142.63
64251503.72
32517742.9
12764108.59
65228243.05
38238348.21
73367737.49
42301275.56
39558186.47
55422449.73
12737424.93
13079477.31
39508871.65
59616529.92
13348239.99
25084014.43
49120853.37
66530562.16
65228243.05
81352226.15
30058658.06
90382113.96
67832881.27
53172202.51
21576322.47
36333858.56
52595516.61
21951152.89
64902663.28
64577083.5
44313210.11
55570657.82
37168769.06
83783349.79
50892122.69
93507844.36
47570877.2
19092592.53
34068668.79
67832881.27
25095434.81
60670126.17
33487953.04
85172563.3
38732151.68
31485847.74
43934144.69
22491732.38
84825259.92
27107769.93
75321216.15
34432660.53
88298293.7
85519866.68
82046832.9
26785405.88
49820248.98
56215384.7
89340203.83
35246798.53
45770666.36
85519866.68
38510392.5
93160540.98
91424024.09
37948873.93
72716577.93
13439856.94
72065418.38
33700831.3
48420793.07
24374465.3
80310316.01
71088679.05
38508298.6
71414258.82
16596703.76
88992900.45
52599904.01
44368198.74
68158461.05
34706237.14
84130653.17
50083909.61
30158447.54
46170824.63
45770666.36
65228243.05
91076720.71
35800631.03
87256383.56
38420262.11
43952828.76
89340203.83
51209230.22
31227404.67
63925923.94
13020934.14
80657619.39
32786787.96
39730937.94
51768394.67
89340203.83
37405272.19
38238348.21
35247113.58
15263024.41
83088743.03
51172444.57
42576683.94
92465934.22
29679921.02
34703215.44
30695658.27
63925923.94
18933618.44
92813237.6
34612202.02
22010127.05
22728365.6
65879402.61
76297955.49
31717565.09
42591949.8
43375195.06
28697619.6
73042157.71
31220001.99
15752393.11
29512936.0
63600344.17
31897897.79
29054103.72
12848070.68
45402247.0
44459497.66
17129005.47
29595372.9
88298293.7
35267462.09
34173733.21
36324186.35
60995705.95
29906137.37
82046832.9
60634085.04
41181831.71
48700516.25
32755826.31
36621499.26
38220753.33
38869458.12
17874106.35
44088650.21
37236874.75
65553822.83
30703618.08
84825259.92
65879402.61
60973270.09
30126948.39
67507301.49
82741439.66
35540898.38
77600274.6
36334356.72
34118015.97
34384358.38
79615709.26
19189040.75
93507844.36
20719576.74
72065418.38
81699529.52
21339699.28
30648013.04
53174465.11
18279691.05
64902663.28
44493094.9
28266663.78
49772560.13
85172563.3
39580503.8
41772765.98
84825259.92
53732670.92
33052932.57
85867170.05
12762557.21
86561776.81
32550783.43
20060649.63
79268405.88
20828601.31
88298293.7
68484040.83
33930782.41
35253408.35
17874106.35
44136859.81
57920880.8
90382113.96
37951973.26
17881323.5
29892650.09
65228243.05
31697491.55
24385177.88
71739838.6
86561776.81
62298025.06
33611942.57
13364141.78
30938012.16
32244274.27
75646795.93
45907158.65
43662003.69
65879402.61
47850338.99
17228472.33
33254254.78
26870729.8
45618469.54
29374515.97
91771327.47
49811387.52
41231227.09
49671821.02
61321285.72
61972445.28
35060555.11
48281568.07
42047632.25
38197116.16
43542920.94
32684365.59
68158461.05
31211283.71
75321216.15
27469535.94
86561776.81
89687507.21
50240814.2
93160540.98
86909080.19
65553822.83
32577792.91
67507301.49
44500599.76
72390998.16
35699655.2
87256383.56
30070862.05
19450920.25
51452766.46
48408523.04
33052932.57
24263240.62
42407677.2
51452766.46
80657619.39
46449435.75
92118630.85
31988507.61
47536223.55
67832881.27
77925854.37
33319164.15
36282690.97
61972445.28
19889726.42
33348612.51
23556596.12
56049689.89
24266169.41
79963012.64
75321216.15
83783349.79
92813237.6
37989696.25
34051627.26
76297955.49
21951152.89
85519866.68
89687507.21
46732505.8
62298025.06
75646795.93
72716577.93
37692699.16
15611232.4
33397727.2
24179985.24
35604584.09
60018966.61
17438756.66
74018897.04
12785444.28
60670126.17
28834667.75
74344476.82
93507844.36
70111939.71
34325185.43
63600344.17
57340757.9
62949184.61
88645597.07
49809585.75
16160810.09
37915637.18
47728255.68
30658663.99
31717565.09
52336216.07
47848107.83
52589142.12
82394136.28
90729417.34
19417280.48
92118630.85
83783349.79
72390998.16
47568274.14
28568829.59
37008444.49
30913999.27
38220753.33
33073733.11
19920360.87
47714365.97
32260245.69
12930094.0
44953751.6
30073898.11
68158461.05
83088743.03
32070205.35
27259459.61
13757085.49
41958712.98
22759601.9
83783349.79
91076720.71
42029160.92
37331768.68
60344546.39
33081447.12
88645597.07
43224305.64
92118630.85
90382113.96
51763473.85
68484040.83
41488314.47
62623604.83
69460780.16
29595372.9
88298293.7
87256383.56
44731835.4
33778140.25
30703618.08
70763099.27
31751704.32
30382028.18
37280680.38
92118630.85
74995636.38
38780221.52
29291695.48
50798482.66
38148133.08
37915637.18
25972447.22
19920360.87
62949184.61
86909080.19
86909080.19
91424024.09
35811309.54
32885343.85
37716052.26
38469320.13
44217784.64
71414258.82
71088679.05
54951995.44
61972445.28
77274694.82
26516362.74
49809585.75
89687507.21
32563730.49
73693317.27
55629994.52
54433429.01
29329614.37
20246993.29
45052045.45
32530481.58
37236874.75
52051316.64
83088743.03
85172563.3
73042157.71
36826997.85
30498651.73
49809585.75
71414258.82
20592340.68
29906137.37
