32638070.8
33722208.38
35345354.66
40776710.65
33162211.18
33314635.46
54145708.48
38637134.23
36971999.52
48739303.09
16881025.26
48739303.09
29471707.12
48287538.33
52141090.49
16587290.14
20508560.23
52947841.69
76781955.49
52927833.4
25533559.89
75805216.15
46275542.14
78735434.15
26844510.05
19640944.84
31825610.47
13068922.03
43231519.69
24955683.69
43456765.22
40457950.92
45406791.82
46185464.41
15194555.96
83920046.41
34256438.2
38882237.18
17975000.68
13084179.35
67665721.72
73851737.49
36708418.67
66037822.83
27104871.45
45628424.49
40163104.64
50297877.28
32203852.99
47064010.22
17389743.29
43155334.3
42679306.21
14587725.09
82530832.9
54090908.12
75479636.38
85309259.92
22357251.3
41016176.45
43155334.3
32896745.29
34532886.45
41522631.21
52648591.88
53486316.42
43713712.74
56001148.22
82530832.9
70595939.71
47619712.36
40241195.93
49722759.95
81488922.77
81836226.15
22357251.3
51303642.95
44046763.05
21876577.38
74828476.82
47343207.8
91213417.34
83920046.41
52670677.22
43816226.38
26392250.53
51529457.35
35645872.39
38803629.16
52090113.88
16805275.68
86351170.05
37763001.26
93297237.6
44726800.3
73200577.93
42914370.66
52759442.09
45109661.71
83920046.41
27179035.74
81488922.77
50802916.35
54316484.18
29317904.19
22118200.62
73200577.93
53207074.91
37795234.17
25669246.4
26383234.14
75479636.38
31919203.37
54655503.93
29977343.29
39099529.45
91213417.34
28675475.45
68316881.27
34656656.46
31860844.55
13169194.29
28458517.25
51024494.48
13689248.85
71572679.05
51250281.83
13263621.24
89476900.45
64735503.72
54044824.12
50603485.01
35909893.48
16322203.59
36949824.46
68968040.83
62782025.06
21045523.41
58715306.14
34131660.77
12906961.08
13755317.42
40541975.03
75479636.38
13158165.59
70595939.71
54445338.99
12897693.22
33451120.97
65061083.5
29730135.07
61479705.95
62130865.5
56722985.61
28120083.42
45337256.31
70921519.49
65712243.05
36165144.65
32399323.98
16663544.79
82183529.52
32357299.36
60502966.61
76456375.71
49410149.45
13092294.08
39154004.3
33246710.06
28650715.23
13050263.88
39619305.44
54304863.11
87045776.81
32671161.46
54374479.57
65061083.5
40513015.19
20360010.73
44551281.63
61479705.95
41897767.2
43609068.86
47395924.29
54603340.7
49125983.05
54095286.54
62130865.5
41580525.05
57573234.65
42114979.67
29744413.94
33456924.58
32631281.34
25193470.98
69619200.38
64084344.17
51303642.95
89476900.45
42170035.29
31276201.79
31559587.17
43999754.92
32917103.19
46505517.9
84961956.54
23543571.7
45391816.08
81836226.15
73851737.49
33055587.32
39120638.41
36628624.56
19025821.64
49349748.0
77758694.82
88087686.94
28637630.42
32650141.82
47664726.55
66037822.83
56679679.24
93644540.98
36733081.79
29167174.23
65712243.05
35454324.85
38327339.79
14843993.3
23543478.88
50093495.27
35317458.64
45388851.76
52136881.22
12906961.08
18412354.93
40456746.13
53038976.89
78735434.15
30788691.46
39425786.82
30755982.71
47989293.05
17732326.3
86698473.43
54688242.14
58376033.51
40163104.64
41310292.24
89476900.45
20290954.67
36990685.53
82530832.9
54653709.72
60502966.61
33711760.08
28886600.9
76456375.71
23855268.26
16182733.37
65061083.5
45388851.76
59095715.63
33722208.38
40727847.35
31276201.79
35848562.35
13072873.82
17389743.29
54653709.72
35317458.64
32452481.33
39931316.44
13299311.85
45438282.87
50717189.23
44095655.17
46502907.78
38012894.5
27284721.33
26837533.0
40479480.37
17298042.2
51299513.22
58078814.18
68968040.83
34273802.95
24004604.38
78084274.6
49038296.21
61154126.17
48287538.33
47926785.5
29417503.74
23529119.31
26492366.21
48360346.69
34527838.77
13010525.17
88434990.32
44868624.31
75479636.38
61154126.17
46051784.45
14278450.43
25891799.52
75479636.38
19089982.08
89824203.83
40186257.42
38637134.23
28727814.7
54744969.51
46693358.92
64409923.94
31651434.54
19488441.06
34842410.24
51861939.89
13057237.47
48092641.17
29510218.12
23291391.92
50466237.3
25309798.82
43957318.31
34509457.98
85309259.92
29667845.83
30588241.15
27824882.03
37820879.5
29206292.12
75805216.15
17031387.76
56243601.31
35073498.1
16722513.14
53811755.8
49462046.28
68316881.27
36390633.06
27425386.55
45546313.55
19421202.04
52416011.02
43957318.31
66037822.83
54436832.53
18867667.24
22815951.97
14915828.91
18820700.61
32391907.95
34807495.77
30755982.71
86351170.05
43981337.22
29252633.8
41250716.2
15177675.46
51618038.4
34822321.33
13463117.23
26128217.17
88434990.32
24836931.0
55529838.17
54996035.65
53206977.18
47898921.97
38330718.22
44794856.33
24717899.79
66363402.61
75805216.15
37351856.27
80447012.64
49178116.18
21875206.39
91213417.34
32430221.34
41816467.11
80794316.01
31086556.19
72549418.38
22815951.97
35297917.91
13128383.4
25669246.4
85656563.3
18601359.26
47395924.29
45406791.82
52090113.88
89129597.07
90171507.21
35508663.17
84961956.54
32430221.34
48233265.91
15010662.47
63433184.61
40504923.51
33668235.24
51631757.83
37474838.31
45306607.16
29948437.18
13182766.2
52141090.49
87740383.56
33881295.08
33250402.33
72549418.38
76456375.71
35363004.17
52176362.12
88782293.7
51531637.65
39075518.22
23407129.74
15810944.15
46558608.76
40513015.19
34734320.51
66688982.39
83225439.66
57573234.65
45406791.82
31285783.57
39689573.3
48736648.69
41016032.42
33006815.44
50280259.69
70921519.49
33162211.18
15362688.97
13723259.81
29246649.24
15448522.45
77107535.26
75154056.6
48026723.86
61100750.91
15745808.77
79752405.88
46527511.06
29722971.92
33424278.63
48460073.51
40978809.71
34546119.79
36980082.22
23543571.7
54928399.42
62456445.28
49165325.71
18652296.88
46422134.41
39991952.45
90518810.58
56556364.41
46693358.92
52610382.61
87740383.56
80099709.26
40776710.65
47395924.29
21483258.95
33729210.19
54157230.97
31823332.61
31054636.55
91213417.34
40224493.97
26728982.46
29744413.94
15849308.39
23241941.22
88782293.7
76130795.93
30980154.49
31580229.21
38531744.28
44937522.29
13850323.62
32174063.84
43713712.74
30319490.73
33427682.23
31595316.93
13284749.1
42135697.25
35613691.86
91560720.71
52365570.12
86003866.68
41358401.73
17537729.19
64409923.94
76456375.71
47467653.11
34466231.38
71898258.82
34793543.24
27585568.11
29080124.79
17056665.81
44299485.51
49852069.91
32100386.83
28675475.45
49405471.07
89129597.07
78409854.37
44020481.54
54716434.09
48457406.45
47728591.73
34256438.2
48649969.15
90866113.96
37795234.17
31063206.33
44523681.49
28210046.69
22924525.24
82878136.28
50717189.23
31796164.25
30322452.46
57573234.65
51250281.83
24963315.62
89129597.07
44022700.18
48539545.75
36900492.68
81488922.77
79405102.5
13068922.03
31064319.66
29651300.78
34366521.51
74828476.82
67665721.72
32943000.03
46440252.14
36176681.75
51660852.12
14057430.12
31233972.58
16082007.75
62456445.28
38221252.22
81141619.39
76130795.93
47360313.21
55035598.64
40784834.46
66688982.39
13438838.05
37444229.3
50292533.98
48626286.98
60502966.61
93297237.6
61805285.72
51169403.13
76130795.93
84267349.79
42693614.31
34732288.57
31647323.14
73200577.93
49740653.56
29999251.05
32923009.86
80447012.64
32748877.62
82878136.28
14233299.18
72874998.16
35035505.1
13324589.94
39146019.69
72874998.16
39689573.3
87740383.56
73200577.93
50183030.6
31251953.58
55295335.54
27179035.74
64084344.17
25676739.09
29486435.56
68968040.83
22110568.67
29555694.7
82530832.9
13537981.89
48178164.21
53236063.2
31194317.42
38847187.15
62130865.5
40456746.13
24717899.79
52066502.11
35297917.91
82183529.52
19287955.4
34508639.14
32387364.45
15279702.11
52485375.01
40706907.43
40163104.64
69293620.6
43439010.4
21627515.14
63433184.61
43999162.73
43434523.38
40614749.78
33671435.83
44578495.22
43494735.99
72549418.38
13723259.81
13668382.63
90866113.96
93297237.6
87393080.19
34775295.79
71572679.05
43710173.81
36359325.72
64409923.94
36189437.96
13739126.9
17607733.52
57061362.2
45379101.61
36980082.22
30151056.92
66037822.83
15933399.03
40496656.02
37292994.18
83572743.03
27104666.38
41103387.86
77107535.26
44461020.45
71898258.82
52927833.4
28135523.04
26703971.0
51129254.47
32748877.62
52949787.4
13446862.86
32671161.46
19638614.73
90866113.96
31613420.41
87045776.81
52391567.04
38576237.61
46837713.4
49105770.22
30476138.15
56722304.81
14357778.56
20931054.53
73200577.93
22815951.97
80447012.64
67665721.72
16103754.1
40144219.63
43335770.41
22351344.8
33722208.38
38869620.53
21172043.38
22511434.27
15864123.48
29206292.12
34463575.45
55555246.5
33793640.58
75154056.6
35074355.56
56556364.41
50876456.52
47549859.16
34621422.17
47732848.88
17851470.73
36076124.61
51529631.38
76456375.71
27891740.38
38030301.87
92255327.47
49624791.68
16517862.42
34349471.9
73526157.71
68642461.05
49765235.55
31010587.36
33188567.7
14960760.5
39526697.62
15512109.64
35621969.12
47174354.36
18551753.28
13309326.62
35066230.77
44293966.91
13188039.83
18601919.08
52369352.0
70270359.94
33042301.39
28609116.64
62130865.5
20447629.44
41048502.96
87740383.56
30031376.73
62782025.06
33183350.75
55828831.44
30533414.91
20930216.76
47796708.9
42019211.85
65712243.05
19972778.1
82183529.52
52618965.76
65061083.5
21720398.32
87740383.56
90518810.58
25891799.52
22815951.97
15611569.81
62456445.28
41863894.1
43741479.93
45163112.21
49534190.88
38531744.28
47116818.85
49297762.59
52115429.17
31329789.59
29459533.13
26941500.18
82878136.28
30542894.34
46055621.67
44764138.24
32191095.5
43434523.38
33402288.89
41544755.31
41430882.84
45947235.97
79063757.48
62130865.5
64735503.72
48050929.66
55230849.09
32523776.29
14278450.43
14169274.11
13802642.25
34119670.88
92602630.85
23380760.72
55015747.62
24717899.79
32921903.5
13270189.44
35746959.83
14479022.82
51582791.42
74828476.82
38338719.78
15796419.09
13299311.85
37513048.56
42088187.85
88782293.7
35577539.06
18288557.04
88087686.94
44325848.19
62456445.28
48904852.92
70270359.94
13972996.03
44020481.54
66037822.83
27811678.49
61479705.95
66037822.83
52090113.88
26844510.05
46890175.14
32638070.8
13343002.39
17289950.14
83225439.66
32635778.22
82183529.52
39961351.48
32612921.17
45694558.34
18368511.48
66037822.83
40435005.19
15456579.81
13255629.79
36971750.0
24577900.11
65061083.5
36700269.35
91908024.09
43462478.31
69293620.6
34260629.54
86351170.05
17727035.32
29082837.61
22511434.27
74502897.04
49042939.93
87740383.56
41702960.26
58756802.46
24105416.26
81488922.77
51641390.54
38056200.69
45790510.89
64735503.72
54882599.63
30569011.91
68968040.83
16212639.55
40957906.56
39388979.43
19308883.26
74502897.04
21275590.91
32980805.59
78084274.6
31834945.55
76781955.49
17998972.56
38245701.35
31595316.93
83920046.41
36051148.9
93644540.98
41852741.82
37895384.85
26859344.04
31134618.18
42100782.33
36407788.85
47007109.41
90171507.21
35350420.63
90171507.21
13898034.28
31658847.86
31550725.86
61479705.95
28061745.33
83572743.03
68642461.05
16881025.26
68316881.27
76781955.49
48512385.84
12916233.32
50745360.55
32164671.43
49576996.39
13068922.03
39697583.38
90171507.21
53318537.49
48886685.44
26628608.19
62456445.28
38338719.78
36181888.15
48460073.51
13431566.33
61805285.72
52420243.4
35070718.8
64735503.72
66037822.83
50263073.76
57697490.96
46505621.62
67991301.49
35779906.03
89476900.45
44095655.17
50187114.06
40967452.74
37795234.17
33136429.51
20849130.55
55344356.78
71898258.82
82183529.52
52335007.75
29712007.69
46711518.27
22698693.36
54735521.95
56243601.31
13483306.66
25442516.51
34384099.9
51101739.96
65386663.28
51087494.46
90171507.21
41852741.82
12888426.01
35374824.76
23529119.31
38848877.23
40264195.19
54044824.12
53207074.91
76781955.49
85309259.92
27557141.45
68642461.05
13661463.5
65712243.05
55044608.61
38327339.79
25205109.26
23879543.85
21957558.59
13569379.65
44604933.33
49478581.42
36971999.52
52088330.47
34651877.77
60082865.31
80099709.26
78735434.15
34799272.56
44604933.33
48026723.86
74502897.04
41328478.27
30213915.51
38288047.52
40686676.46
49969262.78
49576996.39
25753978.08
36483390.56
54508119.97
51024494.48
50932452.71
52633436.3
32449015.01
32476364.94
38653654.2
17508464.47
27097405.86
38245701.35
31010587.36
31027895.33
29206292.12
17677285.61
54511366.34
62782025.06
43456765.22
27654155.63
41270051.86
52670677.22
50973166.91
74502897.04
43263492.97
30798853.56
41878528.47
47061302.5
55943853.14
29209941.41
18835716.33
91560720.71
28288038.39
65712243.05
34998345.75
16369315.62
38016974.09
48547528.01
41320295.26
34001496.36
14140186.3
49856230.19
29482722.89
79063757.48
40241195.93
91560720.71
13998958.2
45285751.18
26154796.25
36264955.02
36088383.81
47578075.54
33314635.46
36156888.49
68642461.05
26128217.17
31902174.91
74177317.27
91908024.09
54304863.11
90171507.21
21990405.47
26152609.96
22585950.04
35813026.95
50523426.65
18113354.17
52021239.35
62782025.06
53816095.92
51582791.42
70595939.71
32100386.83
49297762.59
22110568.67
47525403.25
15663805.18
44278157.4
20173226.4
41250716.2
48886685.44
40457950.92
37820879.5
17727035.32
40766887.42
35269396.83
13134058.7
26242783.91
45947235.97
14042277.29
28372297.5
47116818.85
52088625.48
28196281.16
62456445.28
22578238.08
32734899.54
78409854.37
41902701.65
69944780.16
81836226.15
71572679.05
64409923.94
39935934.24
26941500.18
43231519.69
26808615.09
45442205.2
84961956.54
63107604.83
52978549.21
79405102.5
90171507.21
35533838.78
42290521.64
28621154.19
92949934.22
25991438.94
32300722.28
15325010.95
50414698.01
13522650.29
35314177.2
19924126.3
70270359.94
51141321.3
30002555.25
91213417.34
32604809.27
53247202.71
42665435.69
13845597.73
53247202.71
35907818.72
54130654.27
13409127.68
57029595.15
56690374.64
32714909.38
78409854.37
32901007.34
66037822.83
29739422.99
73200577.93
46614687.93
31291349.35
37763001.26
53598098.1
12926058.25
27439119.43
41110499.29
21323836.23
57400441.63
31385624.37
29241198.52
18944692.28
31860844.55
86003866.68
39619305.44
21865155.65
50243937.46
19859536.22
25073351.74
40513015.19
26019229.01
53638937.31
15145834.08
13615151.66
28979381.78
21152341.03
42610326.19
29014374.88
13061568.29
74828476.82
51861939.89
46825889.22
92949934.22
32921757.1
56340413.73
35050844.92
55230849.09
26479236.85
50045306.16
26391179.43
78409854.37
47278484.06
42066468.04
35569264.07
93991844.36
53811755.8
49018532.66
33966449.65
13072873.82
85309259.92
21292340.24
51252401.36
36980082.22
72549418.38
28355712.8
13328438.25
18412354.93
47728591.73
69619200.38
23053669.88
63107604.83
43231519.69
14476530.99
48919451.92
29730135.07
36084891.12
69944780.16
47385113.86
34467341.71
13844823.83
53486316.42
55044608.61
77107535.26
33451120.97
23063846.06
71898258.82
84961956.54
50876456.52
18331407.51
29181353.13
27416578.7
82183529.52
27046622.21
77107535.26
42338397.12
14910470.14
37745903.64
42088187.85
32657458.77
79405102.5
43503419.58
34237543.16
48233265.91
34325611.37
48736648.69
24804495.25
78409854.37
48205823.81
87740383.56
23774538.99
38055283.9
45427840.85
51529631.38
35275842.08
74828476.82
32365829.95
61154126.17
36356756.44
33430240.64
67991301.49
33711760.08
49601021.82
46711518.27
84267349.79
49576996.39
17596056.22
78735434.15
43992902.33
44937522.29
16247881.51
54882599.63
78409854.37
40536437.94
17121913.96
40504923.51
87045776.81
54882599.63
92949934.22
54649212.77
29206292.12
45406791.82
37741249.01
55015747.62
83572743.03
44884019.21
53816095.92
71247099.27
89476900.45
36654838.29
35840625.62
53877658.7
79405102.5
43231519.69
50768523.29
29333623.79
46782100.57
88434990.32
18412354.93
47064010.22
46610705.75
33715807.79
79405102.5
72223838.6
40415448.05
45134871.5
31541846.29
44857504.93
33758524.01
37299746.81
51024494.48
88434990.32
22749057.28
65061083.5
42991328.99
48460073.51
24250022.34
86698473.43
48736648.69
24364112.17
30744982.08
76456375.71
79063757.48
86351170.05
90171507.21
40753361.14
28530805.19
39371206.53
15995581.69
56895321.16
69944780.16
30542894.34
88087686.94
17171767.89
24018243.49
79063757.48
81141619.39
52176362.12
36708418.67
44862954.25
35348916.26
17632977.17
13945780.54
54736159.7
91560720.71
55863924.71
41581511.95
56721663.4
17998972.56
51435626.89
31580229.21
41771613.91
53287150.85
13472734.43
35108617.5
24364112.17
64409923.94
31304105.82
60828546.39
40541975.03
21408975.65
49125983.05
20629244.98
77107535.26
38598478.89
38803629.16
14575392.17
46331245.1
53626382.6
45496564.5
77107535.26
52528229.39
15078176.96
31797069.04
31254423.82
49349748.0
31500028.44
74828476.82
53228897.58
42936670.44
25060857.25
33988912.01
54345472.82
13270189.44
39689573.3
77107535.26
47340507.43
55828831.44
29479546.4
27606885.38
44884019.21
55333543.43
50691655.56
34732288.57
17945719.96
86351170.05
73851737.49
36436766.72
74177317.27
43104452.22
41863894.1
50412348.42
29190494.49
24824543.84
24955683.69
42100782.33
63758764.39
48758607.78
35865937.45
50849787.93
75479636.38
70270359.94
90518810.58
41048502.96
16429699.28
70270359.94
13882123.51
29490911.63
86698473.43
40391410.49
39643463.62
13977625.17
79752405.88
70270359.94
76781955.49
13339860.63
28386204.68
16285887.77
45790510.89
32896745.29
28410071.3
77107535.26
25381108.19
40415448.05
54095286.54
13920762.24
50996231.79
37714281.77
51833416.04
49349748.0
34782774.85
22588822.39
86351170.05
32636587.15
35350420.63
68968040.83
39914549.9
27824882.03
29914838.13
33451120.97
43888482.1
52947841.69
16863840.44
33934193.92
71572679.05
44319130.25
86351170.05
33177272.55
60411683.17
53851442.96
36406417.29
13416272.31
12906961.08
48233265.91
54324082.41
80099709.26
41320295.26
32391907.95
63433184.61
79752405.88
16619686.34
32875972.63
79405102.5
14089365.07
13149514.01
60451827.23
66363402.61
80447012.64
51124754.8
13605650.67
46349551.2
38302593.8
37444229.3
61479705.95
24489445.8
47675029.74
34555501.55
63433184.61
42447010.23
14500487.36
38869620.53
51250281.83
93991844.36
44113523.01
68642461.05
13092294.08
28493501.68
42415873.86
48371305.16
62782025.06
32631281.34
69944780.16
49297762.59
74828476.82
55529838.17
20772046.84
30559881.57
36135297.61
68316881.27
66688982.39
35645872.39
28385399.08
73851737.49
65386663.28
71572679.05
15210598.3
75805216.15
30213915.51
45721298.2
86351170.05
35546642.2
74828476.82
36970854.78
78084274.6
35070718.8
38012894.5
51766247.66
61154126.17
31293604.41
21152341.03
55322617.35
13701003.77
30662571.38
46314746.38
91560720.71
15352689.84
23160675.83
42464481.29
51020392.07
44794856.33
25431339.31
56351159.15
42625593.5
17196022.82
13521611.75
49576996.39
16517862.42
31304105.82
60502966.61
14042277.29
16151350.86
40504923.51
66688982.39
72874998.16
28049847.79
57018949.03
46837713.4
15134253.44
31320594.81
18549492.1
47622421.39
35993316.73
74177317.27
90518810.58
67991301.49
51579740.75
78409854.37
91560720.71
44862954.25
27887765.34
30271070.68
33881295.08
43981337.22
78084274.6
44830471.67
88087686.94
32462992.04
18867667.24
33712476.41
46331245.1
13885499.18
89824203.83
62130865.5
14103629.86
51275282.79
41086256.47
33838993.5
77758694.82
35269396.83
29486435.56
32157944.57
54304863.11
24577900.11
36700663.04
12996123.44
50324293.59
25202434.52
86698473.43
33427682.23
34842410.24
55574957.78
29744413.94
89129597.07
14190717.02
51124754.8
54095286.54
53338232.52
60072402.95
70270359.94
36396589.15
57029595.15
53013876.41
30524798.28
77107535.26
46671242.62
31057263.11
17248500.26
54653709.72
32367192.29
20685115.25
31038724.33
41647815.39
13453655.4
50412348.42
65061083.5
18183769.05
21292340.24
83572743.03
40933989.66
42415873.86
21045523.41
15230163.71
12916233.32
66037822.83
33982085.56
35078940.35
67340141.94
59065037.91
16369315.62
64735503.72
30747868.72
38365036.97
42338397.12
25516598.26
60502966.61
13461925.2
22593201.98
57488556.0
55044608.61
60791669.33
13313875.05
17624152.6
24192538.51
34366521.51
34200211.2
40520238.44
51554349.41
37949986.36
34512046.9
71572679.05
18433600.65
70921519.49
84267349.79
40495690.7
48736648.69
73200577.93
20391884.39
27342763.61
42314106.46
54231711.1
80447012.64
42199409.1
37469603.51
93991844.36
33668235.24
50414698.01
46964587.77
89824203.83
52663435.52
79405102.5
49597684.94
78084274.6
28288038.39
39417795.12
13882123.51
91560720.71
84267349.79
13045559.07
36971999.52
46734669.48
28526248.02
79405102.5
64084344.17
45721298.2
27891740.38
24836931.0
25682337.93
55365474.18
36946847.27
15362688.97
69293620.6
43679236.22
14479022.82
35721744.39
14793483.38
46255140.03
13492158.53
81836226.15
34576397.41
81488922.77
92255327.47
58725768.33
12967407.87
38847187.15
25279221.57
57400899.1
55774715.8
35577539.06
45355273.32
89129597.07
39035052.38
35269396.83
51722376.15
30325283.11
47717073.01
83920046.41
13080608.05
44319130.25
83225439.66
72874998.16
40662700.07
33136429.51
20040330.04
69619200.38
34466231.38
84614653.17
18713746.51
81488922.77
36112004.38
27573540.07
71898258.82
29412444.72
35746959.83
16587290.14
13468479.82
50135463.99
86698473.43
44591042.25
93297237.6
29417503.74
13505319.31
49486319.01
68316881.27
83572743.03
39181334.75
38932809.25
49943169.03
62130865.5
48608100.18
74177317.27
16663544.79
43767687.95
32367192.29
35342190.22
19163592.16
70921519.49
78735434.15
41558394.33
34384099.9
26703971.0
54605085.51
30002555.25
39417795.12
28462047.66
45710407.03
30831713.87
69619200.38
67991301.49
13569379.65
89476900.45
44272091.91
35350420.63
20698719.55
72549418.38
31388747.97
88434990.32
35182373.38
62456445.28
41878528.47
33464414.86
25920117.66
48306263.12
33454133.52
31293604.41
52978017.8
45107791.4
35390175.24
28532280.27
51646622.82
48571482.8
82878136.28
80099709.26
93991844.36
56679679.24
49622177.75
85309259.92
90518810.58
31860844.55
60502966.61
63433184.61
34998074.8
61154126.17
50855149.77
47173767.61
61479705.95
37745903.64
28448559.84
29961202.06
54653709.72
35005077.67
13453655.4
50970303.77
31902174.91
93297237.6
44732337.95
40241195.93
93644540.98
22766737.28
28056257.7
88782293.7
52947841.69
27310491.25
67991301.49
41794546.21
13270189.44
18916369.59
69293620.6
67014562.16
26941622.32
47717073.01
49574468.03
29471707.12
28288038.39
37623619.62
31860844.55
35813026.95
84961956.54
17777639.92
13118603.39
34775295.79
31541951.64
92255327.47
16445037.6
86698473.43
28410071.3
38304349.52
36699773.21
47647747.99
37523501.51
53247202.71
70270359.94
18470565.77
21626800.48
30479442.21
87740383.56
18043749.02
49856230.19
65712243.05
84267349.79
70595939.71
14653838.97
20693711.01
80794316.01
67991301.49
68968040.83
35865937.45
22749057.28
20078342.97
92602630.85
35306515.77
18698144.77
50571160.96
35076901.67
55127395.79
33822621.42
38092939.72
47340814.37
73200577.93
56340413.73
29725151.94
53536905.31
31119820.81
53293050.4
22583611.41
30030455.51
66037822.83
86003866.68
28220248.48
40269839.35
72223838.6
54655503.93
22593201.98
28623004.34
45982773.53
30747868.72
31595316.93
27097405.86
67991301.49
87740383.56
49125983.05
51531637.65
90518810.58
30841444.53
65712243.05
13972996.03
90518810.58
30868499.97
48484862.5
33446866.88
54370060.45
33448031.57
54716434.09
21635326.63
37443229.27
80447012.64
75805216.15
82183529.52
28834224.57
32610840.35
43063621.31
34224495.15
52200407.99
21720398.32
58756748.48
53508019.42
78409854.37
54095286.54
35860441.83
48567011.63
15729112.77
25917362.32
38803629.16
13255629.79
34152516.55
60502966.61
34536058.45
17319114.3
40784834.46
93991844.36
78735434.15
26867327.4
17756351.63
35184419.43
15666906.62
35074355.56
13456442.78
29793572.96
34734320.51
22578238.08
31815698.22
45134871.5
28770399.32
85309259.92
24471339.87
52648480.67
50297877.28
61479705.95
29067420.13
14094137.77
65386663.28
35070718.8
69619200.38
31327999.8
55555246.5
49317984.63
82878136.28
19804940.85
14872180.41
34201996.57
49292956.58
37761937.46
37523501.51
54010308.87
30744982.08
36708418.67
28532280.27
32635778.22
89129597.07
34094571.26
55044608.61
79405102.5
48651096.26
13453655.4
53835677.62
48180848.59
28680477.66
17340445.65
40293842.3
30798853.56
40744851.74
37787197.28
36429585.88
16401209.11
39117815.87
35344491.8
42951111.34
37548843.81
48478919.36
65061083.5
15891119.34
29720779.66
86698473.43
66363402.61
40021628.53
22000858.58
16722513.14
25995886.66
69619200.38
17842031.56
49486319.01
42882260.01
31917269.11
47619712.36
23522781.68
88087686.94
43480178.67
29682963.88
32989794.67
32300722.28
78084274.6
48347721.05
38882237.18
51722376.15
41794546.21
51738150.65
50596877.35
13357566.59
51082407.75
27029491.03
93991844.36
37292994.18
34807495.77
42904502.34
72223838.6
33293911.01
46964587.77
35588937.54
36436766.72
15295140.41
13635761.67
29206292.12
37565092.04
61090243.62
32449015.01
76456375.71
90518810.58
28696801.27
29471707.12
32789678.11
51897200.26
32096338.75
29446676.46
68968040.83
33718860.85
93297237.6
82878136.28
37172222.8
36165144.65
81141619.39
74828476.82
35306515.77
43832852.85
46554634.56
28299874.36
67014562.16
13844823.83
77758694.82
42354467.83
70595939.71
12869904.73
55185947.64
35342190.22
39969379.94
30130835.2
40185644.9
17537729.19
47340507.43
25682337.93
49462046.28
48069155.12
28940880.3
61805285.72
38033667.05
77433115.04
82530832.9
54847033.81
51024494.48
82530832.9
38066976.37
24329846.42
64409923.94
91560720.71
23781074.97
47173767.61
35363113.41
58590127.29
47449119.31
32640110.85
20535030.72
86351170.05
15571131.17
51467185.04
65386663.28
53038976.89
67991301.49
60422160.51
44021664.75
62456445.28
86351170.05
54010308.87
71572679.05
54624623.95
46191979.12
89476900.45
85656563.3
52088625.48
84614653.17
50807935.62
33006815.44
32908957.69
57912192.99
70595939.71
13098688.99
92949934.22
39347411.83
38803629.16
62456445.28
14587725.09
49070626.92
29696732.8
57368818.63
22574573.46
34532412.74
28675475.45
55859511.35
76781955.49
49199016.67
32870617.1
13489026.87
25915617.91
29999251.05
24092552.05
32908957.69
30768552.46
67014562.16
50882676.43
23538988.06
39719723.75
31852651.31
18849960.83
19352946.95
44292926.09
45442205.2
40808700.12
53228897.58
38066976.37
39330550.19
48012389.92
28996045.36
86351170.05
27824882.03
85656563.3
51252401.36
64409923.94
77433115.04
89824203.83
77758694.82
52141090.49
44046763.05
84267349.79
71898258.82
42659653.29
27606885.38
18820700.61
54374479.57
31293604.41
38033207.28
86003866.68
51059728.02
40233137.08
34998345.75
15022116.71
35615538.9
27743912.07
53532603.47
37469603.51
39742367.92
30268925.88
32126374.79
74502897.04
20698287.58
67991301.49
57898703.41
41476597.06
36383421.33
80794316.01
46000400.27
48012389.92
46837713.4
52978549.21
37490207.86
48571482.8
38619189.82
46051784.45
30437853.33
83920046.41
53318537.49
24567158.7
89129597.07
33451120.97
41863894.1
90866113.96
82183529.52
14249362.01
31038724.33
19972778.1
91908024.09
80447012.64
30963155.61
56690374.64
77433115.04
42114979.67
48069155.12
86698473.43
39969379.94
49165325.71
13057237.47
26395876.38
44640477.58
46226428.07
53257714.69
54983365.93
57738879.31
39372377.35
49349748.0
30242679.26
89129597.07
54932939.87
52141090.49
61479705.95
40967452.74
13483306.66
54374479.57
54436832.53
46168986.02
36700269.35
56895321.16
50044152.09
71572679.05
29412444.72
21635326.63
76781955.49
36675183.27
12869904.73
71247099.27
56895321.16
42371977.76
60502966.61
35667582.7
33338862.77
68642461.05
16853144.67
73851737.49
19478032.71
51861939.89
34591603.1
42415873.86
45920648.84
51250281.83
14495292.98
33338862.77
31776644.94
34264633.23
41205291.5
91908024.09
91908024.09
41320295.26
38012894.5
59054578.76
16913624.79
68642461.05
32191095.5
28886600.9
77758694.82
46735758.84
91908024.09
13151437.77
68968040.83
79063757.48
66363402.61
49295185.43
87393080.19
52648591.88
52112482.67
25991438.94
19068859.34
49901826.07
69619200.38
42110187.55
79405102.5
39069616.61
49321980.87
81141619.39
50243937.46
58047265.58
35342190.22
80099709.26
52205790.95
54744969.51
71247099.27
50881506.18
15885322.82
37987980.81
41780877.97
39954266.51
34804889.79
49856230.19
89129597.07
29864977.66
30260982.72
13198430.41
34527838.77
67340141.94
60113311.77
38058956.46
24341630.17
40185644.9
34466231.38
87045776.81
30041075.91
13603141.19
48178164.21
18631073.21
50838232.91
79063757.48
59522329.29
31019601.21
35621969.12
34799272.56
38798529.65
30267685.74
41056656.37
26006339.78
51381296.04
44654523.13
34676391.1
87045776.81
81836226.15
39936413.15
16759111.44
15145834.08
43888482.1
78735434.15
28403090.63
13646109.38
50838232.91
51299513.22
34514827.37
92949934.22
51688815.52
31103571.66
46279504.52
45134871.5
29677371.09
78735434.15
13083872.64
20023321.44
45066040.51
53247202.71
41816467.11
54145708.48
36725956.05
41654949.93
34009263.41
13929862.92
39914549.9
47710189.83
27662072.14
56044232.2
40566056.07
28055332.84
69293620.6
39969379.94
53228897.58
20202252.69
50970962.7
48739303.09
17949525.63
52947841.69
84614653.17
30798853.56
60828546.39
27654155.63
47619712.36
52647800.18
83225439.66
34224495.15
60828546.39
63107604.83
51930211.25
74502897.04
36436766.72
58036761.92
13920762.24
48268407.2
53332395.38
38439020.9
13630755.84
39391793.69
52479925.04
47901634.99
87045776.81
13430857.72
82183529.52
84961956.54
25143326.84
13072873.82
41320295.26
34094571.26
90171507.21
18587457.08
31386365.25
55644104.96
14793483.38
44252506.64
57708042.11
13167101.98
38259859.41
30002555.25
14843993.3
19640944.84
24192538.51
14843993.3
54603340.7
35070718.8
43775319.46
68316881.27
77758694.82
47954145.99
70595939.71
44884019.21
55027209.29
40120129.85
14339694.42
32923009.86
83920046.41
51861939.89
54345472.82
31563104.67
54445338.99
39891204.09
54744969.51
75154056.6
42123973.65
13599675.92
24127713.78
87393080.19
26145229.43
30267685.74
83225439.66
51303642.95
64084344.17
88782293.7
27416578.7
51467185.04
37513954.56
20210164.2
27439119.43
18166768.61
70270359.94
36136792.85
17777639.92
42247214.06
32885301.61
72223838.6
91560720.71
38076179.39
60502966.61
78409854.37
45109661.71
49983518.82
48329514.92
66037822.83
20375195.96
74177317.27
46051784.45
50135463.99
32122506.83
14758111.72
50855149.77
46440252.14
13993572.69
40186257.42
28668493.59
22945919.33
22826312.97
42199409.1
30526406.98
13409127.68
58166469.49
43713712.74
80099709.26
62130865.5
14094137.77
70595939.71
74828476.82
55044608.61
21246165.3
92602630.85
56043565.87
52115429.17
70921519.49
92949934.22
47064010.22
43245433.63
55127395.79
45134871.5
29727434.06
36932721.87
51047167.22
49907990.81
66363402.61
34781263.04
69293620.6
13233246.39
15061842.91
33951486.6
32367192.29
58756802.46
13780863.17
42371799.95
51423512.95
43713712.74
13702944.05
73526157.71
23068970.27
51578635.89
27824882.03
28621154.19
42135697.25
77433115.04
14009532.13
13308135.98
92255327.47
52065310.28
52369352.0
32604809.27
87740383.56
54130654.27
67991301.49
39643463.62
35390175.24
13203013.13
36390633.06
74502897.04
29737131.08
35588937.54
13477463.2
29525119.35
26145229.43
46226428.07
33454133.52
42144015.68
61805285.72
89476900.45
72223838.6
17377599.42
36932721.87
47021027.94
36205110.39
38882237.18
42882260.01
13537718.8
50740782.65
34948757.04
46631665.83
42936670.44
45776093.08
45415537.02
88782293.7
67991301.49
50691655.56
35813026.95
30854030.2
74828476.82
61479705.95
80447012.64
27823646.39
29527725.55
93644540.98
14693498.85
13263621.24
51771413.08
39689573.3
52954843.04
80099709.26
64735503.72
16045553.75
44556569.92
30798853.56
86003866.68
50323134.12
46610705.75
51771413.08
37784159.56
51531637.65
91213417.34
20726450.91
38982795.45
48787448.1
13676826.14
33486681.16
55495030.98
20202252.69
65712243.05
58417684.34
52088330.47
72549418.38
28696801.27
80794316.01
38637134.23
13562847.68
31595316.93
30496826.48
42338397.12
65386663.28
73526157.71
54909061.69
73200577.93
33138532.68
90518810.58
52618965.76
16534894.56
42959637.09
52809449.55
39997705.05
14539931.61
35577539.06
88087686.94
49018532.66
31633749.93
30533414.91
13113520.41
47343207.8
39154004.3
90171507.21
42354467.83
85309259.92
67014562.16
52141090.49
21872926.39
44564193.59
60791003.31
36019546.92
45213417.94
50693932.46
33793640.58
47647747.99
13361391.76
40727847.35
23618001.85
39611805.92
40202835.14
38830206.83
47801252.71
52890040.89
43816226.38
74502897.04
14575392.17
19697291.92
59743577.08
51994804.53
33735942.69
14357778.56
74502897.04
45136515.7
53532603.47
83572743.03
13061568.29
32657458.77
43803931.92
90171507.21
13385689.51
91560720.71
81836226.15
13407570.1
15571131.17
52947919.1
40504923.51
51631757.83
51250281.83
16735828.63
30998768.63
19204034.6
71247099.27
37513954.56
12897693.22
24255590.01
13652072.05
41975087.16
55529838.17
34807495.77
81836226.15
44565239.81
51303642.95
20629244.98
18806533.53
38531744.28
48063855.99
28668493.59
38874251.09
41863894.1
90171507.21
34764496.02
57559523.96
24256304.16
37219803.37
17241259.93
32183121.73
42247214.06
47299550.1
36448013.04
82183529.52
31006578.19
88087686.94
43263492.97
29471707.12
15352689.84
37523501.51
28535759.52
15881543.79
42926714.53
44361437.38
90171507.21
39340703.57
50159104.12
36700269.35
46558608.76
12953611.99
38602482.49
53300363.09
35893522.57
35108617.5
92255327.47
25143326.84
69293620.6
42561831.43
80447012.64
63433184.61
52420243.4
88087686.94
13143324.73
55555246.5
92255327.47
71572679.05
85656563.3
61154126.17
13537718.8
28745994.94
74502897.04
50603485.01
37844079.4
43775319.46
24967703.44
48178164.21
32882158.09
21957558.59
34638471.86
40014564.69
38338719.78
36808349.4
32882158.09
93297237.6
18117143.4
87045776.81
13284749.1
53536905.31
25533559.89
33822621.42
46392729.99
65386663.28
21639389.06
28355712.8
24237227.07
48093757.5
42144015.68
36165144.65
54653709.72
20611998.86
58251160.14
72549418.38
58505427.83
91560720.71
19068859.34
32870617.1
83225439.66
52036579.2
41522631.21
41328478.27
13143324.73
54735521.95
38531744.28
26145229.43
47897680.02
77758694.82
52648591.88
40513015.19
33162211.18
13180447.52
15543272.17
72874998.16
28604598.22
77107535.26
45274979.27
46872904.61
26607065.13
13972996.03
48763901.2
55035598.64
43484823.99
42371977.76
32384805.08
82878136.28
48287538.33
37276819.21
59095715.63
31852651.31
29429165.38
46610705.75
51968611.25
50741271.58
89129597.07
23461961.16
14153289.81
29193419.78
85309259.92
24234167.49
35123901.16
73851737.49
39372377.35
43834032.4
83920046.41
19507258.66
25126136.36
74177317.27
55001835.04
52391567.04
20914776.47
92602630.85
83920046.41
27029491.03
47061302.5
70270359.94
80447012.64
16447125.46
83920046.41
43767687.95
55215353.65
48547528.01
17895316.15
34536058.45
20173226.4
27817686.01
56001148.22
46360323.41
25759502.77
19737644.02
16198146.85
50037723.61
41647815.39
39254746.53
12879165.37
76456375.71
77758694.82
52554016.11
34030368.98
37987980.81
31860844.55
70595939.71
27104702.37
71247099.27
37469603.51
51082407.75
33951486.6
42144015.68
28902399.68
40207702.78
40784834.46
45920648.84
33172962.89
69619200.38
13113520.41
48733844.3
28886600.9
28493501.68
46055621.67
47343207.8
25205109.26
38559121.79
33958838.63
43008935.91
91560720.71
49574468.03
49853750.64
55935954.99
13628031.8
13386719.47
90866113.96
72874998.16
78084274.6
73851737.49
71572679.05
50159104.12
39117815.87
46825889.22
78409854.37
63758764.39
36677542.25
39306320.47
33067650.91
43767687.95
33722208.38
19856047.7
67991301.49
26705159.39
84961956.54
14190717.02
39371206.53
42679306.21
83225439.66
24256304.16
24964760.77
50802916.35
37758015.16
13598643.3
39411910.49
49684959.1
43763880.4
29729203.23
29181353.13
56243601.31
52961788.86
82183529.52
46168986.02
47061302.5
23061371.61
75479636.38
67340141.94
68642461.05
37197995.06
41863894.1
44862954.25
34531566.06
45710407.03
42314106.46
37523501.51
76781955.49
50280259.69
31647323.14
52036579.2
32523776.29
36019546.92
13866221.9
82183529.52
17071514.52
74502897.04
51688815.52
13998958.2
40435005.19
91213417.34
33951486.6
31368296.18
60750963.39
49856230.19
16752707.16
55185947.64
37515464.02
20726450.91
54176983.87
34536058.45
53287150.85
73526157.71
13033880.68
44551281.63
47343207.8
34929214.33
71247099.27
82530832.9
68968040.83
68316881.27
42665435.69
44378490.85
33693194.87
55672728.17
76456375.71
36131970.51
46226428.07
49130593.84
30267979.61
74177317.27
31765331.04
40814111.22
58036761.92
20073490.03
73200577.93
22216299.07
92949934.22
37515464.02
28834224.57
48639893.84
76130795.93
16953797.51
19727428.03
78735434.15
43503419.58
30047253.87
25679933.75
46440252.14
90171507.21
75805216.15
51439722.1
48478919.36
61808574.35
37523501.51
40696313.64
47343207.8
93297237.6
30762187.64
34779739.36
32449015.01
54882599.63
13565329.89
28137688.02
68642461.05
29807501.55
46000400.27
54687407.5
20456432.29
46872904.61
39642889.07
56044232.2
30242679.26
60113311.77
40202492.23
20259726.65
87740383.56
35813026.95
46711518.27
29682963.88
67014562.16
40208725.16
70270359.94
72874998.16
45849087.46
90866113.96
42421911.39
37814365.0
33693194.87
76781955.49
53058649.04
42083363.17
67665721.72
46150909.89
76456375.71
18495713.44
88782293.7
35096692.81
46226428.07
77433115.04
54009344.11
65061083.5
29459284.88
64409923.94
53877658.7
44551281.63
16838168.59
31291349.35
37490935.88
30983987.82
32638070.8
57149599.26
60502966.61
46505621.62
20298075.23
35840625.62
34857627.09
50181478.26
38559121.79
13468479.82
34273802.95
48929765.64
48846495.03
27580055.35
51276114.8
49183438.99
89824203.83
78084274.6
34314659.64
30508016.78
13647836.14
69293620.6
49018532.66
43476700.44
30928443.19
53897399.49
58929094.44
29948437.18
60082865.31
39477213.3
41335161.99
49907990.81
31103571.66
51124754.8
82183529.52
65061083.5
46837713.4
44047219.34
67665721.72
75154056.6
33141108.33
52670677.22
38848877.23
33737416.58
85309259.92
31064319.66
16735828.63
32652224.99
42100782.33
42882260.01
84961956.54
70595939.71
34824827.53
44492906.4
18251855.17
55561166.52
53977511.54
22340530.18
45668043.86
17851470.73
33180039.33
38365036.97
25856886.74
71247099.27
60828546.39
47254097.59
37218515.31
72223838.6
33444945.29
28621154.19
70921519.49
19068859.34
27342763.61
44375089.15
29805079.56
93991844.36
37251768.85
91213417.34
46734669.48
38909234.4
65386663.28
36889705.8
45668043.86
40814111.22
46070031.04
14915828.91
43751439.42
37469603.51
55230849.09
51252401.36
30744982.08
53300363.09
83225439.66
30526406.98
78084274.6
32650269.02
33719973.7
36453887.79
55644104.96
49572513.25
52633436.3
45379101.61
27284721.33
89476900.45
54374479.57
54436832.53
13579490.54
13392009.69
43245433.63
67014562.16
46693358.92
70270359.94
26866648.06
17899905.03
23766854.24
50881506.18
26077558.77
36668871.72
22100588.97
48199263.56
60828546.39
48205823.81
23292142.94
39682139.35
13118603.39
73526157.71
29221638.77
17564811.96
46683179.64
36347316.65
43408016.5
53486316.42
21165762.51
52734702.41
34007470.52
75479636.38
33566444.31
38598478.89
32631281.34
34264633.23
53038976.89
36211426.95
17559022.42
81836226.15
47926785.5
69619200.38
47778481.91
37987980.81
27505766.62
82878136.28
20685115.25
16882057.92
32717876.29
32367192.29
36901239.42
58756748.48
47521729.67
40814111.22
38827852.38
43016126.03
87393080.19
80794316.01
16838168.59
28056995.61
85309259.92
42896724.24
47235885.81
42687754.81
68316881.27
28526248.02
88782293.7
18277806.74
82530832.9
79063757.48
47675029.74
25126136.36
69619200.38
44952002.15
74177317.27
42394202.41
39347411.83
46837713.4
84961956.54
22431913.94
28196281.16
43999754.92
28135523.04
73526157.71
30980154.49
71247099.27
35595108.44
41771613.91
28090295.14
23538988.06
39931316.44
61805285.72
81141619.39
34310409.67
75805216.15
79752405.88
49983518.82
44672507.01
83920046.41
13446985.5
34998345.75
41016032.42
57573234.65
32126374.79
35450839.26
33136429.51
58590127.29
41039072.52
87740383.56
14260646.2
82878136.28
65712243.05
33718860.85
37762068.38
32636587.15
43183484.98
48135971.31
29199304.7
55044608.61
20810495.51
29544597.59
52610382.61
13345276.79
18631073.21
68642461.05
59435038.69
83920046.41
47340507.43
35813026.95
33712476.41
42415873.86
49070626.92
46531624.42
35026602.02
13098688.99
38033207.28
13416272.31
50222304.27
54445338.99
88087686.94
71572679.05
35541190.76
22462577.42
75805216.15
34998345.75
42856620.33
49066552.99
63433184.61
55644104.96
33719973.7
75154056.6
56243601.31
58386498.74
43281167.11
33778546.07
13033880.68
47080674.24
15964260.64
91908024.09
78084274.6
35306515.77
29071007.64
47675029.74
67665721.72
49534190.88
16940850.27
59435038.69
34279004.11
48899542.21
70270359.94
52633436.3
31375444.41
30693067.05
36949824.46
50741271.58
48454570.95
41048502.96
73851737.49
77433115.04
42610326.19
69293620.6
67991301.49
55161866.06
79405102.5
60828546.39
39961351.48
18689284.99
23053669.88
30571943.56
45231503.89
25279221.57
51810875.77
32340597.02
20772046.84
34200211.2
46801035.26
52395224.9
77433115.04
20677229.02
17056665.81
70595939.71
92255327.47
82530832.9
71247099.27
53816095.92
42991328.99
28967028.18
82530832.9
26607065.13
69944780.16
53897399.49
35182373.38
48180848.59
70921519.49
13664233.85
84614653.17
41229136.69
53787170.55
87045776.81
90171507.21
17315056.46
44252506.64
53169700.8
47901634.99
47169647.23
25438886.17
21153389.16
30018278.27
53765565.83
51531637.65
41063481.27
39953311.97
31119820.81
79063757.48
42896724.24
43750409.38
38846655.22
44375089.15
64409923.94
25914624.11
88782293.7
65386663.28
41048502.96
39197990.58
42642931.17
51529631.38
15512109.64
67340141.94
28032618.01
32912372.7
67665721.72
50466237.3
34063962.51
20535030.72
37444229.3
24014194.41
76130795.93
52825571.5
15022116.71
21876577.38
69619200.38
15228357.77
46403692.86
49038296.21
49684959.1
20439728.37
84614653.17
14872180.41
13570525.39
34821486.8
43999162.73
24814177.24
19287955.4
14557288.9
34077522.04
41270051.86
37533401.11
31064319.66
65061083.5
16663544.79
31293604.41
56836538.08
23536811.86
39154004.3
48372426.88
48763901.2
39891204.09
85656563.3
91908024.09
71572679.05
34111545.11
71898258.82
33454133.52
39417795.12
45035370.07
19601742.84
37251768.85
22113886.12
38058956.46
47954145.99
77758694.82
34192918.85
51249873.29
54324082.41
34803372.18
13615151.66
26369630.1
54653709.72
51529631.38
29333263.58
28355712.8
20681413.56
38288047.52
47116818.85
91908024.09
91213417.34
65712243.05
34009263.41
40342733.46
69293620.6
47188125.1
52367706.68
28675475.45
84614653.17
87393080.19
57358220.0
49964448.28
39931729.58
42932000.76
48229238.37
45982773.53
41328478.27
89476900.45
52978017.8
39340703.57
14339694.42
37837195.67
51861939.89
38092939.72
34793543.24
76130795.93
81141619.39
43992902.33
27818894.82
32378381.63
86698473.43
47622421.39
13818530.35
35269396.83
21627515.14
65061083.5
32923009.86
44591042.25
53300363.09
44604933.33
51582791.42
28129336.01
14233299.18
14015754.53
33587532.99
88087686.94
26332715.5
52139048.27
35078940.35
32570895.67
33402288.89
54884751.25
34490250.65
32611100.54
36808349.4
82878136.28
44732337.95
28979381.78
73200577.93
30788691.46
30837393.62
39697583.38
42066468.04
29932701.36
85309259.92
32612921.17
34536058.45
86003866.68
32126374.79
87393080.19
44933965.26
37474838.31
21639137.07
19470848.59
48180848.59
44792870.78
64735503.72
40225453.9
13554050.86
39433844.48
29152049.57
21056200.5
19683956.09
43462478.31
12869904.73
61479705.95
80794316.01
14260646.2
38597551.31
91908024.09
24412772.4
28366960.66
45678712.13
60828546.39
54624623.95
13922664.19
30854030.2
25201098.88
56109730.06
37548843.81
45217043.02
30492193.11
39154004.3
78409854.37
13231192.34
36700269.35
50807935.62
51024494.48
15428418.42
52248406.98
13372130.78
89824203.83
56382614.63
16380220.9
34807495.77
23764645.97
71572679.05
24727099.74
50996361.47
30387936.69
50596877.35
36971999.52
30862408.66
44880128.65
84961956.54
41592090.95
36176681.75
39954266.51
37241937.55
49487462.3
23937302.14
58725768.33
46735758.84
14626180.93
28730264.55
15946125.15
36661675.51
90171507.21
42643174.07
66363402.61
38763784.28
67014562.16
50037723.61
15106764.2
37762068.38
46502907.78
81141619.39
31899206.45
12879165.37
16882057.92
39660147.93
49903911.03
26157984.87
69293620.6
35893522.57
69619200.38
17248500.26
52809449.55
85309259.92
41056656.37
63758764.39
45608472.11
13586830.95
53207074.91
36733081.79
64409923.94
20677229.02
41063481.27
81141619.39
24480119.31
42896724.24
29781417.46
44812820.2
39642889.07
14793009.35
80794316.01
31541846.29
21528490.95
85309259.92
81141619.39
52670677.22
76781955.49
35615538.9
44221675.65
39643463.62
13605650.67
54882599.63
31027895.33
49405471.07
26228922.82
48223974.51
69944780.16
32449015.01
15456579.81
40776710.65
47675029.74
83572743.03
19302444.66
60502966.61
39099529.45
16008052.09
52330726.1
31329789.59
44293966.91
34224495.15
50523426.65
55828831.44
13387393.37
50001477.07
19036038.31
77433115.04
77433115.04
89476900.45
13508085.43
83572743.03
39099529.45
43167854.99
32702501.44
24092552.05
88434990.32
43678801.09
13797615.84
31807518.78
35076901.67
48233265.91
35066230.77
62782025.06
83225439.66
12906961.08
21402349.71
38326417.61
14201276.49
54928399.42
55828831.44
35306515.77
13554220.25
28801583.28
64409923.94
17493724.54
66363402.61
44933965.26
28886600.9
81836226.15
13069093.23
46227086.28
25782702.95
55322617.35
47116818.85
42407501.09
45950636.98
45987057.73
65386663.28
58417684.34
82878136.28
18277806.74
24480119.31
26629786.94
63107604.83
40776710.65
27335470.94
54095286.54
70270359.94
43494735.99
77758694.82
48512385.84
28727814.7
26153396.08
14201276.49
78735434.15
91560720.71
86003866.68
27104702.37
78735434.15
56556364.41
20375195.96
38602482.49
30213915.51
66037822.83
12906961.08
67665721.72
32908957.69
85309259.92
53846077.97
28621154.19
70921519.49
92602630.85
30225109.3
53247202.71
29008520.54
34580935.42
17188403.12
34807495.77
57018949.03
34807495.77
13615040.71
32906517.88
50187114.06
37444229.3
64735503.72
48567011.63
65061083.5
19245121.77
43205768.97
34656656.46
82183529.52
39035052.38
71247099.27
37785070.96
19253423.0
32907332.2
58417781.33
20391884.39
13661463.5
85656563.3
80447012.64
14259564.43
59743577.08
70270359.94
48739303.09
78409854.37
47006014.66
13692192.95
19068859.34
36084891.12
34281113.86
65061083.5
20078342.97
27654155.63
43992902.33
16977566.25
19203812.78
51582791.42
44830471.67
37714281.77
30854030.2
89476900.45
90518810.58
23380760.72
75479636.38
32596608.46
69293620.6
26621287.59
23717217.86
43494735.99
30437853.33
31293604.41
40120129.85
13608840.06
27891740.38
48695246.62
39146019.69
75154056.6
79405102.5
38830206.83
40457950.92
80794316.01
51810875.77
87393080.19
40776710.65
19564851.85
36436766.72
51024494.48
54882599.63
38167192.31
50461130.46
60828546.39
29440573.68
86351170.05
32367192.29
33178092.27
39205009.11
23618001.85
30773367.25
35661329.93
69944780.16
18871089.42
13537718.8
64084344.17
57738879.31
58590127.29
53207074.91
47188125.1
15210598.3
55275637.2
30174076.17
31312014.03
91560720.71
32378381.63
21403120.48
61470026.88
81141619.39
50576513.53
79752405.88
36359325.72
46890175.14
65712243.05
58505427.83
50183030.6
16634793.75
39118425.23
47989293.05
32923009.86
44884019.21
49907990.81
29006664.69
47062381.55
70921519.49
64409923.94
33719973.7
91213417.34
26315480.11
40014564.69
40706907.43
85656563.3
43503419.58
37172360.98
27589454.44
18916369.59
31592797.11
28526248.02
28475882.91
15849308.39
36119596.74
37787197.28
84267349.79
37515464.02
64084344.17
68316881.27
13628031.8
66688982.39
66688982.39
39154004.3
38338719.78
43185567.24
35368558.57
26570637.75
54744969.51
42407501.09
74502897.04
13866221.9
45492870.62
65712243.05
38259859.41
37213441.94
22347468.96
22529159.64
77433115.04
43434523.38
41522631.21
14693498.85
43524409.54
20456432.29
33184641.07
34802520.11
44654523.13
13169194.29
86003866.68
14861218.8
44857504.93
81488922.77
47671030.2
34694970.45
15561472.66
51810875.77
84267349.79
34237543.16
30522794.74
48050929.66
55661882.71
78084274.6
49013399.91
18849960.83
64084344.17
73200577.93
31899206.45
43832852.85
40978809.71
25363950.81
40767858.14
46610705.75
33512627.1
61154126.17
27573540.07
93297237.6
23418608.55
18401023.62
39205009.11
13255629.79
49066552.99
81488922.77
45163112.21
35634185.53
35621969.12
66037822.83
39101291.86
72874998.16
41270051.86
14073397.59
39453447.38
87393080.19
46000400.27
44252506.64
87740383.56
46782100.57
39347411.83
54649212.77
37623619.62
29009804.38
12972750.49
63758764.39
15979837.99
84961956.54
30213915.51
80099709.26
92949934.22
33492491.31
39392399.58
30387936.69
31375444.41
13537718.8
39347411.83
61429523.92
39914549.9
50466237.3
80099709.26
81488922.77
41902701.65
48457406.45
29417503.74
45626501.73
48484862.5
19688297.08
47944342.52
35363004.17
38653654.2
45678712.13
90171507.21
28886600.9
41001339.9
65061083.5
81488922.77
52367706.68
14057430.12
29474680.61
36165144.65
44541596.22
46903008.25
32789678.11
16429699.28
68642461.05
38304349.52
27854768.69
37745903.64
81488922.77
23055937.96
40886767.27
34366521.51
82183529.52
41654949.93
36948672.78
50414698.01
82183529.52
40269839.35
37444229.3
32923009.86
40558970.54
31846384.47
14042641.92
15933399.03
30798853.56
30462118.14
36403575.98
20866634.24
59733124.01
43767687.95
30070926.54
35201788.36
59733124.01
44836512.71
26364647.33
35237429.66
24588257.97
13786754.14
42083363.17
45678712.13
67665721.72
33512627.1
32073243.42
36708418.67
51920890.93
64084344.17
55943853.14
88782293.7
74177317.27
35613691.86
50133041.28
19422483.98
36628624.56
79752405.88
30151056.92
47622421.39
51808980.92
54349274.99
67014562.16
64409923.94
48928633.13
13167101.98
23004333.36
39146019.69
45163112.21
64084344.17
89476900.45
34111545.11
13786754.14
47901634.99
87045776.81
33990559.67
36971999.52
39140762.27
32984415.91
12916233.32
28385399.08
12906961.08
44604933.33
44047219.34
79752405.88
86003866.68
35182373.38
59065037.91
20820085.14
29152049.57
76456375.71
37020977.37
56243601.31
35852122.25
33247064.75
48585802.38
13705170.87
49375393.55
17098015.98
36131970.51
20391182.8
54376323.6
52978549.21
93991844.36
36356756.44
76130795.93
30491128.14
79752405.88
23143535.3
89476900.45
46223714.99
40886767.27
27917786.33
42359908.59
33157687.29
82878136.28
35050844.92
34779739.36
23536811.86
75479636.38
62130865.5
35474373.39
56409924.43
13667383.44
51531637.65
80794316.01
93297237.6
24351991.97
67665721.72
45134871.5
31541846.29
40808700.12
37758015.16
68642461.05
46502907.78
30569011.91
40831174.67
55644104.96
33550672.31
43750409.38
22036322.74
51020435.06
35395700.88
29209941.41
26228922.82
51168227.48
69944780.16
37515464.02
23053669.88
60502966.61
77758694.82
85656563.3
14121321.94
77433115.04
84267349.79
80099709.26
18433188.86
51926206.88
32769976.54
34023829.05
32391907.95
57060725.84
62456445.28
53338232.52
31312014.03
13024943.4
21009095.99
42959637.09
38016974.09
24004604.38
51582791.42
90518810.58
34508639.14
58047265.58
25516598.26
28090295.14
44309408.35
91908024.09
79063757.48
77433115.04
41016176.45
42904502.34
41541154.27
56158936.01
19507258.66
30226321.96
35263459.84
42959637.09
53603726.71
38556191.5
46252601.86
31293604.41
83225439.66
54288365.09
22585950.04
50849787.93
33278736.93
80794316.01
55762186.48
49758146.74
55230849.09
74177317.27
17241259.93
61805285.72
29248098.34
21389920.49
67014562.16
64084344.17
28940880.3
16029409.06
22452268.2
55164416.99
37444229.3
53109256.76
72223838.6
50133041.28
51303642.95
30798853.56
13440151.39
56236149.35
38066976.37
48329514.92
52420243.4
15344445.25
36084891.12
42693614.31
56836538.08
32126374.79
40248626.84
30479442.21
36135297.61
34466231.38
19253423.0
29484793.56
27580055.35
84614653.17
63758764.39
49766384.23
55161866.06
22351344.8
78084274.6
15789585.18
41080965.57
32921757.1
55344356.78
16226535.35
55529838.17
51926206.88
41001339.9
48626286.98
26633785.23
35078940.35
41086256.47
13370408.11
65386663.28
46252601.86
41600300.18
44021664.75
61805285.72
33966449.65
67014562.16
20154566.18
73200577.93
48585802.38
52648480.67
30591730.22
62782025.06
38874251.09
76130795.93
49295185.43
51641390.54
18985763.23
19036038.31
42290521.64
83572743.03
34804889.79
61154126.17
45066040.51
32387364.45
28355712.8
24814177.24
68642461.05
31931342.03
45670236.45
91560720.71
50780586.77
36076124.61
55809535.7
38347680.11
62782025.06
78735434.15
47619712.36
42882260.01
39146019.69
31525588.22
41522631.21
42666444.16
87045776.81
19955397.86
34910422.25
64084344.17
14089365.07
12916233.32
31541951.64
39914572.99
75479636.38
13438838.05
47228277.01
30693067.05
63433184.61
37987980.81
81141619.39
64409923.94
57573234.65
22111333.04
28120083.42
57708042.11
29712007.69
89476900.45
61429523.92
15295140.41
67340141.94
40776710.65
33451120.97
16416461.44
29914186.28
53846077.97
14121321.94
34764496.02
91560720.71
35090768.19
38033667.05
92602630.85
58929094.44
26715692.05
21397743.28
35338923.04
30267979.61
32096338.75
55672728.17
29651300.78
37203772.98
66363402.61
29464716.07
44189704.25
20609223.25
71247099.27
68316881.27
26941500.18
44884019.21
36461251.27
19683956.09
32908957.69
61100750.91
79063757.48
19586634.69
42135697.25
32339004.84
24650547.67
67991301.49
45391816.08
20008850.07
40163104.64
47675029.74
26871700.31
21561302.45
46558608.76
42088187.85
58376033.51
51275282.79
12926058.25
38330718.22
59404307.49
93297237.6
23291391.92
43434523.38
46223714.99
29067420.13
38492518.25
13825738.41
64084344.17
29261885.1
36157026.06
38710855.03
34044470.21
75154056.6
34732288.57
46266668.23
19964810.04
41353231.02
18433600.65
20227605.02
38803629.16
13619451.43
13391281.72
43536802.29
39146019.69
44299485.51
41375601.05
27811678.49
40784834.46
45442205.2
58929094.44
32080698.56
28680477.66
42421911.39
32106622.27
19507258.66
49321980.87
50602320.15
34349471.9
30325283.11
31917269.11
34279004.11
39347411.83
31134618.18
82530832.9
20578054.41
39425786.82
82530832.9
42914370.66
68316881.27
31853684.04
30762187.64
38338719.78
32650457.36
32126374.79
48826648.83
47898921.97
31525588.22
50187114.06
17930959.96
43536802.29
48736648.69
31064319.66
29525119.35
55335675.34
67991301.49
46502907.78
29961520.8
41902701.65
45776093.08
14915828.91
49877413.74
86351170.05
60502966.61
45134871.5
47988432.34
20290954.67
48791505.85
40706907.43
60072402.95
41273047.61
13261114.52
41872157.51
13278822.08
42736708.6
17406277.14
81141619.39
60761455.71
44884019.21
53626382.6
26132269.59
50690744.93
92949934.22
46527511.06
38574890.16
53787170.55
60828546.39
52992282.26
26866803.16
49042939.93
15778526.1
36453887.79
42415873.86
19528079.31
25193470.98
40662700.07
32867569.4
14697417.68
20772046.84
91213417.34
46554634.56
32906517.88
92255327.47
29739422.99
47449119.31
56001148.22
87393080.19
16163171.09
48342418.06
32164671.43
14217277.68
38092939.72
41566608.42
31010587.36
23759894.32
31726096.47
40286766.93
65386663.28
23396836.37
45707449.29
65061083.5
22823657.75
39425786.82
14217201.57
63107604.83
78084274.6
15497581.37
74177317.27
41863894.1
30288054.09
30437926.15
49654013.07
60828546.39
32596608.46
30479442.21
81141619.39
40744851.74
80447012.64
20930216.76
50652799.87
41838395.83
13885499.18
41158825.05
74177317.27
44541596.22
39961351.48
81141619.39
41038096.41
18652296.88
62782025.06
37490935.88
22347468.96
50323134.12
54045830.67
54983365.93
48457406.45
29002852.01
88434990.32
64409923.94
25769929.91
51554349.41
28270406.36
25050458.71
29317904.19
56340413.73
52648591.88
13361391.76
53572231.65
21863663.51
37716102.84
29193419.78
48415603.3
43008935.91
64735503.72
40978809.71
14527119.91
42100782.33
28090295.14
21389920.49
18261781.26
64735503.72
30296614.54
12996123.44
32073243.42
40456746.13
38577132.26
41902701.65
68968040.83
54996035.65
13582247.47
19422483.98
18384061.41
54374479.57
21880720.33
13834425.34
80447012.64
67014562.16
32657458.77
45136515.7
51767434.1
53257714.69
68316881.27
59743577.08
19859536.22
35917640.04
30288054.09
19163592.16
65386663.28
32718447.16
75154056.6
54603340.7
33533636.04
84267349.79
28056995.61
93991844.36
46784815.92
18806533.53
14042641.92
35053536.02
24905588.84
61154126.17
32995740.58
53638937.31
39075518.22
13592269.33
26132269.59
45378039.21
48791505.85
50576513.53
40186257.42
54445338.99
88782293.7
86003866.68
82530832.9
25041848.13
49405471.07
32717876.29
89824203.83
35621969.12
46255140.03
86003866.68
18767600.6
61440049.25
91908024.09
16163171.09
73200577.93
13128916.17
38330718.22
62456445.28
80099709.26
26629786.94
44299485.51
71572679.05
16597272.11
71898258.82
32399323.98
52141090.49
28256829.06
21980483.69
34466231.38
54744969.51
47368710.48
28845951.53
29991024.51
45772323.79
23654961.63
32657458.77
91560720.71
55943853.14
49880062.76
38903100.66
46150909.89
89824203.83
53546563.73
33451120.97
32186518.12
16940850.27
81141619.39
16182733.37
38803629.16
51361899.15
89824203.83
37080102.84
38798529.65
13993543.4
13169194.29
83572743.03
29555694.7
42192258.28
92949934.22
29241198.52
35078940.35
13372130.78
30773367.25
16322203.59
93297237.6
34536058.45
22355694.34
45649344.02
66363402.61
41250716.2
13498143.64
43136814.06
48818161.23
48620980.14
39146019.69
30854030.2
17842031.56
49456718.62
64084344.17
31825610.47
26153396.08
16099304.54
45897730.15
74828476.82
38868687.56
30226321.96
88782293.7
60951782.97
33716928.33
17732326.3
61479705.95
29599120.46
45717367.43
55230849.09
23224319.54
45113395.7
60828546.39
59774156.81
16380220.9
35070718.8
35893522.57
43155334.3
66688982.39
32119210.14
30322452.46
85309259.92
33446866.88
61440049.25
30479442.21
33758158.02
83225439.66
54603340.7
42951111.34
38559121.79
17275183.33
17493724.54
43803406.02
41541154.27
56061615.34
43185567.24
37716102.84
82183529.52
39969379.94
31027895.33
49070626.92
19134635.1
31569505.36
44830471.67
33610075.5
27811678.49
85656563.3
39181334.75
41358401.73
85309259.92
60422160.51
33402288.89
49628869.07
13072873.82
52648480.67
13635761.67
20917097.55
48626286.98
21168419.74
50717189.23
37795234.17
54008688.41
55509341.34
15155636.92
41358401.73
52978549.21
55943853.14
37172360.98
17537729.19
13472734.43
65712243.05
53626382.6
47548753.62
37197995.06
87045776.81
30857002.83
53546563.73
13039630.24
33293911.01
29479546.4
76130795.93
25297196.78
23407129.74
32430146.07
25050458.71
17071514.52
30588241.15
26553408.74
45213417.94
28993582.37
57234277.9
49405471.07
41600300.18
50157142.53
61805285.72
29244799.78
35593065.21
79405102.5
20447629.44
67340141.94
42610326.19
57697490.96
35324309.63
31583817.0
43503419.58
13033880.68
49576996.39
90171507.21
81836226.15
93644540.98
87393080.19
35350420.63
35090768.19
34527838.77
46782100.57
37804788.32
15344445.25
87740383.56
54348374.16
21483258.95
51968611.25
54169253.33
13485886.69
23954878.08
72874998.16
28533346.66
81141619.39
51738150.65
53787170.55
13276788.34
49722759.95
68316881.27
45678712.13
17171767.89
19025821.64
62456445.28
42354467.83
32604809.27
23224319.54
56536343.71
23937302.14
44082414.56
45355273.32
47089672.97
93297237.6
58590127.29
33737416.58
41250716.2
40435005.19
86003866.68
90171507.21
46349551.2
29682963.88
41558415.82
73200577.93
37276819.21
32073243.42
15673842.71
45066040.51
36135297.61
60502966.61
37242838.16
74502897.04
13084179.35
33153217.99
13270189.44
39619305.44
93991844.36
35840625.62
59733124.01
33722208.38
33586971.02
63433184.61
89129597.07
30727227.48
31855652.64
38516907.8
44105103.31
35864179.02
32096338.75
51994804.53
48180848.59
84614653.17
82878136.28
91213417.34
41812258.51
92602630.85
84267349.79
72874998.16
24000920.82
30762187.64
36477024.18
12888426.01
37820879.5
14408442.93
17121913.96
44933965.26
57220344.51
15010662.47
42174855.16
54508119.97
68642461.05
83572743.03
60502966.61
46782100.57
14025495.27
41872157.51
20439728.37
84267349.79
53816095.92
19421202.04
16646763.42
60828546.39
13507318.7
50996231.79
73851737.49
92602630.85
53257714.69
28360892.53
68968040.83
19737644.02
63107604.83
38610470.05
14122179.52
50780586.77
87740383.56
41110499.29
33278736.93
13372130.78
36448013.04
31385624.37
12869904.73
36356756.44
92602630.85
75479636.38
38365036.97
49018532.66
50461130.46
35374824.76
17414490.67
23063846.06
38338719.78
31063206.33
50466237.3
49601021.82
91908024.09
61429523.92
29206292.12
58251160.14
34851995.33
43834032.4
37172360.98
36675183.27
87045776.81
32367192.29
77758694.82
26332715.5
55863924.71
55344356.78
52369352.0
39689573.3
87740383.56
53486316.42
34508639.14
19904057.3
27081962.24
57399802.57
66688982.39
52369352.0
83572743.03
85656563.3
39146019.69
20008850.07
55026440.84
27342547.95
37787197.28
22669106.8
29525119.35
